196	2,6923077
196	2,6923077
196	2,6923077
197	-21,3076923
197	15,6923077
197	16,6923077
197	-19,3076923
198	5,6923077
198	-19,3076923
198	1,6923077
199	0,6923077
199	15,6923077
199	-4,3076923
199	-14,3076923
200	25,6923077
200	5,6923077
200	13,6923077
200	-17,3076923
201	-24,3076923
201	-28,3076923
201	1,6923077
201	-2,3076923
202	13,6923077
202	11,6923077
202	-30,3076923
203	-0,3076923
203	-13,3076923
203	20,6923077
203	-15,3076923
204	0,6923077
204	11,6923077
204	-18,3076923
204	-5,3076923
205	-12,3076923
205	-33,3076923
205	-13,3076923
205	-2,3076923
206	-5,3076923
206	-1,3076923
206	-0,3076923
207	-22,3076923
207	-26,3076923
207	-21,3076923
207	-16,3076923
208	-15,3076923
208	-12,3076923
208	-0,3076923
208	11,6923077
209	-30,3076923
209	-4,3076923
209	-9,3076923
209	-14,3076923
210	5,6923077
210	-6,3076923
210	-20,3076923
211	-12,3076923
211	-15,3076923
211	-25,3076923
211	-9,3076923
212	-30,3076923
212	-29,3076923
212	0,6923077
212	-17,3076923
213	-1,3076923
213	-31,3076923
213	-3,3076923
213	11,6923077
214	-18,3076923
214	-10,3076923
214	-8,3076923
215	2,6923077
215	-8,3076923
215	-17,3076923
215	-6,3076923
216	-8,3076923
216	-9,3076923
216	7,6923077
216	-8,3076923
217	-7,3076923
217	-11,3076923
217	-22,3076923
217	-14,3076923
218	-29,3076923
218	-28,3076923
218	-8,3076923
219	-4,3076923
219	-26,3076923
219	8,6923077
219	-2,3076923
220	-21,3076923
220	-11,3076923
220	-28,3076923
220	-34,3076923
221	-4,3076923
221	-24,3076923
221	-5,3076923
221	-14,3076923
222	-11,3076923
222	-10,3076923
222	-9,3076923
223	0,6923077
223	-21,3076923
223	-25,3076923
223	-49,3076923
224	-15,3076923
224	-38,3076923
224	1,6923077
224	-18,3076923
225	-10,3076923
225	-23,3076923
225	4,6923077
225	-7,3076923
226	-7,3076923
226	-17,3076923
226	-7,3076923
227	-3,3076923
227	-15,3076923
227	-9,3076923
227	13,6923077
228	-14,3076923
228	-15,3076923
228	8,6923077
228	2,6923077
229	-8,3076923
229	-39,3076923
229	-30,3076923
229	-3,3076923
230	-2,3076923
230	-20,3076923
230	-21,3076923
231	-22,3076923
231	-4,3076923
231	-49,3076923
231	-6,3076923
232	19,6923077
232	6,6923077
232	4,6923077
232	-19,3076923
233	-25,3076923
233	-18,3076923
233	0,6923077
233	-15,3076923
234	-38,3076923
234	-2,3076923
234	-16,3076923
235	12,6923077
235	19,6923077
235	7,6923077
235	12,6923077
236	-8,3076923
236	3,6923077
236	-10,3076923
236	-43,3076923
237	11,6923077
237	-5,3076923
237	6,6923077
237	6,6923077
238	-0,3076923
238	-32,3076923
238	-7,3076923
239	-11,3076923
239	-26,3076923
239	-38,3076923
239	-14,3076923
240	-8,3076923
240	0,6923077
240	-32,3076923
240	3,6923077
241	7,6923077
241	-0,3076923
241	-10,3076923
241	-0,3076923
242	-9,3076923
242	-26,3076923
242	-15,3076923
243	-10,3076923
243	-5,3076923
243	-21,3076923
243	-10,3076923
244	-11,3076923
244	-21,3076923
244	-5,3076923
244	0,6923077
245	5,6923077
245	-0,3076923
245	-17,3076923
245	-24,3076923
246	-27,3076923
246	13,6923077
246	-21,3076923
247	-14,3076923
247	-12,3076923
247	-3,3076923
247	-8,3076923
248	1,6923077
248	-9,3076923
248	-11,3076923
248	6,6923077
249	14,6923077
249	-36,3076923
249	-37,3076923
249	-2,3076923
250	-0,3076923
250	10,6923077
250	-17,3076923
251	-9,3076923
251	11,6923077
251	-17,3076923
251	-29,3076923
252	-36,3076923
252	-1,3076923
252	2,6923077
252	-10,3076923
253	-13,3076923
253	-5,3076923
253	-21,3076923
253	3,6923077
254	0,6923077
254	-17,3076923
254	0,6923077
254	30,6923077
255	-15,3076923
255	-12,3076923
255	-20,3076923
256	-14,3076923
256	-36,3076923
256	2,6923077
256	11,6923077
257	-10,3076923
257	-4,3076923
257	9,6923077
257	-12,3076923
258	5,6923077
258	-21,3076923
258	-6,3076923
258	-15,3076923
259	14,6923077
259	0,6923077
259	-11,3076923
260	-18,3076923
260	-25,3076923
260	-2,3076923
260	-22,3076923
261	-10,3076923
261	-14,3076923
261	-10,3076923
261	-15,3076923
262	-6,3076923
262	1,6923077
262	3,6923077
262	-29,3076923
263	29,6923077
263	-2,3076923
263	-1,3076923
264	-5,3076923
264	-3,3076923
264	8,6923077
264	6,6923077
265	-9,3076923
265	2,6923077
265	-15,3076923
265	-16,3076923
266	9,6923077
266	3,6923077
266	-23,3076923
266	-38,3076923
267	15,6923077
267	-4,3076923
267	12,6923077
268	0,6923077
268	-2,3076923
268	-9,3076923
268	28,6923077
269	-5,3076923
269	0,6923077
269	-25,3076923
269	3,6923077
270	-14,3076923
270	-7,3076923
270	-17,3076923
270	-3,3076923
271	-18,3076923
271	-6,3076923
271	21,6923077
271	-11,3076923
272	-6,3076923
272	-2,3076923
272	-16,3076923
273	-1,3076923
273	-0,3076923
273	-14,3076923
273	-7,3076923
274	-24,3076923
274	8,6923077
274	-15,3076923
274	-19,3076923
275	-3,3076923
275	-7,3076923
275	-18,3076923
275	-3,3076923
276	9,6923077
276	-1,3076923
276	-24,3076923
277	-0,3076923
277	33,6923077
277	-7,3076923
277	-4,3076923
278	-6,3076923
278	-2,3076923
278	-22,3076923
278	-10,3076923
279	-5,3076923
279	-8,3076923
279	4,6923077
279	5,6923077
280	-27,3076923
280	-12,3076923
280	-13,3076923
280	-18,3076923
281	-7,3076923
281	16,6923077
281	-25,3076923
282	-17,3076923
282	14,6923077
282	-31,3076923
282	-27,3076923
283	-20,3076923
283	-32,3076923
283	-21,3076923
283	-15,3076923
284	2,6923077
284	-14,3076923
284	-17,3076923
284	-5,3076923
285	-32,3076923
285	-28,3076923
285	-21,3076923
286	8,6923077
286	-7,3076923
286	-7,3076923
286	-17,3076923
287	0,6923077
287	-8,3076923
287	-0,3076923
287	7,6923077
288	-22,3076923
288	-1,3076923
288	1,6923077
288	-25,3076923
289	10,6923077
289	-9,3076923
289	10,6923077
290	-4,3076923
290	-7,3076923
290	19,6923077
290	-9,3076923
291	15,6923077
291	-0,3076923
291	-22,3076923
291	-11,3076923
292	19,6923077
292	-5,3076923
292	-24,3076923
292	12,6923077
293	6,6923077
293	0,6923077
293	27,6923077
293	31,6923077
294	5,6923077
294	10,6923077
294	9,6923077
295	4,6923077
295	50,6923077
295	5,6923077
295	-10,3076923
296	-24,3076923
296	6,6923077
296	0,6923077
296	-15,3076923
297	-27,3076923
297	18,6923077
297	7,6923077
297	-4,3076923
298	11,6923077
298	-11,3076923
298	12,6923077
299	-16,3076923
299	12,6923077
299	22,6923077
299	-1,3076923
300	-14,3076923
300	-8,3076923
300	-6,3076923
300	2,6923077
301	-3,3076923
301	-14,3076923
301	-40,3076923
301	-14,3076923
302	-42,3076923
302	-29,3076923
302	3,6923077
302	18,6923077
303	-10,3076923
303	-14,3076923
303	-37,3076923
304	-11,3076923
304	-12,3076923
304	11,6923077
304	-9,3076923
305	8,6923077
305	10,6923077
305	-6,3076923
305	-31,3076923
306	-12,3076923
306	-7,3076923
306	-17,3076923
306	8,6923077
307	23,6923077
307	7,6923077
307	-0,3076923
307	3,6923077
308	-7,3076923
308	-2,3076923
308	16,6923077
309	8,6923077
309	12,6923077
309	12,6923077
309	2,6923077
310	-1,3076923
310	9,6923077
310	4,6923077
310	5,6923077
311	29,6923077
311	66,6923077
311	51,6923077
311	44,6923077
312	54,6923077
312	71,6923077
312	74,6923077
313	50,6923077
313	73,6923077
313	68,6923077
313	64,6923077
314	77,6923077
314	53,6923077
314	66,6923077
314	79,6923077
315	60,6923077
315	88,6923077
315	91,6923077
315	73,6923077
316	90,6923077
316	83,6923077
316	103,6923077
316	59,6923077
317	71,6923077
317	42,6923077
317	59,6923077
318	78,6923077
318	42,6923077
318	48,6923077
318	36,6923077
319	47,6923077
319	43,6923077
319	35,6923077
319	26,6923077
320	15,6923077
320	4,6923077
320	27,6923077
320	-1,3076923
321	6,6923077
321	-9,3076923
321	-10,3076923
321	-24,3076923
322	-9,3076923
322	0,6923077
322	3,6923077
323	-24,3076923
323	-3,3076923
323	-7,3076923
323	19,6923077
324	-16,3076923
324	10,6923077
324	-25,3076923
324	-16,3076923
325	-43,3076923
325	-23,3076923
325	-23,3076923
325	-2,3076923
326	-10,3076923
326	-24,3076923
326	-1,3076923
327	5,6923077
327	10,6923077
327	-11,3076923
327	-32,3076923
328	0,6923077
328	-29,3076923
328	5,6923077
328	-21,3076923
329	-14,3076923
329	-11,3076923
329	-0,3076923
329	4,6923077
330	0,6923077
330	-26,3076923
330	17,6923077
330	19,6923077
331	-7,3076923
331	-18,3076923
331	20,6923077
332	28,6923077
332	47,6923077
332	54,6923077
332	51,6923077
333	79,6923077
333	75,6923077
333	105,6923077
333	76,6923077
334	83,6923077
334	100,6923077
334	102,6923077
334	107,6923077
335	107,6923077
335	106,6923077
335	99,6923077
335	132,6923077
336	148,6923077
336	169,6923077
336	160,6923077
337	125,6923077
337	178,6923077
337	167,6923077
337	164,6923077
338	167,6923077
338	152,6923077
338	124,6923077
338	174,6923077
339	143,6923077
339	114,6923077
339	120,6923077
339	138,6923077
340	115,6923077
340	93,6923077
340	63,6923077
340	45,6923077
341	25,6923077
341	77,6923077
341	75,6923077
342	61,6923077
342	64,6923077
342	65,6923077
342	24,6923077
343	24,6923077
343	32,6923077
343	-9,3076923
343	15,6923077
344	8,6923077
344	19,6923077
344	25,6923077
344	-0,3076923
345	-9,3076923
345	8,6923077
345	-22,3076923
345	11,6923077
346	-5,3076923
346	2,6923077
346	0,6923077
347	15,6923077
347	8,6923077
347	0,6923077
347	6,6923077
348	-5,3076923
348	1,6923077
348	24,6923077
348	-8,3076923
349	10,6923077
349	-11,3076923
349	4,6923077
349	9,6923077
350	19,6923077
350	9,6923077
350	31,6923077
350	21,6923077
351	50,6923077
351	22,6923077
351	21,6923077
352	33,6923077
352	68,6923077
352	76,6923077
352	90,6923077
353	73,6923077
353	63,6923077
353	73,6923077
353	94,6923077
354	77,6923077
354	110,6923077
354	122,6923077
354	80,6923077
355	95,6923077
355	110,6923077
355	95,6923077
355	99,6923077
356	127,6923077
356	104,6923077
356	119,6923077
357	115,6923077
357	89,6923077
357	125,6923077
357	127,6923077
358	150,6923077
358	153,6923077
358	143,6923077
358	123,6923077
359	98,6923077
359	90,6923077
359	105,6923077
359	112,6923077
360	60,6923077
360	70,6923077
360	63,6923077
360	63,6923077
361	58,6923077
361	46,6923077
361	64,6923077
362	89,6923077
362	118,6923077
362	89,6923077
362	53,6923077
363	45,6923077
363	13,6923077
363	6,6923077
363	16,6923077
364	17,6923077
364	-10,3076923
364	-4,3076923
364	12,6923077
365	8,6923077
365	9,6923077
365	-6,3076923
365	0,6923077
366	-3,3076923
366	-33,3076923
366	-20,3076923
367	-16,3076923
367	9,6923077
367	15,6923077
367	-0,3076923
368	-9,3076923
368	-24,3076923
368	0,6923077
368	-10,3076923
369	-31,3076923
369	2,6923077
369	-10,3076923
369	-2,3076923
370	18,6923077
370	-5,3076923
370	-8,3076923
370	23,6923077
371	23,6923077
371	4,6923077
371	4,6923077
371	-0,3076923
372	11,6923077
372	-4,3076923
372	14,6923077
373	47,6923077
373	5,6923077
373	14,6923077
373	23,6923077
374	14,6923077
374	46,6923077
374	45,6923077
374	44,6923077
375	40,6923077
375	57,6923077
375	30,6923077
375	35,6923077
376	49,6923077
376	39,6923077
376	35,6923077
376	46,6923077
377	31,6923077
377	44,6923077
377	57,6923077
378	68,6923077
378	48,6923077
378	55,6923077
378	33,6923077
379	54,6923077
379	38,6923077
379	48,6923077
379	55,6923077
380	48,6923077
380	52,6923077
380	74,6923077
380	44,6923077
381	55,6923077
381	29,6923077
381	45,6923077
381	20,6923077
382	46,6923077
382	30,6923077
382	40,6923077
383	4,6923077
383	24,6923077
383	32,6923077
383	38,6923077
384	26,6923077
384	12,6923077
384	35,6923077
384	31,6923077
385	24,6923077
385	50,6923077
385	24,6923077
385	21,6923077
386	23,6923077
386	-3,3076923
386	-7,3076923
386	29,6923077
387	10,6923077
387	-4,3076923
387	-14,3076923
387	-7,3076923
388	-10,3076923
388	5,6923077
388	7,6923077
389	-18,3076923
389	-27,3076923
389	-8,3076923
389	-8,3076923
390	1,6923077
390	22,6923077
390	27,6923077
390	-0,3076923
391	-9,3076923
391	9,6923077
391	-4,3076923
391	5,6923077
392	-1,3076923
392	-0,3076923
392	-2,3076923
392	-0,3076923
393	-16,3076923
393	5,6923077
393	24,6923077
394	11,6923077
394	13,6923077
394	27,6923077
394	27,6923077
395	8,6923077
395	16,6923077
395	19,6923077
395	19,6923077
396	-21,3076923
396	1,6923077
396	2,6923077
396	23,6923077
397	-6,3076923
397	17,6923077
397	8,6923077
397	24,6923077
398	18,6923077
398	5,6923077
398	-9,3076923
398	0,6923077
399	31,6923077
399	18,6923077
399	14,6923077
400	15,6923077
400	9,6923077
400	25,6923077
400	35,6923077
401	3,6923077
401	16,6923077
401	21,6923077
401	19,6923077
402	4,6923077
402	3,6923077
402	23,6923077
402	7,6923077
403	6,6923077
403	15,6923077
403	29,6923077
403	7,6923077
404	25,6923077
404	33,6923077
404	9,6923077
405	12,6923077
405	38,6923077
405	11,6923077
405	13,6923077
406	24,6923077
406	12,6923077
406	30,6923077
406	24,6923077
407	7,6923077
407	18,6923077
407	20,6923077
407	32,6923077
408	30,6923077
408	-0,3076923
408	-25,3076923
408	3,6923077
409	9,6923077
409	-2,3076923
409	3,6923077
409	18,6923077
410	5,6923077
410	-5,3076923
410	19,6923077
411	17,6923077
411	9,6923077
411	27,6923077
411	-18,3076923
412	6,6923077
412	7,6923077
412	1,6923077
412	-2,3076923
413	-8,3076923
413	-12,3076923
413	1,6923077
413	-17,3076923
414	-1,3076923
414	0,6923077
414	0,6923077
414	-9,3076923
415	14,6923077
415	16,6923077
415	5,6923077
415	-0,3076923
416	6,6923077
416	-5,3076923
416	-6,3076923
417	7,6923077
417	16,6923077
417	-8,3076923
417	1,6923077
418	-4,3076923
418	14,6923077
418	14,6923077
418	-7,3076923
419	8,6923077
419	7,6923077
419	1,6923077
419	10,6923077
420	-5,3076923
420	-7,3076923
420	10,6923077
420	11,6923077
421	27,6923077
421	21,6923077
421	3,6923077
421	5,6923077
422	9,6923077
422	10,6923077
422	1,6923077
423	4,6923077
423	-6,3076923
423	-2,3076923
423	0,6923077
424	-9,3076923
424	-19,3076923
424	-1,3076923
424	9,6923077
425	16,6923077
425	-11,3076923
425	-18,3076923
425	2,6923077
426	-16,3076923
426	16,6923077
426	18,6923077
426	14,6923077
427	3,6923077
427	1,6923077
427	1,6923077
427	19,6923077
428	-3,3076923
428	20,6923077
428	-15,3076923
429	4,6923077
429	15,6923077
429	-9,3076923
429	36,6923077
430	23,6923077
430	-1,3076923
430	1,6923077
430	-7,3076923
431	7,6923077
431	-8,3076923
431	-4,3076923
431	20,6923077
432	5,6923077
432	-0,3076923
432	-0,3076923
432	19,6923077
433	3,6923077
433	-12,3076923
433	-4,3076923
433	-2,3076923
434	-9,3076923
434	-3,3076923
434	-12,3076923
435	-11,3076923
435	4,6923077
435	-6,3076923
435	0,6923077
436	-2,3076923
436	21,6923077
436	-7,3076923
436	-13,3076923
437	11,6923077
437	-7,3076923
437	-15,3076923
437	-15,3076923
438	6,6923077
438	25,6923077
438	39,6923077
438	9,6923077
439	13,6923077
439	-18,3076923
439	-7,3076923
439	-2,3076923
440	11,6923077
440	-12,3076923
440	10,6923077
441	-3,3076923
441	-13,3076923
441	8,6923077
441	6,6923077
442	9,6923077
442	6,6923077
442	2,6923077
442	-17,3076923
443	7,6923077
443	6,6923077
443	7,6923077
443	9,6923077
444	-21,3076923
444	19,6923077
444	-4,3076923
444	-13,3076923
445	8,6923077
445	-5,3076923
445	5,6923077
445	11,6923077
446	-10,3076923
446	-17,3076923
446	-10,3076923
447	6,6923077
447	0,6923077
447	11,6923077
447	-4,3076923
448	24,6923077
448	-22,3076923
448	-21,3076923
448	-28,3076923
449	-9,3076923
449	1,6923077
449	-17,3076923
449	-20,3076923
450	-15,3076923
450	-7,3076923
450	-28,3076923
450	-12,3076923
451	-1,3076923
451	-27,3076923
451	-27,3076923
451	-5,3076923
452	-25,3076923
452	-17,3076923
452	-2,3076923
452	6,6923077
453	1,6923077
453	-5,3076923
453	-14,3076923
454	1,6923077
454	-5,3076923
454	-11,3076923
454	-9,3076923
455	-17,3076923
455	-3,3076923
455	0,6923077
455	-16,3076923
456	3,6923077
456	17,6923077
456	3,6923077
456	7,6923077
457	-0,3076923
457	6,6923077
457	0,6923077
457	-9,3076923
458	-31,3076923
458	17,6923077
458	-40,3076923
458	-5,3076923
459	-22,3076923
459	-21,3076923
459	-4,3076923
460	29,6923077
460	21,6923077
460	23,6923077
460	-2,3076923
461	-15,3076923
461	-18,3076923
461	10,6923077
461	1,6923077
462	-12,3076923
462	-16,3076923
462	-14,3076923
462	-2,3076923
463	-3,3076923
463	-16,3076923
463	-17,3076923
463	-25,3076923
464	-9,3076923
464	-0,3076923
464	-20,3076923
464	-34,3076923
465	-0,3076923
465	11,6923077
465	6,6923077
465	0,6923077
466	-14,3076923
466	-13,3076923
466	-18,3076923
467	-23,3076923
467	-24,3076923
467	4,6923077
467	-24,3076923
468	5,6923077
468	18,6923077
468	-7,3076923
468	-16,3076923
469	15,6923077
469	-9,3076923
469	-22,3076923
469	3,6923077
470	4,6923077
470	-19,3076923
470	8,6923077
470	-20,3076923
471	-3,3076923
471	1,6923077
471	17,6923077
471	6,6923077
472	13,6923077
472	3,6923077
472	-22,3076923
472	14,6923077
473	-18,3076923
473	14,6923077
473	-4,3076923
474	-10,3076923
474	-20,3076923
474	3,6923077
474	-43,3076923
475	-21,3076923
475	5,6923077
475	1,6923077
475	-20,3076923
476	-23,3076923
476	-0,3076923
476	-2,3076923
476	0,6923077
477	6,6923077
477	-5,3076923
477	-21,3076923
477	4,6923077
478	-13,3076923
478	-22,3076923
478	-2,3076923
478	-20,3076923
479	-4,3076923
479	-31,3076923
479	-20,3076923
479	-1,3076923
480	2,6923077
480	-9,3076923
480	-15,3076923
481	1,6923077
481	-17,3076923
481	-2,3076923
481	-6,3076923
482	25,6923077
482	-10,3076923
482	-13,3076923
482	7,6923077
483	-28,3076923
483	-10,3076923
483	12,6923077
483	-5,3076923
484	-9,3076923
484	10,6923077
484	5,6923077
484	-21,3076923
485	-30,3076923
485	-5,3076923
485	-19,3076923
485	-4,3076923
486	-14,3076923
486	-13,3076923
486	13,6923077
486	-28,3076923
487	-1,3076923
487	0,6923077
487	3,6923077
488	1,6923077
488	-0,3076923
488	-33,3076923
488	-16,3076923
489	-2,3076923
489	2,6923077
489	-8,3076923
489	-5,3076923
490	14,6923077
490	14,6923077
490	-2,3076923
490	10,6923077
491	-11,3076923
491	-14,3076923
491	-22,3076923
491	-6,3076923
492	-22,3076923
492	-3,3076923
492	-2,3076923
492	-21,3076923
493	-2,3076923
493	-15,3076923
493	-27,3076923
493	-29,3076923
494	-29,3076923
494	-32,3076923
494	5,6923077
495	-15,3076923
495	-16,3076923
495	-0,3076923
495	-25,3076923
496	6,6923077
496	6,6923077
496	7,6923077
496	11,6923077
497	-3,3076923
497	2,6923077
497	-22,3076923
497	-12,3076923
498	-18,3076923
498	-17,3076923
498	-4,3076923
498	-36,3076923
499	-31,3076923
499	3,6923077
499	-17,3076923
499	29,6923077
500	16,6923077
500	9,6923077
500	-10,3076923
500	-0,3076923
501	-13,3076923
501	-6,3076923
501	14,6923077
502	-0,3076923
502	16,6923077
502	-20,3076923
502	-19,3076923
503	-16,3076923
503	-7,3076923
503	14,6923077
503	-10,3076923
504	4,6923077
504	-10,3076923
504	-9,3076923
504	13,6923077
505	-21,3076923
505	-11,3076923
505	4,6923077
505	-2,3076923
506	-22,3076923
506	-16,3076923
506	-25,3076923
506	-14,3076923
507	-9,3076923
507	-3,3076923
507	4,6923077
507	0,6923077
508	-6,3076923
508	17,6923077
508	-5,3076923
508	14,6923077
509	-15,3076923
509	19,6923077
509	-8,3076923
510	-1,3076923
510	-13,3076923
510	-30,3076923
510	-15,3076923
511	18,6923077
511	25,6923077
511	-27,3076923
511	-32,3076923
512	8,6923077
512	-14,3076923
512	-9,3076923
512	-19,3076923
513	-26,3076923
513	15,6923077
513	2,6923077
513	-39,3076923
514	-31,3076923
514	16,6923077
514	0,6923077
514	-18,3076923
515	-23,3076923
515	-5,3076923
515	-19,3076923
515	14,6923077
516	3,6923077
516	2,6923077
516	-9,3076923
516	-35,3076923
517	-11,3076923
517	-9,3076923
517	7,6923077
518	-17,3076923
518	4,6923077
518	-12,3076923
518	-23,3076923
519	20,6923077
519	20,6923077
519	-15,3076923
519	11,6923077
520	-28,3076923
520	-22,3076923
520	1,6923077
520	-4,3076923
521	-12,3076923
521	2,6923077
521	-10,3076923
521	6,6923077
522	13,6923077
522	3,6923077
522	-8,3076923
522	-1,3076923
523	-7,3076923
523	-2,3076923
523	-23,3076923
523	-37,3076923
524	-9,3076923
524	-31,3076923
524	-9,3076923
524	9,6923077
525	-18,3076923
525	-10,3076923
525	-25,3076923
526	-0,3076923
526	22,6923077
526	27,6923077
526	0,6923077
527	-5,3076923
527	20,6923077
527	-4,3076923
527	-10,3076923
528	10,6923077
528	3,6923077
528	-18,3076923
528	-7,3076923
529	10,6923077
529	-14,3076923
529	-21,3076923
529	24,6923077
530	3,6923077
530	-15,3076923
530	-17,3076923
530	-10,3076923
531	-1,3076923
531	-28,3076923
531	23,6923077
531	0,6923077
532	-36,3076923
532	-0,3076923
532	-4,3076923
532	5,6923077
533	-14,3076923
533	-3,3076923
533	-5,3076923
534	-13,3076923
534	4,6923077
534	14,6923077
534	-10,3076923
535	5,6923077
535	0,6923077
535	23,6923077
535	-1,3076923
536	0,6923077
536	12,6923077
536	-29,3076923
536	-18,3076923
537	-3,3076923
537	-19,3076923
537	6,6923077
537	-24,3076923
538	-35,3076923
538	-39,3076923
538	5,6923077
538	-24,3076923
539	-8,3076923
539	-12,3076923
539	-29,3076923
539	-1,3076923
540	-13,3076923
540	-2,3076923
540	21,6923077
540	1,6923077
541	-7,3076923
541	-26,3076923
541	-9,3076923
541	-27,3076923
542	-17,3076923
542	-29,3076923
542	-3,3076923
543	-30,3076923
543	-14,3076923
543	-1,3076923
543	27,6923077
544	-13,3076923
544	-21,3076923
544	-23,3076923
544	-34,3076923
545	-49,3076923
545	10,6923077
545	-12,3076923
545	-36,3076923
546	-15,3076923
546	-8,3076923
546	3,6923077
546	-20,3076923
547	-27,3076923
547	-14,3076923
547	-1,3076923
547	-13,3076923
548	-25,3076923
548	-0,3076923
548	-3,3076923
548	-10,3076923
549	-11,3076923
549	18,6923077
549	6,6923077
549	-24,3076923
550	8,6923077
550	-4,3076923
550	7,6923077
550	-10,3076923
551	-27,3076923
551	-13,3076923
551	0,6923077
552	-18,3076923
552	-20,3076923
552	-9,3076923
552	-9,3076923
553	-9,3076923
553	-17,3076923
553	-9,3076923
553	-10,3076923
554	-20,3076923
554	1,6923077
554	-23,3076923
554	-25,3076923
555	-8,3076923
555	7,6923077
555	-6,3076923
555	-32,3076923
556	-0,3076923
556	-10,3076923
556	-1,3076923
556	7,6923077
557	26,6923077
557	14,6923077
557	-36,3076923
557	-20,3076923
558	-10,3076923
558	-30,3076923
558	8,6923077
558	14,6923077
559	4,6923077
559	-0,3076923
559	-5,3076923
559	-19,3076923
560	-6,3076923
560	15,6923077
560	-9,3076923
561	-31,3076923
561	-13,3076923
561	-17,3076923
561	-2,3076923
562	-4,3076923
562	-8,3076923
562	15,6923077
562	-15,3076923
563	12,6923077
563	-22,3076923
563	-19,3076923
563	-14,3076923
564	-3,3076923
564	4,6923077
564	-18,3076923
564	-3,3076923
565	26,6923077
565	1,6923077
565	-7,3076923
565	-21,3076923
566	-2,3076923
566	-12,3076923
566	-21,3076923
566	0,6923077
567	-8,3076923
567	-10,3076923
567	-24,3076923
567	-48,3076923
568	-30,3076923
568	-9,3076923
568	-0,3076923
568	-34,3076923
569	-30,3076923
569	-4,3076923
569	-24,3076923
569	-33,3076923
570	-19,3076923
570	-13,3076923
570	-4,3076923
571	-12,3076923
571	-28,3076923
571	-15,3076923
571	10,6923077
572	-34,3076923
572	-22,3076923
572	-11,3076923
572	2,6923077
573	9,6923077
573	-25,3076923
573	-9,3076923
573	-38,3076923
574	2,6923077
574	-5,3076923
574	-35,3076923
574	23,6923077
575	-11,3076923
575	-34,3076923
575	-10,3076923
575	-0,3076923
576	-5,3076923
576	-18,3076923
576	13,6923077
576	-19,3076923
577	-11,3076923
577	2,6923077
577	-14,3076923
577	-1,3076923
578	-6,3076923
578	-15,3076923
578	-5,3076923
578	3,6923077
579	-7,3076923
579	-24,3076923
579	-38,3076923
579	-26,3076923
580	-19,3076923
580	-1,3076923
580	-11,3076923
581	3,6923077
581	-11,3076923
581	21,6923077
581	-17,3076923
582	-29,3076923
582	-40,3076923
582	12,6923077
582	-2,3076923
583	0,6923077
583	-1,3076923
583	1,6923077
583	5,6923077
584	11,6923077
584	-5,3076923
584	-1,3076923
584	12,6923077
585	-10,3076923
585	-8,3076923
585	11,6923077
585	14,6923077
586	-12,3076923
586	9,6923077
586	3,6923077
586	-5,3076923
587	-1,3076923
587	-28,3076923
587	-13,3076923
587	-17,3076923
588	15,6923077
588	7,6923077
588	2,6923077
588	-18,3076923
589	0,6923077
589	-2,3076923
589	2,6923077
589	-22,3076923
590	-30,3076923
590	-8,3076923
590	-26,3076923
590	-1,3076923
591	-0,3076923
591	2,6923077
591	-20,3076923
592	-18,3076923
592	-12,3076923
592	10,6923077
592	-0,3076923
593	4,6923077
593	-28,3076923
593	-7,3076923
593	-0,3076923
594	43,6923077
594	13,6923077
594	-9,3076923
594	-11,3076923
595	9,6923077
595	-33,3076923
595	-1,3076923
595	-7,3076923
596	-13,3076923
596	-18,3076923
596	-31,3076923
596	20,6923077
597	18,6923077
597	8,6923077
597	-6,3076923
597	-233,3076923
598	-42,3076923
598	-9,3076923
598	-13,3076923
598	-9,3076923
599	-29,3076923
599	-7,3076923
599	-7,3076923
599	-18,3076923
600	-13,3076923
600	-3,3076923
600	-9,3076923
600	-8,3076923
601	-47,3076923
601	12,6923077
601	-5,3076923
601	-16,3076923
602	-29,3076923
602	-27,3076923
602	22,6923077
603	9,6923077
603	-5,3076923
603	2,6923077
603	-18,3076923
604	-24,3076923
604	18,6923077
604	-16,3076923
604	-13,3076923
605	3,6923077
605	8,6923077
605	-18,3076923
605	-6,3076923
606	-19,3076923
606	3,6923077
606	15,6923077
606	3,6923077
607	-19,3076923
607	-8,3076923
607	19,6923077
607	2,6923077
608	-11,3076923
608	-20,3076923
608	-0,3076923
608	-13,3076923
609	-32,3076923
609	2,6923077
609	-4,3076923
609	-17,3076923
610	-34,3076923
610	-1,3076923
610	-7,3076923
610	1,6923077
611	11,6923077
611	-13,3076923
611	-19,3076923
611	-2,3076923
612	-18,3076923
612	1,6923077
612	13,6923077
612	11,6923077
613	-3,3076923
613	-3,3076923
613	-13,3076923
613	-2,3076923
614	9,6923077
614	-14,3076923
614	-13,3076923
614	-24,3076923
615	9,6923077
615	13,6923077
615	-16,3076923
616	-26,3076923
616	-31,3076923
616	-7,3076923
616	-36,3076923
617	-11,3076923
617	-12,3076923
617	-22,3076923
617	-37,3076923
618	-15,3076923
618	-15,3076923
618	-4,3076923
618	-6,3076923
619	5,6923077
619	7,6923077
619	-17,3076923
619	-5,3076923
620	9,6923077
620	8,6923077
620	-21,3076923
620	-8,3076923
621	-10,3076923
621	7,6923077
621	-31,3076923
621	-36,3076923
622	-7,3076923
622	0,6923077
622	4,6923077
622	-0,3076923
623	-34,3076923
623	0,6923077
623	-0,3076923
623	-8,3076923
624	-18,3076923
624	-22,3076923
624	-1,3076923
624	0,6923077
625	-6,3076923
625	-7,3076923
625	-15,3076923
625	-20,3076923
626	1,6923077
626	-26,3076923
626	-12,3076923
626	4,6923077
627	-22,3076923
627	-23,3076923
627	-4,3076923
627	4,6923077
628	-27,3076923
628	-31,3076923
628	-3,3076923
629	-26,3076923
629	4,6923077
629	-7,3076923
629	-13,3076923
630	-3,3076923
630	-7,3076923
630	-29,3076923
630	-19,3076923
631	-24,3076923
631	-0,3076923
631	-8,3076923
631	-5,3076923
632	-22,3076923
632	-4,3076923
632	7,6923077
632	0,6923077
633	2,6923077
633	10,6923077
633	-10,3076923
633	-1,3076923
634	-3,3076923
634	-30,3076923
634	-11,3076923
634	-5,3076923
635	-20,3076923
635	-18,3076923
635	-36,3076923
635	-11,3076923
636	-3,3076923
636	8,6923077
636	-15,3076923
636	-24,3076923
637	-8,3076923
637	9,6923077
637	-2,3076923
637	-33,3076923
638	-2,3076923
638	8,6923077
638	-12,3076923
638	-6,3076923
639	-13,3076923
639	-30,3076923
639	-4,3076923
639	15,6923077
640	-4,3076923
640	1,6923077
640	-22,3076923
640	-6,3076923
641	-19,3076923
641	1,6923077
641	-10,3076923
641	-10,3076923
642	0,6923077
642	-4,3076923
642	-28,3076923
642	-25,3076923
643	-1,3076923
643	-4,3076923
643	-9,3076923
644	1,6923077
644	3,6923077
644	17,6923077
644	18,6923077
645	-2,3076923
645	-9,3076923
645	-8,3076923
645	-7,3076923
646	-23,3076923
646	-4,3076923
646	-14,3076923
646	-25,3076923
647	8,6923077
647	-10,3076923
647	-16,3076923
647	-2,3076923
648	4,6923077
648	-6,3076923
648	-41,3076923
648	-1,3076923
649	-1,3076923
649	11,6923077
649	-17,3076923
649	8,6923077
650	1,6923077
650	-10,3076923
650	7,6923077
650	-12,3076923
651	3,6923077
651	19,6923077
651	-5,3076923
651	5,6923077
652	-10,3076923
652	-28,3076923
652	-0,3076923
652	-27,3076923
653	9,6923077
653	11,6923077
653	-6,3076923
653	-1,3076923
654	-19,3076923
654	-3,3076923
654	-0,3076923
654	9,6923077
655	-15,3076923
655	15,6923077
655	-9,3076923
655	7,6923077
656	1,6923077
656	-2,3076923
656	-40,3076923
656	8,6923077
657	20,6923077
657	-6,3076923
657	-0,3076923
657	5,6923077
658	-25,3076923
658	-13,3076923
658	-11,3076923
658	3,6923077
659	-7,3076923
659	-0,3076923
659	13,6923077
660	-16,3076923
660	-16,3076923
660	6,6923077
660	26,6923077
661	-3,3076923
661	24,6923077
661	-7,3076923
661	-18,3076923
662	12,6923077
662	-8,3076923
662	10,6923077
662	6,6923077
663	-15,3076923
663	-5,3076923
663	6,6923077
663	4,6923077
664	23,6923077
664	-10,3076923
664	13,6923077
664	-4,3076923
665	14,6923077
665	15,6923077
665	19,6923077
665	-19,3076923
666	-10,3076923
666	-24,3076923
666	-4,3076923
666	-10,3076923
667	2,6923077
667	-3,3076923
667	3,6923077
667	-15,3076923
668	-5,3076923
668	-14,3076923
668	0,6923077
668	-8,3076923
669	-4,3076923
669	-40,3076923
669	5,6923077
669	-18,3076923
670	2,6923077
670	1,6923077
670	-17,3076923
670	-2,3076923
671	2,6923077
671	11,6923077
671	-12,3076923
671	-10,3076923
672	11,6923077
672	-3,3076923
672	13,6923077
672	9,6923077
673	8,6923077
673	-17,3076923
673	-17,3076923
673	2,6923077
674	-7,3076923
674	10,6923077
674	-17,3076923
674	-5,3076923
675	-48,3076923
675	0,6923077
675	-22,3076923
675	-6,3076923
676	-12,3076923
676	-0,3076923
676	-31,3076923
676	-5,3076923
677	5,6923077
677	-29,3076923
677	-4,3076923
677	-17,3076923
678	24,6923077
678	24,6923077
678	1,6923077
678	0,6923077
679	-3,3076923
679	10,6923077
679	-6,3076923
680	8,6923077
680	-0,3076923
680	7,6923077
680	5,6923077
681	-8,3076923
681	-10,3076923
681	-20,3076923
681	13,6923077
682	-6,3076923
682	-25,3076923
682	-16,3076923
682	-3,3076923
683	-29,3076923
683	21,6923077
683	3,6923077
683	-0,3076923
684	5,6923077
684	-5,3076923
684	-0,3076923
684	8,6923077
685	25,6923077
685	-16,3076923
685	3,6923077
685	-28,3076923
686	-0,3076923
686	2,6923077
686	4,6923077
686	-10,3076923
687	1,6923077
687	0,6923077
687	-2,3076923
687	4,6923077
688	-18,3076923
688	0,6923077
688	-14,3076923
688	-24,3076923
689	-10,3076923
689	-14,3076923
689	-19,3076923
689	-2,3076923
690	-6,3076923
690	-7,3076923
690	-35,3076923
690	-12,3076923
691	9,6923077
691	-4,3076923
691	5,6923077
691	-0,3076923
692	4,6923077
692	24,6923077
692	10,6923077
692	-2,3076923
693	0,6923077
693	-22,3076923
693	-24,3076923
693	-0,3076923
694	-16,3076923
694	17,6923077
694	-24,3076923
694	-21,3076923
695	-29,3076923
695	0,6923077
695	-18,3076923
695	-37,3076923
696	-40,3076923
696	-3,3076923
696	-2,3076923
696	-18,3076923
697	-19,3076923
697	-17,3076923
697	5,6923077
697	3,6923077
698	-37,3076923
698	-24,3076923
698	-1,3076923
698	6,6923077
699	-9,3076923
699	-26,3076923
699	1,6923077
699	-3,3076923
700	-4,3076923
700	-15,3076923
700	-16,3076923
700	-21,3076923
701	13,6923077
701	-42,3076923
701	23,6923077
701	2,6923077
702	-14,3076923
702	-19,3076923
702	-10,3076923
702	-10,3076923
703	-10,3076923
703	-22,3076923
703	-22,3076923
703	-14,3076923
704	-9,3076923
704	-23,3076923
704	-21,3076923
704	5,6923077
705	-0,3076923
705	-20,3076923
705	3,6923077
706	21,6923077
706	6,6923077
706	-14,3076923
706	-12,3076923
707	-17,3076923
707	-27,3076923
707	-1,3076923
707	-6,3076923
708	-6,3076923
708	-2,3076923
708	-30,3076923
708	-22,3076923
709	-16,3076923
709	-21,3076923
709	-29,3076923
709	-31,3076923
710	8,6923077
710	10,6923077
710	-13,3076923
710	6,6923077
711	5,6923077
711	12,6923077
711	-11,3076923
711	-18,3076923
712	-18,3076923
712	-24,3076923
712	-12,3076923
712	-23,3076923
713	1,6923077
713	-4,3076923
713	6,6923077
713	-12,3076923
714	-11,3076923
714	-14,3076923
714	-10,3076923
714	-12,3076923
715	-22,3076923
715	-26,3076923
715	3,6923077
715	2,6923077
716	-20,3076923
716	-1,3076923
716	-8,3076923
716	-7,3076923
717	-12,3076923
717	5,6923077
717	-12,3076923
717	-19,3076923
718	-18,3076923
718	-1,3076923
718	-23,3076923
718	-7,3076923
719	1,6923077
719	-20,3076923
719	-8,3076923
719	-33,3076923
720	-22,3076923
720	-39,3076923
720	-21,3076923
720	-13,3076923
721	11,6923077
721	-8,3076923
721	1,6923077
721	-11,3076923
722	29,6923077
722	9,6923077
722	-12,3076923
722	-35,3076923
723	-1,3076923
723	2,6923077
723	-28,3076923
723	10,6923077
724	-13,3076923
724	-2,3076923
724	4,6923077
724	-18,3076923
725	-14,3076923
725	7,6923077
725	-9,3076923
725	-7,3076923
726	-22,3076923
726	-10,3076923
726	-4,3076923
726	-6,3076923
727	-9,3076923
727	-37,3076923
727	-10,3076923
727	-11,3076923
728	-12,3076923
728	-37,3076923
728	-15,3076923
728	-3,3076923
729	-10,3076923
729	8,6923077
729	-11,3076923
729	-0,3076923
730	8,6923077
730	-18,3076923
730	4,6923077
730	-8,3076923
731	-0,3076923
731	-2,3076923
731	-22,3076923
731	10,6923077
732	-22,3076923
732	-23,3076923
732	-32,3076923
732	-3,3076923
733	-11,3076923
733	-28,3076923
733	-20,3076923
733	-18,3076923
734	-19,3076923
734	-16,3076923
734	-23,3076923
734	-2,3076923
735	-6,3076923
735	-5,3076923
735	18,6923077
735	11,6923077
736	-22,3076923
736	-22,3076923
736	-27,3076923
736	-5,3076923
737	6,6923077
737	-18,3076923
737	-21,3076923
737	-0,3076923
738	-23,3076923
738	11,6923077
738	-24,3076923
738	8,6923077
739	5,6923077
739	-3,3076923
739	-25,3076923
739	12,6923077
740	2,6923077
740	-23,3076923
740	-6,3076923
740	-35,3076923
741	-8,3076923
741	-5,3076923
741	-24,3076923
741	-13,3076923
742	10,6923077
742	12,6923077
742	-17,3076923
742	-57,3076923
743	-4,3076923
743	1,6923077
743	10,6923077
743	4,6923077
744	10,6923077
744	7,6923077
744	-2,3076923
744	-8,3076923
745	-14,3076923
745	-14,3076923
745	1,6923077
745	-27,3076923
746	-24,3076923
746	-27,3076923
746	-11,3076923
746	7,6923077
747	-4,3076923
747	8,6923077
747	-12,3076923
747	-12,3076923
748	-21,3076923
748	-12,3076923
748	-24,3076923
748	4,6923077
749	-3,3076923
749	1,6923077
749	-10,3076923
749	-11,3076923
750	-9,3076923
750	-26,3076923
750	13,6923077
750	-11,3076923
751	23,6923077
751	16,6923077
751	-5,3076923
751	-1,3076923
752	-19,3076923
752	-15,3076923
752	13,6923077
752	9,6923077
753	-8,3076923
753	-6,3076923
753	-13,3076923
753	-3,3076923
754	-23,3076923
754	-27,3076923
754	-19,3076923
754	6,6923077
755	-9,3076923
755	-30,3076923
755	5,6923077
755	-18,3076923
756	-10,3076923
756	-22,3076923
756	-21,3076923
756	-1,3076923
757	-0,3076923
757	-11,3076923
757	-17,3076923
757	-9,3076923
758	-10,3076923
758	-8,3076923
758	5,6923077
758	14,6923077
759	-11,3076923
759	12,6923077
759	-10,3076923
759	-7,3076923
760	1,6923077
760	-8,3076923
760	-17,3076923
760	-35,3076923
761	-9,3076923
761	6,6923077
761	-10,3076923
761	-22,3076923
762	-15,3076923
762	3,6923077
762	5,6923077
762	-34,3076923
763	-12,3076923
763	-23,3076923
763	-2,3076923
763	-5,3076923
764	-14,3076923
764	-22,3076923
764	-6,3076923
764	-1,3076923
765	-7,3076923
765	-30,3076923
765	-19,3076923
765	-0,3076923
766	-8,3076923
766	8,6923077
766	-3,3076923
766	-26,3076923
767	-7,3076923
767	-0,3076923
767	-4,3076923
767	-16,3076923
768	-11,3076923
768	-2,3076923
768	-37,3076923
768	6,6923077
769	-21,3076923
769	-9,3076923
769	-10,3076923
769	-39,3076923
770	-3,3076923
770	-25,3076923
770	-8,3076923
770	-22,3076923
771	-18,3076923
771	-21,3076923
771	-9,3076923
771	-8,3076923
772	20,6923077
772	10,6923077
772	13,6923077
772	6,6923077
773	-28,3076923
773	-10,3076923
773	-20,3076923
773	-12,3076923
774	-2,3076923
774	22,6923077
774	-25,3076923
774	-18,3076923
775	-23,3076923
775	-28,3076923
775	-36,3076923
775	8,6923077
776	-33,3076923
776	-5,3076923
776	-0,3076923
776	-40,3076923
777	-10,3076923
777	-5,3076923
777	-5,3076923
777	-8,3076923
778	-4,3076923
778	-18,3076923
778	-3,3076923
778	-16,3076923
779	-13,3076923
779	0,6923077
779	-10,3076923
779	34,6923077
780	11,6923077
780	-5,3076923
780	-9,3076923
780	-12,3076923
781	-9,3076923
781	-17,3076923
781	12,6923077
781	0,6923077
782	8,6923077
782	-10,3076923
782	-13,3076923
782	28,6923077
783	-4,3076923
783	-19,3076923
783	-24,3076923
783	-24,3076923
784	-10,3076923
784	9,6923077
784	13,6923077
784	-1,3076923
785	-21,3076923
785	0,6923077
785	-16,3076923
785	-13,3076923
786	-6,3076923
786	-30,3076923
786	-5,3076923
786	6,6923077
787	-17,3076923
787	-14,3076923
787	-14,3076923
787	-11,3076923
788	-28,3076923
788	-21,3076923
788	-12,3076923
788	-23,3076923
789	-4,3076923
789	-14,3076923
789	-14,3076923
789	-25,3076923
790	-13,3076923
790	-14,3076923
790	-30,3076923
790	-10,3076923
791	-32,3076923
791	-16,3076923
791	-20,3076923
791	-36,3076923
792	3,6923077
792	-17,3076923
792	10,6923077
792	-32,3076923
793	-27,3076923
793	8,6923077
793	-20,3076923
793	6,6923077
794	-3,3076923
794	-17,3076923
794	-16,3076923
794	-35,3076923
795	-4,3076923
795	16,6923077
795	-1,3076923
795	4,6923077
796	-8,3076923
796	-13,3076923
796	-9,3076923
796	-5,3076923
797	10,6923077
797	-22,3076923
797	7,6923077
797	-26,3076923
798	-13,3076923
798	-16,3076923
798	12,6923077
798	5,6923077
799	-25,3076923
799	-15,3076923
799	4,6923077
799	-29,3076923
800	-15,3076923
800	12,6923077
800	-6,3076923
800	-16,3076923
801	-16,3076923
801	-16,3076923
801	-10,3076923
801	-15,3076923
802	0,6923077
802	-8,3076923
802	-16,3076923
802	-19,3076923
803	-9,3076923
803	-27,3076923
803	-17,3076923
803	-3,3076923
804	-4,3076923
804	-21,3076923
804	-33,3076923
804	32,6923077
805	-13,3076923
805	-41,3076923
805	-13,3076923
805	-22,3076923
806	-15,3076923
806	-27,3076923
806	-0,3076923
806	-7,3076923
807	-39,3076923
807	5,6923077
807	-6,3076923
807	9,6923077
808	-11,3076923
808	-20,3076923
808	-5,3076923
808	-17,3076923
809	-17,3076923
809	-1,3076923
809	-4,3076923
809	0,6923077
810	-17,3076923
810	-9,3076923
810	-17,3076923
810	0,6923077
811	-3,3076923
811	2,6923077
811	-15,3076923
811	-3,3076923
812	-2,3076923
812	3,6923077
812	-6,3076923
812	-30,3076923
813	-29,3076923
813	-4,3076923
813	0,6923077
813	-5,3076923
814	-8,3076923
814	-5,3076923
814	-5,3076923
814	-6,3076923
815	5,6923077
815	-4,3076923
815	9,6923077
815	-7,3076923
816	9,6923077
816	-7,3076923
816	-17,3076923
816	1,6923077
817	6,6923077
817	-2,3076923
817	-15,3076923
817	-15,3076923
818	-27,3076923
818	-2,3076923
818	-20,3076923
818	1,6923077
819	-15,3076923
819	17,6923077
819	-10,3076923
819	-4,3076923
820	-34,3076923
820	-17,3076923
820	-14,3076923
820	-18,3076923
820	-13,3076923
821	-32,3076923
821	4,6923077
821	7,6923077
821	0,6923077
822	1,6923077
822	-7,3076923
822	-61,3076923
822	-28,3076923
823	-18,3076923
823	-17,3076923
823	-25,3076923
823	-28,3076923
824	-25,3076923
824	6,6923077
824	6,6923077
824	2,6923077
825	15,6923077
825	14,6923077
825	-8,3076923
825	5,6923077
826	-4,3076923
826	-13,3076923
826	-4,3076923
826	-9,3076923
827	-10,3076923
827	-14,3076923
827	-15,3076923
827	-37,3076923
828	-0,3076923
828	-17,3076923
828	-0,3076923
828	-24,3076923
829	9,6923077
829	-2,3076923
829	18,6923077
829	-8,3076923
830	-14,3076923
830	16,6923077
830	-2,3076923
830	-1,3076923
831	4,6923077
831	7,6923077
831	10,6923077
831	8,6923077
832	-9,3076923
832	-6,3076923
832	8,6923077
832	-13,3076923
833	8,6923077
833	-20,3076923
833	-40,3076923
833	10,6923077
834	19,6923077
834	0,6923077
834	13,6923077
834	-16,3076923
835	-7,3076923
835	10,6923077
835	-1,3076923
835	13,6923077
836	-16,3076923
836	-20,3076923
836	11,6923077
836	17,6923077
837	-5,3076923
837	-10,3076923
837	-14,3076923
837	-15,3076923
838	-27,3076923
838	4,6923077
838	0,6923077
838	-7,3076923
839	10,6923077
839	-14,3076923
839	-23,3076923
839	2,6923077
840	8,6923077
840	-23,3076923
840	-15,3076923
840	-19,3076923
841	-25,3076923
841	19,6923077
841	-3,3076923
841	-19,3076923
842	-9,3076923
842	13,6923077
842	-12,3076923
842	6,6923077
843	8,6923077
843	2,6923077
843	-15,3076923
843	-23,3076923
844	0,6923077
844	-3,3076923
844	-0,3076923
844	-23,3076923
845	-27,3076923
845	0,6923077
845	5,6923077
845	-10,3076923
845	-22,3076923
846	-34,3076923
846	-9,3076923
846	-12,3076923
846	-15,3076923
847	-16,3076923
847	-13,3076923
847	-13,3076923
847	-16,3076923
848	-1,3076923
848	-24,3076923
848	-8,3076923
848	0,6923077
849	-17,3076923
849	-26,3076923
849	-15,3076923
849	20,6923077
850	6,6923077
850	-14,3076923
850	-8,3076923
850	18,6923077
851	2,6923077
851	-20,3076923
851	14,6923077
851	3,6923077
852	-28,3076923
852	-26,3076923
852	-4,3076923
852	-14,3076923
853	-3,3076923
853	-16,3076923
853	-42,3076923
853	-18,3076923
854	-16,3076923
854	-3,3076923
854	-22,3076923
854	-0,3076923
855	-14,3076923
855	-25,3076923
855	-11,3076923
855	2,6923077
856	-20,3076923
856	12,6923077
856	-11,3076923
856	-39,3076923
857	-33,3076923
857	5,6923077
857	7,6923077
857	-12,3076923
858	7,6923077
858	-14,3076923
858	-4,3076923
858	-19,3076923
859	-13,3076923
859	-25,3076923
859	-17,3076923
859	-9,3076923
860	-8,3076923
860	-5,3076923
860	-1,3076923
860	-26,3076923
861	-0,3076923
861	2,6923077
861	-14,3076923
861	-8,3076923
862	3,6923077
862	6,6923077
862	-20,3076923
862	-23,3076923
863	-9,3076923
863	0,6923077
863	-20,3076923
863	-9,3076923
864	-14,3076923
864	-17,3076923
864	-32,3076923
864	-1,3076923
864	-4,3076923
865	-1,3076923
865	-24,3076923
865	-16,3076923
865	5,6923077
866	-10,3076923
866	-7,3076923
866	5,6923077
866	-19,3076923
867	3,6923077
867	-10,3076923
867	-13,3076923
867	2,6923077
868	-17,3076923
868	-28,3076923
868	-10,3076923
868	16,6923077
869	-4,3076923
869	-12,3076923
869	-1,3076923
869	-22,3076923
870	6,6923077
870	1,6923077
870	-5,3076923
870	-1,3076923
871	-25,3076923
871	-12,3076923
871	-20,3076923
871	-34,3076923
872	17,6923077
872	-32,3076923
872	6,6923077
872	9,6923077
873	-21,3076923
873	-23,3076923
873	-31,3076923
873	-4,3076923
874	-36,3076923
874	-4,3076923
874	-12,3076923
874	-17,3076923
875	-17,3076923
875	-38,3076923
875	-27,3076923
875	6,6923077
876	-15,3076923
876	-4,3076923
876	-15,3076923
876	1,6923077
877	-14,3076923
877	-26,3076923
877	-31,3076923
877	-29,3076923
878	-14,3076923
878	-18,3076923
878	17,6923077
878	12,6923077
879	-10,3076923
879	-30,3076923
879	-14,3076923
879	2,6923077
880	-10,3076923
880	-31,3076923
880	7,6923077
880	-5,3076923
880	-8,3076923
881	7,6923077
881	-4,3076923
881	-6,3076923
881	-34,3076923
882	-8,3076923
882	-27,3076923
882	-19,3076923
882	-9,3076923
883	-13,3076923
883	-24,3076923
883	-7,3076923
883	-16,3076923
884	-5,3076923
884	-14,3076923
884	-33,3076923
884	-12,3076923
885	6,6923077
885	22,6923077
885	1,6923077
885	22,6923077
886	-5,3076923
886	-10,3076923
886	-3,3076923
886	-14,3076923
887	10,6923077
887	-8,3076923
887	-27,3076923
887	-18,3076923
888	-26,3076923
888	-36,3076923
888	-12,3076923
888	-15,3076923
889	-22,3076923
889	-0,3076923
889	-7,3076923
889	-8,3076923
890	-5,3076923
890	-35,3076923
890	19,6923077
890	-20,3076923
891	-34,3076923
891	-23,3076923
891	35,6923077
891	-2,3076923
892	-21,3076923
892	-20,3076923
892	-30,3076923
892	-3,3076923
893	-2,3076923
893	-40,3076923
893	-8,3076923
893	-6,3076923
894	-4,3076923
894	-16,3076923
894	-8,3076923
894	-3,3076923
894	-13,3076923
895	-5,3076923
895	1,6923077
895	-2,3076923
895	-17,3076923
896	19,6923077
896	6,6923077
896	-8,3076923
896	24,6923077
897	7,6923077
897	7,6923077
897	10,6923077
897	6,6923077
898	3,6923077
898	-14,3076923
898	-2,3076923
898	-23,3076923
899	-1,3076923
899	-21,3076923
899	0,6923077
899	-24,3076923
900	-4,3076923
900	3,6923077
900	-4,3076923
900	20,6923077
901	11,6923077
901	-14,3076923
901	-13,3076923
901	-10,3076923
902	-3,3076923
902	-9,3076923
902	-23,3076923
902	-23,3076923
903	-5,3076923
903	-0,3076923
903	-22,3076923
903	-8,3076923
904	-16,3076923
904	-10,3076923
904	-25,3076923
904	0,6923077
905	-13,3076923
905	2,6923077
905	18,6923077
905	8,6923077
906	9,6923077
906	11,6923077
906	-6,3076923
906	-4,3076923
906	-23,3076923
907	-12,3076923
907	7,6923077
907	-24,3076923
907	0,6923077
908	9,6923077
908	-4,3076923
908	11,6923077
908	-17,3076923
909	-19,3076923
909	-37,3076923
909	-6,3076923
909	1,6923077
910	-20,3076923
910	-22,3076923
910	-0,3076923
910	-9,3076923
911	1,6923077
911	-17,3076923
911	-5,3076923
911	-11,3076923
912	2,6923077
912	-0,3076923
912	-10,3076923
912	6,6923077
913	-18,3076923
913	-28,3076923
913	-14,3076923
913	-22,3076923
914	-3,3076923
914	-5,3076923
914	5,6923077
914	-1,3076923
915	-9,3076923
915	-11,3076923
915	-18,3076923
915	13,6923077
916	0,6923077
916	6,6923077
916	24,6923077
916	-3,3076923
917	-18,3076923
917	11,6923077
917	-15,3076923
917	1,6923077
917	3,6923077
918	-6,3076923
918	11,6923077
918	-15,3076923
918	-12,3076923
919	1,6923077
919	0,6923077
919	8,6923077
919	-16,3076923
920	-11,3076923
920	-4,3076923
920	-10,3076923
920	-34,3076923
921	-6,3076923
921	0,6923077
921	-31,3076923
921	-9,3076923
922	-24,3076923
922	-36,3076923
922	-10,3076923
922	-5,3076923
923	-13,3076923
923	-1,3076923
923	-13,3076923
923	-24,3076923
924	-20,3076923
924	-16,3076923
924	-14,3076923
924	-15,3076923
925	-16,3076923
925	-22,3076923
925	10,6923077
925	19,6923077
926	-26,3076923
926	-8,3076923
926	-2,3076923
926	-15,3076923
927	-26,3076923
927	-11,3076923
927	-15,3076923
927	-3,3076923
928	-48,3076923
928	-39,3076923
928	-24,3076923
928	-10,3076923
928	6,6923077
929	12,6923077
929	-14,3076923
929	-17,3076923
929	-21,3076923
930	-2,3076923
930	-21,3076923
930	-20,3076923
930	-18,3076923
931	9,6923077
931	-26,3076923
931	18,6923077
931	-8,3076923
932	-18,3076923
932	-22,3076923
932	-24,3076923
932	-15,3076923
933	0,6923077
933	-13,3076923
933	-4,3076923
933	-19,3076923
934	-16,3076923
934	9,6923077
934	-6,3076923
934	-4,3076923
935	2,6923077
935	-20,3076923
935	-5,3076923
935	11,6923077
936	-2,3076923
936	-7,3076923
936	-20,3076923
936	-30,3076923
937	5,6923077
937	3,6923077
937	-2,3076923
937	-6,3076923
938	-6,3076923
938	-14,3076923
938	6,6923077
938	12,6923077
938	19,6923077
939	-22,3076923
939	-8,3076923
939	13,6923077
939	23,6923077
940	3,6923077
940	-12,3076923
940	-44,3076923
940	-25,3076923
941	-16,3076923
941	-12,3076923
941	-5,3076923
941	-18,3076923
942	2,6923077
942	22,6923077
942	-18,3076923
942	-9,3076923
943	-14,3076923
943	-7,3076923
943	2,6923077
943	2,6923077
944	-15,3076923
944	-3,3076923
944	-0,3076923
944	2,6923077
945	-10,3076923
945	-3,3076923
945	-0,3076923
945	-0,3076923
946	1,6923077
946	-7,3076923
946	-5,3076923
946	-32,3076923
947	14,6923077
947	9,6923077
947	-3,3076923
947	3,6923077
947	3,6923077
948	-37,3076923
948	-8,3076923
948	0,6923077
948	-2,3076923
949	-13,3076923
949	-15,3076923
949	-0,3076923
949	-16,3076923
950	2,6923077
950	-3,3076923
950	11,6923077
950	-12,3076923
951	-3,3076923
951	-18,3076923
951	-12,3076923
951	-29,3076923
952	-2,3076923
952	-3,3076923
952	-14,3076923
952	36,6923077
953	-23,3076923
953	-31,3076923
953	1,6923077
953	-12,3076923
954	-35,3076923
954	0,6923077
954	-10,3076923
954	8,6923077
955	-36,3076923
955	-0,3076923
955	-22,3076923
955	-36,3076923
956	-9,3076923
956	-1,3076923
956	-29,3076923
956	-9,3076923
956	-21,3076923
957	20,6923077
957	-10,3076923
957	0,6923077
957	-8,3076923
958	-4,3076923
958	-10,3076923
958	-15,3076923
958	-1,3076923
959	-20,3076923
959	-10,3076923
959	-15,3076923
959	-43,3076923
960	18,6923077
960	7,6923077
960	-9,3076923
960	-14,3076923
961	2,6923077
961	-12,3076923
961	-6,3076923
961	-14,3076923
962	-11,3076923
962	-6,3076923
962	-7,3076923
962	-15,3076923
963	-29,3076923
963	13,6923077
963	5,6923077
963	-12,3076923
964	-8,3076923
964	-10,3076923
964	-5,3076923
964	-12,3076923
964	-16,3076923
965	-17,3076923
965	-30,3076923
965	-8,3076923
965	-23,3076923
966	18,6923077
966	-6,3076923
966	-18,3076923
966	-13,3076923
967	-21,3076923
967	-24,3076923
967	-9,3076923
967	-27,3076923
968	-15,3076923
968	-14,3076923
968	-14,3076923
968	-2,3076923
969	0,6923077
969	-21,3076923
969	-11,3076923
969	-13,3076923
970	5,6923077
970	-18,3076923
970	-13,3076923
970	-2,3076923
971	-12,3076923
971	12,6923077
971	11,6923077
971	10,6923077
972	6,6923077
972	-4,3076923
972	-7,3076923
972	1,6923077
972	-32,3076923
973	-34,3076923
973	-13,3076923
973	-6,3076923
973	-25,3076923
974	-26,3076923
974	5,6923077
974	10,6923077
974	-13,3076923
975	4,6923077
975	-2,3076923
975	-9,3076923
975	-12,3076923
976	-33,3076923
976	-16,3076923
976	-13,3076923
976	-6,3076923
977	-17,3076923
977	-15,3076923
977	-21,3076923
977	-1,3076923
978	4,6923077
978	11,6923077
978	-25,3076923
978	5,6923077
979	-3,3076923
979	16,6923077
979	8,6923077
979	-1,3076923
980	-24,3076923
980	20,6923077
980	-14,3076923
980	1,6923077
980	-23,3076923
981	-23,3076923
981	-4,3076923
981	1,6923077
981	-7,3076923
982	-4,3076923
982	-16,3076923
982	14,6923077
982	-6,3076923
983	-13,3076923
983	-11,3076923
983	-14,3076923
983	14,6923077
984	4,6923077
984	2,6923077
984	-22,3076923
984	-0,3076923
985	3,6923077
985	-6,3076923
985	-4,3076923
985	-22,3076923
986	-4,3076923
986	8,6923077
986	2,6923077
986	-15,3076923
987	-25,3076923
987	-3,3076923
987	2,6923077
987	6,6923077
988	-3,3076923
988	-11,3076923
988	-35,3076923
988	15,6923077
988	2,6923077
989	-23,3076923
989	12,6923077
989	-12,3076923
989	-0,3076923
990	0,6923077
990	-24,3076923
990	-18,3076923
990	-27,3076923
991	-32,3076923
991	-13,3076923
991	-28,3076923
991	-15,3076923
992	-22,3076923
992	-12,3076923
992	0,6923077
992	-14,3076923
993	4,6923077
993	6,6923077
993	-9,3076923
993	4,6923077
994	-15,3076923
994	-3,3076923
994	2,6923077
994	-15,3076923
995	4,6923077
995	-6,3076923
995	-7,3076923
995	24,6923077
995	6,6923077
996	-16,3076923
996	-1,3076923
996	-19,3076923
996	-6,3076923
997	13,6923077
997	-39,3076923
997	-15,3076923
997	24,6923077
998	-15,3076923
998	-13,3076923
998	-2,3076923
998	-0,3076923
999	-8,3076923
999	-14,3076923
999	-12,3076923
999	-2,3076923
1000	-9,3076923
1000	4,6923077
1000	-0,3076923
1000	-28,3076923
1001	7,6923077
1001	-15,3076923
1001	-6,3076923
1001	-29,3076923
1002	0,6923077
1002	10,6923077
1002	2,6923077
1002	9,6923077
1002	-10,3076923
1003	-1,3076923
1003	12,6923077
1003	-4,3076923
1003	0,6923077
1004	5,6923077
1004	-2,3076923
1004	-3,3076923
1004	-6,3076923
1005	-26,3076923
1005	-26,3076923
1005	-3,3076923
1005	-23,3076923
1006	-15,3076923
1006	11,6923077
1006	-1,3076923
1006	-3,3076923
1007	1,6923077
1007	-4,3076923
1007	-25,3076923
1007	-29,3076923
1008	-30,3076923
1008	-14,3076923
1008	-8,3076923
1008	-11,3076923
1008	-16,3076923
1009	-2,3076923
1009	-12,3076923
1009	-3,3076923
1009	-0,3076923
1010	1,6923077
1010	-25,3076923
1010	-19,3076923
1010	-13,3076923
1011	-10,3076923
1011	-18,3076923
1011	-10,3076923
1011	-20,3076923
1012	14,6923077
1012	-16,3076923
1012	7,6923077
1012	-12,3076923
1013	-23,3076923
1013	-15,3076923
1013	17,6923077
1013	-4,3076923
1014	-1,3076923
1014	5,6923077
1014	13,6923077
1014	6,6923077
1015	-12,3076923
1015	-28,3076923
1015	-16,3076923
1015	-18,3076923
1015	-7,3076923
1016	5,6923077
1016	8,6923077
1016	-23,3076923
1016	-13,3076923
1017	-25,3076923
1017	-22,3076923
1017	-17,3076923
1017	-18,3076923
1018	-0,3076923
1018	-20,3076923
1018	-27,3076923
1018	-20,3076923
1019	-11,3076923
1019	4,6923077
1019	-14,3076923
1019	-23,3076923
1020	-26,3076923
1020	-17,3076923
1020	-5,3076923
1020	9,6923077
1021	-2,3076923
1021	-24,3076923
1021	-6,3076923
1021	-26,3076923
1021	-16,3076923
1022	-17,3076923
1022	-11,3076923
1022	-27,3076923
1022	-16,3076923
1023	-21,3076923
1023	-2,3076923
1023	-19,3076923
1023	1,6923077
1024	-17,3076923
1024	-39,3076923
1024	-18,3076923
1024	-4,3076923
1025	4,6923077
1025	-38,3076923
1025	-6,3076923
1025	-2,3076923
1026	11,6923077
1026	-0,3076923
1026	-14,3076923
1026	-10,3076923
1027	0,6923077
1027	-10,3076923
1027	-2,3076923
1027	10,6923077
1027	-23,3076923
1028	-2,3076923
1028	-8,3076923
1028	14,6923077
1028	9,6923077
1029	-26,3076923
1029	-21,3076923
1029	-12,3076923
1029	16,6923077
1030	11,6923077
1030	-13,3076923
1030	-6,3076923
1030	-17,3076923
1031	-16,3076923
1031	-3,3076923
1031	-2,3076923
1031	-24,3076923
1032	-11,3076923
1032	16,6923077
1032	-20,3076923
1032	-4,3076923
1033	1,6923077
1033	1,6923077
1033	4,6923077
1033	4,6923077
1034	-12,3076923
1034	-38,3076923
1034	-36,3076923
1034	-21,3076923
1034	-22,3076923
1035	-12,3076923
1035	-17,3076923
1035	-8,3076923
1035	0,6923077
1036	8,6923077
1036	0,6923077
1036	-3,3076923
1036	-20,3076923
1037	-11,3076923
1037	-23,3076923
1037	-3,3076923
1037	10,6923077
1038	-13,3076923
1038	-18,3076923
1038	-30,3076923
1038	1,6923077
1039	-8,3076923
1039	-15,3076923
1039	-1,3076923
1039	-4,3076923
1039	-28,3076923
1040	-6,3076923
1040	19,6923077
1040	-12,3076923
1040	16,6923077
1041	1,6923077
1041	-21,3076923
1041	-23,3076923
1041	-1,3076923
1042	-7,3076923
1042	3,6923077
1042	-2,3076923
1042	14,6923077
1043	12,6923077
1043	26,6923077
1043	-1,3076923
1043	-25,3076923
1044	9,6923077
1044	-16,3076923
1044	1,6923077
1044	-30,3076923
1045	-1,3076923
1045	-31,3076923
1045	-20,3076923
1045	-40,3076923
1045	-32,3076923
1046	-28,3076923
1046	-13,3076923
1046	-20,3076923
1046	0,6923077
1047	-16,3076923
1047	6,6923077
1047	-28,3076923
1047	5,6923077
1048	8,6923077
1048	-6,3076923
1048	-3,3076923
1048	-17,3076923
1049	-6,3076923
1049	-17,3076923
1049	-16,3076923
1049	16,6923077
1050	-30,3076923
1050	-14,3076923
1050	-20,3076923
1050	-18,3076923
1051	-20,3076923
1051	-23,3076923
1051	-9,3076923
1051	-11,3076923
1051	-22,3076923
1052	-21,3076923
1052	1,6923077
1052	-8,3076923
1052	-32,3076923
1053	-18,3076923
1053	-18,3076923
1053	-17,3076923
1053	-8,3076923
1054	15,6923077
1054	-7,3076923
1054	-21,3076923
1054	-7,3076923
1055	4,6923077
1055	-12,3076923
1055	5,6923077
1055	-7,3076923
1056	-12,3076923
1056	-8,3076923
1056	-32,3076923
1056	-27,3076923
1056	-29,3076923
1057	-20,3076923
1057	-13,3076923
1057	-5,3076923
1057	1,6923077
1058	-41,3076923
1058	-14,3076923
1058	-16,3076923
1058	8,6923077
1059	13,6923077
1059	-24,3076923
1059	-15,3076923
1059	-5,3076923
1060	16,6923077
1060	2,6923077
1060	-4,3076923
1060	-7,3076923
1061	7,6923077
1061	0,6923077
1061	-2,3076923
1061	-3,3076923
1062	-7,3076923
1062	16,6923077
1062	-13,3076923
1062	-0,3076923
1062	-3,3076923
1063	-23,3076923
1063	-6,3076923
1063	13,6923077
1063	-3,3076923
1064	-36,3076923
1064	-15,3076923
1064	-21,3076923
1064	-14,3076923
1065	-13,3076923
1065	-2,3076923
1065	-12,3076923
1065	-17,3076923
1066	-7,3076923
1066	-35,3076923
1066	-29,3076923
1066	-7,3076923
1067	-5,3076923
1067	5,6923077
1067	-0,3076923
1067	-0,3076923
1067	10,6923077
1068	4,6923077
1068	3,6923077
1068	-22,3076923
1068	11,6923077
1069	10,6923077
1069	-0,3076923
1069	-23,3076923
1069	-11,3076923
1070	-5,3076923
1070	-16,3076923
1070	-1,3076923
1070	4,6923077
1071	-11,3076923
1071	8,6923077
1071	23,6923077
1071	-12,3076923
1072	-9,3076923
1072	13,6923077
1072	-6,3076923
1072	-18,3076923
1072	4,6923077
1073	-37,3076923
1073	-2,3076923
1073	-20,3076923
1073	-35,3076923
1074	-17,3076923
1074	6,6923077
1074	-5,3076923
1074	-17,3076923
1075	0,6923077
1075	-21,3076923
1075	1,6923077
1075	-11,3076923
1076	2,6923077
1076	-7,3076923
1076	-17,3076923
1076	-19,3076923
1077	-3,3076923
1077	-24,3076923
1077	-1,3076923
1077	-10,3076923
1077	9,6923077
1078	-28,3076923
1078	-31,3076923
1078	-9,3076923
1078	-36,3076923
1079	8,6923077
1079	2,6923077
1079	-0,3076923
1079	7,6923077
1080	21,6923077
1080	-32,3076923
1080	-19,3076923
1080	-8,3076923
1081	-26,3076923
1081	-25,3076923
1081	8,6923077
1081	-5,3076923
1082	-5,3076923
1082	-31,3076923
1082	-7,3076923
1082	-37,3076923
1082	5,6923077
1083	3,6923077
1083	-4,3076923
1083	15,6923077
1083	-6,3076923
1084	4,6923077
1084	-10,3076923
1084	-9,3076923
1084	-22,3076923
1085	-18,3076923
1085	-6,3076923
1085	-2,3076923
1085	-19,3076923
1086	-28,3076923
1086	0,6923077
1086	-6,3076923
1086	23,6923077
1087	2,6923077
1087	-10,3076923
1087	-0,3076923
1087	-33,3076923
1087	-30,3076923
1088	-27,3076923
1088	21,6923077
1088	-7,3076923
1088	-1,3076923
1089	14,6923077
1089	-0,3076923
1089	-29,3076923
1089	-7,3076923
1090	3,6923077
1090	1,6923077
1090	-6,3076923
1090	-11,3076923
1091	-4,3076923
1091	-6,3076923
1091	-14,3076923
1091	-15,3076923
1092	15,6923077
1092	10,6923077
1092	-12,3076923
1092	-12,3076923
1092	-23,3076923
1093	-23,3076923
1093	-18,3076923
1093	-22,3076923
1093	-16,3076923
1094	-16,3076923
1094	-16,3076923
1094	-15,3076923
1094	-4,3076923
1095	-17,3076923
1095	16,6923077
1095	13,6923077
1095	11,6923077
1096	2,6923077
1096	-63,3076923
1096	-27,3076923
1096	13,6923077
1097	12,6923077
1097	-20,3076923
1097	0,6923077
1097	2,6923077
1097	-12,3076923
1098	-3,3076923
1098	9,6923077
1098	-25,3076923
1098	-14,3076923
1099	5,6923077
1099	-1,3076923
1099	15,6923077
1099	-4,3076923
1100	-12,3076923
1100	-34,3076923
1100	-9,3076923
1100	3,6923077
1101	-14,3076923
1101	-17,3076923
1101	12,6923077
1101	-12,3076923
1101	-9,3076923
1102	9,6923077
1102	2,6923077
1102	-15,3076923
1102	3,6923077
1103	4,6923077
1103	-13,3076923
1103	-4,3076923
1103	6,6923077
1104	-24,3076923
1104	-10,3076923
1104	-9,3076923
1104	5,6923077
1105	-16,3076923
1105	-16,3076923
1105	2,6923077
1105	27,6923077
1106	0,6923077
1106	-20,3076923
1106	-3,3076923
1106	-13,3076923
1106	-10,3076923
1107	0,6923077
1107	9,6923077
1107	9,6923077
1107	-2,3076923
1108	-42,3076923
1108	-18,3076923
1108	9,6923077
1108	-12,3076923
1109	4,6923077
1109	15,6923077
1109	-12,3076923
1109	-15,3076923
1110	-16,3076923
1110	-5,3076923
1110	-18,3076923
1110	-24,3076923
1110	-13,3076923
1111	-14,3076923
1111	25,6923077
1111	-27,3076923
1111	-11,3076923
1112	-11,3076923
1112	-0,3076923
1112	14,6923077
1112	-12,3076923
1113	-6,3076923
1113	-24,3076923
1113	-30,3076923
1113	5,6923077
1114	-13,3076923
1114	-15,3076923
1114	-6,3076923
1114	9,6923077
1115	5,6923077
1115	-5,3076923
1115	-17,3076923
1115	-8,3076923
1115	14,6923077
1116	1,6923077
1116	-8,3076923
1116	-23,3076923
1116	-25,3076923
1117	-11,3076923
1117	-12,3076923
1117	-7,3076923
1117	-21,3076923
1118	0,6923077
