196	12,7692308
196	12,7692308
196	12,7692308
197	-9,2307692
197	-21,2307692
197	21,7692308
197	15,7692308
198	-15,2307692
198	-9,2307692
198	-26,2307692
199	0,7692308
199	9,7692308
199	-5,2307692
199	4,7692308
200	26,7692308
200	0,7692308
200	14,7692308
200	-2,2307692
201	-5,2307692
201	-8,2307692
201	9,7692308
201	3,7692308
202	13,7692308
202	20,7692308
202	-34,2307692
203	-1,2307692
203	-21,2307692
203	11,7692308
203	-14,2307692
204	40,7692308
204	6,7692308
204	-33,2307692
204	-1,2307692
205	4,7692308
205	-4,2307692
205	-10,2307692
205	1,7692308
206	-19,2307692
206	9,7692308
206	7,7692308
207	-17,2307692
207	-9,2307692
207	5,7692308
207	-0,2307692
208	8,7692308
208	-0,2307692
208	6,7692308
208	7,7692308
209	5,7692308
209	-13,2307692
209	17,7692308
209	-7,2307692
210	11,7692308
210	13,7692308
210	4,7692308
211	2,7692308
211	20,7692308
211	-4,2307692
211	-6,2307692
212	-27,2307692
212	-37,2307692
212	21,7692308
212	8,7692308
213	9,7692308
213	-14,2307692
213	9,7692308
213	7,7692308
214	-6,2307692
214	-16,2307692
214	5,7692308
215	-2,2307692
215	-15,2307692
215	-11,2307692
215	14,7692308
216	2,7692308
216	-0,2307692
216	20,7692308
216	4,7692308
217	6,7692308
217	8,7692308
217	-1,2307692
217	-2,2307692
218	-7,2307692
218	-11,2307692
218	1,7692308
219	15,7692308
219	-25,2307692
219	15,7692308
219	-7,2307692
220	-18,2307692
220	-6,2307692
220	9,7692308
220	0,7692308
221	-8,2307692
221	-2,2307692
221	17,7692308
221	-4,2307692
222	23,7692308
222	4,7692308
222	-15,2307692
223	4,7692308
223	-17,2307692
223	1,7692308
223	-31,2307692
224	16,7692308
224	0,7692308
224	-13,2307692
224	-20,2307692
225	2,7692308
225	0,7692308
225	0,7692308
225	11,7692308
226	1,7692308
226	2,7692308
226	11,7692308
227	8,7692308
227	0,7692308
227	-7,2307692
227	9,7692308
228	-3,2307692
228	1,7692308
228	10,7692308
228	15,7692308
229	-1,2307692
229	-30,2307692
229	-0,2307692
229	2,7692308
230	17,7692308
230	-4,2307692
230	-11,2307692
231	-7,2307692
231	8,7692308
231	-41,2307692
231	9,7692308
232	9,7692308
232	-6,2307692
232	22,7692308
232	-6,2307692
233	3,7692308
233	5,7692308
233	10,7692308
233	-4,2307692
234	-22,2307692
234	6,7692308
234	0,7692308
235	1,7692308
235	7,7692308
235	-7,2307692
235	-3,2307692
236	7,7692308
236	-5,2307692
236	4,7692308
236	-21,2307692
237	7,7692308
237	16,7692308
237	-3,2307692
237	-1,2307692
238	9,7692308
238	0,7692308
238	0,7692308
239	-7,2307692
239	-9,2307692
239	-6,2307692
239	9,7692308
240	-15,2307692
240	-0,2307692
240	-6,2307692
240	7,7692308
241	1,7692308
241	3,7692308
241	11,7692308
241	13,7692308
242	-26,2307692
242	3,7692308
242	-23,2307692
243	7,7692308
243	17,7692308
243	-8,2307692
243	-4,2307692
244	2,7692308
244	-25,2307692
244	-10,2307692
244	-10,2307692
245	-3,2307692
245	11,7692308
245	-13,2307692
245	2,7692308
246	-3,2307692
246	22,7692308
246	-22,2307692
247	-16,2307692
247	-23,2307692
247	-8,2307692
247	21,7692308
248	-9,2307692
248	19,7692308
248	0,7692308
248	9,7692308
249	-1,2307692
249	-32,2307692
249	-16,2307692
249	1,7692308
250	19,7692308
250	49,7692308
250	17,7692308
251	-13,2307692
251	17,7692308
251	12,7692308
251	-37,2307692
252	-37,2307692
252	20,7692308
252	25,7692308
252	-0,2307692
253	-5,2307692
253	-6,2307692
253	0,7692308
253	24,7692308
254	11,7692308
254	17,7692308
254	-4,2307692
254	3,7692308
255	-22,2307692
255	4,7692308
255	-16,2307692
256	-15,2307692
256	-28,2307692
256	-13,2307692
256	17,7692308
257	1,7692308
257	-4,2307692
257	11,7692308
257	-6,2307692
258	16,7692308
258	-0,2307692
258	-6,2307692
258	-2,2307692
259	9,7692308
259	18,7692308
259	-13,2307692
260	-3,2307692
260	-30,2307692
260	-1,2307692
260	2,7692308
261	18,7692308
261	22,7692308
261	11,7692308
261	11,7692308
262	11,7692308
262	0,7692308
262	-2,2307692
262	-2,2307692
263	17,7692308
263	-12,2307692
263	6,7692308
264	14,7692308
264	3,7692308
264	10,7692308
264	14,7692308
265	-4,2307692
265	-9,2307692
265	-8,2307692
265	-13,2307692
266	-9,2307692
266	-3,2307692
266	-8,2307692
266	-16,2307692
267	25,7692308
267	14,7692308
267	6,7692308
268	7,7692308
268	25,7692308
268	3,7692308
268	49,7692308
269	13,7692308
269	14,7692308
269	-7,2307692
269	17,7692308
270	10,7692308
270	-3,2307692
270	-7,2307692
270	-4,2307692
271	19,7692308
271	30,7692308
271	15,7692308
271	-14,2307692
272	2,7692308
272	6,7692308
272	-1,2307692
273	-0,2307692
273	-7,2307692
273	-13,2307692
273	-7,2307692
274	-17,2307692
274	-19,2307692
274	3,7692308
274	-5,2307692
275	17,7692308
275	9,7692308
275	1,7692308
275	-12,2307692
276	16,7692308
276	30,7692308
276	-12,2307692
277	11,7692308
277	44,7692308
277	17,7692308
277	-3,2307692
278	-2,2307692
278	24,7692308
278	1,7692308
278	5,7692308
279	3,7692308
279	3,7692308
279	5,7692308
279	8,7692308
280	-31,2307692
280	-7,2307692
280	-15,2307692
280	-23,2307692
281	13,7692308
281	15,7692308
281	2,7692308
282	-3,2307692
282	-0,2307692
282	-11,2307692
282	-29,2307692
283	-19,2307692
283	-27,2307692
283	7,7692308
283	6,7692308
284	14,7692308
284	-2,2307692
284	-10,2307692
284	-5,2307692
285	-1,2307692
285	-5,2307692
285	-17,2307692
286	25,7692308
286	0,7692308
286	-10,2307692
286	-16,2307692
287	1,7692308
287	-9,2307692
287	8,7692308
287	13,7692308
288	-4,2307692
288	10,7692308
288	21,7692308
288	17,7692308
289	30,7692308
289	-16,2307692
289	18,7692308
290	6,7692308
290	-2,2307692
290	-5,2307692
290	-0,2307692
291	2,7692308
291	0,7692308
291	1,7692308
291	-16,2307692
292	10,7692308
292	-21,2307692
292	-12,2307692
292	16,7692308
293	-5,2307692
293	-13,2307692
293	31,7692308
293	25,7692308
294	8,7692308
294	9,7692308
294	5,7692308
295	17,7692308
295	25,7692308
295	-3,2307692
295	12,7692308
296	1,7692308
296	-11,2307692
296	5,7692308
296	-16,2307692
297	-23,2307692
297	10,7692308
297	7,7692308
297	0,7692308
298	30,7692308
298	-26,2307692
298	2,7692308
299	-12,2307692
299	7,7692308
299	31,7692308
299	27,7692308
300	-4,2307692
300	-10,2307692
300	-0,2307692
300	11,7692308
301	17,7692308
301	-11,2307692
301	-42,2307692
301	0,7692308
302	-11,2307692
302	-2,2307692
302	25,7692308
302	41,7692308
303	7,7692308
303	-4,2307692
303	-20,2307692
304	-18,2307692
304	-9,2307692
304	17,7692308
304	-3,2307692
305	20,7692308
305	15,7692308
305	10,7692308
305	-25,2307692
306	-9,2307692
306	-17,2307692
306	-7,2307692
306	20,7692308
307	26,7692308
307	21,7692308
307	2,7692308
307	-9,2307692
308	-15,2307692
308	-11,2307692
308	15,7692308
309	23,7692308
309	10,7692308
309	3,7692308
309	-11,2307692
310	-6,2307692
310	-25,2307692
310	-16,2307692
310	-8,2307692
311	13,7692308
311	0,7692308
311	3,7692308
311	-12,2307692
312	8,7692308
312	4,7692308
312	19,7692308
313	-6,2307692
313	23,7692308
313	13,7692308
313	1,7692308
314	-1,2307692
314	-14,2307692
314	3,7692308
314	8,7692308
315	8,7692308
315	1,7692308
315	10,7692308
315	-17,2307692
316	15,7692308
316	8,7692308
316	7,7692308
316	-21,2307692
317	-9,2307692
317	-19,2307692
317	-20,2307692
318	-5,2307692
318	-20,2307692
318	-10,2307692
318	-2,2307692
319	5,7692308
319	4,7692308
319	0,7692308
319	-2,2307692
320	15,7692308
320	-8,2307692
320	-7,2307692
320	-14,2307692
321	14,7692308
321	-7,2307692
321	-4,2307692
321	-15,2307692
322	-0,2307692
322	9,7692308
322	-9,2307692
323	-6,2307692
323	6,7692308
323	-1,2307692
323	2,7692308
324	-0,2307692
324	3,7692308
324	-20,2307692
324	23,7692308
325	-37,2307692
325	-24,2307692
325	-9,2307692
325	-3,2307692
326	-22,2307692
326	-30,2307692
326	-17,2307692
327	-1,2307692
327	-1,2307692
327	-16,2307692
327	2,7692308
328	-4,2307692
328	-15,2307692
328	-1,2307692
328	12,7692308
329	-26,2307692
329	-27,2307692
329	-8,2307692
329	2,7692308
330	5,7692308
330	13,7692308
330	24,7692308
330	16,7692308
331	-8,2307692
331	-1,2307692
331	19,7692308
332	17,7692308
332	9,7692308
332	17,7692308
332	7,7692308
333	-7,2307692
333	-10,2307692
333	-1,2307692
333	-1,2307692
334	-33,2307692
334	-7,2307692
334	23,7692308
334	-5,2307692
335	1,7692308
335	10,7692308
335	-2,2307692
335	19,7692308
336	-9,2307692
336	47,7692308
336	18,7692308
337	3,7692308
337	22,7692308
337	6,7692308
337	-1,2307692
338	7,7692308
338	1,7692308
338	1,7692308
338	33,7692308
339	18,7692308
339	-4,2307692
339	2,7692308
339	19,7692308
340	13,7692308
340	10,7692308
340	-2,2307692
340	-7,2307692
341	-4,2307692
341	23,7692308
341	1,7692308
342	-21,2307692
342	-6,2307692
342	4,7692308
342	-13,2307692
343	-3,2307692
343	14,7692308
343	-24,2307692
343	12,7692308
344	2,7692308
344	19,7692308
344	16,7692308
344	1,7692308
345	-17,2307692
345	-3,2307692
345	-12,2307692
345	23,7692308
346	7,7692308
346	24,7692308
346	-5,2307692
347	21,7692308
347	4,7692308
347	-10,2307692
347	-14,2307692
348	0,7692308
348	-4,2307692
348	-1,2307692
348	-7,2307692
349	18,7692308
349	5,7692308
349	13,7692308
349	15,7692308
350	15,7692308
350	-1,2307692
350	2,7692308
350	7,7692308
351	23,7692308
351	-16,2307692
351	-22,2307692
352	-14,2307692
352	32,7692308
352	39,7692308
352	25,7692308
353	18,7692308
353	21,7692308
353	-3,2307692
353	11,7692308
354	3,7692308
354	11,7692308
354	23,7692308
354	7,7692308
355	15,7692308
355	20,7692308
355	-7,2307692
355	4,7692308
356	11,7692308
356	11,7692308
356	15,7692308
357	1,7692308
357	20,7692308
357	10,7692308
357	-8,2307692
358	2,7692308
358	20,7692308
358	8,7692308
358	3,7692308
359	-11,2307692
359	9,7692308
359	-18,2307692
359	25,7692308
360	17,7692308
360	-2,2307692
360	19,7692308
360	19,7692308
361	8,7692308
361	2,7692308
361	6,7692308
362	16,7692308
362	26,7692308
362	16,7692308
362	11,7692308
363	-6,2307692
363	8,7692308
363	-13,2307692
363	-14,2307692
364	11,7692308
364	-1,2307692
364	-15,2307692
364	3,7692308
365	1,7692308
365	3,7692308
365	-24,2307692
365	11,7692308
366	-9,2307692
366	-3,2307692
366	-9,2307692
367	1,7692308
367	14,7692308
367	24,7692308
367	-9,2307692
368	-29,2307692
368	-12,2307692
368	4,7692308
368	3,7692308
369	2,7692308
369	-14,2307692
369	-31,2307692
369	-8,2307692
370	23,7692308
370	-8,2307692
370	-24,2307692
370	14,7692308
371	2,7692308
371	-5,2307692
371	20,7692308
371	-10,2307692
372	3,7692308
372	6,7692308
372	-13,2307692
373	15,7692308
373	-16,2307692
373	-0,2307692
373	-6,2307692
374	-20,2307692
374	-6,2307692
374	9,7692308
374	-20,2307692
375	-13,2307692
375	13,7692308
375	11,7692308
375	1,7692308
376	0,7692308
376	6,7692308
376	-6,2307692
376	-7,2307692
377	-14,2307692
377	15,7692308
377	28,7692308
378	-16,2307692
378	-10,2307692
378	8,7692308
378	7,7692308
379	7,7692308
379	-13,2307692
379	1,7692308
379	4,7692308
380	7,7692308
380	3,7692308
380	22,7692308
380	16,7692308
381	16,7692308
381	-15,2307692
381	14,7692308
381	-1,2307692
382	18,7692308
382	1,7692308
382	4,7692308
383	-7,2307692
383	-25,2307692
383	13,7692308
383	-1,2307692
384	-16,2307692
384	-10,2307692
384	22,7692308
384	-4,2307692
385	-2,2307692
385	4,7692308
385	32,7692308
385	27,7692308
386	0,7692308
386	-9,2307692
386	-0,2307692
386	-9,2307692
387	9,7692308
387	-10,2307692
387	-19,2307692
387	-15,2307692
388	1,7692308
388	10,7692308
388	-6,2307692
389	-8,2307692
389	-44,2307692
389	-15,2307692
389	-8,2307692
390	-1,2307692
390	-10,2307692
390	-10,2307692
390	-18,2307692
391	8,7692308
391	22,7692308
391	-5,2307692
391	-7,2307692
392	6,7692308
392	-17,2307692
392	-21,2307692
392	-22,2307692
393	-11,2307692
393	-12,2307692
393	25,7692308
394	17,7692308
394	16,7692308
394	-5,2307692
394	19,7692308
395	-5,2307692
395	11,7692308
395	15,7692308
395	23,7692308
396	-13,2307692
396	5,7692308
396	-2,2307692
396	23,7692308
397	-27,2307692
397	-2,2307692
397	4,7692308
397	7,7692308
398	19,7692308
398	-0,2307692
398	2,7692308
398	-9,2307692
399	11,7692308
399	3,7692308
399	7,7692308
400	3,7692308
400	2,7692308
400	3,7692308
400	18,7692308
401	4,7692308
401	25,7692308
401	-14,2307692
401	1,7692308
402	3,7692308
402	5,7692308
402	10,7692308
402	-4,2307692
403	-11,2307692
403	20,7692308
403	-3,2307692
403	-3,2307692
404	-2,2307692
404	26,7692308
404	7,7692308
405	18,7692308
405	-0,2307692
405	18,7692308
405	-9,2307692
406	0,7692308
406	-3,2307692
406	-3,2307692
406	-9,2307692
407	3,7692308
407	-8,2307692
407	-8,2307692
407	-3,2307692
408	3,7692308
408	-13,2307692
408	-29,2307692
408	-18,2307692
409	1,7692308
409	3,7692308
409	21,7692308
409	-2,2307692
410	-10,2307692
410	-13,2307692
410	27,7692308
411	5,7692308
411	19,7692308
411	18,7692308
411	-17,2307692
412	-25,2307692
412	-5,2307692
412	16,7692308
412	-5,2307692
413	-12,2307692
413	7,7692308
413	-3,2307692
413	-6,2307692
414	1,7692308
414	16,7692308
414	-0,2307692
414	7,7692308
415	17,7692308
415	17,7692308
415	1,7692308
415	-11,2307692
416	-42,2307692
416	-3,2307692
416	-3,2307692
417	39,7692308
417	-10,2307692
417	-4,2307692
417	-3,2307692
418	6,7692308
418	0,7692308
418	-11,2307692
418	-23,2307692
419	20,7692308
419	5,7692308
419	14,7692308
419	-13,2307692
420	-7,2307692
420	11,7692308
420	25,7692308
420	-8,2307692
421	36,7692308
421	7,7692308
421	13,7692308
421	-10,2307692
422	-4,2307692
422	9,7692308
422	-15,2307692
423	20,7692308
423	-0,2307692
423	27,7692308
423	-11,2307692
424	-7,2307692
424	-26,2307692
424	-13,2307692
424	-4,2307692
425	17,7692308
425	-20,2307692
425	10,7692308
425	0,7692308
426	-20,2307692
426	5,7692308
426	8,7692308
426	20,7692308
427	21,7692308
427	-26,2307692
427	-12,2307692
427	-14,2307692
428	18,7692308
428	19,7692308
428	-6,2307692
429	21,7692308
429	16,7692308
429	-7,2307692
429	26,7692308
430	30,7692308
430	-8,2307692
430	4,7692308
430	-15,2307692
431	9,7692308
431	0,7692308
431	4,7692308
431	14,7692308
432	5,7692308
432	4,7692308
432	1,7692308
432	17,7692308
433	1,7692308
433	-4,2307692
433	4,7692308
433	7,7692308
434	-10,2307692
434	4,7692308
434	7,7692308
435	2,7692308
435	-5,2307692
435	-24,2307692
435	-1,2307692
436	-2,2307692
436	15,7692308
436	-0,2307692
436	9,7692308
437	20,7692308
437	7,7692308
437	-2,2307692
437	-10,2307692
438	6,7692308
438	26,7692308
438	27,7692308
438	4,7692308
439	-21,2307692
439	-25,2307692
439	-2,2307692
439	9,7692308
440	12,7692308
440	5,7692308
440	9,7692308
441	-0,2307692
441	-28,2307692
441	13,7692308
441	25,7692308
442	9,7692308
442	12,7692308
442	0,7692308
442	-15,2307692
443	1,7692308
443	12,7692308
443	-2,2307692
443	-2,2307692
444	-19,2307692
444	5,7692308
444	5,7692308
444	1,7692308
445	-12,2307692
445	18,7692308
445	3,7692308
445	18,7692308
446	-7,2307692
446	-10,2307692
446	4,7692308
447	13,7692308
447	0,7692308
447	6,7692308
447	16,7692308
448	28,7692308
448	-15,2307692
448	-11,2307692
448	-17,2307692
449	15,7692308
449	-4,2307692
449	-6,2307692
449	-19,2307692
450	-8,2307692
450	-2,2307692
450	-7,2307692
450	7,7692308
451	-12,2307692
451	-12,2307692
451	-14,2307692
451	-6,2307692
452	-20,2307692
452	-34,2307692
452	15,7692308
452	-0,2307692
453	-2,2307692
453	-5,2307692
453	-28,2307692
454	6,7692308
454	12,7692308
454	13,7692308
454	14,7692308
455	3,7692308
455	-6,2307692
455	-18,2307692
455	-0,2307692
456	22,7692308
456	8,7692308
456	-4,2307692
456	17,7692308
457	-22,2307692
457	0,7692308
457	10,7692308
457	4,7692308
458	-6,2307692
458	3,7692308
458	-12,2307692
458	0,7692308
459	7,7692308
459	-15,2307692
459	7,7692308
460	19,7692308
460	13,7692308
460	24,7692308
460	15,7692308
461	1,7692308
461	-6,2307692
461	-4,2307692
461	-1,2307692
462	15,7692308
462	-12,2307692
462	-6,2307692
462	-8,2307692
463	-15,2307692
463	-32,2307692
463	-8,2307692
463	-27,2307692
464	-14,2307692
464	-0,2307692
464	-28,2307692
464	-23,2307692
465	-1,2307692
465	25,7692308
465	11,7692308
465	12,7692308
466	8,7692308
466	0,7692308
466	-10,2307692
467	-8,2307692
467	21,7692308
467	38,7692308
467	1,7692308
468	0,7692308
468	38,7692308
468	-26,2307692
468	-1,2307692
469	15,7692308
469	-3,2307692
469	-28,2307692
469	-12,2307692
470	0,7692308
470	-1,2307692
470	1,7692308
470	-7,2307692
471	21,7692308
471	0,7692308
471	21,7692308
471	3,7692308
472	30,7692308
472	38,7692308
472	-10,2307692
472	22,7692308
473	-27,2307692
473	18,7692308
473	1,7692308
474	12,7692308
474	-5,2307692
474	23,7692308
474	-25,2307692
475	-1,2307692
475	-5,2307692
475	8,7692308
475	11,7692308
476	-8,2307692
476	-2,2307692
476	1,7692308
476	11,7692308
477	-0,2307692
477	-5,2307692
477	-11,2307692
477	5,7692308
478	-16,2307692
478	-15,2307692
478	-17,2307692
478	-9,2307692
479	-20,2307692
479	10,7692308
479	-4,2307692
479	8,7692308
480	17,7692308
480	-0,2307692
480	-18,2307692
481	-5,2307692
481	-4,2307692
481	15,7692308
481	13,7692308
482	42,7692308
482	-15,2307692
482	-10,2307692
482	-9,2307692
483	-35,2307692
483	-15,2307692
483	-1,2307692
483	9,7692308
484	-10,2307692
484	27,7692308
484	25,7692308
484	-10,2307692
485	-20,2307692
485	-1,2307692
485	16,7692308
485	22,7692308
486	-1,2307692
486	-13,2307692
486	4,7692308
486	-11,2307692
487	-9,2307692
487	12,7692308
487	9,7692308
488	-5,2307692
488	9,7692308
488	-20,2307692
488	-18,2307692
489	-4,2307692
489	33,7692308
489	-10,2307692
489	-17,2307692
490	17,7692308
490	7,7692308
490	-20,2307692
490	-14,2307692
491	4,7692308
491	1,7692308
491	-36,2307692
491	-5,2307692
492	-8,2307692
492	11,7692308
492	33,7692308
492	2,7692308
493	-0,2307692
493	-21,2307692
493	-14,2307692
493	-8,2307692
494	-5,2307692
494	-14,2307692
494	1,7692308
495	2,7692308
495	-14,2307692
495	0,7692308
495	-7,2307692
496	7,7692308
496	-17,2307692
496	8,7692308
496	-4,2307692
497	5,7692308
497	30,7692308
497	-5,2307692
497	10,7692308
498	9,7692308
498	-2,2307692
498	11,7692308
498	-28,2307692
499	6,7692308
499	-4,2307692
499	-2,2307692
499	37,7692308
500	24,7692308
500	3,7692308
500	-26,2307692
500	20,7692308
501	-6,2307692
501	-3,2307692
501	-1,2307692
502	0,7692308
502	10,7692308
502	-6,2307692
502	-21,2307692
503	2,7692308
503	-7,2307692
503	4,7692308
503	-31,2307692
504	-10,2307692
504	-11,2307692
504	-13,2307692
504	4,7692308
505	5,7692308
505	-8,2307692
505	-10,2307692
505	-6,2307692
506	-18,2307692
506	-3,2307692
506	-5,2307692
506	4,7692308
507	2,7692308
507	7,7692308
507	21,7692308
507	10,7692308
508	4,7692308
508	0,7692308
508	13,7692308
508	23,7692308
509	-14,2307692
509	18,7692308
509	2,7692308
510	-13,2307692
510	4,7692308
510	-6,2307692
510	-3,2307692
511	1,7692308
511	9,7692308
511	-19,2307692
511	-3,2307692
512	17,7692308
512	-4,2307692
512	4,7692308
512	16,7692308
513	-15,2307692
513	8,7692308
513	19,7692308
513	-19,2307692
514	-31,2307692
514	3,7692308
514	-9,2307692
514	-7,2307692
515	2,7692308
515	-0,2307692
515	-7,2307692
515	16,7692308
516	23,7692308
516	20,7692308
516	23,7692308
516	-7,2307692
517	-20,2307692
517	-9,2307692
517	-23,2307692
518	3,7692308
518	6,7692308
518	10,7692308
518	14,7692308
519	21,7692308
519	10,7692308
519	-13,2307692
519	9,7692308
520	-22,2307692
520	-17,2307692
520	9,7692308
520	-0,2307692
521	-3,2307692
521	17,7692308
521	0,7692308
521	35,7692308
522	14,7692308
522	8,7692308
522	9,7692308
522	7,7692308
523	-10,2307692
523	18,7692308
523	7,7692308
523	-9,2307692
524	-6,2307692
524	-13,2307692
524	-10,2307692
524	13,7692308
525	-8,2307692
525	4,7692308
525	28,7692308
526	12,7692308
526	24,7692308
526	18,7692308
526	5,7692308
527	4,7692308
527	5,7692308
527	-1,2307692
527	-9,2307692
528	2,7692308
528	7,7692308
528	-9,2307692
528	20,7692308
529	25,7692308
529	-26,2307692
529	-21,2307692
529	35,7692308
530	27,7692308
530	-4,2307692
530	-9,2307692
530	-8,2307692
531	14,7692308
531	-8,2307692
531	23,7692308
531	10,7692308
532	0,7692308
532	-19,2307692
532	-5,2307692
532	23,7692308
533	3,7692308
533	-14,2307692
533	10,7692308
534	0,7692308
534	10,7692308
534	-5,2307692
534	-7,2307692
535	-5,2307692
535	-5,2307692
535	5,7692308
535	8,7692308
536	16,7692308
536	31,7692308
536	-2,2307692
536	5,7692308
537	-2,2307692
537	-25,2307692
537	7,7692308
537	-7,2307692
538	-16,2307692
538	-16,2307692
538	5,7692308
538	-5,2307692
539	6,7692308
539	-3,2307692
539	-7,2307692
539	3,7692308
540	-7,2307692
540	-21,2307692
540	12,7692308
540	21,7692308
541	15,7692308
541	-21,2307692
541	-1,2307692
541	-7,2307692
542	-1,2307692
542	-15,2307692
542	-15,2307692
543	-15,2307692
543	-13,2307692
543	-14,2307692
543	53,7692308
544	-3,2307692
544	-19,2307692
544	-11,2307692
544	-16,2307692
545	-20,2307692
545	5,7692308
545	-12,2307692
545	-30,2307692
546	12,7692308
546	-14,2307692
546	-0,2307692
546	7,7692308
547	-8,2307692
547	6,7692308
547	11,7692308
547	-11,2307692
548	12,7692308
548	28,7692308
548	6,7692308
548	10,7692308
549	10,7692308
549	19,7692308
549	-4,2307692
549	-6,2307692
550	7,7692308
550	-0,2307692
550	2,7692308
550	-12,2307692
551	-48,2307692
551	-0,2307692
551	34,7692308
552	-14,2307692
552	-15,2307692
552	-7,2307692
552	11,7692308
553	9,7692308
553	-10,2307692
553	1,7692308
553	6,7692308
554	-10,2307692
554	-8,2307692
554	-5,2307692
554	-23,2307692
555	20,7692308
555	30,7692308
555	-12,2307692
555	-14,2307692
556	12,7692308
556	18,7692308
556	-11,2307692
556	33,7692308
557	30,7692308
557	19,7692308
557	-7,2307692
557	13,7692308
558	-18,2307692
558	-38,2307692
558	3,7692308
558	-20,2307692
559	6,7692308
559	-25,2307692
559	-6,2307692
559	-6,2307692
560	18,7692308
560	35,7692308
560	-12,2307692
561	-3,2307692
561	-4,2307692
561	-24,2307692
561	18,7692308
562	-4,2307692
562	0,7692308
562	12,7692308
562	-11,2307692
563	18,7692308
563	-9,2307692
563	-7,2307692
563	-1,2307692
564	-2,2307692
564	-40,2307692
564	-1,2307692
564	2,7692308
565	11,7692308
565	2,7692308
565	-1,2307692
565	4,7692308
566	0,7692308
566	-2,2307692
566	7,7692308
566	27,7692308
567	-1,2307692
567	-9,2307692
567	-4,2307692
567	-30,2307692
568	-16,2307692
568	-9,2307692
568	-9,2307692
568	-17,2307692
569	-21,2307692
569	19,7692308
569	-20,2307692
569	-9,2307692
570	5,7692308
570	-14,2307692
570	-8,2307692
571	14,7692308
571	0,7692308
571	0,7692308
571	26,7692308
572	0,7692308
572	-6,2307692
572	-5,2307692
572	-15,2307692
573	8,7692308
573	-7,2307692
573	-19,2307692
573	-23,2307692
574	3,7692308
574	9,7692308
574	-20,2307692
574	2,7692308
575	1,7692308
575	-4,2307692
575	-3,2307692
575	-8,2307692
576	-10,2307692
576	-5,2307692
576	23,7692308
576	-19,2307692
577	-12,2307692
577	-1,2307692
577	-1,2307692
577	26,7692308
578	9,7692308
578	-8,2307692
578	-7,2307692
578	-1,2307692
579	6,7692308
579	-15,2307692
579	-8,2307692
579	-11,2307692
580	1,7692308
580	-14,2307692
580	4,7692308
581	16,7692308
581	4,7692308
581	23,7692308
581	-13,2307692
582	-25,2307692
582	-6,2307692
582	16,7692308
582	-1,2307692
583	8,7692308
583	-9,2307692
583	-12,2307692
583	15,7692308
584	20,7692308
584	6,7692308
584	0,7692308
584	27,7692308
585	-2,2307692
585	-1,2307692
585	9,7692308
585	8,7692308
586	-10,2307692
586	-0,2307692
586	7,7692308
586	9,7692308
587	1,7692308
587	-32,2307692
587	-2,2307692
587	-22,2307692
588	-6,2307692
588	0,7692308
588	-7,2307692
588	4,7692308
589	3,7692308
589	2,7692308
589	4,7692308
589	-25,2307692
590	-7,2307692
590	1,7692308
590	-17,2307692
590	26,7692308
591	-17,2307692
591	23,7692308
591	10,7692308
592	7,7692308
592	-19,2307692
592	-0,2307692
592	-8,2307692
593	12,7692308
593	-7,2307692
593	4,7692308
593	-3,2307692
594	21,7692308
594	7,7692308
594	-4,2307692
594	11,7692308
595	-6,2307692
595	-19,2307692
595	2,7692308
595	4,7692308
596	12,7692308
596	11,7692308
596	-19,2307692
596	-1,2307692
597	21,7692308
597	15,7692308
597	0,7692308
597	-236,2307692
598	-32,2307692
598	-7,2307692
598	-24,2307692
598	12,7692308
599	6,7692308
599	12,7692308
599	-3,2307692
599	-5,2307692
600	14,7692308
600	-4,2307692
600	-9,2307692
600	15,7692308
601	-17,2307692
601	0,7692308
601	16,7692308
601	7,7692308
602	-0,2307692
602	-9,2307692
602	13,7692308
603	8,7692308
603	2,7692308
603	10,7692308
603	-20,2307692
604	-23,2307692
604	2,7692308
604	16,7692308
604	21,7692308
605	23,7692308
605	-9,2307692
605	3,7692308
605	-33,2307692
606	-6,2307692
606	-8,2307692
606	3,7692308
606	3,7692308
607	-12,2307692
607	-22,2307692
607	12,7692308
607	8,7692308
608	11,7692308
608	5,7692308
608	-7,2307692
608	27,7692308
609	1,7692308
609	8,7692308
609	-9,2307692
609	-19,2307692
610	-16,2307692
610	-9,2307692
610	6,7692308
610	-2,2307692
611	17,7692308
611	2,7692308
611	-7,2307692
611	14,7692308
612	7,7692308
612	4,7692308
612	13,7692308
612	24,7692308
613	-1,2307692
613	12,7692308
613	-2,2307692
613	0,7692308
614	20,7692308
614	-27,2307692
614	-22,2307692
614	-17,2307692
615	-3,2307692
615	2,7692308
615	7,7692308
616	-21,2307692
616	-23,2307692
616	8,7692308
616	-9,2307692
617	-8,2307692
617	9,7692308
617	-2,2307692
617	-23,2307692
618	-20,2307692
618	14,7692308
618	12,7692308
618	15,7692308
619	-1,2307692
619	4,7692308
619	-6,2307692
619	-9,2307692
620	-13,2307692
620	8,7692308
620	-16,2307692
620	-17,2307692
621	-6,2307692
621	15,7692308
621	-5,2307692
621	-11,2307692
622	0,7692308
622	25,7692308
622	19,7692308
622	-7,2307692
623	-14,2307692
623	-13,2307692
623	-6,2307692
623	0,7692308
624	-9,2307692
624	-21,2307692
624	16,7692308
624	-9,2307692
625	17,7692308
625	14,7692308
625	-1,2307692
625	1,7692308
626	1,7692308
626	-23,2307692
626	-17,2307692
626	15,7692308
627	15,7692308
627	21,7692308
627	35,7692308
627	19,7692308
628	15,7692308
628	-7,2307692
628	21,7692308
629	-8,2307692
629	10,7692308
629	9,7692308
629	-0,2307692
630	34,7692308
630	5,7692308
630	1,7692308
630	0,7692308
631	-21,2307692
631	4,7692308
631	-15,2307692
631	-6,2307692
632	3,7692308
632	8,7692308
632	-1,2307692
632	11,7692308
633	-4,2307692
633	-7,2307692
633	-11,2307692
633	5,7692308
634	-14,2307692
634	-10,2307692
634	-2,2307692
634	0,7692308
635	15,7692308
635	-0,2307692
635	8,7692308
635	8,7692308
636	-7,2307692
636	23,7692308
636	6,7692308
636	-5,2307692
637	-19,2307692
637	-2,2307692
637	-17,2307692
637	2,7692308
638	-6,2307692
638	-10,2307692
638	-14,2307692
638	-8,2307692
639	-27,2307692
639	-3,2307692
639	-1,2307692
639	-2,2307692
640	-7,2307692
640	9,7692308
640	-24,2307692
640	12,7692308
641	-9,2307692
641	11,7692308
641	7,7692308
641	-7,2307692
642	6,7692308
642	-4,2307692
642	-29,2307692
642	-10,2307692
643	20,7692308
643	2,7692308
643	-1,2307692
644	15,7692308
644	-4,2307692
644	9,7692308
644	13,7692308
645	-7,2307692
645	2,7692308
645	11,7692308
645	17,7692308
646	3,7692308
646	-5,2307692
646	-29,2307692
646	23,7692308
647	14,7692308
647	14,7692308
647	-4,2307692
647	-7,2307692
648	18,7692308
648	-2,2307692
648	-23,2307692
648	1,7692308
649	2,7692308
649	15,7692308
649	3,7692308
649	18,7692308
650	10,7692308
650	2,7692308
650	17,7692308
650	-7,2307692
651	2,7692308
651	4,7692308
651	-7,2307692
651	6,7692308
652	-0,2307692
652	-6,2307692
652	4,7692308
652	-7,2307692
653	29,7692308
653	11,7692308
653	7,7692308
653	-0,2307692
654	-9,2307692
654	-21,2307692
654	-1,2307692
654	6,7692308
655	4,7692308
655	5,7692308
655	2,7692308
655	4,7692308
656	-1,2307692
656	-4,2307692
656	-29,2307692
656	13,7692308
657	31,7692308
657	2,7692308
657	3,7692308
657	1,7692308
658	-5,2307692
658	1,7692308
658	-12,2307692
658	-29,2307692
659	-8,2307692
659	11,7692308
659	-6,2307692
660	-9,2307692
660	-3,2307692
660	9,7692308
660	18,7692308
661	-3,2307692
661	23,7692308
661	15,7692308
661	-9,2307692
662	5,7692308
662	35,7692308
662	10,7692308
662	18,7692308
663	2,7692308
663	-7,2307692
663	14,7692308
663	11,7692308
664	13,7692308
664	8,7692308
664	5,7692308
664	-10,2307692
665	19,7692308
665	-8,2307692
665	17,7692308
665	-14,2307692
666	-8,2307692
666	-12,2307692
666	2,7692308
666	-21,2307692
667	11,7692308
667	-0,2307692
667	8,7692308
667	-14,2307692
668	0,7692308
668	-13,2307692
668	-1,2307692
668	18,7692308
669	-1,2307692
669	-34,2307692
669	6,7692308
669	-18,2307692
670	-2,2307692
670	23,7692308
670	-18,2307692
670	-6,2307692
671	-1,2307692
671	34,7692308
671	10,7692308
671	2,7692308
672	8,7692308
672	-4,2307692
672	10,7692308
672	6,7692308
673	0,7692308
673	-11,2307692
673	9,7692308
673	-7,2307692
674	-0,2307692
674	-13,2307692
674	13,7692308
674	-1,2307692
675	-16,2307692
675	17,7692308
675	0,7692308
675	-7,2307692
676	-0,2307692
676	2,7692308
676	7,7692308
676	22,7692308
677	-0,2307692
677	-29,2307692
677	-19,2307692
677	-21,2307692
678	0,7692308
678	22,7692308
678	-9,2307692
678	5,7692308
679	0,7692308
679	2,7692308
679	14,7692308
680	21,7692308
680	-15,2307692
680	9,7692308
680	22,7692308
681	8,7692308
681	-9,2307692
681	-16,2307692
681	-6,2307692
682	-3,2307692
682	-3,2307692
682	11,7692308
682	0,7692308
683	-19,2307692
683	-3,2307692
683	8,7692308
683	-0,2307692
684	-20,2307692
684	-26,2307692
684	15,7692308
684	-3,2307692
685	8,7692308
685	-19,2307692
685	15,7692308
685	-12,2307692
686	-15,2307692
686	7,7692308
686	0,7692308
686	-6,2307692
687	-4,2307692
687	21,7692308
687	-1,2307692
687	2,7692308
688	-5,2307692
688	4,7692308
688	-13,2307692
688	0,7692308
689	12,7692308
689	21,7692308
689	0,7692308
689	2,7692308
690	-9,2307692
690	-9,2307692
690	-35,2307692
690	-14,2307692
691	-7,2307692
691	4,7692308
691	5,7692308
691	13,7692308
692	2,7692308
692	8,7692308
692	0,7692308
692	-6,2307692
693	-0,2307692
693	-24,2307692
693	-23,2307692
693	-23,2307692
694	-4,2307692
694	17,7692308
694	7,7692308
694	5,7692308
695	-5,2307692
695	-6,2307692
695	-1,2307692
695	-1,2307692
696	-10,2307692
696	-15,2307692
696	-8,2307692
696	2,7692308
697	-9,2307692
697	6,7692308
697	-8,2307692
697	-0,2307692
698	-24,2307692
698	3,7692308
698	8,7692308
698	4,7692308
699	4,7692308
699	-15,2307692
699	-6,2307692
699	-8,2307692
700	6,7692308
700	4,7692308
700	-28,2307692
700	-20,2307692
701	2,7692308
701	-36,2307692
701	3,7692308
701	11,7692308
702	-21,2307692
702	-22,2307692
702	-16,2307692
702	-25,2307692
703	-3,2307692
703	14,7692308
703	2,7692308
703	-4,2307692
704	-4,2307692
704	8,7692308
704	9,7692308
704	38,7692308
705	26,7692308
705	12,7692308
705	18,7692308
706	12,7692308
706	15,7692308
706	13,7692308
706	4,7692308
707	7,7692308
707	-42,2307692
707	4,7692308
707	1,7692308
708	1,7692308
708	-4,2307692
708	-8,2307692
708	-6,2307692
709	-18,2307692
709	-5,2307692
709	0,7692308
709	-9,2307692
710	5,7692308
710	7,7692308
710	-1,2307692
710	12,7692308
711	-4,2307692
711	9,7692308
711	0,7692308
711	15,7692308
712	6,7692308
712	-21,2307692
712	7,7692308
712	10,7692308
713	-7,2307692
713	-4,2307692
713	5,7692308
713	4,7692308
714	26,7692308
714	4,7692308
714	-17,2307692
714	-24,2307692
715	0,7692308
715	3,7692308
715	-3,2307692
715	19,7692308
716	12,7692308
716	3,7692308
716	-16,2307692
716	2,7692308
717	-19,2307692
717	14,7692308
717	10,7692308
717	-5,2307692
718	13,7692308
718	1,7692308
718	-2,2307692
718	9,7692308
719	3,7692308
719	-8,2307692
719	4,7692308
719	-23,2307692
720	11,7692308
720	-27,2307692
720	-11,2307692
720	12,7692308
721	12,7692308
721	-14,2307692
721	0,7692308
721	-10,2307692
722	9,7692308
722	13,7692308
722	-5,2307692
722	-37,2307692
723	20,7692308
723	2,7692308
723	-14,2307692
723	10,7692308
724	7,7692308
724	0,7692308
724	0,7692308
724	-21,2307692
725	-15,2307692
725	12,7692308
725	-6,2307692
725	-2,2307692
726	-15,2307692
726	20,7692308
726	30,7692308
726	16,7692308
727	-12,2307692
727	-9,2307692
727	13,7692308
727	1,7692308
728	-20,2307692
728	-30,2307692
728	-5,2307692
728	1,7692308
729	7,7692308
729	6,7692308
729	9,7692308
729	-5,2307692
730	21,7692308
730	-23,2307692
730	-32,2307692
730	-5,2307692
731	30,7692308
731	-1,2307692
731	-0,2307692
731	16,7692308
732	-15,2307692
732	-6,2307692
732	-9,2307692
732	16,7692308
733	-4,2307692
733	-4,2307692
733	9,7692308
733	-7,2307692
734	-11,2307692
734	-16,2307692
734	-10,2307692
734	3,7692308
735	-1,2307692
735	-11,2307692
735	4,7692308
735	10,7692308
736	-23,2307692
736	-18,2307692
736	-44,2307692
736	11,7692308
737	0,7692308
737	-8,2307692
737	-5,2307692
737	-13,2307692
738	0,7692308
738	-12,2307692
738	-2,2307692
738	3,7692308
739	23,7692308
739	13,7692308
739	-21,2307692
739	9,7692308
740	11,7692308
740	-7,2307692
740	-6,2307692
740	-14,2307692
741	-5,2307692
741	7,7692308
741	-2,2307692
741	-15,2307692
742	8,7692308
742	11,7692308
742	-20,2307692
742	-13,2307692
743	-10,2307692
743	30,7692308
743	-4,2307692
743	-16,2307692
744	12,7692308
744	10,7692308
744	23,7692308
744	10,7692308
745	0,7692308
745	-0,2307692
745	4,7692308
745	-9,2307692
746	-31,2307692
746	3,7692308
746	-7,2307692
746	2,7692308
747	1,7692308
747	7,7692308
747	6,7692308
747	-8,2307692
748	13,7692308
748	-0,2307692
748	-7,2307692
748	4,7692308
749	-22,2307692
749	3,7692308
749	-12,2307692
749	-20,2307692
750	12,7692308
750	22,7692308
750	-0,2307692
750	-7,2307692
751	17,7692308
751	-17,2307692
751	2,7692308
751	-2,2307692
752	1,7692308
752	4,7692308
752	-7,2307692
752	6,7692308
753	-24,2307692
753	-22,2307692
753	-23,2307692
753	4,7692308
754	-13,2307692
754	-31,2307692
754	-27,2307692
754	5,7692308
755	-17,2307692
755	-7,2307692
755	5,7692308
755	-8,2307692
756	-4,2307692
756	-16,2307692
756	-20,2307692
756	5,7692308
757	-6,2307692
757	13,7692308
757	-5,2307692
757	0,7692308
758	9,7692308
758	0,7692308
758	4,7692308
758	9,7692308
759	-7,2307692
759	41,7692308
759	22,7692308
759	-3,2307692
760	9,7692308
760	15,7692308
760	-7,2307692
760	8,7692308
761	18,7692308
761	3,7692308
761	-14,2307692
761	-12,2307692
762	23,7692308
762	-1,2307692
762	4,7692308
762	-18,2307692
763	-15,2307692
763	-6,2307692
763	10,7692308
763	-8,2307692
764	-2,2307692
764	6,7692308
764	-1,2307692
764	10,7692308
765	14,7692308
765	-4,2307692
765	-15,2307692
765	1,7692308
766	-26,2307692
766	-0,2307692
766	-0,2307692
766	5,7692308
767	-11,2307692
767	-24,2307692
767	-20,2307692
767	-33,2307692
768	-10,2307692
768	-3,2307692
768	9,7692308
768	9,7692308
769	-20,2307692
769	2,7692308
769	-6,2307692
769	-20,2307692
770	5,7692308
770	8,7692308
770	-3,2307692
770	-17,2307692
771	-9,2307692
771	-15,2307692
771	0,7692308
771	21,7692308
772	7,7692308
772	11,7692308
772	26,7692308
772	1,7692308
773	-36,2307692
773	-26,2307692
773	-14,2307692
773	8,7692308
774	7,7692308
774	-3,2307692
774	-15,2307692
774	-29,2307692
775	-11,2307692
775	-22,2307692
775	1,7692308
775	19,7692308
776	-26,2307692
776	-2,2307692
776	-3,2307692
776	-19,2307692
777	23,7692308
777	-0,2307692
777	12,7692308
777	-7,2307692
778	-6,2307692
778	0,7692308
778	6,7692308
778	-1,2307692
779	-5,2307692
779	-1,2307692
779	-5,2307692
779	25,7692308
780	12,7692308
780	-9,2307692
780	6,7692308
780	3,7692308
781	6,7692308
781	8,7692308
781	27,7692308
781	-11,2307692
782	11,7692308
782	17,7692308
782	-11,2307692
782	15,7692308
783	0,7692308
783	-6,2307692
783	-4,2307692
783	-7,2307692
784	1,7692308
784	2,7692308
784	-4,2307692
784	0,7692308
785	16,7692308
785	0,7692308
785	0,7692308
785	-13,2307692
786	5,7692308
786	-26,2307692
786	13,7692308
786	16,7692308
787	-7,2307692
787	19,7692308
787	-7,2307692
787	-15,2307692
788	-30,2307692
788	-1,2307692
788	12,7692308
788	-25,2307692
789	12,7692308
789	1,7692308
789	-16,2307692
789	-8,2307692
790	-1,2307692
790	-12,2307692
790	-21,2307692
790	1,7692308
791	-13,2307692
791	-3,2307692
791	-2,2307692
791	-36,2307692
792	-17,2307692
792	-29,2307692
792	16,7692308
792	7,7692308
793	-12,2307692
793	9,7692308
793	-20,2307692
793	-2,2307692
794	-12,2307692
794	-39,2307692
794	0,7692308
794	-16,2307692
795	-0,2307692
795	5,7692308
795	-4,2307692
795	13,7692308
796	-12,2307692
796	11,7692308
796	-6,2307692
796	-4,2307692
797	-8,2307692
797	-2,2307692
797	32,7692308
797	-4,2307692
798	1,7692308
798	-1,2307692
798	16,7692308
798	32,7692308
799	-16,2307692
799	-11,2307692
799	-23,2307692
799	-13,2307692
800	-15,2307692
800	26,7692308
800	6,7692308
800	-0,2307692
801	18,7692308
801	12,7692308
801	-5,2307692
801	-9,2307692
802	-14,2307692
802	-19,2307692
802	23,7692308
802	-0,2307692
803	-5,2307692
803	-9,2307692
803	5,7692308
803	8,7692308
804	-12,2307692
804	7,7692308
804	-25,2307692
804	15,7692308
805	-22,2307692
805	-39,2307692
805	6,7692308
805	-28,2307692
806	-26,2307692
806	-12,2307692
806	31,7692308
806	15,7692308
807	-11,2307692
807	17,7692308
807	-13,2307692
807	35,7692308
808	-6,2307692
808	-10,2307692
808	8,7692308
808	-4,2307692
809	4,7692308
809	7,7692308
809	-12,2307692
809	-4,2307692
810	-17,2307692
810	-8,2307692
810	3,7692308
810	0,7692308
811	0,7692308
811	-3,2307692
811	-18,2307692
811	-2,2307692
812	-7,2307692
812	15,7692308
812	10,7692308
812	-10,2307692
813	-15,2307692
813	10,7692308
813	19,7692308
813	-1,2307692
814	10,7692308
814	-0,2307692
814	-36,2307692
814	-2,2307692
815	13,7692308
815	3,7692308
815	13,7692308
815	2,7692308
816	17,7692308
816	-4,2307692
816	-2,2307692
816	-10,2307692
817	-12,2307692
817	3,7692308
817	-8,2307692
817	-9,2307692
818	-12,2307692
818	-13,2307692
818	-8,2307692
818	-11,2307692
819	0,7692308
819	5,7692308
819	-4,2307692
819	10,7692308
820	10,7692308
820	-3,2307692
820	9,7692308
820	15,7692308
820	-4,2307692
821	-26,2307692
821	-24,2307692
821	-12,2307692
821	-11,2307692
822	6,7692308
822	0,7692308
822	-32,2307692
822	-0,2307692
823	-23,2307692
823	2,7692308
823	-7,2307692
823	-10,2307692
824	0,7692308
824	26,7692308
824	2,7692308
824	-2,2307692
825	-2,2307692
825	-0,2307692
825	0,7692308
825	22,7692308
826	0,7692308
826	-15,2307692
826	14,7692308
826	10,7692308
827	-2,2307692
827	-10,2307692
827	-8,2307692
827	-8,2307692
828	-8,2307692
828	-32,2307692
828	12,7692308
828	-10,2307692
829	-1,2307692
829	19,7692308
829	2,7692308
829	19,7692308
830	-4,2307692
830	9,7692308
830	-4,2307692
830	7,7692308
831	17,7692308
831	-8,2307692
831	9,7692308
831	-9,2307692
832	12,7692308
832	10,7692308
832	5,7692308
832	7,7692308
833	1,7692308
833	0,7692308
833	-9,2307692
833	8,7692308
834	41,7692308
834	21,7692308
834	19,7692308
834	9,7692308
835	-12,2307692
835	19,7692308
835	-7,2307692
835	11,7692308
836	9,7692308
836	-11,2307692
836	5,7692308
836	23,7692308
837	9,7692308
837	2,7692308
837	-6,2307692
837	4,7692308
838	-3,2307692
838	13,7692308
838	22,7692308
838	2,7692308
839	14,7692308
839	-13,2307692
839	2,7692308
839	28,7692308
840	3,7692308
840	-3,2307692
840	4,7692308
840	7,7692308
841	-14,2307692
841	14,7692308
841	35,7692308
841	-1,2307692
842	3,7692308
842	19,7692308
842	-15,2307692
842	31,7692308
843	23,7692308
843	5,7692308
843	14,7692308
843	5,7692308
844	-5,2307692
844	19,7692308
844	9,7692308
844	-11,2307692
845	2,7692308
845	6,7692308
845	13,7692308
845	-3,2307692
845	-15,2307692
846	-20,2307692
846	7,7692308
846	-1,2307692
846	-5,2307692
847	-19,2307692
847	-12,2307692
847	7,7692308
847	6,7692308
848	-15,2307692
848	-7,2307692
848	-15,2307692
848	-0,2307692
849	1,7692308
849	-16,2307692
849	10,7692308
849	-3,2307692
850	22,7692308
850	14,7692308
850	4,7692308
850	49,7692308
851	8,7692308
851	-8,2307692
851	-5,2307692
851	-3,2307692
852	-15,2307692
852	-3,2307692
852	13,7692308
852	-7,2307692
853	4,7692308
853	-4,2307692
853	-28,2307692
853	-5,2307692
854	-7,2307692
854	-9,2307692
854	-14,2307692
854	17,7692308
855	-19,2307692
855	12,7692308
855	-4,2307692
855	-5,2307692
856	-19,2307692
856	-1,2307692
856	10,7692308
856	-22,2307692
857	-16,2307692
857	24,7692308
857	7,7692308
857	4,7692308
858	7,7692308
858	-5,2307692
858	-0,2307692
858	17,7692308
859	13,7692308
859	-8,2307692
859	2,7692308
859	-5,2307692
860	-6,2307692
860	-13,2307692
860	16,7692308
860	13,7692308
861	-9,2307692
861	-11,2307692
861	34,7692308
861	11,7692308
862	-0,2307692
862	29,7692308
862	1,7692308
862	-9,2307692
863	-13,2307692
863	-0,2307692
863	-12,2307692
863	5,7692308
864	6,7692308
864	-18,2307692
864	-15,2307692
864	-7,2307692
864	10,7692308
865	-12,2307692
865	-4,2307692
865	-18,2307692
865	-9,2307692
866	-11,2307692
866	-1,2307692
866	3,7692308
866	7,7692308
867	13,7692308
867	-5,2307692
867	10,7692308
867	30,7692308
868	7,7692308
868	-36,2307692
868	-0,2307692
868	1,7692308
869	1,7692308
869	4,7692308
869	-21,2307692
869	-23,2307692
870	31,7692308
870	-6,2307692
870	3,7692308
870	-5,2307692
871	-14,2307692
871	1,7692308
871	-4,2307692
871	-6,2307692
872	0,7692308
872	-21,2307692
872	-17,2307692
872	-5,2307692
873	-5,2307692
873	-15,2307692
873	-25,2307692
873	15,7692308
874	-5,2307692
874	-4,2307692
874	12,7692308
874	-6,2307692
875	-1,2307692
875	-40,2307692
875	-21,2307692
875	-2,2307692
876	-3,2307692
876	14,7692308
876	11,7692308
876	1,7692308
877	5,7692308
877	-10,2307692
877	-17,2307692
877	7,7692308
878	-1,2307692
878	-17,2307692
878	12,7692308
878	15,7692308
879	14,7692308
879	-19,2307692
879	-0,2307692
879	-9,2307692
880	6,7692308
880	-0,2307692
880	45,7692308
880	-3,2307692
880	-2,2307692
881	17,7692308
881	20,7692308
881	-4,2307692
881	-4,2307692
882	6,7692308
882	-11,2307692
882	12,7692308
882	-7,2307692
883	-14,2307692
883	-34,2307692
883	9,7692308
883	-20,2307692
884	20,7692308
884	-7,2307692
884	9,7692308
884	7,7692308
885	8,7692308
885	5,7692308
885	1,7692308
885	5,7692308
886	-8,2307692
886	-8,2307692
886	-22,2307692
886	9,7692308
887	12,7692308
887	-1,2307692
887	-26,2307692
887	-18,2307692
888	1,7692308
888	-13,2307692
888	2,7692308
888	-16,2307692
889	-10,2307692
889	-11,2307692
889	-18,2307692
889	18,7692308
890	17,7692308
890	-43,2307692
890	-3,2307692
890	-14,2307692
891	-5,2307692
891	-0,2307692
891	11,7692308
891	1,7692308
892	-25,2307692
892	11,7692308
892	-1,2307692
892	39,7692308
893	4,7692308
893	-11,2307692
893	-1,2307692
893	-15,2307692
894	2,7692308
894	-2,2307692
894	0,7692308
894	-11,2307692
894	22,7692308
895	-3,2307692
895	-4,2307692
895	2,7692308
895	0,7692308
896	34,7692308
896	13,7692308
896	7,7692308
896	27,7692308
897	21,7692308
897	17,7692308
897	21,7692308
897	2,7692308
898	-1,2307692
898	-5,2307692
898	-10,2307692
898	-21,2307692
899	-14,2307692
899	-21,2307692
899	4,7692308
899	-6,2307692
900	9,7692308
900	-4,2307692
900	-10,2307692
900	19,7692308
901	34,7692308
901	0,7692308
901	4,7692308
901	-6,2307692
902	8,7692308
902	5,7692308
902	-11,2307692
902	1,7692308
903	-5,2307692
903	5,7692308
903	-29,2307692
903	3,7692308
904	-27,2307692
904	6,7692308
904	-4,2307692
904	10,7692308
905	14,7692308
905	5,7692308
905	7,7692308
905	7,7692308
906	4,7692308
906	5,7692308
906	4,7692308
906	5,7692308
906	5,7692308
907	8,7692308
907	-2,2307692
907	-22,2307692
907	7,7692308
908	-2,2307692
908	21,7692308
908	32,7692308
908	-20,2307692
909	2,7692308
909	-44,2307692
909	-14,2307692
909	6,7692308
910	19,7692308
910	-7,2307692
910	18,7692308
910	-19,2307692
911	-10,2307692
911	4,7692308
911	5,7692308
911	16,7692308
912	12,7692308
912	12,7692308
912	8,7692308
912	8,7692308
913	9,7692308
913	-8,2307692
913	16,7692308
913	-18,2307692
914	16,7692308
914	-14,2307692
914	9,7692308
914	-28,2307692
915	-20,2307692
915	-13,2307692
915	-7,2307692
915	-2,2307692
916	20,7692308
916	16,7692308
916	16,7692308
916	5,7692308
917	3,7692308
917	17,7692308
917	-1,2307692
917	-4,2307692
917	-26,2307692
918	18,7692308
918	18,7692308
918	-4,2307692
918	-9,2307692
919	-25,2307692
919	4,7692308
919	16,7692308
919	-20,2307692
920	1,7692308
920	9,7692308
920	3,7692308
920	6,7692308
921	4,7692308
921	9,7692308
921	2,7692308
921	0,7692308
922	3,7692308
922	-3,2307692
922	-25,2307692
922	-6,2307692
923	-5,2307692
923	2,7692308
923	-21,2307692
923	-9,2307692
924	-0,2307692
924	-9,2307692
924	-18,2307692
924	-20,2307692
925	-17,2307692
925	-1,2307692
925	7,7692308
925	28,7692308
926	-3,2307692
926	10,7692308
926	-1,2307692
926	-4,2307692
927	3,7692308
927	-9,2307692
927	-2,2307692
927	0,7692308
928	-22,2307692
928	-9,2307692
928	-13,2307692
928	-7,2307692
928	24,7692308
929	17,7692308
929	-8,2307692
929	-0,2307692
929	-21,2307692
930	1,7692308
930	-14,2307692
930	-29,2307692
930	-12,2307692
931	-11,2307692
931	-16,2307692
931	16,7692308
931	7,7692308
932	-16,2307692
932	-11,2307692
932	-11,2307692
932	-5,2307692
933	-14,2307692
933	-17,2307692
933	11,7692308
933	-13,2307692
934	-0,2307692
934	13,7692308
934	2,7692308
934	1,7692308
935	25,7692308
935	13,7692308
935	-3,2307692
935	-1,2307692
936	-24,2307692
936	-3,2307692
936	-22,2307692
936	-1,2307692
937	17,7692308
937	7,7692308
937	9,7692308
937	-7,2307692
938	13,7692308
938	-9,2307692
938	-2,2307692
938	19,7692308
938	10,7692308
939	-9,2307692
939	-11,2307692
939	6,7692308
939	22,7692308
940	15,7692308
940	22,7692308
940	-8,2307692
940	-5,2307692
941	-7,2307692
941	-12,2307692
941	-12,2307692
941	-3,2307692
942	-12,2307692
942	11,7692308
942	-1,2307692
942	6,7692308
943	24,7692308
943	-15,2307692
943	2,7692308
943	-6,2307692
944	1,7692308
944	6,7692308
944	6,7692308
944	-5,2307692
945	-0,2307692
945	13,7692308
945	-7,2307692
945	-6,2307692
946	-0,2307692
946	9,7692308
946	-4,2307692
946	-3,2307692
947	38,7692308
947	4,7692308
947	-4,2307692
947	1,7692308
947	-0,2307692
948	5,7692308
948	-7,2307692
948	8,7692308
948	-0,2307692
949	-3,2307692
949	-38,2307692
949	2,7692308
949	2,7692308
950	32,7692308
950	5,7692308
950	-15,2307692
950	1,7692308
951	-12,2307692
951	10,7692308
951	-1,2307692
951	-21,2307692
952	13,7692308
952	15,7692308
952	8,7692308
952	38,7692308
953	-14,2307692
953	11,7692308
953	16,7692308
953	-7,2307692
954	-25,2307692
954	-26,2307692
954	-3,2307692
954	6,7692308
955	2,7692308
955	-4,2307692
955	-13,2307692
955	-24,2307692
956	5,7692308
956	19,7692308
956	-14,2307692
956	12,7692308
956	-20,2307692
957	-6,2307692
957	9,7692308
957	23,7692308
957	15,7692308
958	-3,2307692
958	-16,2307692
958	7,7692308
958	17,7692308
959	-28,2307692
959	-13,2307692
959	-25,2307692
959	-20,2307692
960	36,7692308
960	1,7692308
960	-0,2307692
960	7,7692308
961	6,7692308
961	3,7692308
961	4,7692308
961	-3,2307692
962	9,7692308
962	-2,2307692
962	-7,2307692
962	19,7692308
963	1,7692308
963	3,7692308
963	22,7692308
963	-3,2307692
964	-3,2307692
964	4,7692308
964	-6,2307692
964	-8,2307692
964	-15,2307692
965	2,7692308
965	-9,2307692
965	-8,2307692
965	-18,2307692
966	30,7692308
966	33,7692308
966	-2,2307692
966	6,7692308
967	-13,2307692
967	-19,2307692
967	-22,2307692
967	-10,2307692
968	9,7692308
968	11,7692308
968	3,7692308
968	21,7692308
969	21,7692308
969	-17,2307692
969	-7,2307692
969	-10,2307692
970	5,7692308
970	-23,2307692
970	10,7692308
970	6,7692308
971	6,7692308
971	-20,2307692
971	-1,2307692
971	4,7692308
972	14,7692308
972	-13,2307692
972	2,7692308
972	-8,2307692
972	-13,2307692
973	-36,2307692
973	-12,2307692
973	-8,2307692
973	-13,2307692
974	-2,2307692
974	6,7692308
974	18,7692308
974	-1,2307692
975	1,7692308
975	1,7692308
975	-2,2307692
975	7,7692308
976	-5,2307692
976	-4,2307692
976	0,7692308
976	-19,2307692
977	-1,2307692
977	-20,2307692
977	-9,2307692
977	-1,2307692
978	20,7692308
978	9,7692308
978	-2,2307692
978	8,7692308
979	15,7692308
979	-0,2307692
979	16,7692308
979	28,7692308
980	-11,2307692
980	-11,2307692
980	1,7692308
980	-18,2307692
980	-6,2307692
981	-11,2307692
981	9,7692308
981	14,7692308
981	-17,2307692
982	-28,2307692
982	3,7692308
982	13,7692308
982	-4,2307692
983	10,7692308
983	2,7692308
983	-14,2307692
983	-8,2307692
984	13,7692308
984	2,7692308
984	-4,2307692
984	2,7692308
985	-6,2307692
985	9,7692308
985	9,7692308
985	-4,2307692
986	-7,2307692
986	16,7692308
986	14,7692308
986	-2,2307692
987	-11,2307692
987	18,7692308
987	3,7692308
987	-6,2307692
988	23,7692308
988	-17,2307692
988	-17,2307692
988	11,7692308
988	9,7692308
989	4,7692308
989	-13,2307692
989	-15,2307692
989	13,7692308
990	10,7692308
990	-1,2307692
990	-29,2307692
990	-27,2307692
991	-11,2307692
991	13,7692308
991	-19,2307692
991	0,7692308
992	4,7692308
992	-12,2307692
992	16,7692308
992	-13,2307692
993	2,7692308
993	-12,2307692
993	0,7692308
993	8,7692308
994	-16,2307692
994	13,7692308
994	12,7692308
994	-11,2307692
995	0,7692308
995	27,7692308
995	6,7692308
995	12,7692308
995	23,7692308
996	-6,2307692
996	-5,2307692
996	6,7692308
996	-1,2307692
997	20,7692308
997	-31,2307692
997	-5,2307692
997	21,7692308
998	-19,2307692
998	-2,2307692
998	13,7692308
998	10,7692308
999	7,7692308
999	-6,2307692
999	1,7692308
999	-22,2307692
1000	-35,2307692
1000	7,7692308
1000	1,7692308
1000	-20,2307692
1001	6,7692308
1001	-15,2307692
1001	6,7692308
1001	-11,2307692
1002	-26,2307692
1002	-2,2307692
1002	17,7692308
1002	29,7692308
1002	0,7692308
1003	2,7692308
1003	7,7692308
1003	20,7692308
1003	7,7692308
1004	2,7692308
1004	-11,2307692
1004	18,7692308
1004	22,7692308
1005	-10,2307692
1005	-11,2307692
1005	0,7692308
1005	-3,2307692
1006	-34,2307692
1006	-12,2307692
1006	7,7692308
1006	14,7692308
1007	-4,2307692
1007	6,7692308
1007	-25,2307692
1007	-3,2307692
1008	-13,2307692
1008	0,7692308
1008	-13,2307692
1008	-0,2307692
1008	-5,2307692
1009	9,7692308
1009	-5,2307692
1009	-9,2307692
1009	8,7692308
1010	-22,2307692
1010	-5,2307692
1010	1,7692308
1010	-15,2307692
1011	17,7692308
1011	20,7692308
1011	14,7692308
1011	16,7692308
1012	11,7692308
1012	-14,2307692
1012	6,7692308
1012	-1,2307692
1013	-14,2307692
1013	-16,2307692
1013	15,7692308
1013	2,7692308
1014	7,7692308
1014	6,7692308
1014	17,7692308
1014	0,7692308
1015	-4,2307692
1015	-5,2307692
1015	-9,2307692
1015	-6,2307692
1015	2,7692308
1016	4,7692308
1016	21,7692308
1016	-3,2307692
1016	-5,2307692
1017	-2,2307692
1017	0,7692308
1017	-34,2307692
1017	-11,2307692
1018	7,7692308
1018	24,7692308
1018	-6,2307692
1018	-2,2307692
1019	-13,2307692
1019	4,7692308
1019	1,7692308
1019	9,7692308
1020	0,7692308
1020	7,7692308
1020	24,7692308
1020	10,7692308
1021	4,7692308
1021	26,7692308
1021	-6,2307692
1021	7,7692308
1021	12,7692308
1022	3,7692308
1022	12,7692308
1022	4,7692308
1022	1,7692308
1023	-6,2307692
1023	22,7692308
1023	-0,2307692
1023	1,7692308
1024	-4,2307692
1024	-26,2307692
1024	-1,2307692
1024	30,7692308
1025	21,7692308
1025	-8,2307692
1025	-2,2307692
1025	17,7692308
1026	-6,2307692
1026	-3,2307692
1026	2,7692308
1026	7,7692308
1027	4,7692308
1027	4,7692308
1027	6,7692308
1027	25,7692308
1027	-20,2307692
1028	1,7692308
1028	-2,2307692
1028	8,7692308
1028	23,7692308
1029	-18,2307692
1029	11,7692308
1029	0,7692308
1029	10,7692308
1030	27,7692308
1030	-11,2307692
1030	1,7692308
1030	4,7692308
1031	14,7692308
1031	-8,2307692
1031	29,7692308
1031	-19,2307692
1032	1,7692308
1032	17,7692308
1032	-14,2307692
1032	-10,2307692
1033	-11,2307692
1033	-12,2307692
1033	-14,2307692
1033	-9,2307692
1034	12,7692308
1034	-2,2307692
1034	-33,2307692
1034	-13,2307692
1034	-13,2307692
1035	-5,2307692
1035	-19,2307692
1035	3,7692308
1035	17,7692308
1036	13,7692308
1036	24,7692308
1036	11,7692308
1036	-15,2307692
1037	-9,2307692
1037	-25,2307692
1037	3,7692308
1037	8,7692308
1038	-6,2307692
1038	-3,2307692
1038	-2,2307692
1038	19,7692308
1039	-12,2307692
1039	-9,2307692
1039	-17,2307692
1039	6,7692308
1039	10,7692308
1040	-15,2307692
1040	-0,2307692
1040	6,7692308
1040	23,7692308
1041	12,7692308
1041	-5,2307692
1041	5,7692308
1041	1,7692308
1042	4,7692308
1042	22,7692308
1042	25,7692308
1042	11,7692308
1043	21,7692308
1043	41,7692308
1043	-4,2307692
1043	2,7692308
1044	8,7692308
1044	-1,2307692
1044	28,7692308
1044	3,7692308
1045	-5,2307692
1045	2,7692308
1045	-2,2307692
1045	-27,2307692
1045	-19,2307692
1046	3,7692308
1046	0,7692308
1046	9,7692308
1046	-4,2307692
1047	-7,2307692
1047	19,7692308
1047	-14,2307692
1047	25,7692308
1048	3,7692308
1048	8,7692308
1048	2,7692308
1048	16,7692308
1049	2,7692308
1049	-24,2307692
1049	2,7692308
1049	-4,2307692
1050	-14,2307692
1050	3,7692308
1050	7,7692308
1050	-5,2307692
1051	-12,2307692
1051	-13,2307692
1051	-19,2307692
1051	-7,2307692
1051	-16,2307692
1052	10,7692308
1052	1,7692308
1052	-12,2307692
1052	-26,2307692
1053	2,7692308
1053	7,7692308
1053	0,7692308
1053	-0,2307692
1054	7,7692308
1054	-8,2307692
1054	1,7692308
1054	-3,2307692
1055	1,7692308
1055	-12,2307692
1055	3,7692308
1055	4,7692308
1056	22,7692308
1056	-1,2307692
1056	2,7692308
1056	-4,2307692
1056	-17,2307692
1057	16,7692308
1057	11,7692308
1057	25,7692308
1057	27,7692308
1058	-2,2307692
1058	0,7692308
1058	-8,2307692
1058	13,7692308
1059	4,7692308
1059	6,7692308
1059	7,7692308
1059	-2,2307692
1060	21,7692308
1060	24,7692308
1060	3,7692308
1060	4,7692308
1061	14,7692308
1061	-2,2307692
1061	-0,2307692
1061	19,7692308
1062	21,7692308
1062	17,7692308
1062	-17,2307692
1062	3,7692308
1062	16,7692308
1063	-5,2307692
1063	9,7692308
1063	7,7692308
1063	7,7692308
1064	-23,2307692
1064	-12,2307692
1064	-15,2307692
1064	-20,2307692
1065	12,7692308
1065	-2,2307692
1065	-14,2307692
1065	2,7692308
1066	10,7692308
1066	7,7692308
1066	2,7692308
1066	8,7692308
1067	-1,2307692
1067	15,7692308
1067	21,7692308
1067	-5,2307692
1067	0,7692308
1068	13,7692308
1068	29,7692308
1068	3,7692308
1068	6,7692308
1069	11,7692308
1069	-2,2307692
1069	-7,2307692
1069	-7,2307692
1070	0,7692308
1070	-1,2307692
1070	-3,2307692
1070	-3,2307692
1071	-6,2307692
1071	11,7692308
1071	10,7692308
1071	-4,2307692
1072	-4,2307692
1072	5,7692308
1072	-4,2307692
1072	-8,2307692
1072	34,7692308
1073	-7,2307692
1073	-5,2307692
1073	-13,2307692
1073	-19,2307692
1074	2,7692308
1074	3,7692308
1074	16,7692308
1074	6,7692308
1075	6,7692308
1075	6,7692308
1075	0,7692308
1075	5,7692308
1076	23,7692308
1076	5,7692308
1076	-18,2307692
1076	6,7692308
1077	20,7692308
1077	0,7692308
1077	2,7692308
1077	-10,2307692
1077	6,7692308
1078	-9,2307692
1078	-4,2307692
1078	0,7692308
1078	-12,2307692
1079	25,7692308
1079	36,7692308
1079	-1,2307692
1079	11,7692308
1080	22,7692308
1080	-3,2307692
1080	-32,2307692
1080	-12,2307692
1081	-42,2307692
1081	-3,2307692
1081	21,7692308
1081	-7,2307692
1082	9,7692308
1082	-2,2307692
1082	3,7692308
1082	3,7692308
1082	-4,2307692
1083	-3,2307692
1083	23,7692308
1083	5,7692308
1083	-6,2307692
1084	1,7692308
1084	-10,2307692
1084	32,7692308
1084	6,7692308
1085	11,7692308
1085	-5,2307692
1085	0,7692308
1085	5,7692308
1086	-3,2307692
1086	-17,2307692
1086	-2,2307692
1086	8,7692308
1087	-15,2307692
1087	3,7692308
1087	-7,2307692
1087	-8,2307692
1087	17,7692308
1088	-1,2307692
1088	7,7692308
1088	2,7692308
1088	12,7692308
1089	1,7692308
1089	2,7692308
1089	-40,2307692
1089	20,7692308
1090	22,7692308
1090	10,7692308
1090	6,7692308
1090	5,7692308
1091	3,7692308
1091	-5,2307692
1091	3,7692308
1091	32,7692308
1092	27,7692308
1092	0,7692308
1092	-9,2307692
1092	2,7692308
1092	-10,2307692
1093	-11,2307692
1093	8,7692308
1093	-18,2307692
1093	9,7692308
1094	-4,2307692
1094	-21,2307692
1094	7,7692308
1094	5,7692308
1095	-20,2307692
1095	21,7692308
1095	10,7692308
1095	6,7692308
1096	8,7692308
1096	-30,2307692
1096	-25,2307692
1096	6,7692308
1097	-2,2307692
1097	-10,2307692
1097	7,7692308
1097	25,7692308
1097	-6,2307692
1098	-17,2307692
1098	-2,2307692
1098	-3,2307692
1098	-11,2307692
1099	-1,2307692
1099	-11,2307692
1099	-12,2307692
1099	14,7692308
1100	4,7692308
1100	-12,2307692
1100	-11,2307692
1100	6,7692308
1101	-11,2307692
1101	20,7692308
1101	22,7692308
1101	-15,2307692
1101	-6,2307692
1102	-7,2307692
1102	20,7692308
1102	-26,2307692
1102	-0,2307692
1103	4,7692308
1103	-12,2307692
1103	-6,2307692
1103	-5,2307692
1104	-14,2307692
1104	-12,2307692
1104	-8,2307692
1104	0,7692308
1105	6,7692308
1105	-0,2307692
1105	3,7692308
1105	32,7692308
1106	11,7692308
1106	15,7692308
1106	-7,2307692
1106	-28,2307692
1106	-0,2307692
1107	-14,2307692
1107	14,7692308
1107	14,7692308
1107	-17,2307692
1108	-11,2307692
1108	0,7692308
1108	28,7692308
1108	-14,2307692
1109	-17,2307692
1109	-15,2307692
1109	-10,2307692
1109	-14,2307692
1110	24,7692308
1110	8,7692308
1110	-3,2307692
1110	1,7692308
1110	9,7692308
1111	4,7692308
1111	13,7692308
1111	-22,2307692
1111	5,7692308
1112	-3,2307692
1112	19,7692308
1112	27,7692308
1112	-0,2307692
1113	-27,2307692
1113	-31,2307692
1113	-11,2307692
1113	11,7692308
1114	17,7692308
1114	10,7692308
1114	3,7692308
1114	2,7692308
1115	4,7692308
1115	5,7692308
1115	-27,2307692
1115	-15,2307692
1115	15,7692308
1116	-1,2307692
1116	10,7692308
1116	1,7692308
1116	-31,2307692
1117	16,7692308
1117	-9,2307692
1117	7,7692308
1117	-16,2307692
1118	-5,2307692
