196	-17,6153846
196	-17,6153846
196	-17,6153846
197	-9,6153846
197	11,3846154
197	28,3846154
197	10,3846154
198	17,3846154
198	0,3846154
198	1,3846154
199	5,3846154
199	1,3846154
199	-13,6153846
199	-9,6153846
200	38,3846154
200	4,3846154
200	25,3846154
200	-13,6153846
201	-3,6153846
201	2,3846154
201	12,3846154
201	9,3846154
202	25,3846154
202	11,3846154
202	-11,6153846
203	-8,6153846
203	17,3846154
203	27,3846154
203	5,3846154
204	34,3846154
204	29,3846154
204	-4,6153846
204	11,3846154
205	-4,6153846
205	-9,6153846
205	-9,6153846
205	21,3846154
206	-5,6153846
206	11,3846154
206	19,3846154
207	2,3846154
207	6,3846154
207	-4,6153846
207	7,3846154
208	-5,6153846
208	7,3846154
208	5,3846154
208	10,3846154
209	3,3846154
209	12,3846154
209	26,3846154
209	-4,6153846
210	14,3846154
210	10,3846154
210	15,3846154
211	8,3846154
211	13,3846154
211	0,3846154
211	14,3846154
212	-20,6153846
212	-20,6153846
212	8,3846154
212	10,3846154
213	16,3846154
213	-16,6153846
213	6,3846154
213	-3,6153846
214	15,3846154
214	-10,6153846
214	-2,6153846
215	17,3846154
215	-8,6153846
215	-0,6153846
215	5,3846154
216	20,3846154
216	19,3846154
216	27,3846154
216	-2,6153846
217	13,3846154
217	16,3846154
217	14,3846154
217	-3,6153846
218	-29,6153846
218	-9,6153846
218	20,3846154
219	16,3846154
219	-7,6153846
219	-1,6153846
219	20,3846154
220	10,3846154
220	-5,6153846
220	-0,6153846
220	18,3846154
221	-7,6153846
221	-19,6153846
221	13,3846154
221	7,3846154
222	10,3846154
222	38,3846154
222	19,3846154
223	17,3846154
223	-18,6153846
223	5,3846154
223	-24,6153846
224	11,3846154
224	-13,6153846
224	-3,6153846
224	-15,6153846
225	0,3846154
225	5,3846154
225	12,3846154
225	0,3846154
226	6,3846154
226	-21,6153846
226	8,3846154
227	36,3846154
227	12,3846154
227	0,3846154
227	25,3846154
228	11,3846154
228	-0,6153846
228	-6,6153846
228	15,3846154
229	13,3846154
229	-6,6153846
229	-19,6153846
229	23,3846154
230	25,3846154
230	16,3846154
230	8,3846154
231	4,3846154
231	1,3846154
231	-17,6153846
231	31,3846154
232	5,3846154
232	-5,6153846
232	11,3846154
232	-6,6153846
233	-6,6153846
233	2,3846154
233	7,3846154
233	8,3846154
234	-0,6153846
234	12,3846154
234	-17,6153846
235	29,3846154
235	38,3846154
235	10,3846154
235	25,3846154
236	7,3846154
236	21,3846154
236	-8,6153846
236	14,3846154
237	32,3846154
237	9,3846154
237	4,3846154
237	6,3846154
238	13,3846154
238	-11,6153846
238	-8,6153846
239	-16,6153846
239	-18,6153846
239	-1,6153846
239	20,3846154
240	-5,6153846
240	14,3846154
240	3,3846154
240	22,3846154
241	8,3846154
241	17,3846154
241	8,3846154
241	35,3846154
242	-14,6153846
242	-17,6153846
242	10,3846154
243	3,3846154
243	20,3846154
243	-9,6153846
243	-6,6153846
244	9,3846154
244	9,3846154
244	1,3846154
244	-6,6153846
245	18,3846154
245	10,3846154
245	-13,6153846
245	-15,6153846
246	-4,6153846
246	8,3846154
246	0,3846154
247	-21,6153846
247	5,3846154
247	6,3846154
247	22,3846154
248	3,3846154
248	10,3846154
248	15,3846154
248	6,3846154
249	1,3846154
249	2,3846154
249	12,3846154
249	15,3846154
250	32,3846154
250	31,3846154
250	-1,6153846
251	-3,6153846
251	15,3846154
251	31,3846154
251	-22,6153846
252	11,3846154
252	23,3846154
252	34,3846154
252	-1,6153846
253	-4,6153846
253	-1,6153846
253	-15,6153846
253	14,3846154
254	-0,6153846
254	-1,6153846
254	6,3846154
254	2,3846154
255	-30,6153846
255	2,3846154
255	-10,6153846
256	-6,6153846
256	-28,6153846
256	3,3846154
256	9,3846154
257	12,3846154
257	6,3846154
257	15,3846154
257	-3,6153846
258	12,3846154
258	-2,6153846
258	10,3846154
258	18,3846154
259	9,3846154
259	-6,6153846
259	-1,6153846
260	-3,6153846
260	-22,6153846
260	-10,6153846
260	0,3846154
261	16,3846154
261	17,3846154
261	10,3846154
261	-13,6153846
262	10,3846154
262	18,3846154
262	11,3846154
262	-16,6153846
263	19,3846154
263	9,3846154
263	-13,6153846
264	9,3846154
264	-1,6153846
264	13,3846154
264	6,3846154
265	-12,6153846
265	8,3846154
265	2,3846154
265	1,3846154
266	1,3846154
266	-6,6153846
266	-22,6153846
266	-37,6153846
267	12,3846154
267	21,3846154
267	16,3846154
268	20,3846154
268	-1,6153846
268	7,3846154
268	45,3846154
269	1,3846154
269	15,3846154
269	-11,6153846
269	13,3846154
270	2,3846154
270	16,3846154
270	9,3846154
270	-16,6153846
271	-1,6153846
271	21,3846154
271	4,3846154
271	-6,6153846
272	-5,6153846
272	-10,6153846
272	-14,6153846
273	16,3846154
273	8,3846154
273	-11,6153846
273	16,3846154
274	2,3846154
274	2,3846154
274	9,3846154
274	-14,6153846
275	6,3846154
275	-10,6153846
275	4,3846154
275	7,3846154
276	10,3846154
276	-2,6153846
276	-2,6153846
277	25,3846154
277	39,3846154
277	11,3846154
277	-15,6153846
278	8,3846154
278	15,3846154
278	14,3846154
278	0,3846154
279	-0,6153846
279	2,3846154
279	25,3846154
279	28,3846154
280	2,3846154
280	5,3846154
280	6,3846154
280	-0,6153846
281	15,3846154
281	12,3846154
281	-11,6153846
282	-24,6153846
282	-14,6153846
282	-2,6153846
282	4,3846154
283	-7,6153846
283	-28,6153846
283	10,3846154
283	29,3846154
284	10,3846154
284	-9,6153846
284	-12,6153846
284	6,3846154
285	6,3846154
285	7,3846154
285	-9,6153846
286	8,3846154
286	-9,6153846
286	-18,6153846
286	3,3846154
287	23,3846154
287	-2,6153846
287	-3,6153846
287	14,3846154
288	10,3846154
288	5,3846154
288	-15,6153846
288	-5,6153846
289	-0,6153846
289	17,3846154
289	0,3846154
290	2,3846154
290	-22,6153846
290	16,3846154
290	-5,6153846
291	18,3846154
291	23,3846154
291	-22,6153846
291	-3,6153846
292	16,3846154
292	-8,6153846
292	-8,6153846
292	3,3846154
293	0,3846154
293	-5,6153846
293	39,3846154
293	22,3846154
294	28,3846154
294	3,3846154
294	7,3846154
295	15,3846154
295	17,3846154
295	16,3846154
295	7,3846154
296	18,3846154
296	10,3846154
296	23,3846154
296	16,3846154
297	-12,6153846
297	47,3846154
297	23,3846154
297	29,3846154
298	55,3846154
298	-1,6153846
298	19,3846154
299	8,3846154
299	11,3846154
299	23,3846154
299	-6,6153846
300	-2,6153846
300	8,3846154
300	-4,6153846
300	19,3846154
301	-5,6153846
301	7,3846154
301	-23,6153846
301	-4,6153846
302	-0,6153846
302	-2,6153846
302	21,3846154
302	45,3846154
303	27,3846154
303	-2,6153846
303	-6,6153846
304	-4,6153846
304	8,3846154
304	12,3846154
304	8,3846154
305	19,3846154
305	40,3846154
305	9,3846154
305	-18,6153846
306	-5,6153846
306	-0,6153846
306	-0,6153846
306	14,3846154
307	27,3846154
307	38,3846154
307	25,3846154
307	27,3846154
308	10,3846154
308	14,3846154
308	17,3846154
309	18,3846154
309	-2,6153846
309	10,3846154
309	23,3846154
310	15,3846154
310	12,3846154
310	12,3846154
310	11,3846154
311	33,3846154
311	51,3846154
311	54,3846154
311	55,3846154
312	45,3846154
312	51,3846154
312	59,3846154
313	70,3846154
313	85,3846154
313	69,3846154
313	55,3846154
314	63,3846154
314	63,3846154
314	74,3846154
314	76,3846154
315	64,3846154
315	68,3846154
315	78,3846154
315	70,3846154
316	93,3846154
316	71,3846154
316	94,3846154
316	58,3846154
317	84,3846154
317	65,3846154
317	59,3846154
318	77,3846154
318	61,3846154
318	69,3846154
318	51,3846154
319	41,3846154
319	40,3846154
319	31,3846154
319	38,3846154
320	40,3846154
320	41,3846154
320	35,3846154
320	5,3846154
321	31,3846154
321	11,3846154
321	-2,6153846
321	-10,6153846
322	21,3846154
322	11,3846154
322	-8,6153846
323	0,3846154
323	22,3846154
323	8,3846154
323	14,3846154
324	-15,6153846
324	-2,6153846
324	-12,6153846
324	24,3846154
325	8,3846154
325	-19,6153846
325	2,3846154
325	15,3846154
326	-6,6153846
326	-7,6153846
326	17,3846154
327	26,3846154
327	53,3846154
327	10,3846154
327	-3,6153846
328	13,3846154
328	7,3846154
328	9,3846154
328	7,3846154
329	8,3846154
329	-18,6153846
329	0,3846154
329	25,3846154
330	9,3846154
330	6,3846154
330	16,3846154
330	12,3846154
331	-2,6153846
331	20,3846154
331	30,3846154
332	50,3846154
332	34,3846154
332	60,3846154
332	48,3846154
333	41,3846154
333	34,3846154
333	75,3846154
333	69,3846154
334	78,3846154
334	106,3846154
334	118,3846154
334	100,3846154
335	106,3846154
335	90,3846154
335	91,3846154
335	115,3846154
336	129,3846154
336	160,3846154
336	137,3846154
337	126,3846154
337	155,3846154
337	160,3846154
337	146,3846154
338	162,3846154
338	135,3846154
338	126,3846154
338	149,3846154
339	124,3846154
339	117,3846154
339	120,3846154
339	105,3846154
340	102,3846154
340	84,3846154
340	61,3846154
340	54,3846154
341	53,3846154
341	67,3846154
341	76,3846154
342	75,3846154
342	85,3846154
342	65,3846154
342	41,3846154
343	28,3846154
343	30,3846154
343	3,3846154
343	18,3846154
344	27,3846154
344	33,3846154
344	44,3846154
344	10,3846154
345	-13,6153846
345	-1,6153846
345	1,3846154
345	25,3846154
346	-15,6153846
346	18,3846154
346	17,3846154
347	15,3846154
347	2,3846154
347	23,3846154
347	5,3846154
348	10,3846154
348	13,3846154
348	40,3846154
348	15,3846154
349	27,3846154
349	21,3846154
349	9,3846154
349	24,3846154
350	10,3846154
350	33,3846154
350	30,3846154
350	40,3846154
351	22,3846154
351	33,3846154
351	25,3846154
352	33,3846154
352	63,3846154
352	72,3846154
352	48,3846154
353	62,3846154
353	70,3846154
353	74,3846154
353	78,3846154
354	49,3846154
354	94,3846154
354	98,3846154
354	97,3846154
355	86,3846154
355	112,3846154
355	74,3846154
355	96,3846154
356	92,3846154
356	83,3846154
356	100,3846154
357	116,3846154
357	80,3846154
357	125,3846154
357	124,3846154
358	159,3846154
358	160,3846154
358	128,3846154
358	142,3846154
359	70,3846154
359	91,3846154
359	73,3846154
359	119,3846154
360	116,3846154
360	93,3846154
360	86,3846154
360	88,3846154
361	67,3846154
361	47,3846154
361	66,3846154
362	85,3846154
362	121,3846154
362	88,3846154
362	60,3846154
363	44,3846154
363	54,3846154
363	-9,6153846
363	16,3846154
364	18,3846154
364	8,3846154
364	5,3846154
364	25,3846154
365	7,3846154
365	32,3846154
365	-6,6153846
365	2,3846154
366	-1,6153846
366	25,3846154
366	12,3846154
367	-0,6153846
367	15,3846154
367	12,3846154
367	13,3846154
368	11,3846154
368	8,3846154
368	21,3846154
368	-6,6153846
369	-14,6153846
369	-0,6153846
369	2,3846154
369	5,3846154
370	19,3846154
370	6,3846154
370	-26,6153846
370	28,3846154
371	13,3846154
371	24,3846154
371	38,3846154
371	38,3846154
372	22,3846154
372	27,3846154
372	6,3846154
373	33,3846154
373	16,3846154
373	17,3846154
373	34,3846154
374	13,3846154
374	44,3846154
374	46,3846154
374	24,3846154
375	52,3846154
375	43,3846154
375	76,3846154
375	59,3846154
376	53,3846154
376	51,3846154
376	42,3846154
376	58,3846154
377	51,3846154
377	60,3846154
377	71,3846154
378	73,3846154
378	61,3846154
378	44,3846154
378	38,3846154
379	68,3846154
379	26,3846154
379	43,3846154
379	44,3846154
380	31,3846154
380	55,3846154
380	56,3846154
380	47,3846154
381	80,3846154
381	31,3846154
381	70,3846154
381	25,3846154
382	70,3846154
382	59,3846154
382	54,3846154
383	32,3846154
383	21,3846154
383	42,3846154
383	44,3846154
384	37,3846154
384	37,3846154
384	21,3846154
384	28,3846154
385	25,3846154
385	36,3846154
385	62,3846154
385	55,3846154
386	50,3846154
386	37,3846154
386	3,3846154
386	-7,6153846
387	30,3846154
387	2,3846154
387	-11,6153846
387	-25,6153846
388	4,3846154
388	31,3846154
388	35,3846154
389	1,3846154
389	2,3846154
389	7,3846154
389	23,3846154
390	17,3846154
390	23,3846154
390	8,3846154
390	-16,6153846
391	4,3846154
391	6,3846154
391	6,3846154
391	5,3846154
392	13,3846154
392	10,3846154
392	-0,6153846
392	22,3846154
393	7,3846154
393	13,3846154
393	34,3846154
394	28,3846154
394	18,3846154
394	33,3846154
394	41,3846154
395	14,3846154
395	31,3846154
395	37,3846154
395	19,3846154
396	16,3846154
396	33,3846154
396	3,3846154
396	48,3846154
397	-6,6153846
397	8,3846154
397	13,3846154
397	21,3846154
398	46,3846154
398	14,3846154
398	17,3846154
398	29,3846154
399	0,3846154
399	11,3846154
399	15,3846154
400	33,3846154
400	19,3846154
400	27,3846154
400	46,3846154
401	25,3846154
401	39,3846154
401	18,3846154
401	17,3846154
402	16,3846154
402	24,3846154
402	40,3846154
402	14,3846154
403	28,3846154
403	38,3846154
403	7,3846154
403	24,3846154
404	32,3846154
404	45,3846154
404	25,3846154
405	20,3846154
405	35,3846154
405	36,3846154
405	18,3846154
406	25,3846154
406	38,3846154
406	24,3846154
406	39,3846154
407	30,3846154
407	13,3846154
407	-8,6153846
407	7,3846154
408	29,3846154
408	25,3846154
408	-4,6153846
408	20,3846154
409	11,3846154
409	-0,6153846
409	31,3846154
409	37,3846154
410	25,3846154
410	12,3846154
410	20,3846154
411	26,3846154
411	33,3846154
411	31,3846154
411	2,3846154
412	7,3846154
412	18,3846154
412	-5,6153846
412	-8,6153846
413	2,3846154
413	-15,6153846
413	27,3846154
413	14,3846154
414	5,3846154
414	2,3846154
414	-7,6153846
414	13,3846154
415	46,3846154
415	26,3846154
415	-1,6153846
415	1,3846154
416	-14,6153846
416	-13,6153846
416	5,3846154
417	17,3846154
417	3,3846154
417	20,3846154
417	16,3846154
418	14,3846154
418	18,3846154
418	17,3846154
418	-12,6153846
419	37,3846154
419	-9,6153846
419	9,3846154
419	3,3846154
420	18,3846154
420	-4,6153846
420	22,3846154
420	6,3846154
421	20,3846154
421	-10,6153846
421	16,3846154
421	-0,6153846
422	-9,6153846
422	24,3846154
422	-7,6153846
423	23,3846154
423	5,3846154
423	39,3846154
423	-1,6153846
424	29,3846154
424	-10,6153846
424	3,3846154
424	29,3846154
425	35,3846154
425	-6,6153846
425	10,3846154
425	10,3846154
426	-2,6153846
426	30,3846154
426	14,3846154
426	25,3846154
427	15,3846154
427	-7,6153846
427	3,3846154
427	36,3846154
428	19,3846154
428	66,3846154
428	18,3846154
429	33,3846154
429	22,3846154
429	-4,6153846
429	35,3846154
430	19,3846154
430	24,3846154
430	11,3846154
430	13,3846154
431	28,3846154
431	10,3846154
431	-13,6153846
431	35,3846154
432	-3,6153846
432	-4,6153846
432	18,3846154
432	40,3846154
433	3,3846154
433	3,3846154
433	29,3846154
433	-14,6153846
434	2,3846154
434	8,3846154
434	28,3846154
435	-16,6153846
435	5,3846154
435	9,3846154
435	-2,6153846
436	5,3846154
436	28,3846154
436	21,3846154
436	2,3846154
437	8,3846154
437	18,3846154
437	10,3846154
437	7,3846154
438	22,3846154
438	27,3846154
438	37,3846154
438	20,3846154
439	-2,6153846
439	11,3846154
439	22,3846154
439	11,3846154
440	13,3846154
440	15,3846154
440	25,3846154
441	-10,6153846
441	-22,6153846
441	22,3846154
441	28,3846154
442	21,3846154
442	-5,6153846
442	12,3846154
442	13,3846154
443	12,3846154
443	20,3846154
443	2,3846154
443	-19,6153846
444	-31,6153846
444	4,3846154
444	18,3846154
444	10,3846154
445	7,3846154
445	9,3846154
445	16,3846154
445	26,3846154
446	-7,6153846
446	0,3846154
446	-0,6153846
447	10,3846154
447	-11,6153846
447	2,3846154
447	3,3846154
448	37,3846154
448	2,3846154
448	-7,6153846
448	-5,6153846
449	-4,6153846
449	10,3846154
449	5,3846154
449	20,3846154
450	-17,6153846
450	-7,6153846
450	-14,6153846
450	-7,6153846
451	5,3846154
451	0,3846154
451	-1,6153846
451	20,3846154
452	4,3846154
452	-26,6153846
452	3,3846154
452	11,3846154
453	1,3846154
453	-0,6153846
453	3,3846154
454	13,3846154
454	18,3846154
454	32,3846154
454	8,3846154
455	-11,6153846
455	-2,6153846
455	-5,6153846
455	-16,6153846
456	14,3846154
456	27,3846154
456	4,3846154
456	24,3846154
457	-6,6153846
457	-11,6153846
457	5,3846154
457	6,3846154
458	8,3846154
458	7,3846154
458	17,3846154
458	20,3846154
459	-20,6153846
459	10,3846154
459	21,3846154
460	30,3846154
460	9,3846154
460	7,3846154
460	-2,6153846
461	6,3846154
461	1,3846154
461	-0,6153846
461	22,3846154
462	15,3846154
462	5,3846154
462	9,3846154
462	17,3846154
463	2,3846154
463	-4,6153846
463	-14,6153846
463	-4,6153846
464	-13,6153846
464	1,3846154
464	-4,6153846
464	-24,6153846
465	-9,6153846
465	23,3846154
465	9,3846154
465	8,3846154
466	-5,6153846
466	-12,6153846
466	-3,6153846
467	5,3846154
467	6,3846154
467	31,3846154
467	-5,6153846
468	21,3846154
468	23,3846154
468	2,3846154
468	4,3846154
469	18,3846154
469	-11,6153846
469	-28,6153846
469	20,3846154
470	13,3846154
470	10,3846154
470	4,3846154
470	-2,6153846
471	21,3846154
471	4,3846154
471	14,3846154
471	-11,6153846
472	15,3846154
472	5,3846154
472	8,3846154
472	18,3846154
473	-4,6153846
473	22,3846154
473	6,3846154
474	12,3846154
474	-22,6153846
474	50,3846154
474	9,3846154
475	9,3846154
475	10,3846154
475	-0,6153846
475	14,3846154
476	-1,6153846
476	10,3846154
476	-4,6153846
476	-6,6153846
477	13,3846154
477	2,3846154
477	-5,6153846
477	8,3846154
478	-3,6153846
478	-16,6153846
478	-17,6153846
478	0,3846154
479	0,3846154
479	-9,6153846
479	-13,6153846
479	5,3846154
480	8,3846154
480	-3,6153846
480	2,3846154
481	10,3846154
481	7,3846154
481	-3,6153846
481	13,3846154
482	49,3846154
482	-2,6153846
482	-7,6153846
482	16,3846154
483	-3,6153846
483	16,3846154
483	-15,6153846
483	4,3846154
484	-0,6153846
484	-6,6153846
484	16,3846154
484	9,3846154
485	-0,6153846
485	1,3846154
485	-0,6153846
485	5,3846154
486	-0,6153846
486	12,3846154
486	4,3846154
486	-4,6153846
487	6,3846154
487	11,3846154
487	7,3846154
488	25,3846154
488	25,3846154
488	-0,6153846
488	-4,6153846
489	15,3846154
489	23,3846154
489	13,3846154
489	15,3846154
490	12,3846154
490	11,3846154
490	20,3846154
490	30,3846154
491	-1,6153846
491	-10,6153846
491	-18,6153846
491	-2,6153846
492	-4,6153846
492	-4,6153846
492	16,3846154
492	-17,6153846
493	-2,6153846
493	-7,6153846
493	-6,6153846
493	-3,6153846
494	10,3846154
494	16,3846154
494	23,3846154
495	2,3846154
495	-15,6153846
495	1,3846154
495	4,3846154
496	26,3846154
496	-6,6153846
496	7,3846154
496	-3,6153846
497	-1,6153846
497	25,3846154
497	-0,6153846
497	23,3846154
498	15,3846154
498	-11,6153846
498	4,3846154
498	-32,6153846
499	15,3846154
499	28,3846154
499	-17,6153846
499	20,3846154
500	29,3846154
500	9,3846154
500	-5,6153846
500	13,3846154
501	-1,6153846
501	1,3846154
501	12,3846154
502	0,3846154
502	16,3846154
502	8,3846154
502	-0,6153846
503	-11,6153846
503	0,3846154
503	19,3846154
503	0,3846154
504	4,3846154
504	-8,6153846
504	8,3846154
504	18,3846154
505	17,3846154
505	3,3846154
505	2,3846154
505	-4,6153846
506	12,3846154
506	15,3846154
506	-5,6153846
506	-0,6153846
507	20,3846154
507	13,3846154
507	21,3846154
507	-19,6153846
508	11,3846154
508	14,3846154
508	25,3846154
508	6,3846154
509	3,3846154
509	6,3846154
509	-6,6153846
510	-6,6153846
510	25,3846154
510	-2,6153846
510	-4,6153846
511	22,3846154
511	14,3846154
511	-22,6153846
511	-21,6153846
512	11,3846154
512	-1,6153846
512	0,3846154
512	19,3846154
513	-18,6153846
513	16,3846154
513	17,3846154
513	-19,6153846
514	11,3846154
514	34,3846154
514	25,3846154
514	3,3846154
515	-2,6153846
515	-0,6153846
515	-13,6153846
515	16,3846154
516	17,3846154
516	33,3846154
516	0,3846154
516	-33,6153846
517	-18,6153846
517	7,3846154
517	6,3846154
518	-25,6153846
518	4,3846154
518	23,3846154
518	15,3846154
519	37,3846154
519	32,3846154
519	-7,6153846
519	40,3846154
520	-12,6153846
520	6,3846154
520	22,3846154
520	22,3846154
521	0,3846154
521	5,3846154
521	-6,6153846
521	20,3846154
522	29,3846154
522	31,3846154
522	27,3846154
522	11,3846154
523	7,3846154
523	6,3846154
523	12,3846154
523	-4,6153846
524	26,3846154
524	-20,6153846
524	18,3846154
524	27,3846154
525	-2,6153846
525	2,3846154
525	19,3846154
526	5,3846154
526	27,3846154
526	37,3846154
526	19,3846154
527	7,3846154
527	26,3846154
527	28,3846154
527	10,3846154
528	3,3846154
528	-4,6153846
528	-20,6153846
528	19,3846154
529	18,3846154
529	-13,6153846
529	-7,6153846
529	16,3846154
530	16,3846154
530	-9,6153846
530	17,3846154
530	12,3846154
531	23,3846154
531	10,3846154
531	34,3846154
531	13,3846154
532	-11,6153846
532	-12,6153846
532	11,3846154
532	21,3846154
533	1,3846154
533	-9,6153846
533	10,3846154
534	-6,6153846
534	21,3846154
534	17,3846154
534	19,3846154
535	-0,6153846
535	2,3846154
535	5,3846154
535	13,3846154
536	21,3846154
536	18,3846154
536	-11,6153846
536	-5,6153846
537	-0,6153846
537	-6,6153846
537	2,3846154
537	-2,6153846
538	-8,6153846
538	-22,6153846
538	15,3846154
538	-0,6153846
539	16,3846154
539	-19,6153846
539	-6,6153846
539	18,3846154
540	11,3846154
540	-5,6153846
540	-1,6153846
540	-6,6153846
541	13,3846154
541	-10,6153846
541	3,3846154
541	-12,6153846
542	9,3846154
542	2,3846154
542	21,3846154
543	-11,6153846
543	0,3846154
543	-4,6153846
543	47,3846154
544	6,3846154
544	-4,6153846
544	-2,6153846
544	5,3846154
545	-23,6153846
545	13,3846154
545	7,3846154
545	-22,6153846
546	6,3846154
546	-13,6153846
546	2,3846154
546	2,3846154
547	-25,6153846
547	-0,6153846
547	-2,6153846
547	-11,6153846
548	-10,6153846
548	-5,6153846
548	3,3846154
548	13,3846154
549	16,3846154
549	51,3846154
549	-0,6153846
549	-11,6153846
550	18,3846154
550	-9,6153846
550	5,3846154
550	-10,6153846
551	-29,6153846
551	-0,6153846
551	0,3846154
552	-28,6153846
552	-22,6153846
552	0,3846154
552	11,3846154
553	22,3846154
553	-23,6153846
553	7,3846154
553	23,3846154
554	0,3846154
554	-13,6153846
554	4,3846154
554	-19,6153846
555	16,3846154
555	35,3846154
555	13,3846154
555	-0,6153846
556	13,3846154
556	7,3846154
556	-15,6153846
556	9,3846154
557	30,3846154
557	-3,6153846
557	-7,6153846
557	13,3846154
558	5,3846154
558	-12,6153846
558	21,3846154
558	16,3846154
559	22,3846154
559	-1,6153846
559	-4,6153846
559	-9,6153846
560	28,3846154
560	15,3846154
560	-6,6153846
561	-0,6153846
561	5,3846154
561	-8,6153846
561	24,3846154
562	1,3846154
562	11,3846154
562	23,3846154
562	-1,6153846
563	0,3846154
563	16,3846154
563	21,3846154
563	25,3846154
564	-8,6153846
564	-1,6153846
564	-0,6153846
564	21,3846154
565	32,3846154
565	17,3846154
565	0,3846154
565	17,3846154
566	16,3846154
566	-6,6153846
566	-5,6153846
566	27,3846154
567	7,3846154
567	-30,6153846
567	-17,6153846
567	-25,6153846
568	-0,6153846
568	-5,6153846
568	11,3846154
568	5,3846154
569	-25,6153846
569	18,3846154
569	1,3846154
569	3,3846154
570	-19,6153846
570	-3,6153846
570	17,3846154
571	-6,6153846
571	9,3846154
571	14,3846154
571	31,3846154
572	3,3846154
572	8,3846154
572	-5,6153846
572	17,3846154
573	13,3846154
573	-4,6153846
573	-17,6153846
573	1,3846154
574	15,3846154
574	2,3846154
574	-31,6153846
574	6,3846154
575	5,3846154
575	-10,6153846
575	21,3846154
575	1,3846154
576	-3,6153846
576	6,3846154
576	24,3846154
576	-5,6153846
577	-18,6153846
577	23,3846154
577	9,3846154
577	13,3846154
578	1,3846154
578	-7,6153846
578	3,3846154
578	11,3846154
579	-0,6153846
579	1,3846154
579	-6,6153846
579	-27,6153846
580	9,3846154
580	24,3846154
580	-2,6153846
581	22,3846154
581	1,3846154
581	24,3846154
581	-6,6153846
582	-5,6153846
582	-14,6153846
582	15,3846154
582	15,3846154
583	-3,6153846
583	-22,6153846
583	0,3846154
583	-3,6153846
584	7,3846154
584	6,3846154
584	8,3846154
584	41,3846154
585	1,3846154
585	-5,6153846
585	39,3846154
585	0,3846154
586	7,3846154
586	33,3846154
586	26,3846154
586	14,3846154
587	30,3846154
587	-43,6153846
587	-17,6153846
587	-13,6153846
588	13,3846154
588	19,3846154
588	3,3846154
588	-14,6153846
589	4,3846154
589	-8,6153846
589	5,3846154
589	-21,6153846
590	9,3846154
590	-1,6153846
590	-29,6153846
590	-3,6153846
591	-2,6153846
591	14,3846154
591	-0,6153846
592	-17,6153846
592	2,3846154
592	1,3846154
592	12,3846154
593	16,3846154
593	-20,6153846
593	6,3846154
593	29,3846154
594	45,3846154
594	5,3846154
594	10,3846154
594	4,3846154
595	17,3846154
595	-29,6153846
595	3,3846154
595	1,3846154
596	11,3846154
596	16,3846154
596	-19,6153846
596	22,3846154
597	14,3846154
597	25,3846154
597	22,3846154
597	-217,6153846
598	-28,6153846
598	-11,6153846
598	-20,6153846
598	3,3846154
599	6,3846154
599	4,3846154
599	1,3846154
599	1,3846154
600	-1,6153846
600	-20,6153846
600	-3,6153846
600	0,3846154
601	-36,6153846
601	-11,6153846
601	4,3846154
601	25,3846154
602	-0,6153846
602	-9,6153846
602	-2,6153846
603	0,3846154
603	-14,6153846
603	33,3846154
603	-7,6153846
604	-5,6153846
604	23,3846154
604	11,3846154
604	-4,6153846
605	0,3846154
605	-0,6153846
605	-1,6153846
605	9,3846154
606	-5,6153846
606	5,3846154
606	16,3846154
606	6,3846154
607	-8,6153846
607	-18,6153846
607	12,3846154
607	8,3846154
608	-2,6153846
608	7,3846154
608	-3,6153846
608	2,3846154
609	1,3846154
609	7,3846154
609	6,3846154
609	-12,6153846
610	-20,6153846
610	-2,6153846
610	16,3846154
610	22,3846154
611	30,3846154
611	11,3846154
611	-18,6153846
611	3,3846154
612	-1,6153846
612	2,3846154
612	11,3846154
612	3,3846154
613	30,3846154
613	37,3846154
613	-2,6153846
613	-11,6153846
614	26,3846154
614	-7,6153846
614	-0,6153846
614	-17,6153846
615	-2,6153846
615	34,3846154
615	-0,6153846
616	-12,6153846
616	8,3846154
616	-5,6153846
616	-12,6153846
617	-13,6153846
617	-4,6153846
617	-7,6153846
617	2,3846154
618	2,3846154
618	0,3846154
618	6,3846154
618	2,3846154
619	5,3846154
619	16,3846154
619	0,3846154
619	-4,6153846
620	-7,6153846
620	15,3846154
620	-9,6153846
620	-2,6153846
621	-1,6153846
621	11,3846154
621	2,3846154
621	-2,6153846
622	8,3846154
622	11,3846154
622	11,3846154
622	5,3846154
623	-25,6153846
623	-0,6153846
623	-5,6153846
623	16,3846154
624	-11,6153846
624	-12,6153846
624	5,3846154
624	-5,6153846
625	18,3846154
625	12,3846154
625	-5,6153846
625	2,3846154
626	25,3846154
626	-5,6153846
626	1,3846154
626	17,3846154
627	25,3846154
627	-1,6153846
627	15,3846154
627	3,3846154
628	24,3846154
628	3,3846154
628	-8,6153846
629	-21,6153846
629	-2,6153846
629	-3,6153846
629	-0,6153846
630	-4,6153846
630	2,3846154
630	-4,6153846
630	23,3846154
631	14,3846154
631	3,3846154
631	-10,6153846
631	4,3846154
632	-7,6153846
632	-5,6153846
632	11,3846154
632	13,3846154
633	3,3846154
633	15,3846154
633	-4,6153846
633	3,3846154
634	13,3846154
634	-18,6153846
634	-7,6153846
634	-6,6153846
635	4,3846154
635	6,3846154
635	-15,6153846
635	2,3846154
636	24,3846154
636	22,3846154
636	12,3846154
636	4,3846154
637	6,3846154
637	-2,6153846
637	-4,6153846
637	-12,6153846
638	35,3846154
638	29,3846154
638	4,3846154
638	13,3846154
639	-10,6153846
639	-7,6153846
639	22,3846154
639	7,3846154
640	-15,6153846
640	4,3846154
640	-26,6153846
640	13,3846154
641	6,3846154
641	19,3846154
641	17,3846154
641	-1,6153846
642	-12,6153846
642	14,3846154
642	-0,6153846
642	-11,6153846
643	-7,6153846
643	-4,6153846
643	1,3846154
644	-0,6153846
644	5,3846154
644	-0,6153846
644	-6,6153846
645	-7,6153846
645	-26,6153846
645	3,3846154
645	19,3846154
646	10,3846154
646	-5,6153846
646	10,3846154
646	16,3846154
647	21,3846154
647	22,3846154
647	-1,6153846
647	17,3846154
648	33,3846154
648	25,3846154
648	-9,6153846
648	2,3846154
649	10,3846154
649	13,3846154
649	1,3846154
649	-3,6153846
650	25,3846154
650	16,3846154
650	2,3846154
650	2,3846154
651	22,3846154
651	38,3846154
651	29,3846154
651	23,3846154
652	-7,6153846
652	15,3846154
652	19,3846154
652	3,3846154
653	31,3846154
653	16,3846154
653	8,3846154
653	1,3846154
654	-23,6153846
654	1,3846154
654	-7,6153846
654	0,3846154
655	12,3846154
655	20,3846154
655	15,3846154
655	23,3846154
656	18,3846154
656	2,3846154
656	-15,6153846
656	21,3846154
657	27,3846154
657	3,3846154
657	10,3846154
657	2,3846154
658	-7,6153846
658	7,3846154
658	26,3846154
658	0,3846154
659	-17,6153846
659	-4,6153846
659	1,3846154
660	9,3846154
660	15,3846154
660	17,3846154
660	13,3846154
661	5,3846154
661	8,3846154
661	13,3846154
661	-21,6153846
662	10,3846154
662	20,3846154
662	12,3846154
662	26,3846154
663	-11,6153846
663	2,3846154
663	27,3846154
663	13,3846154
664	28,3846154
664	27,3846154
664	18,3846154
664	8,3846154
665	2,3846154
665	8,3846154
665	13,3846154
665	-5,6153846
666	22,3846154
666	27,3846154
666	13,3846154
666	1,3846154
667	22,3846154
667	4,3846154
667	0,3846154
667	-25,6153846
668	14,3846154
668	-0,6153846
668	13,3846154
668	9,3846154
669	7,3846154
669	-2,6153846
669	5,3846154
669	5,3846154
670	12,3846154
670	16,3846154
670	8,3846154
670	19,3846154
671	6,3846154
671	20,3846154
671	-5,6153846
671	4,3846154
672	17,3846154
672	15,3846154
672	11,3846154
672	16,3846154
673	17,3846154
673	1,3846154
673	22,3846154
673	15,3846154
674	24,3846154
674	9,3846154
674	-0,6153846
674	3,3846154
675	-18,6153846
675	21,3846154
675	-22,6153846
675	15,3846154
676	9,3846154
676	-0,6153846
676	-22,6153846
676	19,3846154
677	26,3846154
677	-1,6153846
677	-11,6153846
677	-3,6153846
678	24,3846154
678	19,3846154
678	1,3846154
678	12,3846154
679	-7,6153846
679	15,3846154
679	27,3846154
680	9,3846154
680	-3,6153846
680	34,3846154
680	15,3846154
681	16,3846154
681	3,3846154
681	-23,6153846
681	-5,6153846
682	-4,6153846
682	5,3846154
682	-1,6153846
682	15,3846154
683	-22,6153846
683	-2,6153846
683	20,3846154
683	-2,6153846
684	9,3846154
684	-0,6153846
684	7,3846154
684	-5,6153846
685	36,3846154
685	3,3846154
685	24,3846154
685	-5,6153846
686	7,3846154
686	30,3846154
686	33,3846154
686	1,3846154
687	31,3846154
687	19,3846154
687	20,3846154
687	18,3846154
688	7,3846154
688	13,3846154
688	-12,6153846
688	-1,6153846
689	15,3846154
689	16,3846154
689	16,3846154
689	7,3846154
690	-3,6153846
690	-11,6153846
690	-21,6153846
690	-2,6153846
691	-5,6153846
691	10,3846154
691	30,3846154
691	17,3846154
692	1,3846154
692	15,3846154
692	17,3846154
692	16,3846154
693	15,3846154
693	9,3846154
693	3,3846154
693	-20,6153846
694	3,3846154
694	20,3846154
694	-0,6153846
694	-0,6153846
695	-4,6153846
695	18,3846154
695	-5,6153846
695	-7,6153846
696	-0,6153846
696	-9,6153846
696	-9,6153846
696	5,3846154
697	-2,6153846
697	-3,6153846
697	-2,6153846
697	13,3846154
698	5,3846154
698	-7,6153846
698	-8,6153846
698	-2,6153846
699	15,3846154
699	5,3846154
699	0,3846154
699	23,3846154
700	12,3846154
700	-0,6153846
700	6,3846154
700	-19,6153846
701	-0,6153846
701	-17,6153846
701	2,3846154
701	-1,6153846
702	-18,6153846
702	14,3846154
702	-6,6153846
702	3,3846154
703	10,3846154
703	12,3846154
703	21,3846154
703	-25,6153846
704	-0,6153846
704	0,3846154
704	7,3846154
704	29,3846154
705	4,3846154
705	5,3846154
705	10,3846154
706	-10,6153846
706	20,3846154
706	3,3846154
706	7,3846154
707	24,3846154
707	-14,6153846
707	15,3846154
707	12,3846154
708	5,3846154
708	12,3846154
708	9,3846154
708	6,3846154
709	3,3846154
709	7,3846154
709	7,3846154
709	-11,6153846
710	-5,6153846
710	11,3846154
710	6,3846154
710	2,3846154
711	11,3846154
711	5,3846154
711	-2,6153846
711	-8,6153846
712	29,3846154
712	-9,6153846
712	6,3846154
712	-4,6153846
713	-8,6153846
713	9,3846154
713	16,3846154
713	25,3846154
714	19,3846154
714	24,3846154
714	-3,6153846
714	8,3846154
715	2,3846154
715	-3,6153846
715	0,3846154
715	19,3846154
716	0,3846154
716	8,3846154
716	-22,6153846
716	-7,6153846
717	-2,6153846
717	5,3846154
717	20,3846154
717	-15,6153846
718	-7,6153846
718	14,3846154
718	-19,6153846
718	-13,6153846
719	7,3846154
719	10,3846154
719	25,3846154
719	-5,6153846
720	2,3846154
720	-2,6153846
720	7,3846154
720	14,3846154
721	7,3846154
721	-11,6153846
721	1,3846154
721	-5,6153846
722	32,3846154
722	26,3846154
722	-18,6153846
722	-15,6153846
723	18,3846154
723	21,3846154
723	-12,6153846
723	27,3846154
724	6,3846154
724	-2,6153846
724	-0,6153846
724	-2,6153846
725	27,3846154
725	14,3846154
725	-3,6153846
725	-14,6153846
726	-3,6153846
726	19,3846154
726	19,3846154
726	1,3846154
727	15,3846154
727	-23,6153846
727	23,3846154
727	9,3846154
728	-17,6153846
728	-11,6153846
728	2,3846154
728	-7,6153846
729	1,3846154
729	10,3846154
729	18,3846154
729	-9,6153846
730	3,3846154
730	-15,6153846
730	-25,6153846
730	-6,6153846
731	19,3846154
731	8,3846154
731	-14,6153846
731	5,3846154
732	-10,6153846
732	6,3846154
732	21,3846154
732	23,3846154
733	20,3846154
733	-4,6153846
733	10,3846154
733	14,3846154
734	-0,6153846
734	0,3846154
734	-6,6153846
734	11,3846154
735	-16,6153846
735	-2,6153846
735	28,3846154
735	21,3846154
736	-2,6153846
736	-2,6153846
736	-8,6153846
736	10,3846154
737	24,3846154
737	0,3846154
737	-26,6153846
737	12,3846154
738	0,3846154
738	7,3846154
738	13,3846154
738	13,3846154
739	19,3846154
739	32,3846154
739	-15,6153846
739	0,3846154
740	12,3846154
740	-8,6153846
740	-2,6153846
740	-9,6153846
741	-3,6153846
741	3,3846154
741	10,3846154
741	-1,6153846
742	9,3846154
742	30,3846154
742	-4,6153846
742	-11,6153846
743	-3,6153846
743	18,3846154
743	18,3846154
743	-6,6153846
744	-2,6153846
744	6,3846154
744	2,3846154
744	10,3846154
745	1,3846154
745	1,3846154
745	5,3846154
745	-19,6153846
746	21,3846154
746	6,3846154
746	-27,6153846
746	6,3846154
747	9,3846154
747	24,3846154
747	-12,6153846
747	-1,6153846
748	1,3846154
748	10,3846154
748	-16,6153846
748	16,3846154
749	1,3846154
749	-5,6153846
749	-3,6153846
749	-16,6153846
750	9,3846154
750	-7,6153846
750	2,3846154
750	-17,6153846
751	21,3846154
751	24,3846154
751	18,3846154
751	9,3846154
752	20,3846154
752	5,3846154
752	4,3846154
752	20,3846154
753	-7,6153846
753	-11,6153846
753	-10,6153846
753	25,3846154
754	15,3846154
754	-4,6153846
754	-10,6153846
754	9,3846154
755	-10,6153846
755	3,3846154
755	21,3846154
755	-6,6153846
756	-15,6153846
756	-14,6153846
756	-7,6153846
756	18,3846154
757	-11,6153846
757	12,3846154
757	-8,6153846
757	-4,6153846
758	9,3846154
758	-6,6153846
758	5,3846154
758	30,3846154
759	38,3846154
759	47,3846154
759	4,3846154
759	2,3846154
760	27,3846154
760	12,3846154
760	-0,6153846
760	-1,6153846
761	10,3846154
761	31,3846154
761	4,3846154
761	-2,6153846
762	19,3846154
762	17,3846154
762	20,3846154
762	-13,6153846
763	-5,6153846
763	14,3846154
763	3,3846154
763	7,3846154
764	4,3846154
764	1,3846154
764	8,3846154
764	19,3846154
765	36,3846154
765	19,3846154
765	18,3846154
765	29,3846154
766	-3,6153846
766	-0,6153846
766	2,3846154
766	7,3846154
767	-4,6153846
767	10,3846154
767	7,3846154
767	-16,6153846
768	-8,6153846
768	-2,6153846
768	-7,6153846
768	35,3846154
769	4,3846154
769	14,3846154
769	12,3846154
769	7,3846154
770	15,3846154
770	2,3846154
770	-4,6153846
770	-5,6153846
771	15,3846154
771	-15,6153846
771	15,3846154
771	18,3846154
772	0,3846154
772	-1,6153846
772	24,3846154
772	17,3846154
773	-19,6153846
773	-16,6153846
773	-4,6153846
773	-4,6153846
774	14,3846154
774	5,3846154
774	0,3846154
774	4,3846154
775	-9,6153846
775	15,3846154
775	9,3846154
775	0,3846154
776	-28,6153846
776	3,3846154
776	17,3846154
776	-26,6153846
777	15,3846154
777	1,3846154
777	20,3846154
777	9,3846154
778	4,3846154
778	1,3846154
778	2,3846154
778	-7,6153846
779	3,3846154
779	8,3846154
779	-10,6153846
779	26,3846154
780	24,3846154
780	-8,6153846
780	-5,6153846
780	-7,6153846
781	10,3846154
781	-7,6153846
781	21,3846154
781	7,3846154
782	17,3846154
782	-8,6153846
782	2,3846154
782	26,3846154
783	7,3846154
783	8,3846154
783	-14,6153846
783	-1,6153846
784	-1,6153846
784	19,3846154
784	27,3846154
784	11,3846154
785	-5,6153846
785	12,3846154
785	-0,6153846
785	-5,6153846
786	-2,6153846
786	-6,6153846
786	-10,6153846
786	6,3846154
787	-7,6153846
787	9,3846154
787	-24,6153846
787	-2,6153846
788	-16,6153846
788	7,3846154
788	-7,6153846
788	5,3846154
789	5,3846154
789	-3,6153846
789	-2,6153846
789	4,3846154
790	4,3846154
790	-6,6153846
790	-13,6153846
790	-2,6153846
791	-2,6153846
791	8,3846154
791	1,3846154
791	-27,6153846
792	-13,6153846
792	-2,6153846
792	37,3846154
792	-10,6153846
793	0,3846154
793	25,3846154
793	-9,6153846
793	18,3846154
794	11,3846154
794	-15,6153846
794	8,3846154
794	-31,6153846
795	10,3846154
795	15,3846154
795	-18,6153846
795	16,3846154
796	36,3846154
796	18,3846154
796	-8,6153846
796	-4,6153846
797	0,3846154
797	-14,6153846
797	17,3846154
797	9,3846154
798	8,3846154
798	-1,6153846
798	1,3846154
798	36,3846154
799	8,3846154
799	-19,6153846
799	-9,6153846
799	-24,6153846
800	-9,6153846
800	27,3846154
800	30,3846154
800	-2,6153846
801	19,3846154
801	16,3846154
801	11,3846154
801	6,3846154
802	2,3846154
802	2,3846154
802	-3,6153846
802	2,3846154
803	-0,6153846
803	-4,6153846
803	-7,6153846
803	-0,6153846
804	12,3846154
804	4,3846154
804	-13,6153846
804	26,3846154
805	-28,6153846
805	-25,6153846
805	20,3846154
805	-8,6153846
806	-29,6153846
806	-15,6153846
806	19,3846154
806	8,3846154
807	-9,6153846
807	3,3846154
807	3,3846154
807	15,3846154
808	-10,6153846
808	6,3846154
808	11,3846154
808	-19,6153846
809	-0,6153846
809	22,3846154
809	-11,6153846
809	1,3846154
810	4,3846154
810	-7,6153846
810	-5,6153846
810	10,3846154
811	16,3846154
811	9,3846154
811	-11,6153846
811	14,3846154
812	4,3846154
812	10,3846154
812	-8,6153846
812	-3,6153846
813	-13,6153846
813	6,3846154
813	17,3846154
813	12,3846154
814	1,3846154
814	6,3846154
814	-6,6153846
814	15,3846154
815	16,3846154
815	2,3846154
815	10,3846154
815	-19,6153846
816	36,3846154
816	17,3846154
816	-15,6153846
816	1,3846154
817	4,3846154
817	8,3846154
817	1,3846154
817	5,3846154
818	-1,6153846
818	-1,6153846
818	-5,6153846
818	-7,6153846
819	4,3846154
819	1,3846154
819	-2,6153846
819	10,3846154
820	-16,6153846
820	-5,6153846
820	3,3846154
820	32,3846154
820	-11,6153846
821	-19,6153846
821	-3,6153846
821	6,3846154
821	-6,6153846
822	9,3846154
822	2,3846154
822	-23,6153846
822	-18,6153846
823	-9,6153846
823	-4,6153846
823	1,3846154
823	-11,6153846
824	4,3846154
824	29,3846154
824	-0,6153846
824	-5,6153846
825	12,3846154
825	22,3846154
825	-10,6153846
825	14,3846154
826	9,3846154
826	3,3846154
826	1,3846154
826	-5,6153846
827	7,3846154
827	-7,6153846
827	-2,6153846
827	-18,6153846
828	-11,6153846
828	-5,6153846
828	11,3846154
828	-17,6153846
829	13,3846154
829	13,3846154
829	32,3846154
829	14,3846154
830	-4,6153846
830	28,3846154
830	-19,6153846
830	10,3846154
831	12,3846154
831	7,3846154
831	-2,6153846
831	7,3846154
832	-3,6153846
832	0,3846154
832	18,3846154
832	12,3846154
833	17,3846154
833	-7,6153846
833	-13,6153846
833	19,3846154
834	49,3846154
834	9,3846154
834	-0,6153846
834	1,3846154
835	-17,6153846
835	23,3846154
835	5,3846154
835	29,3846154
836	-11,6153846
836	-2,6153846
836	26,3846154
836	12,3846154
837	11,3846154
837	2,3846154
837	-2,6153846
837	-15,6153846
838	4,3846154
838	13,3846154
838	17,3846154
838	8,3846154
839	5,3846154
839	-18,6153846
839	-2,6153846
839	27,3846154
840	3,3846154
840	3,3846154
840	21,3846154
840	-9,6153846
841	-11,6153846
841	34,3846154
841	20,3846154
841	1,3846154
842	3,3846154
842	19,3846154
842	-9,6153846
842	16,3846154
843	4,3846154
843	2,3846154
843	17,3846154
843	9,3846154
844	-0,6153846
844	7,3846154
844	15,3846154
844	1,3846154
845	-13,6153846
845	6,3846154
845	6,3846154
845	-6,6153846
845	13,3846154
846	-4,6153846
846	23,3846154
846	16,3846154
846	15,3846154
847	-8,6153846
847	-13,6153846
847	11,3846154
847	23,3846154
848	0,3846154
848	-1,6153846
848	3,3846154
848	13,3846154
849	-8,6153846
849	-6,6153846
849	3,3846154
849	-0,6153846
850	5,3846154
850	4,3846154
850	-8,6153846
850	27,3846154
851	8,3846154
851	-12,6153846
851	8,3846154
851	-4,6153846
852	-26,6153846
852	-6,6153846
852	-8,6153846
852	4,3846154
853	-2,6153846
853	2,3846154
853	-28,6153846
853	1,3846154
854	-12,6153846
854	0,3846154
854	-6,6153846
854	32,3846154
855	-14,6153846
855	19,3846154
855	13,3846154
855	-7,6153846
856	14,3846154
856	8,3846154
856	11,3846154
856	-2,6153846
857	-7,6153846
857	28,3846154
857	1,3846154
857	8,3846154
858	28,3846154
858	-9,6153846
858	-6,6153846
858	19,3846154
859	11,3846154
859	-11,6153846
859	13,3846154
859	3,3846154
860	-2,6153846
860	6,3846154
860	20,3846154
860	8,3846154
861	11,3846154
861	11,3846154
861	9,3846154
861	20,3846154
862	6,3846154
862	13,3846154
862	-18,6153846
862	0,3846154
863	13,3846154
863	8,3846154
863	11,3846154
863	14,3846154
864	22,3846154
864	-4,6153846
864	-15,6153846
864	14,3846154
864	7,3846154
865	11,3846154
865	-3,6153846
865	2,3846154
865	3,3846154
866	-0,6153846
866	1,3846154
866	40,3846154
866	-2,6153846
867	4,3846154
867	-3,6153846
867	-24,6153846
867	1,3846154
868	-2,6153846
868	-30,6153846
868	1,3846154
868	4,3846154
869	35,3846154
869	1,3846154
869	9,3846154
869	0,3846154
870	37,3846154
870	9,3846154
870	-6,6153846
870	15,3846154
871	-6,6153846
871	3,3846154
871	10,3846154
871	-37,6153846
872	7,3846154
872	-8,6153846
872	-3,6153846
872	9,3846154
873	6,3846154
873	-7,6153846
873	-18,6153846
873	15,3846154
874	-8,6153846
874	28,3846154
874	3,3846154
874	8,3846154
875	16,3846154
875	-23,6153846
875	-9,6153846
875	11,3846154
876	-3,6153846
876	31,3846154
876	2,3846154
876	3,3846154
877	11,3846154
877	-15,6153846
877	28,3846154
877	4,3846154
878	21,3846154
878	-0,6153846
878	18,3846154
878	30,3846154
879	16,3846154
879	-6,6153846
879	4,3846154
879	4,3846154
880	11,3846154
880	-16,6153846
880	24,3846154
880	8,3846154
880	-5,6153846
881	26,3846154
881	-1,6153846
881	-0,6153846
881	-6,6153846
882	-13,6153846
882	8,3846154
882	6,3846154
882	9,3846154
883	1,3846154
883	-35,6153846
883	-0,6153846
883	-12,6153846
884	14,3846154
884	6,3846154
884	5,3846154
884	2,3846154
885	4,3846154
885	5,3846154
885	-0,6153846
885	-6,6153846
886	7,3846154
886	-19,6153846
886	-18,6153846
886	16,3846154
887	17,3846154
887	24,3846154
887	-5,6153846
887	-0,6153846
888	2,3846154
888	0,3846154
888	-18,6153846
888	-35,6153846
889	-4,6153846
889	23,3846154
889	-2,6153846
889	9,3846154
890	5,3846154
890	-33,6153846
890	15,3846154
890	3,3846154
891	-10,6153846
891	17,3846154
891	7,3846154
891	16,3846154
892	1,3846154
892	3,3846154
892	-5,6153846
892	26,3846154
893	9,3846154
893	-17,6153846
893	-18,6153846
893	-1,6153846
894	27,3846154
894	4,3846154
894	9,3846154
894	10,3846154
894	-6,6153846
895	-17,6153846
895	7,3846154
895	6,3846154
895	0,3846154
896	24,3846154
896	20,3846154
896	20,3846154
896	23,3846154
897	18,3846154
897	16,3846154
897	33,3846154
897	15,3846154
898	13,3846154
898	0,3846154
898	-29,6153846
898	-25,6153846
899	-1,6153846
899	-5,6153846
899	-9,6153846
899	-10,6153846
900	11,3846154
900	18,3846154
900	-1,6153846
900	1,3846154
901	27,3846154
901	-6,6153846
901	12,3846154
901	1,3846154
902	9,3846154
902	9,3846154
902	-14,6153846
902	-5,6153846
903	13,3846154
903	3,3846154
903	-14,6153846
903	11,3846154
904	-9,6153846
904	-0,6153846
904	20,3846154
904	26,3846154
905	-5,6153846
905	10,3846154
905	11,3846154
905	23,3846154
906	8,3846154
906	14,3846154
906	-3,6153846
906	13,3846154
906	-0,6153846
907	19,3846154
907	12,3846154
907	-0,6153846
907	28,3846154
908	4,3846154
908	8,3846154
908	21,3846154
908	-8,6153846
909	-15,6153846
909	-6,6153846
909	22,3846154
909	18,3846154
910	15,3846154
910	-20,6153846
910	1,3846154
910	-11,6153846
911	1,3846154
911	10,3846154
911	13,3846154
911	9,3846154
912	-3,6153846
912	13,3846154
912	11,3846154
912	1,3846154
913	3,3846154
913	-0,6153846
913	10,3846154
913	-4,6153846
914	18,3846154
914	-18,6153846
914	14,3846154
914	-5,6153846
915	-8,6153846
915	-13,6153846
915	14,3846154
915	18,3846154
916	12,3846154
916	7,3846154
916	12,3846154
916	21,3846154
917	-1,6153846
917	18,3846154
917	-9,6153846
917	-11,6153846
917	-11,6153846
918	5,3846154
918	36,3846154
918	-3,6153846
918	2,3846154
919	-13,6153846
919	2,3846154
919	34,3846154
919	-0,6153846
920	-3,6153846
920	-11,6153846
920	6,3846154
920	12,3846154
921	2,3846154
921	2,3846154
921	-24,6153846
921	-17,6153846
922	-3,6153846
922	-13,6153846
922	21,3846154
922	-2,6153846
923	18,3846154
923	-13,6153846
923	-27,6153846
923	10,3846154
924	16,3846154
924	-5,6153846
924	-1,6153846
924	-5,6153846
925	-0,6153846
925	6,3846154
925	4,3846154
925	19,3846154
926	-5,6153846
926	18,3846154
926	23,3846154
926	24,3846154
927	-1,6153846
927	-9,6153846
927	-4,6153846
927	7,3846154
928	-6,6153846
928	-31,6153846
928	-17,6153846
928	3,3846154
928	35,3846154
929	18,3846154
929	-2,6153846
929	7,3846154
929	-15,6153846
930	-1,6153846
930	-2,6153846
930	9,3846154
930	24,3846154
931	0,3846154
931	0,3846154
931	13,3846154
931	28,3846154
932	-10,6153846
932	-2,6153846
932	-1,6153846
932	-12,6153846
933	26,3846154
933	-1,6153846
933	31,3846154
933	-5,6153846
934	30,3846154
934	40,3846154
934	-4,6153846
934	28,3846154
935	14,3846154
935	19,3846154
935	-14,6153846
935	16,3846154
936	-3,6153846
936	1,3846154
936	-0,6153846
936	-7,6153846
937	6,3846154
937	21,3846154
937	-1,6153846
937	-0,6153846
938	0,3846154
938	-3,6153846
938	1,3846154
938	14,3846154
938	17,3846154
939	9,3846154
939	-4,6153846
939	36,3846154
939	2,3846154
940	12,3846154
940	16,3846154
940	-16,6153846
940	-6,6153846
941	-15,6153846
941	-4,6153846
941	-19,6153846
941	15,3846154
942	0,3846154
942	13,3846154
942	3,3846154
942	27,3846154
943	29,3846154
943	4,3846154
943	-3,6153846
943	13,3846154
944	-25,6153846
944	-5,6153846
944	6,3846154
944	6,3846154
945	-4,6153846
945	15,3846154
945	-4,6153846
945	13,3846154
946	-16,6153846
946	10,3846154
946	-5,6153846
946	21,3846154
947	9,3846154
947	17,3846154
947	-10,6153846
947	-7,6153846
947	14,3846154
948	-16,6153846
948	-3,6153846
948	3,3846154
948	-3,6153846
949	24,3846154
949	-7,6153846
949	3,3846154
949	14,3846154
950	13,3846154
950	-6,6153846
950	-6,6153846
950	12,3846154
951	25,3846154
951	19,3846154
951	13,3846154
951	-19,6153846
952	9,3846154
952	18,3846154
952	18,3846154
952	46,3846154
953	-9,6153846
953	-0,6153846
953	14,3846154
953	1,3846154
954	-21,6153846
954	-8,6153846
954	5,3846154
954	4,3846154
955	-22,6153846
955	-6,6153846
955	-15,6153846
955	-22,6153846
956	-3,6153846
956	7,3846154
956	7,3846154
956	3,3846154
956	-3,6153846
957	33,3846154
957	30,3846154
957	13,3846154
957	11,3846154
958	-18,6153846
958	0,3846154
958	-3,6153846
958	14,3846154
959	3,3846154
959	-3,6153846
959	-11,6153846
959	-2,6153846
960	40,3846154
960	10,3846154
960	-15,6153846
960	11,3846154
961	10,3846154
961	8,3846154
961	-14,6153846
961	-22,6153846
962	-9,6153846
962	-2,6153846
962	-7,6153846
962	13,3846154
963	7,3846154
963	27,3846154
963	13,3846154
963	-20,6153846
964	11,3846154
964	31,3846154
964	-24,6153846
964	-0,6153846
964	-10,6153846
965	-6,6153846
965	-12,6153846
965	-5,6153846
965	-9,6153846
966	38,3846154
966	1,3846154
966	5,3846154
966	-1,6153846
967	7,3846154
967	-7,6153846
967	-14,6153846
967	-22,6153846
968	-3,6153846
968	8,3846154
968	12,3846154
968	25,3846154
969	16,3846154
969	-17,6153846
969	18,3846154
969	9,3846154
970	2,3846154
970	-16,6153846
970	-7,6153846
970	2,3846154
971	24,3846154
971	-5,6153846
971	2,3846154
971	22,3846154
972	10,3846154
972	-23,6153846
972	24,3846154
972	-0,6153846
972	-11,6153846
973	-44,6153846
973	-7,6153846
973	23,3846154
973	-16,6153846
974	-11,6153846
974	20,3846154
974	2,3846154
974	3,3846154
975	1,3846154
975	12,3846154
975	22,3846154
975	9,3846154
976	0,3846154
976	-6,6153846
976	-1,6153846
976	-14,6153846
977	11,3846154
977	-19,6153846
977	-4,6153846
977	-0,6153846
978	3,3846154
978	34,3846154
978	-8,6153846
978	15,3846154
979	15,3846154
979	17,3846154
979	24,3846154
979	16,3846154
980	-7,6153846
980	-11,6153846
980	-12,6153846
980	-17,6153846
980	-12,6153846
981	-24,6153846
981	2,3846154
981	13,3846154
981	-11,6153846
982	-8,6153846
982	13,3846154
982	4,3846154
982	13,3846154
983	14,3846154
983	11,3846154
983	-16,6153846
983	16,3846154
984	25,3846154
984	9,3846154
984	-1,6153846
984	-4,6153846
985	-8,6153846
985	20,3846154
985	16,3846154
985	7,3846154
986	16,3846154
986	-6,6153846
986	20,3846154
986	-7,6153846
987	-9,6153846
987	21,3846154
987	19,3846154
987	-22,6153846
988	-2,6153846
988	8,3846154
988	20,3846154
988	10,3846154
988	-0,6153846
989	-2,6153846
989	31,3846154
989	8,3846154
989	12,3846154
990	21,3846154
990	-21,6153846
990	3,3846154
990	19,3846154
991	16,3846154
991	4,3846154
991	-14,6153846
991	-20,6153846
992	3,3846154
992	-11,6153846
992	3,3846154
992	11,3846154
993	-9,6153846
993	-16,6153846
993	-16,6153846
993	20,3846154
994	6,3846154
994	16,3846154
994	3,3846154
994	21,3846154
995	11,3846154
995	7,3846154
995	24,3846154
995	36,3846154
995	32,3846154
996	27,3846154
996	23,3846154
996	19,3846154
996	4,3846154
997	17,3846154
997	-13,6153846
997	5,3846154
997	17,3846154
998	1,3846154
998	9,3846154
998	6,3846154
998	23,3846154
999	11,3846154
999	0,3846154
999	6,3846154
999	8,3846154
1000	13,3846154
1000	20,3846154
1000	10,3846154
1000	-23,6153846
1001	-4,6153846
1001	3,3846154
1001	14,3846154
1001	4,3846154
1002	-4,6153846
1002	9,3846154
1002	30,3846154
1002	13,3846154
1002	10,3846154
1003	6,3846154
1003	15,3846154
1003	23,3846154
1003	8,3846154
1004	29,3846154
1004	-13,6153846
1004	-2,6153846
1004	32,3846154
1005	9,3846154
1005	1,3846154
1005	11,3846154
1005	1,3846154
1006	-38,6153846
1006	4,3846154
1006	12,3846154
1006	0,3846154
1007	19,3846154
1007	11,3846154
1007	-5,6153846
1007	-13,6153846
1008	-20,6153846
1008	18,3846154
1008	13,3846154
1008	13,3846154
1008	15,3846154
1009	5,3846154
1009	-13,6153846
1009	14,3846154
1009	17,3846154
1010	8,3846154
1010	-9,6153846
1010	-6,6153846
1010	14,3846154
1011	28,3846154
1011	15,3846154
1011	12,3846154
1011	20,3846154
1012	8,3846154
1012	2,3846154
1012	8,3846154
1012	7,3846154
1013	-23,6153846
1013	-2,6153846
1013	23,3846154
1013	26,3846154
1014	20,3846154
1014	-1,6153846
1014	27,3846154
1014	7,3846154
1015	5,3846154
1015	-1,6153846
1015	4,3846154
1015	-4,6153846
1015	23,3846154
1016	2,3846154
1016	9,3846154
1016	-11,6153846
1016	-6,6153846
1017	-13,6153846
1017	-2,6153846
1017	-3,6153846
1017	-19,6153846
1018	-3,6153846
1018	4,3846154
1018	-12,6153846
1018	-12,6153846
1019	19,3846154
1019	11,3846154
1019	-9,6153846
1019	-3,6153846
1020	-1,6153846
1020	-1,6153846
1020	22,3846154
1020	15,3846154
1021	6,3846154
1021	4,3846154
1021	6,3846154
1021	-0,6153846
1021	-1,6153846
1022	5,3846154
1022	15,3846154
1022	9,3846154
1022	-5,6153846
1023	-5,6153846
1023	3,3846154
1023	6,3846154
1023	-4,6153846
1024	4,3846154
1024	-13,6153846
1024	39,3846154
1024	-5,6153846
1025	21,3846154
1025	-8,6153846
1025	21,3846154
1025	11,3846154
1026	3,3846154
1026	15,3846154
1026	20,3846154
1026	12,3846154
1027	26,3846154
1027	-5,6153846
1027	20,3846154
1027	30,3846154
1027	-2,6153846
1028	3,3846154
1028	6,3846154
1028	3,3846154
1028	20,3846154
1029	-12,6153846
1029	10,3846154
1029	10,3846154
1029	21,3846154
1030	9,3846154
1030	0,3846154
1030	11,3846154
1030	-4,6153846
1031	-7,6153846
1031	5,3846154
1031	10,3846154
1031	-9,6153846
1032	-19,6153846
1032	17,3846154
1032	-19,6153846
1032	9,3846154
1033	20,3846154
1033	24,3846154
1033	6,3846154
1033	8,3846154
1034	-3,6153846
1034	9,3846154
1034	-8,6153846
1034	-5,6153846
1034	-7,6153846
1035	-9,6153846
1035	-13,6153846
1035	5,3846154
1035	4,3846154
1036	30,3846154
1036	-0,6153846
1036	11,3846154
1036	-27,6153846
1037	-21,6153846
1037	-5,6153846
1037	-13,6153846
1037	17,3846154
1038	11,3846154
1038	1,3846154
1038	3,3846154
1038	-1,6153846
1039	29,3846154
1039	12,3846154
1039	-4,6153846
1039	-5,6153846
1039	-10,6153846
1040	-13,6153846
1040	21,3846154
1040	10,3846154
1040	14,3846154
1041	6,3846154
1041	-4,6153846
1041	0,3846154
1041	5,3846154
1042	20,3846154
1042	8,3846154
1042	3,3846154
1042	14,3846154
1043	9,3846154
1043	44,3846154
1043	-16,6153846
1043	-17,6153846
1044	-13,6153846
1044	-10,6153846
1044	19,3846154
1044	-18,6153846
1045	11,3846154
1045	-20,6153846
1045	12,3846154
1045	-28,6153846
1045	-6,6153846
1046	13,3846154
1046	-5,6153846
1046	11,3846154
1046	-4,6153846
1047	2,3846154
1047	27,3846154
1047	-14,6153846
1047	14,3846154
1048	5,3846154
1048	17,3846154
1048	20,3846154
1048	5,3846154
1049	2,3846154
1049	-7,6153846
1049	2,3846154
1049	26,3846154
1050	-6,6153846
1050	-3,6153846
1050	-13,6153846
1050	3,3846154
1051	17,3846154
1051	10,3846154
1051	-4,6153846
1051	-11,6153846
1051	14,3846154
1052	4,3846154
1052	2,3846154
1052	3,3846154
1052	-25,6153846
1053	9,3846154
1053	15,3846154
1053	-5,6153846
1053	14,3846154
1054	17,3846154
1054	-8,6153846
1054	-13,6153846
1054	-8,6153846
1055	3,3846154
1055	-8,6153846
1055	18,3846154
1055	21,3846154
1056	10,3846154
1056	3,3846154
1056	-12,6153846
1056	6,3846154
1056	-2,6153846
1057	18,3846154
1057	10,3846154
1057	9,3846154
1057	20,3846154
1058	-4,6153846
1058	-9,6153846
1058	7,3846154
1058	15,3846154
1059	17,3846154
1059	-16,6153846
1059	-3,6153846
1059	-5,6153846
1060	27,3846154
1060	-1,6153846
1060	19,3846154
1060	10,3846154
1061	17,3846154
1061	19,3846154
1061	11,3846154
1061	9,3846154
1062	-10,6153846
1062	27,3846154
1062	5,3846154
1062	3,3846154
1062	22,3846154
1063	-7,6153846
1063	0,3846154
1063	26,3846154
1063	5,3846154
1064	-21,6153846
1064	0,3846154
1064	18,3846154
1064	1,3846154
1065	0,3846154
1065	4,3846154
1065	-9,6153846
1065	-3,6153846
1066	2,3846154
1066	-7,6153846
1066	11,3846154
1066	28,3846154
1067	-7,6153846
1067	16,3846154
1067	1,3846154
1067	16,3846154
1067	3,3846154
1068	-5,6153846
1068	21,3846154
1068	2,3846154
1068	22,3846154
1069	0,3846154
1069	5,3846154
1069	21,3846154
1069	20,3846154
1070	-10,6153846
1070	-10,6153846
1070	13,3846154
1070	-1,6153846
1071	-8,6153846
1071	-10,6153846
1071	-29,6153846
1071	-9,6153846
1072	15,3846154
1072	23,3846154
1072	-0,6153846
1072	-5,6153846
1072	8,3846154
1073	1,3846154
1073	1,3846154
1073	2,3846154
1073	-13,6153846
1074	0,3846154
1074	21,3846154
1074	-2,6153846
1074	-4,6153846
1075	15,3846154
1075	14,3846154
1075	14,3846154
1075	12,3846154
1076	10,3846154
1076	8,3846154
1076	9,3846154
1076	1,3846154
1077	19,3846154
1077	-9,6153846
1077	8,3846154
1077	0,3846154
1077	19,3846154
1078	9,3846154
1078	-4,6153846
1078	-6,6153846
1078	-7,6153846
1079	26,3846154
1079	13,3846154
1079	-3,6153846
1079	22,3846154
1080	7,3846154
1080	-14,6153846
1080	2,3846154
1080	20,3846154
1081	8,3846154
1081	11,3846154
1081	16,3846154
1081	-22,6153846
1082	25,3846154
1082	-1,6153846
1082	-17,6153846
1082	-25,6153846
1082	7,3846154
1083	-1,6153846
1083	19,3846154
1083	4,3846154
1083	4,3846154
1084	-0,6153846
1084	3,3846154
1084	22,3846154
1084	17,3846154
1085	9,3846154
1085	15,3846154
1085	9,3846154
1085	-4,6153846
1086	-4,6153846
1086	2,3846154
1086	-2,6153846
1086	24,3846154
1087	3,3846154
1087	3,3846154
1087	-11,6153846
1087	-17,6153846
1087	0,3846154
1088	-1,6153846
1088	-1,6153846
1088	-4,6153846
1088	-5,6153846
1089	-11,6153846
1089	-4,6153846
1089	-32,6153846
1089	10,3846154
1090	16,3846154
1090	13,3846154
1090	8,3846154
1090	10,3846154
1091	2,3846154
1091	10,3846154
1091	30,3846154
1091	-29,6153846
1092	1,3846154
1092	12,3846154
1092	1,3846154
1092	7,3846154
1092	2,3846154
1093	2,3846154
1093	-4,6153846
1093	-14,6153846
1093	8,3846154
1094	19,3846154
1094	-8,6153846
1094	2,3846154
1094	37,3846154
1095	-0,6153846
1095	18,3846154
1095	-15,6153846
1095	8,3846154
1096	-6,6153846
1096	-23,6153846
1096	-27,6153846
1096	10,3846154
1097	-5,6153846
1097	-0,6153846
1097	17,3846154
1097	32,3846154
1097	-17,6153846
1098	4,3846154
1098	29,3846154
1098	-14,6153846
1098	-10,6153846
1099	0,3846154
1099	11,3846154
1099	5,3846154
1099	-1,6153846
1100	0,3846154
1100	-27,6153846
1100	-10,6153846
1100	10,3846154
1101	6,3846154
1101	-6,6153846
1101	12,3846154
1101	-1,6153846
1101	8,3846154
1102	7,3846154
1102	10,3846154
1102	9,3846154
1102	21,3846154
1103	3,3846154
1103	-5,6153846
1103	-3,6153846
1103	25,3846154
1104	4,3846154
1104	-30,6153846
1104	10,3846154
1104	0,3846154
1105	7,3846154
1105	3,3846154
1105	22,3846154
1105	20,3846154
1106	18,3846154
1106	-13,6153846
1106	8,3846154
1106	-3,6153846
1106	-30,6153846
1107	6,3846154
1107	47,3846154
1107	29,3846154
1107	2,3846154
1108	0,3846154
1108	13,3846154
1108	3,3846154
1108	6,3846154
1109	-5,6153846
1109	-0,6153846
1109	-12,6153846
1109	-1,6153846
1110	10,3846154
1110	18,3846154
1110	27,3846154
1110	4,3846154
1110	15,3846154
1111	0,3846154
1111	19,3846154
1111	-18,6153846
1111	22,3846154
1112	-3,6153846
1112	-15,6153846
1112	22,3846154
1112	-9,6153846
1113	-12,6153846
1113	-18,6153846
1113	-30,6153846
1113	28,3846154
1114	20,3846154
1114	21,3846154
1114	0,3846154
1114	5,3846154
1115	18,3846154
1115	-17,6153846
1115	-9,6153846
1115	4,3846154
1115	4,3846154
1116	-3,6153846
1116	-11,6153846
1116	7,3846154
1116	-6,6153846
1117	3,3846154
1117	-7,6153846
1117	13,3846154
1117	13,3846154
1118	6,3846154
