196	-44,9230769
196	-44,9230769
196	-44,9230769
197	-8,9230769
197	8,0769231
197	45,0769231
197	17,0769231
198	10,0769231
198	13,0769231
198	8,0769231
199	13,0769231
199	14,0769231
199	15,0769231
199	26,0769231
200	58,0769231
200	19,0769231
200	49,0769231
200	3,0769231
201	10,0769231
201	30,0769231
201	38,0769231
201	25,0769231
202	43,0769231
202	33,0769231
202	2,0769231
203	20,0769231
203	30,0769231
203	49,0769231
203	19,0769231
204	28,0769231
204	21,0769231
204	2,0769231
204	6,0769231
205	7,0769231
205	-12,9230769
205	-0,9230769
205	11,0769231
206	15,0769231
206	34,0769231
206	46,0769231
207	10,0769231
207	17,0769231
207	11,0769231
207	-4,9230769
208	5,0769231
208	27,0769231
208	-6,9230769
208	24,0769231
209	9,0769231
209	25,0769231
209	38,0769231
209	33,0769231
210	36,0769231
210	29,0769231
210	-11,9230769
211	-5,9230769
211	34,0769231
211	16,0769231
211	9,0769231
212	-12,9230769
212	-2,9230769
212	4,0769231
212	-7,9230769
213	21,0769231
213	-14,9230769
213	32,0769231
213	18,0769231
214	12,0769231
214	34,0769231
214	33,0769231
215	7,0769231
215	2,0769231
215	15,0769231
215	30,0769231
216	43,0769231
216	29,0769231
216	36,0769231
216	15,0769231
217	16,0769231
217	18,0769231
217	29,0769231
217	22,0769231
218	9,0769231
218	13,0769231
218	24,0769231
219	20,0769231
219	-4,9230769
219	50,0769231
219	32,0769231
220	26,0769231
220	24,0769231
220	20,0769231
220	15,0769231
221	-3,9230769
221	4,0769231
221	30,0769231
221	19,0769231
222	25,0769231
222	2,0769231
222	29,0769231
223	33,0769231
223	16,0769231
223	9,0769231
223	-27,9230769
224	34,0769231
224	-2,9230769
224	12,0769231
224	-5,9230769
225	19,0769231
225	6,0769231
225	20,0769231
225	2,0769231
226	23,0769231
226	5,0769231
226	25,0769231
227	18,0769231
227	10,0769231
227	4,0769231
227	34,0769231
228	15,0769231
228	-7,9230769
228	27,0769231
228	37,0769231
229	22,0769231
229	32,0769231
229	-0,9230769
229	28,0769231
230	13,0769231
230	14,0769231
230	1,0769231
231	9,0769231
231	4,0769231
231	0,0769231
231	44,0769231
232	42,0769231
232	27,0769231
232	21,0769231
232	9,0769231
233	18,0769231
233	29,0769231
233	20,0769231
233	20,0769231
234	18,0769231
234	43,0769231
234	11,0769231
235	15,0769231
235	42,0769231
235	25,0769231
235	47,0769231
236	30,0769231
236	21,0769231
236	14,0769231
236	21,0769231
237	24,0769231
237	9,0769231
237	18,0769231
237	-5,9230769
238	11,0769231
238	18,0769231
238	25,0769231
239	17,0769231
239	25,0769231
239	25,0769231
239	1,0769231
240	17,0769231
240	12,0769231
240	-11,9230769
240	40,0769231
241	40,0769231
241	16,0769231
241	21,0769231
241	18,0769231
242	4,0769231
242	-7,9230769
242	1,0769231
243	21,0769231
243	22,0769231
243	9,0769231
243	12,0769231
244	0,0769231
244	9,0769231
244	15,0769231
244	20,0769231
245	30,0769231
245	13,0769231
245	-4,9230769
245	-3,9230769
246	5,0769231
246	47,0769231
246	-13,9230769
247	6,0769231
247	17,0769231
247	24,0769231
247	42,0769231
248	27,0769231
248	7,0769231
248	25,0769231
248	21,0769231
249	36,0769231
249	9,0769231
249	-1,9230769
249	18,0769231
250	40,0769231
250	34,0769231
250	38,0769231
251	21,0769231
251	21,0769231
251	8,0769231
251	-17,9230769
252	-20,9230769
252	32,0769231
252	48,0769231
252	17,0769231
253	13,0769231
253	25,0769231
253	-0,9230769
253	19,0769231
254	8,0769231
254	20,0769231
254	27,0769231
254	22,0769231
255	1,0769231
255	5,0769231
255	17,0769231
256	7,0769231
256	3,0769231
256	14,0769231
256	24,0769231
257	20,0769231
257	5,0769231
257	21,0769231
257	12,0769231
258	38,0769231
258	15,0769231
258	20,0769231
258	24,0769231
259	22,0769231
259	26,0769231
259	19,0769231
260	3,0769231
260	6,0769231
260	-4,9230769
260	-0,9230769
261	17,0769231
261	29,0769231
261	37,0769231
261	20,0769231
262	27,0769231
262	12,0769231
262	7,0769231
262	-8,9230769
263	26,0769231
263	12,0769231
263	25,0769231
264	30,0769231
264	29,0769231
264	13,0769231
264	17,0769231
265	20,0769231
265	7,0769231
265	11,0769231
265	-17,9230769
266	19,0769231
266	0,0769231
266	16,0769231
266	3,0769231
267	38,0769231
267	48,0769231
267	31,0769231
268	31,0769231
268	46,0769231
268	25,0769231
268	55,0769231
269	28,0769231
269	27,0769231
269	14,0769231
269	22,0769231
270	32,0769231
270	26,0769231
270	-6,9230769
270	18,0769231
271	10,0769231
271	22,0769231
271	32,0769231
271	3,0769231
272	16,0769231
272	38,0769231
272	-1,9230769
273	23,0769231
273	26,0769231
273	-1,9230769
273	20,0769231
274	11,0769231
274	5,0769231
274	20,0769231
274	11,0769231
275	43,0769231
275	1,0769231
275	14,0769231
275	22,0769231
276	24,0769231
276	30,0769231
276	-10,9230769
277	41,0769231
277	57,0769231
277	36,0769231
277	17,0769231
278	28,0769231
278	36,0769231
278	2,0769231
278	12,0769231
279	20,0769231
279	36,0769231
279	37,0769231
279	34,0769231
280	15,0769231
280	-0,9230769
280	18,0769231
280	18,0769231
281	23,0769231
281	27,0769231
281	20,0769231
282	3,0769231
282	12,0769231
282	7,0769231
282	4,0769231
283	18,0769231
283	-18,9230769
283	-7,9230769
283	7,0769231
284	13,0769231
284	14,0769231
284	-1,9230769
284	21,0769231
285	12,0769231
285	36,0769231
285	10,0769231
286	20,0769231
286	18,0769231
286	-21,9230769
286	12,0769231
287	29,0769231
287	4,0769231
287	-11,9230769
287	30,0769231
288	10,0769231
288	30,0769231
288	25,0769231
288	11,0769231
289	29,0769231
289	21,0769231
289	47,0769231
290	25,0769231
290	14,0769231
290	18,0769231
290	13,0769231
291	38,0769231
291	8,0769231
291	-2,9230769
291	35,0769231
292	38,0769231
292	-1,9230769
292	4,0769231
292	45,0769231
293	23,0769231
293	52,0769231
293	51,0769231
293	42,0769231
294	29,0769231
294	39,0769231
294	25,0769231
295	50,0769231
295	49,0769231
295	22,0769231
295	20,0769231
296	10,0769231
296	43,0769231
296	47,0769231
296	19,0769231
297	-2,9230769
297	36,0769231
297	3,0769231
297	20,0769231
298	50,0769231
298	5,0769231
298	35,0769231
299	1,0769231
299	38,0769231
299	36,0769231
299	34,0769231
300	0,0769231
300	11,0769231
300	2,0769231
300	46,0769231
301	32,0769231
301	25,0769231
301	-10,9230769
301	4,0769231
302	11,0769231
302	19,0769231
302	39,0769231
302	47,0769231
303	43,0769231
303	11,0769231
303	21,0769231
304	13,0769231
304	7,0769231
304	18,0769231
304	10,0769231
305	45,0769231
305	39,0769231
305	8,0769231
305	9,0769231
306	38,0769231
306	15,0769231
306	16,0769231
306	18,0769231
307	37,0769231
307	66,0769231
307	30,0769231
307	14,0769231
308	29,0769231
308	43,0769231
308	39,0769231
309	44,0769231
309	51,0769231
309	51,0769231
309	28,0769231
310	37,0769231
310	19,0769231
310	21,0769231
310	27,0769231
311	62,0769231
311	70,0769231
311	56,0769231
311	60,0769231
312	91,0769231
312	62,0769231
312	76,0769231
313	63,0769231
313	67,0769231
313	95,0769231
313	104,0769231
314	76,0769231
314	64,0769231
314	86,0769231
314	83,0769231
315	83,0769231
315	85,0769231
315	98,0769231
315	91,0769231
316	79,0769231
316	82,0769231
316	87,0769231
316	73,0769231
317	71,0769231
317	60,0769231
317	52,0769231
318	73,0769231
318	77,0769231
318	74,0769231
318	49,0769231
319	71,0769231
319	63,0769231
319	41,0769231
319	38,0769231
320	48,0769231
320	42,0769231
320	47,0769231
320	48,0769231
321	27,0769231
321	17,0769231
321	16,0769231
321	23,0769231
322	30,0769231
322	20,0769231
322	15,0769231
323	29,0769231
323	28,0769231
323	38,0769231
323	39,0769231
324	1,0769231
324	-5,9230769
324	-12,9230769
324	20,0769231
325	5,0769231
325	8,0769231
325	7,0769231
325	23,0769231
326	2,0769231
326	2,0769231
326	34,0769231
327	32,0769231
327	42,0769231
327	27,0769231
327	-7,9230769
328	22,0769231
328	-2,9230769
328	43,0769231
328	11,0769231
329	26,0769231
329	8,0769231
329	33,0769231
329	14,0769231
330	38,0769231
330	22,0769231
330	53,0769231
330	54,0769231
331	19,0769231
331	40,0769231
331	50,0769231
332	76,0769231
332	77,0769231
332	66,0769231
332	87,0769231
333	77,0769231
333	80,0769231
333	105,0769231
333	86,0769231
334	83,0769231
334	97,0769231
334	101,0769231
334	131,0769231
335	112,0769231
335	120,0769231
335	105,0769231
335	129,0769231
336	133,0769231
336	154,0769231
336	138,0769231
337	116,0769231
337	164,0769231
337	150,0769231
337	151,0769231
338	153,0769231
338	112,0769231
338	118,0769231
338	145,0769231
339	129,0769231
339	104,0769231
339	112,0769231
339	100,0769231
340	86,0769231
340	68,0769231
340	59,0769231
340	57,0769231
341	64,0769231
341	59,0769231
341	79,0769231
342	73,0769231
342	61,0769231
342	83,0769231
342	46,0769231
343	49,0769231
343	54,0769231
343	25,0769231
343	39,0769231
344	53,0769231
344	31,0769231
344	56,0769231
344	37,0769231
345	10,0769231
345	24,0769231
345	9,0769231
345	54,0769231
346	11,0769231
346	32,0769231
346	51,0769231
347	40,0769231
347	21,0769231
347	13,0769231
347	-4,9230769
348	30,0769231
348	31,0769231
348	36,0769231
348	39,0769231
349	30,0769231
349	17,0769231
349	49,0769231
349	28,0769231
350	25,0769231
350	56,0769231
350	42,0769231
350	20,0769231
351	38,0769231
351	32,0769231
351	34,0769231
352	41,0769231
352	74,0769231
352	89,0769231
352	82,0769231
353	84,0769231
353	80,0769231
353	48,0769231
353	107,0769231
354	96,0769231
354	112,0769231
354	128,0769231
354	100,0769231
355	105,0769231
355	112,0769231
355	77,0769231
355	97,0769231
356	103,0769231
356	95,0769231
356	136,0769231
357	117,0769231
357	123,0769231
357	156,0769231
357	110,0769231
358	155,0769231
358	148,0769231
358	133,0769231
358	131,0769231
359	81,0769231
359	95,0769231
359	86,0769231
359	99,0769231
360	101,0769231
360	74,0769231
360	85,0769231
360	88,0769231
361	65,0769231
361	82,0769231
361	85,0769231
362	98,0769231
362	108,0769231
362	80,0769231
362	74,0769231
363	65,0769231
363	40,0769231
363	25,0769231
363	26,0769231
364	39,0769231
364	30,0769231
364	19,0769231
364	41,0769231
365	41,0769231
365	24,0769231
365	6,0769231
365	40,0769231
366	22,0769231
366	11,0769231
366	31,0769231
367	9,0769231
367	30,0769231
367	43,0769231
367	9,0769231
368	9,0769231
368	18,0769231
368	46,0769231
368	21,0769231
369	0,0769231
369	1,0769231
369	4,0769231
369	34,0769231
370	39,0769231
370	42,0769231
370	3,0769231
370	44,0769231
371	48,0769231
371	34,0769231
371	51,0769231
371	41,0769231
372	39,0769231
372	1,0769231
372	22,0769231
373	28,0769231
373	31,0769231
373	26,0769231
373	49,0769231
374	34,0769231
374	43,0769231
374	59,0769231
374	43,0769231
375	45,0769231
375	51,0769231
375	71,0769231
375	61,0769231
376	65,0769231
376	63,0769231
376	63,0769231
376	62,0769231
377	51,0769231
377	69,0769231
377	96,0769231
378	92,0769231
378	66,0769231
378	81,0769231
378	55,0769231
379	55,0769231
379	60,0769231
379	77,0769231
379	67,0769231
380	70,0769231
380	66,0769231
380	77,0769231
380	47,0769231
381	89,0769231
381	52,0769231
381	53,0769231
381	48,0769231
382	46,0769231
382	52,0769231
382	58,0769231
383	26,0769231
383	23,0769231
383	49,0769231
383	47,0769231
384	47,0769231
384	26,0769231
384	28,0769231
384	37,0769231
385	49,0769231
385	63,0769231
385	56,0769231
385	45,0769231
386	34,0769231
386	0,0769231
386	22,0769231
386	36,0769231
387	34,0769231
387	10,0769231
387	27,0769231
387	13,0769231
388	16,0769231
388	30,0769231
388	23,0769231
389	-8,9230769
389	-5,9230769
389	9,0769231
389	18,0769231
390	37,0769231
390	42,0769231
390	24,0769231
390	24,0769231
391	16,0769231
391	50,0769231
391	32,0769231
391	14,0769231
392	31,0769231
392	36,0769231
392	21,0769231
392	26,0769231
393	7,0769231
393	15,0769231
393	42,0769231
394	33,0769231
394	35,0769231
394	32,0769231
394	46,0769231
395	12,0769231
395	25,0769231
395	9,0769231
395	5,0769231
396	33,0769231
396	34,0769231
396	41,0769231
396	37,0769231
397	12,0769231
397	51,0769231
397	35,0769231
397	30,0769231
398	51,0769231
398	21,0769231
398	21,0769231
398	14,0769231
399	37,0769231
399	49,0769231
399	37,0769231
400	35,0769231
400	42,0769231
400	60,0769231
400	46,0769231
401	34,0769231
401	53,0769231
401	31,0769231
401	42,0769231
402	42,0769231
402	21,0769231
402	31,0769231
402	24,0769231
403	29,0769231
403	38,0769231
403	50,0769231
403	13,0769231
404	21,0769231
404	41,0769231
404	43,0769231
405	34,0769231
405	43,0769231
405	48,0769231
405	29,0769231
406	24,0769231
406	50,0769231
406	54,0769231
406	55,0769231
407	46,0769231
407	7,0769231
407	18,0769231
407	47,0769231
408	40,0769231
408	28,0769231
408	-11,9230769
408	26,0769231
409	28,0769231
409	11,0769231
409	22,0769231
409	16,0769231
410	30,0769231
410	15,0769231
410	58,0769231
411	35,0769231
411	28,0769231
411	26,0769231
411	14,0769231
412	29,0769231
412	30,0769231
412	34,0769231
412	17,0769231
413	14,0769231
413	25,0769231
413	10,0769231
413	2,0769231
414	13,0769231
414	4,0769231
414	3,0769231
414	22,0769231
415	36,0769231
415	32,0769231
415	22,0769231
415	17,0769231
416	8,0769231
416	22,0769231
416	12,0769231
417	40,0769231
417	21,0769231
417	9,0769231
417	20,0769231
418	26,0769231
418	19,0769231
418	4,0769231
418	19,0769231
419	36,0769231
419	21,0769231
419	44,0769231
419	20,0769231
420	14,0769231
420	28,0769231
420	29,0769231
420	21,0769231
421	48,0769231
421	16,0769231
421	33,0769231
421	12,0769231
422	26,0769231
422	37,0769231
422	4,0769231
423	25,0769231
423	-0,9230769
423	52,0769231
423	10,0769231
424	38,0769231
424	11,0769231
424	13,0769231
424	32,0769231
425	36,0769231
425	-6,9230769
425	9,0769231
425	28,0769231
426	28,0769231
426	25,0769231
426	26,0769231
426	30,0769231
427	44,0769231
427	3,0769231
427	25,0769231
427	21,0769231
428	15,0769231
428	43,0769231
428	29,0769231
429	34,0769231
429	44,0769231
429	0,0769231
429	55,0769231
430	35,0769231
430	18,0769231
430	8,0769231
430	14,0769231
431	28,0769231
431	15,0769231
431	16,0769231
431	52,0769231
432	25,0769231
432	22,0769231
432	30,0769231
432	57,0769231
433	29,0769231
433	47,0769231
433	26,0769231
433	-2,9230769
434	15,0769231
434	17,0769231
434	17,0769231
435	23,0769231
435	19,0769231
435	7,0769231
435	27,0769231
436	30,0769231
436	42,0769231
436	25,0769231
436	22,0769231
437	17,0769231
437	23,0769231
437	20,0769231
437	-8,9230769
438	15,0769231
438	20,0769231
438	47,0769231
438	30,0769231
439	4,0769231
439	0,0769231
439	10,0769231
439	24,0769231
440	34,0769231
440	23,0769231
440	13,0769231
441	8,0769231
441	0,0769231
441	19,0769231
441	53,0769231
442	35,0769231
442	21,0769231
442	4,0769231
442	20,0769231
443	30,0769231
443	18,0769231
443	34,0769231
443	15,0769231
444	-5,9230769
444	37,0769231
444	14,0769231
444	20,0769231
445	1,0769231
445	13,0769231
445	32,0769231
445	55,0769231
446	-5,9230769
446	2,0769231
446	19,0769231
447	37,0769231
447	27,0769231
447	28,0769231
447	26,0769231
448	45,0769231
448	-2,9230769
448	10,0769231
448	3,0769231
449	12,0769231
449	19,0769231
449	-3,9230769
449	8,0769231
450	16,0769231
450	2,0769231
450	8,0769231
450	22,0769231
451	0,0769231
451	13,0769231
451	18,0769231
451	22,0769231
452	5,0769231
452	-9,9230769
452	0,0769231
452	30,0769231
453	29,0769231
453	19,0769231
453	11,0769231
454	16,0769231
454	20,0769231
454	26,0769231
454	29,0769231
455	8,0769231
455	25,0769231
455	33,0769231
455	19,0769231
456	30,0769231
456	23,0769231
456	7,0769231
456	29,0769231
457	22,0769231
457	21,0769231
457	30,0769231
457	10,0769231
458	8,0769231
458	8,0769231
458	-4,9230769
458	20,0769231
459	-3,9230769
459	24,0769231
459	33,0769231
460	43,0769231
460	43,0769231
460	31,0769231
460	19,0769231
461	20,0769231
461	9,0769231
461	21,0769231
461	23,0769231
462	21,0769231
462	7,0769231
462	9,0769231
462	6,0769231
463	-3,9230769
463	0,0769231
463	-4,9230769
463	12,0769231
464	10,0769231
464	23,0769231
464	17,0769231
464	18,0769231
465	27,0769231
465	46,0769231
465	30,0769231
465	11,0769231
466	17,0769231
466	20,0769231
466	15,0769231
467	28,0769231
467	33,0769231
467	31,0769231
467	16,0769231
468	19,0769231
468	42,0769231
468	7,0769231
468	-3,9230769
469	17,0769231
469	4,0769231
469	-14,9230769
469	24,0769231
470	25,0769231
470	25,0769231
470	9,0769231
470	17,0769231
471	30,0769231
471	-0,9230769
471	33,0769231
471	12,0769231
472	20,0769231
472	23,0769231
472	8,0769231
472	35,0769231
473	10,0769231
473	46,0769231
473	17,0769231
474	5,0769231
474	-3,9230769
474	26,0769231
474	9,0769231
475	8,0769231
475	37,0769231
475	-2,9230769
475	3,0769231
476	14,0769231
476	21,0769231
476	27,0769231
476	10,0769231
477	26,0769231
477	20,0769231
477	-5,9230769
477	12,0769231
478	9,0769231
478	-5,9230769
478	-4,9230769
478	17,0769231
479	24,0769231
479	7,0769231
479	20,0769231
479	10,0769231
480	15,0769231
480	2,0769231
480	4,0769231
481	33,0769231
481	37,0769231
481	24,0769231
481	33,0769231
482	44,0769231
482	16,0769231
482	40,0769231
482	17,0769231
483	7,0769231
483	9,0769231
483	17,0769231
483	9,0769231
484	-0,9230769
484	25,0769231
484	13,0769231
484	-8,9230769
485	-0,9230769
485	14,0769231
485	38,0769231
485	35,0769231
486	16,0769231
486	17,0769231
486	9,0769231
486	13,0769231
487	4,0769231
487	23,0769231
487	11,0769231
488	19,0769231
488	12,0769231
488	17,0769231
488	19,0769231
489	25,0769231
489	7,0769231
489	31,0769231
489	16,0769231
490	30,0769231
490	21,0769231
490	10,0769231
490	25,0769231
491	12,0769231
491	26,0769231
491	11,0769231
491	5,0769231
492	5,0769231
492	19,0769231
492	30,0769231
492	23,0769231
493	12,0769231
493	4,0769231
493	12,0769231
493	-12,9230769
494	6,0769231
494	7,0769231
494	36,0769231
495	24,0769231
495	-2,9230769
495	18,0769231
495	0,0769231
496	37,0769231
496	17,0769231
496	22,0769231
496	27,0769231
497	11,0769231
497	26,0769231
497	14,0769231
497	15,0769231
498	21,0769231
498	0,0769231
498	29,0769231
498	3,0769231
499	20,0769231
499	25,0769231
499	23,0769231
499	48,0769231
500	44,0769231
500	29,0769231
500	19,0769231
500	21,0769231
501	15,0769231
501	7,0769231
501	13,0769231
502	8,0769231
502	28,0769231
502	7,0769231
502	14,0769231
503	31,0769231
503	17,0769231
503	30,0769231
503	-11,9230769
504	2,0769231
504	7,0769231
504	15,0769231
504	22,0769231
505	18,0769231
505	1,0769231
505	-2,9230769
505	19,0769231
506	25,0769231
506	9,0769231
506	0,0769231
506	15,0769231
507	8,0769231
507	13,0769231
507	24,0769231
507	17,0769231
508	20,0769231
508	33,0769231
508	15,0769231
508	47,0769231
509	10,0769231
509	16,0769231
509	2,0769231
510	10,0769231
510	14,0769231
510	5,0769231
510	6,0769231
511	31,0769231
511	36,0769231
511	22,0769231
511	18,0769231
512	18,0769231
512	21,0769231
512	33,0769231
512	23,0769231
513	2,0769231
513	24,0769231
513	22,0769231
513	-11,9230769
514	12,0769231
514	32,0769231
514	11,0769231
514	7,0769231
515	27,0769231
515	9,0769231
515	-1,9230769
515	25,0769231
516	17,0769231
516	37,0769231
516	26,0769231
516	-6,9230769
517	6,0769231
517	9,0769231
517	11,0769231
518	10,0769231
518	5,0769231
518	30,0769231
518	22,0769231
519	53,0769231
519	29,0769231
519	8,0769231
519	30,0769231
520	-5,9230769
520	8,0769231
520	31,0769231
520	10,0769231
521	14,0769231
521	34,0769231
521	31,0769231
521	52,0769231
522	53,0769231
522	44,0769231
522	23,0769231
522	48,0769231
523	14,0769231
523	13,0769231
523	15,0769231
523	-7,9230769
524	7,0769231
524	21,0769231
524	20,0769231
524	27,0769231
525	12,0769231
525	8,0769231
525	45,0769231
526	19,0769231
526	59,0769231
526	34,0769231
526	13,0769231
527	22,0769231
527	6,0769231
527	2,0769231
527	15,0769231
528	47,0769231
528	13,0769231
528	4,0769231
528	28,0769231
529	45,0769231
529	1,0769231
529	2,0769231
529	38,0769231
530	45,0769231
530	11,0769231
530	9,0769231
530	14,0769231
531	29,0769231
531	9,0769231
531	45,0769231
531	30,0769231
532	20,0769231
532	26,0769231
532	4,0769231
532	22,0769231
533	18,0769231
533	-0,9230769
533	19,0769231
534	33,0769231
534	15,0769231
534	9,0769231
534	-6,9230769
535	6,0769231
535	19,0769231
535	45,0769231
535	45,0769231
536	46,0769231
536	34,0769231
536	0,0769231
536	17,0769231
537	14,0769231
537	12,0769231
537	17,0769231
537	7,0769231
538	13,0769231
538	-6,9230769
538	37,0769231
538	12,0769231
539	29,0769231
539	26,0769231
539	12,0769231
539	30,0769231
540	23,0769231
540	12,0769231
540	35,0769231
540	15,0769231
541	12,0769231
541	9,0769231
541	10,0769231
541	12,0769231
542	44,0769231
542	17,0769231
542	16,0769231
543	9,0769231
543	5,0769231
543	14,0769231
543	59,0769231
544	6,0769231
544	15,0769231
544	25,0769231
544	28,0769231
545	-23,9230769
545	13,0769231
545	-1,9230769
545	-1,9230769
546	25,0769231
546	10,0769231
546	21,0769231
546	18,0769231
547	1,0769231
547	1,0769231
547	19,0769231
547	17,0769231
548	12,0769231
548	28,0769231
548	4,0769231
548	18,0769231
549	4,0769231
549	37,0769231
549	21,0769231
549	-2,9230769
550	3,0769231
550	20,0769231
550	40,0769231
550	-9,9230769
551	-9,9230769
551	0,0769231
551	16,0769231
552	-9,9230769
552	5,0769231
552	2,0769231
552	11,0769231
553	25,0769231
553	14,0769231
553	3,0769231
553	31,0769231
554	14,0769231
554	12,0769231
554	21,0769231
554	5,0769231
555	41,0769231
555	41,0769231
555	17,0769231
555	4,0769231
556	34,0769231
556	31,0769231
556	4,0769231
556	38,0769231
557	56,0769231
557	17,0769231
557	-1,9230769
557	29,0769231
558	6,0769231
558	0,0769231
558	29,0769231
558	14,0769231
559	22,0769231
559	37,0769231
559	14,0769231
559	7,0769231
560	23,0769231
560	47,0769231
560	1,0769231
561	25,0769231
561	15,0769231
561	2,0769231
561	27,0769231
562	25,0769231
562	5,0769231
562	36,0769231
562	25,0769231
563	10,0769231
563	-2,9230769
563	-2,9230769
563	38,0769231
564	15,0769231
564	6,0769231
564	34,0769231
564	36,0769231
565	40,0769231
565	16,0769231
565	31,0769231
565	33,0769231
566	36,0769231
566	14,0769231
566	-1,9230769
566	21,0769231
567	26,0769231
567	-8,9230769
567	-15,9230769
567	9,0769231
568	4,0769231
568	19,0769231
568	3,0769231
568	12,0769231
569	14,0769231
569	40,0769231
569	42,0769231
569	4,0769231
570	24,0769231
570	12,0769231
570	13,0769231
571	16,0769231
571	13,0769231
571	-8,9230769
571	10,0769231
572	10,0769231
572	5,0769231
572	10,0769231
572	7,0769231
573	10,0769231
573	11,0769231
573	20,0769231
573	29,0769231
574	38,0769231
574	21,0769231
574	-5,9230769
574	24,0769231
575	16,0769231
575	-1,9230769
575	21,0769231
575	7,0769231
576	20,0769231
576	2,0769231
576	46,0769231
576	-1,9230769
577	13,0769231
577	39,0769231
577	1,0769231
577	13,0769231
578	16,0769231
578	21,0769231
578	-5,9230769
578	21,0769231
579	-7,9230769
579	-2,9230769
579	0,0769231
579	4,0769231
580	13,0769231
580	17,0769231
580	1,0769231
581	41,0769231
581	33,0769231
581	12,0769231
581	31,0769231
582	-0,9230769
582	2,0769231
582	30,0769231
582	29,0769231
583	-7,9230769
583	7,0769231
583	4,0769231
583	16,0769231
584	24,0769231
584	-0,9230769
584	22,0769231
584	14,0769231
585	22,0769231
585	-1,9230769
585	27,0769231
585	18,0769231
586	12,0769231
586	27,0769231
586	28,0769231
586	46,0769231
587	24,0769231
587	-21,9230769
587	10,0769231
587	-3,9230769
588	32,0769231
588	29,0769231
588	22,0769231
588	25,0769231
589	11,0769231
589	12,0769231
589	13,0769231
589	-31,9230769
590	15,0769231
590	22,0769231
590	10,0769231
590	22,0769231
591	3,0769231
591	34,0769231
591	-2,9230769
592	7,0769231
592	0,0769231
592	35,0769231
592	17,0769231
593	16,0769231
593	4,0769231
593	10,0769231
593	29,0769231
594	51,0769231
594	11,0769231
594	20,0769231
594	25,0769231
595	9,0769231
595	-6,9230769
595	14,0769231
595	9,0769231
596	18,0769231
596	-5,9230769
596	0,0769231
596	1,0769231
597	51,0769231
597	36,0769231
597	20,0769231
597	2,0769231
598	2,0769231
598	-0,9230769
598	5,0769231
598	4,0769231
599	-6,9230769
599	28,0769231
599	-16,9230769
599	9,0769231
600	20,0769231
600	20,0769231
600	-8,9230769
600	-9,9230769
601	-20,9230769
601	15,0769231
601	16,0769231
601	17,0769231
602	18,0769231
602	-3,9230769
602	34,0769231
603	48,0769231
603	16,0769231
603	18,0769231
603	16,0769231
604	20,0769231
604	6,0769231
604	12,0769231
604	9,0769231
605	21,0769231
605	43,0769231
605	26,0769231
605	13,0769231
606	-7,9230769
606	19,0769231
606	44,0769231
606	19,0769231
607	7,0769231
607	-8,9230769
607	13,0769231
607	22,0769231
608	6,0769231
608	49,0769231
608	7,0769231
608	9,0769231
609	-5,9230769
609	21,0769231
609	20,0769231
609	9,0769231
610	3,0769231
610	24,0769231
610	30,0769231
610	11,0769231
611	12,0769231
611	20,0769231
611	18,0769231
611	15,0769231
612	16,0769231
612	11,0769231
612	28,0769231
612	25,0769231
613	17,0769231
613	9,0769231
613	9,0769231
613	5,0769231
614	25,0769231
614	10,0769231
614	-2,9230769
614	11,0769231
615	3,0769231
615	23,0769231
615	-0,9230769
616	-2,9230769
616	-15,9230769
616	20,0769231
616	10,0769231
617	-6,9230769
617	27,0769231
617	16,0769231
617	-13,9230769
618	11,0769231
618	15,0769231
618	10,0769231
618	23,0769231
619	35,0769231
619	28,0769231
619	33,0769231
619	11,0769231
620	19,0769231
620	30,0769231
620	6,0769231
620	29,0769231
621	35,0769231
621	22,0769231
621	-1,9230769
621	-14,9230769
622	4,0769231
622	5,0769231
622	25,0769231
622	22,0769231
623	0,0769231
623	28,0769231
623	29,0769231
623	27,0769231
624	11,0769231
624	24,0769231
624	4,0769231
624	0,0769231
625	22,0769231
625	19,0769231
625	-1,9230769
625	8,0769231
626	13,0769231
626	9,0769231
626	6,0769231
626	8,0769231
627	24,0769231
627	-4,9230769
627	44,0769231
627	17,0769231
628	-0,9230769
628	5,0769231
628	24,0769231
629	24,0769231
629	3,0769231
629	-7,9230769
629	10,0769231
630	15,0769231
630	15,0769231
630	-5,9230769
630	28,0769231
631	1,0769231
631	23,0769231
631	9,0769231
631	29,0769231
632	30,0769231
632	-0,9230769
632	17,0769231
632	4,0769231
633	21,0769231
633	39,0769231
633	21,0769231
633	10,0769231
634	27,0769231
634	-3,9230769
634	-3,9230769
634	12,0769231
635	21,0769231
635	-4,9230769
635	-25,9230769
635	27,0769231
636	1,0769231
636	24,0769231
636	29,0769231
636	23,0769231
637	-0,9230769
637	22,0769231
637	14,0769231
637	21,0769231
638	10,0769231
638	29,0769231
638	12,0769231
638	11,0769231
639	6,0769231
639	-4,9230769
639	31,0769231
639	33,0769231
640	-11,9230769
640	17,0769231
640	4,0769231
640	17,0769231
641	-8,9230769
641	10,0769231
641	16,0769231
641	17,0769231
642	17,0769231
642	31,0769231
642	30,0769231
642	31,0769231
643	35,0769231
643	19,0769231
643	15,0769231
644	17,0769231
644	11,0769231
644	16,0769231
644	13,0769231
645	36,0769231
645	0,0769231
645	25,0769231
645	25,0769231
646	18,0769231
646	31,0769231
646	20,0769231
646	15,0769231
647	34,0769231
647	38,0769231
647	21,0769231
647	13,0769231
648	44,0769231
648	24,0769231
648	4,0769231
648	36,0769231
649	8,0769231
649	28,0769231
649	0,0769231
649	18,0769231
650	38,0769231
650	23,0769231
650	12,0769231
650	13,0769231
651	22,0769231
651	50,0769231
651	24,0769231
651	18,0769231
652	4,0769231
652	37,0769231
652	58,0769231
652	20,0769231
653	23,0769231
653	18,0769231
653	20,0769231
653	9,0769231
654	6,0769231
654	11,0769231
654	33,0769231
654	16,0769231
655	36,0769231
655	19,0769231
655	24,0769231
655	10,0769231
656	5,0769231
656	7,0769231
656	-10,9230769
656	6,0769231
657	18,0769231
657	12,0769231
657	28,0769231
657	23,0769231
658	11,0769231
658	9,0769231
658	22,0769231
658	25,0769231
659	18,0769231
659	25,0769231
659	23,0769231
660	27,0769231
660	30,0769231
660	38,0769231
660	25,0769231
661	17,0769231
661	16,0769231
661	26,0769231
661	3,0769231
662	33,0769231
662	35,0769231
662	31,0769231
662	35,0769231
663	3,0769231
663	12,0769231
663	45,0769231
663	33,0769231
664	18,0769231
664	40,0769231
664	18,0769231
664	14,0769231
665	46,0769231
665	22,0769231
665	36,0769231
665	4,0769231
666	12,0769231
666	26,0769231
666	31,0769231
666	15,0769231
667	22,0769231
667	12,0769231
667	33,0769231
667	10,0769231
668	11,0769231
668	13,0769231
668	39,0769231
668	25,0769231
669	17,0769231
669	-6,9230769
669	22,0769231
669	28,0769231
670	3,0769231
670	34,0769231
670	13,0769231
670	11,0769231
671	12,0769231
671	31,0769231
671	34,0769231
671	11,0769231
672	33,0769231
672	28,0769231
672	32,0769231
672	16,0769231
673	3,0769231
673	-13,9230769
673	15,0769231
673	29,0769231
674	3,0769231
674	20,0769231
674	8,0769231
674	30,0769231
675	-14,9230769
675	30,0769231
675	13,0769231
675	19,0769231
676	17,0769231
676	23,0769231
676	19,0769231
676	33,0769231
677	12,0769231
677	-7,9230769
677	28,0769231
677	14,0769231
678	33,0769231
678	29,0769231
678	-3,9230769
678	21,0769231
679	22,0769231
679	18,0769231
679	25,0769231
680	42,0769231
680	4,0769231
680	8,0769231
680	8,0769231
681	26,0769231
681	16,0769231
681	28,0769231
681	9,0769231
682	14,0769231
682	3,0769231
682	42,0769231
682	29,0769231
683	-6,9230769
683	18,0769231
683	30,0769231
683	20,0769231
684	25,0769231
684	25,0769231
684	36,0769231
684	26,0769231
685	34,0769231
685	5,0769231
685	13,0769231
685	-7,9230769
686	16,0769231
686	14,0769231
686	21,0769231
686	24,0769231
687	28,0769231
687	27,0769231
687	37,0769231
687	30,0769231
688	8,0769231
688	32,0769231
688	-6,9230769
688	4,0769231
689	31,0769231
689	25,0769231
689	29,0769231
689	12,0769231
690	7,0769231
690	5,0769231
690	1,0769231
690	14,0769231
691	4,0769231
691	15,0769231
691	26,0769231
691	36,0769231
692	23,0769231
692	16,0769231
692	35,0769231
692	10,0769231
693	17,0769231
693	-9,9230769
693	14,0769231
693	-4,9230769
694	15,0769231
694	32,0769231
694	29,0769231
694	21,0769231
695	-0,9230769
695	21,0769231
695	-11,9230769
695	-1,9230769
696	1,0769231
696	11,0769231
696	-1,9230769
696	-5,9230769
697	4,0769231
697	14,0769231
697	17,0769231
697	23,0769231
698	12,0769231
698	-7,9230769
698	-8,9230769
698	21,0769231
699	30,0769231
699	-1,9230769
699	9,0769231
699	29,0769231
700	15,0769231
700	13,0769231
700	11,0769231
700	-0,9230769
701	22,0769231
701	-10,9230769
701	12,0769231
701	10,0769231
702	-18,9230769
702	12,0769231
702	15,0769231
702	-6,9230769
703	-6,9230769
703	11,0769231
703	21,0769231
703	10,0769231
704	27,0769231
704	33,0769231
704	16,0769231
704	49,0769231
705	31,0769231
705	-3,9230769
705	49,0769231
706	18,0769231
706	35,0769231
706	15,0769231
706	7,0769231
707	18,0769231
707	-8,9230769
707	33,0769231
707	18,0769231
708	1,0769231
708	29,0769231
708	12,0769231
708	37,0769231
709	5,0769231
709	25,0769231
709	8,0769231
709	16,0769231
710	14,0769231
710	23,0769231
710	1,0769231
710	31,0769231
711	14,0769231
711	18,0769231
711	32,0769231
711	29,0769231
712	21,0769231
712	-10,9230769
712	35,0769231
712	7,0769231
713	-0,9230769
713	21,0769231
713	-2,9230769
713	12,0769231
714	38,0769231
714	27,0769231
714	11,0769231
714	16,0769231
715	15,0769231
715	20,0769231
715	8,0769231
715	6,0769231
716	16,0769231
716	35,0769231
716	26,0769231
716	32,0769231
717	-4,9230769
717	25,0769231
717	34,0769231
717	19,0769231
718	24,0769231
718	35,0769231
718	18,0769231
718	17,0769231
719	18,0769231
719	8,0769231
719	30,0769231
719	-22,9230769
720	8,0769231
720	5,0769231
720	12,0769231
720	22,0769231
721	36,0769231
721	13,0769231
721	11,0769231
721	8,0769231
722	37,0769231
722	40,0769231
722	2,0769231
722	-13,9230769
723	16,0769231
723	17,0769231
723	6,0769231
723	29,0769231
724	37,0769231
724	27,0769231
724	7,0769231
724	-13,9230769
725	23,0769231
725	36,0769231
725	15,0769231
725	-6,9230769
726	-18,9230769
726	43,0769231
726	33,0769231
726	32,0769231
727	10,0769231
727	-7,9230769
727	27,0769231
727	33,0769231
728	21,0769231
728	-2,9230769
728	11,0769231
728	17,0769231
729	6,0769231
729	16,0769231
729	32,0769231
729	24,0769231
730	36,0769231
730	-17,9230769
730	10,0769231
730	12,0769231
731	41,0769231
731	10,0769231
731	13,0769231
731	48,0769231
732	7,0769231
732	-5,9230769
732	7,0769231
732	46,0769231
733	34,0769231
733	10,0769231
733	12,0769231
733	24,0769231
734	10,0769231
734	16,0769231
734	5,0769231
734	30,0769231
735	2,0769231
735	14,0769231
735	29,0769231
735	28,0769231
736	3,0769231
736	25,0769231
736	1,0769231
736	31,0769231
737	19,0769231
737	1,0769231
737	-8,9230769
737	2,0769231
738	3,0769231
738	14,0769231
738	29,0769231
738	36,0769231
739	37,0769231
739	45,0769231
739	-0,9230769
739	32,0769231
740	8,0769231
740	16,0769231
740	19,0769231
740	1,0769231
741	0,0769231
741	8,0769231
741	27,0769231
741	1,0769231
742	21,0769231
742	33,0769231
742	-3,9230769
742	2,0769231
743	-17,9230769
743	26,0769231
743	10,0769231
743	12,0769231
744	7,0769231
744	7,0769231
744	12,0769231
744	36,0769231
745	33,0769231
745	19,0769231
745	14,0769231
745	15,0769231
746	-1,9230769
746	18,0769231
746	21,0769231
746	21,0769231
747	11,0769231
747	30,0769231
747	34,0769231
747	13,0769231
748	22,0769231
748	18,0769231
748	11,0769231
748	21,0769231
749	16,0769231
749	26,0769231
749	24,0769231
749	19,0769231
750	14,0769231
750	9,0769231
750	14,0769231
750	15,0769231
751	22,0769231
751	21,0769231
751	10,0769231
751	11,0769231
752	7,0769231
752	22,0769231
752	20,0769231
752	26,0769231
753	9,0769231
753	30,0769231
753	8,0769231
753	4,0769231
754	-8,9230769
754	-16,9230769
754	-6,9230769
754	7,0769231
755	5,0769231
755	3,0769231
755	23,0769231
755	11,0769231
756	5,0769231
756	17,0769231
756	17,0769231
756	20,0769231
757	13,0769231
757	16,0769231
757	12,0769231
757	23,0769231
758	8,0769231
758	10,0769231
758	25,0769231
758	43,0769231
759	36,0769231
759	36,0769231
759	16,0769231
759	2,0769231
760	21,0769231
760	24,0769231
760	15,0769231
760	17,0769231
761	23,0769231
761	42,0769231
761	5,0769231
761	-3,9230769
762	15,0769231
762	31,0769231
762	20,0769231
762	18,0769231
763	-14,9230769
763	17,0769231
763	1,0769231
763	42,0769231
764	17,0769231
764	-2,9230769
764	25,0769231
764	33,0769231
765	34,0769231
765	17,0769231
765	3,0769231
765	13,0769231
766	5,0769231
766	24,0769231
766	11,0769231
766	33,0769231
767	10,0769231
767	0,0769231
767	17,0769231
767	41,0769231
768	23,0769231
768	27,0769231
768	7,0769231
768	33,0769231
769	-9,9230769
769	21,0769231
769	18,0769231
769	5,0769231
770	39,0769231
770	25,0769231
770	16,0769231
770	6,0769231
771	1,0769231
771	-8,9230769
771	5,0769231
771	23,0769231
772	14,0769231
772	7,0769231
772	34,0769231
772	32,0769231
773	18,0769231
773	14,0769231
773	15,0769231
773	14,0769231
774	22,0769231
774	27,0769231
774	10,0769231
774	-2,9230769
775	-2,9230769
775	-4,9230769
775	18,0769231
775	29,0769231
776	-3,9230769
776	-1,9230769
776	43,0769231
776	14,0769231
777	35,0769231
777	14,0769231
777	19,0769231
777	15,0769231
778	23,0769231
778	15,0769231
778	3,0769231
778	20,0769231
779	15,0769231
779	18,0769231
779	8,0769231
779	55,0769231
780	22,0769231
780	23,0769231
780	35,0769231
780	10,0769231
781	22,0769231
781	-3,9230769
781	27,0769231
781	21,0769231
782	42,0769231
782	27,0769231
782	23,0769231
782	56,0769231
783	14,0769231
783	-2,9230769
783	-1,9230769
783	18,0769231
784	13,0769231
784	36,0769231
784	26,0769231
784	5,0769231
785	21,0769231
785	-4,9230769
785	11,0769231
785	-1,9230769
786	21,0769231
786	-3,9230769
786	4,0769231
786	37,0769231
787	27,0769231
787	0,0769231
787	15,0769231
787	5,0769231
788	1,0769231
788	-3,9230769
788	-0,9230769
788	27,0769231
789	11,0769231
789	28,0769231
789	0,0769231
789	-3,9230769
790	4,0769231
790	0,0769231
790	16,0769231
790	25,0769231
791	5,0769231
791	0,0769231
791	-12,9230769
791	-5,9230769
792	32,0769231
792	-2,9230769
792	34,0769231
792	23,0769231
793	-3,9230769
793	26,0769231
793	12,0769231
793	33,0769231
794	42,0769231
794	-7,9230769
794	0,0769231
794	15,0769231
795	1,0769231
795	30,0769231
795	31,0769231
795	27,0769231
796	24,0769231
796	18,0769231
796	-17,9230769
796	18,0769231
797	23,0769231
797	13,0769231
797	34,0769231
797	13,0769231
798	12,0769231
798	26,0769231
798	36,0769231
798	46,0769231
799	6,0769231
799	6,0769231
799	26,0769231
799	2,0769231
800	4,0769231
800	47,0769231
800	17,0769231
800	11,0769231
801	48,0769231
801	5,0769231
801	1,0769231
801	-8,9230769
802	38,0769231
802	30,0769231
802	41,0769231
802	15,0769231
803	8,0769231
803	-8,9230769
803	20,0769231
803	12,0769231
804	-1,9230769
804	-8,9230769
804	-9,9230769
804	47,0769231
805	1,0769231
805	-25,9230769
805	12,0769231
805	4,0769231
806	17,0769231
806	31,0769231
806	55,0769231
806	44,0769231
807	-2,9230769
807	35,0769231
807	24,0769231
807	25,0769231
808	33,0769231
808	32,0769231
808	14,0769231
808	15,0769231
809	9,0769231
809	25,0769231
809	12,0769231
809	-5,9230769
810	9,0769231
810	26,0769231
810	19,0769231
810	19,0769231
811	26,0769231
811	32,0769231
811	-3,9230769
811	13,0769231
812	8,0769231
812	35,0769231
812	38,0769231
812	15,0769231
813	0,0769231
813	33,0769231
813	25,0769231
813	13,0769231
814	17,0769231
814	2,0769231
814	19,0769231
814	10,0769231
815	47,0769231
815	31,0769231
815	44,0769231
815	14,0769231
816	55,0769231
816	20,0769231
816	7,0769231
816	28,0769231
817	14,0769231
817	1,0769231
817	9,0769231
817	9,0769231
818	10,0769231
818	18,0769231
818	19,0769231
818	11,0769231
819	10,0769231
819	40,0769231
819	27,0769231
819	12,0769231
820	13,0769231
820	-15,9230769
820	6,0769231
820	17,0769231
820	-1,9230769
821	4,0769231
821	4,0769231
821	15,0769231
821	16,0769231
822	11,0769231
822	15,0769231
822	-6,9230769
822	17,0769231
823	10,0769231
823	23,0769231
823	16,0769231
823	30,0769231
824	2,0769231
824	25,0769231
824	-2,9230769
824	43,0769231
825	27,0769231
825	25,0769231
825	22,0769231
825	33,0769231
826	-0,9230769
826	29,0769231
826	16,0769231
826	5,0769231
827	17,0769231
827	16,0769231
827	6,0769231
827	-10,9230769
828	14,0769231
828	-3,9230769
828	12,0769231
828	20,0769231
829	35,0769231
829	31,0769231
829	42,0769231
829	19,0769231
830	9,0769231
830	23,0769231
830	8,0769231
830	25,0769231
831	28,0769231
831	21,0769231
831	12,0769231
831	13,0769231
832	26,0769231
832	-2,9230769
832	12,0769231
832	-2,9230769
833	21,0769231
833	0,0769231
833	-5,9230769
833	14,0769231
834	30,0769231
834	13,0769231
834	24,0769231
834	11,0769231
835	14,0769231
835	38,0769231
835	25,0769231
835	32,0769231
836	18,0769231
836	-3,9230769
836	21,0769231
836	17,0769231
837	10,0769231
837	14,0769231
837	3,0769231
837	17,0769231
838	-0,9230769
838	23,0769231
838	4,0769231
838	12,0769231
839	26,0769231
839	26,0769231
839	8,0769231
839	52,0769231
840	31,0769231
840	1,0769231
840	23,0769231
840	14,0769231
841	-1,9230769
841	44,0769231
841	51,0769231
841	23,0769231
842	22,0769231
842	41,0769231
842	18,0769231
842	31,0769231
843	32,0769231
843	25,0769231
843	22,0769231
843	33,0769231
844	30,0769231
844	25,0769231
844	36,0769231
844	14,0769231
845	-15,9230769
845	29,0769231
845	18,0769231
845	15,0769231
845	0,0769231
846	7,0769231
846	3,0769231
846	14,0769231
846	-2,9230769
847	11,0769231
847	-6,9230769
847	18,0769231
847	0,0769231
848	21,0769231
848	0,0769231
848	4,0769231
848	23,0769231
849	10,0769231
849	12,0769231
849	19,0769231
849	40,0769231
850	18,0769231
850	14,0769231
850	29,0769231
850	41,0769231
851	23,0769231
851	9,0769231
851	32,0769231
851	12,0769231
852	-17,9230769
852	-1,9230769
852	-6,9230769
852	-4,9230769
853	23,0769231
853	21,0769231
853	12,0769231
853	-1,9230769
854	17,0769231
854	-0,9230769
854	6,0769231
854	33,0769231
855	7,0769231
855	27,0769231
855	10,0769231
855	9,0769231
856	9,0769231
856	8,0769231
856	40,0769231
856	10,0769231
857	17,0769231
857	23,0769231
857	25,0769231
857	1,0769231
858	32,0769231
858	23,0769231
858	20,0769231
858	9,0769231
859	26,0769231
859	12,0769231
859	41,0769231
859	12,0769231
860	4,0769231
860	19,0769231
860	30,0769231
860	8,0769231
861	24,0769231
861	31,0769231
861	30,0769231
861	13,0769231
862	-17,9230769
862	30,0769231
862	4,0769231
862	14,0769231
863	14,0769231
863	43,0769231
863	9,0769231
863	0,0769231
864	34,0769231
864	-8,9230769
864	-3,9230769
864	19,0769231
864	-4,9230769
865	12,0769231
865	-10,9230769
865	3,0769231
865	41,0769231
866	13,0769231
866	-0,9230769
866	37,0769231
866	26,0769231
867	24,0769231
867	-2,9230769
867	-4,9230769
867	23,0769231
868	0,0769231
868	-11,9230769
868	1,0769231
868	7,0769231
869	7,0769231
869	5,0769231
869	7,0769231
869	21,0769231
870	23,0769231
870	3,0769231
870	19,0769231
870	28,0769231
871	29,0769231
871	-2,9230769
871	-18,9230769
871	-3,9230769
872	19,0769231
872	-5,9230769
872	-2,9230769
872	31,0769231
873	6,0769231
873	22,0769231
873	-6,9230769
873	30,0769231
874	12,0769231
874	6,0769231
874	12,0769231
874	17,0769231
875	15,0769231
875	-10,9230769
875	-17,9230769
875	21,0769231
876	6,0769231
876	44,0769231
876	26,0769231
876	3,0769231
877	12,0769231
877	-9,9230769
877	14,0769231
877	-2,9230769
878	19,0769231
878	0,0769231
878	17,0769231
878	56,0769231
879	25,0769231
879	8,0769231
879	31,0769231
879	14,0769231
880	19,0769231
880	5,0769231
880	30,0769231
880	28,0769231
880	2,0769231
881	34,0769231
881	36,0769231
881	-3,9230769
881	14,0769231
882	12,0769231
882	23,0769231
882	19,0769231
882	8,0769231
883	13,0769231
883	4,0769231
883	21,0769231
883	13,0769231
884	33,0769231
884	30,0769231
884	5,0769231
884	15,0769231
885	28,0769231
885	23,0769231
885	2,0769231
885	11,0769231
886	4,0769231
886	-2,9230769
886	4,0769231
886	5,0769231
887	40,0769231
887	31,0769231
887	-14,9230769
887	6,0769231
888	27,0769231
888	25,0769231
888	12,0769231
888	3,0769231
889	-17,9230769
889	12,0769231
889	-0,9230769
889	19,0769231
890	20,0769231
890	-10,9230769
890	33,0769231
890	23,0769231
891	16,0769231
891	16,0769231
891	19,0769231
891	24,0769231
892	3,0769231
892	33,0769231
892	10,0769231
892	42,0769231
893	20,0769231
893	9,0769231
893	2,0769231
893	21,0769231
894	22,0769231
894	10,0769231
894	30,0769231
894	23,0769231
894	5,0769231
895	9,0769231
895	28,0769231
895	34,0769231
895	24,0769231
896	39,0769231
896	28,0769231
896	14,0769231
896	21,0769231
897	27,0769231
897	42,0769231
897	23,0769231
897	45,0769231
898	20,0769231
898	29,0769231
898	12,0769231
898	5,0769231
899	2,0769231
899	8,0769231
899	4,0769231
899	-1,9230769
900	15,0769231
900	33,0769231
900	15,0769231
900	26,0769231
901	43,0769231
901	25,0769231
901	22,0769231
901	4,0769231
902	25,0769231
902	18,0769231
902	13,0769231
902	21,0769231
903	26,0769231
903	24,0769231
903	9,0769231
903	21,0769231
904	-18,9230769
904	14,0769231
904	21,0769231
904	18,0769231
905	13,0769231
905	27,0769231
905	12,0769231
905	15,0769231
906	28,0769231
906	17,0769231
906	21,0769231
906	6,0769231
906	5,0769231
907	34,0769231
907	24,0769231
907	19,0769231
907	24,0769231
908	11,0769231
908	40,0769231
908	44,0769231
908	11,0769231
909	-2,9230769
909	-10,9230769
909	5,0769231
909	32,0769231
910	13,0769231
910	4,0769231
910	22,0769231
910	-9,9230769
911	13,0769231
911	-1,9230769
911	11,0769231
911	11,0769231
912	24,0769231
912	-2,9230769
912	-4,9230769
912	38,0769231
913	6,0769231
913	12,0769231
913	13,0769231
913	6,0769231
914	24,0769231
914	7,0769231
914	10,0769231
914	-12,9230769
915	-3,9230769
915	27,0769231
915	34,0769231
915	30,0769231
916	30,0769231
916	25,0769231
916	32,0769231
916	18,0769231
917	18,0769231
917	36,0769231
917	16,0769231
917	14,0769231
917	-11,9230769
918	17,0769231
918	34,0769231
918	11,0769231
918	4,0769231
919	-4,9230769
919	13,0769231
919	23,0769231
919	-0,9230769
920	7,0769231
920	27,0769231
920	33,0769231
920	20,0769231
921	8,0769231
921	29,0769231
921	4,0769231
921	-0,9230769
922	8,0769231
922	17,0769231
922	2,0769231
922	13,0769231
923	8,0769231
923	5,0769231
923	-8,9230769
923	20,0769231
924	11,0769231
924	-13,9230769
924	-5,9230769
924	16,0769231
925	13,0769231
925	3,0769231
925	28,0769231
925	20,0769231
926	22,0769231
926	22,0769231
926	29,0769231
926	23,0769231
927	15,0769231
927	-7,9230769
927	43,0769231
927	22,0769231
928	-2,9230769
928	-6,9230769
928	1,0769231
928	14,0769231
928	42,0769231
929	-0,9230769
929	4,0769231
929	0,0769231
929	0,0769231
930	-0,9230769
930	11,0769231
930	5,0769231
930	17,0769231
931	-2,9230769
931	7,0769231
931	31,0769231
931	19,0769231
932	18,0769231
932	13,0769231
932	16,0769231
932	5,0769231
933	10,0769231
933	1,0769231
933	28,0769231
933	-2,9230769
934	24,0769231
934	57,0769231
934	36,0769231
934	18,0769231
935	39,0769231
935	4,0769231
935	7,0769231
935	15,0769231
936	20,0769231
936	31,0769231
936	8,0769231
936	7,0769231
937	36,0769231
937	32,0769231
937	11,0769231
937	15,0769231
938	-10,9230769
938	18,0769231
938	27,0769231
938	35,0769231
938	31,0769231
939	23,0769231
939	7,0769231
939	32,0769231
939	25,0769231
940	14,0769231
940	19,0769231
940	-0,9230769
940	5,0769231
941	11,0769231
941	17,0769231
941	-16,9230769
941	20,0769231
942	12,0769231
942	16,0769231
942	17,0769231
942	17,0769231
943	16,0769231
943	7,0769231
943	5,0769231
943	26,0769231
944	14,0769231
944	26,0769231
944	35,0769231
944	10,0769231
945	-6,9230769
945	7,0769231
945	9,0769231
945	-1,9230769
946	30,0769231
946	17,0769231
946	20,0769231
946	-7,9230769
947	23,0769231
947	30,0769231
947	2,0769231
947	12,0769231
947	23,0769231
948	22,0769231
948	23,0769231
948	-13,9230769
948	-1,9230769
949	20,0769231
949	3,0769231
949	23,0769231
949	14,0769231
950	29,0769231
950	6,0769231
950	11,0769231
950	3,0769231
951	20,0769231
951	26,0769231
951	21,0769231
951	4,0769231
952	23,0769231
952	41,0769231
952	33,0769231
952	54,0769231
953	5,0769231
953	16,0769231
953	14,0769231
953	-2,9230769
954	-16,9230769
954	8,0769231
954	6,0769231
954	23,0769231
955	-0,9230769
955	15,0769231
955	-14,9230769
955	-20,9230769
956	30,0769231
956	37,0769231
956	29,0769231
956	-0,9230769
956	1,0769231
957	45,0769231
957	23,0769231
957	27,0769231
957	9,0769231
958	20,0769231
958	12,0769231
958	1,0769231
958	23,0769231
959	3,0769231
959	15,0769231
959	-8,9230769
959	12,0769231
960	41,0769231
960	30,0769231
960	10,0769231
960	31,0769231
961	15,0769231
961	4,0769231
961	-2,9230769
961	5,0769231
962	-4,9230769
962	16,0769231
962	15,0769231
962	21,0769231
963	29,0769231
963	33,0769231
963	26,0769231
963	9,0769231
964	17,0769231
964	20,0769231
964	12,0769231
964	29,0769231
964	12,0769231
965	28,0769231
965	-8,9230769
965	25,0769231
965	-5,9230769
966	25,0769231
966	26,0769231
966	2,0769231
966	32,0769231
967	11,0769231
967	3,0769231
967	12,0769231
967	-2,9230769
968	20,0769231
968	33,0769231
968	4,0769231
968	14,0769231
969	27,0769231
969	5,0769231
969	8,0769231
969	2,0769231
970	8,0769231
970	4,0769231
970	26,0769231
970	40,0769231
971	15,0769231
971	7,0769231
971	25,0769231
971	28,0769231
972	45,0769231
972	14,0769231
972	16,0769231
972	-0,9230769
972	10,0769231
973	-11,9230769
973	-7,9230769
973	20,0769231
973	-7,9230769
974	6,0769231
974	20,0769231
974	20,0769231
974	25,0769231
975	32,0769231
975	4,0769231
975	15,0769231
975	-4,9230769
976	-6,9230769
976	2,0769231
976	38,0769231
976	33,0769231
977	7,0769231
977	10,0769231
977	6,0769231
977	45,0769231
978	45,0769231
978	9,0769231
978	10,0769231
978	50,0769231
979	26,0769231
979	27,0769231
979	23,0769231
979	31,0769231
980	-5,9230769
980	24,0769231
980	6,0769231
980	9,0769231
980	-3,9230769
981	7,0769231
981	14,0769231
981	19,0769231
981	-14,9230769
982	-0,9230769
982	2,0769231
982	42,0769231
982	14,0769231
983	37,0769231
983	37,0769231
983	9,0769231
983	26,0769231
984	24,0769231
984	32,0769231
984	0,0769231
984	9,0769231
985	-16,9230769
985	15,0769231
985	23,0769231
985	18,0769231
986	22,0769231
986	4,0769231
986	7,0769231
986	-1,9230769
987	-1,9230769
987	25,0769231
987	12,0769231
987	-8,9230769
988	3,0769231
988	7,0769231
988	5,0769231
988	25,0769231
988	33,0769231
989	9,0769231
989	-4,9230769
989	27,0769231
989	17,0769231
990	20,0769231
990	11,0769231
990	2,0769231
990	-7,9230769
991	28,0769231
991	19,0769231
991	15,0769231
991	21,0769231
992	16,0769231
992	17,0769231
992	-0,9230769
992	2,0769231
993	11,0769231
993	3,0769231
993	10,0769231
993	23,0769231
994	26,0769231
994	24,0769231
994	29,0769231
994	34,0769231
995	18,0769231
995	-7,9230769
995	17,0769231
995	29,0769231
995	19,0769231
996	31,0769231
996	27,0769231
996	20,0769231
996	14,0769231
997	37,0769231
997	-11,9230769
997	23,0769231
997	48,0769231
998	6,0769231
998	43,0769231
998	17,0769231
998	27,0769231
999	12,0769231
999	6,0769231
999	27,0769231
999	13,0769231
1000	-1,9230769
1000	32,0769231
1000	28,0769231
1000	10,0769231
1001	4,0769231
1001	10,0769231
1001	10,0769231
1001	8,0769231
1002	13,0769231
1002	16,0769231
1002	20,0769231
1002	38,0769231
1002	28,0769231
1003	21,0769231
1003	0,0769231
1003	13,0769231
1003	11,0769231
1004	10,0769231
1004	-0,9230769
1004	29,0769231
1004	29,0769231
1005	4,0769231
1005	6,0769231
1005	0,0769231
1005	2,0769231
1006	4,0769231
1006	30,0769231
1006	18,0769231
1006	12,0769231
1007	17,0769231
1007	16,0769231
1007	-6,9230769
1007	-18,9230769
1008	-24,9230769
1008	19,0769231
1008	24,0769231
1008	18,0769231
1008	27,0769231
1009	8,0769231
1009	12,0769231
1009	31,0769231
1009	19,0769231
1010	11,0769231
1010	-3,9230769
1010	17,0769231
1010	8,0769231
1011	0,0769231
1011	32,0769231
1011	35,0769231
1011	50,0769231
1012	33,0769231
1012	18,0769231
1012	28,0769231
1012	6,0769231
1013	1,0769231
1013	12,0769231
1013	39,0769231
1013	34,0769231
1014	47,0769231
1014	15,0769231
1014	20,0769231
1014	41,0769231
1015	4,0769231
1015	38,0769231
1015	9,0769231
1015	16,0769231
1015	51,0769231
1016	15,0769231
1016	44,0769231
1016	13,0769231
1016	9,0769231
1017	27,0769231
1017	4,0769231
1017	6,0769231
1017	9,0769231
1018	9,0769231
1018	11,0769231
1018	11,0769231
1018	13,0769231
1019	6,0769231
1019	36,0769231
1019	9,0769231
1019	18,0769231
1020	5,0769231
1020	20,0769231
1020	27,0769231
1020	18,0769231
1021	21,0769231
1021	-5,9230769
1021	-2,9230769
1021	2,0769231
1021	12,0769231
1022	12,0769231
1022	11,0769231
1022	12,0769231
1022	10,0769231
1023	-2,9230769
1023	24,0769231
1023	34,0769231
1023	46,0769231
1024	4,0769231
1024	-21,9230769
1024	16,0769231
1024	24,0769231
1025	21,0769231
1025	-6,9230769
1025	2,0769231
1025	20,0769231
1026	3,0769231
1026	21,0769231
1026	32,0769231
1026	17,0769231
1027	15,0769231
1027	8,0769231
1027	37,0769231
1027	21,0769231
1027	-4,9230769
1028	17,0769231
1028	-9,9230769
1028	-3,9230769
1028	17,0769231
1029	-5,9230769
1029	8,0769231
1029	24,0769231
1029	17,0769231
1030	42,0769231
1030	9,0769231
1030	13,0769231
1030	1,0769231
1031	33,0769231
1031	14,0769231
1031	19,0769231
1031	0,0769231
1032	16,0769231
1032	20,0769231
1032	7,0769231
1032	20,0769231
1033	18,0769231
1033	11,0769231
1033	6,0769231
1033	25,0769231
1034	13,0769231
1034	25,0769231
1034	-15,9230769
1034	16,0769231
1034	-13,9230769
1035	29,0769231
1035	-5,9230769
1035	7,0769231
1035	16,0769231
1036	33,0769231
1036	16,0769231
1036	28,0769231
1036	7,0769231
1037	13,0769231
1037	-2,9230769
1037	26,0769231
1037	41,0769231
1038	28,0769231
1038	23,0769231
1038	21,0769231
1038	37,0769231
1039	20,0769231
1039	15,0769231
1039	8,0769231
1039	13,0769231
1039	-2,9230769
1040	13,0769231
1040	11,0769231
1040	29,0769231
1040	-2,9230769
1041	44,0769231
1041	23,0769231
1041	13,0769231
1041	27,0769231
1042	25,0769231
1042	23,0769231
1042	29,0769231
1042	28,0769231
1043	24,0769231
1043	64,0769231
1043	22,0769231
1043	10,0769231
1044	23,0769231
1044	2,0769231
1044	28,0769231
1044	11,0769231
1045	-3,9230769
1045	7,0769231
1045	34,0769231
1045	17,0769231
1045	12,0769231
1046	11,0769231
1046	-15,9230769
1046	18,0769231
1046	-8,9230769
1047	10,0769231
1047	37,0769231
1047	18,0769231
1047	29,0769231
1048	25,0769231
1048	37,0769231
1048	22,0769231
1048	14,0769231
1049	-0,9230769
1049	1,0769231
1049	22,0769231
1049	28,0769231
1050	13,0769231
1050	18,0769231
1050	3,0769231
1050	12,0769231
1051	13,0769231
1051	24,0769231
1051	-0,9230769
1051	20,0769231
1051	1,0769231
1052	8,0769231
1052	19,0769231
1052	21,0769231
1052	-0,9230769
1053	19,0769231
1053	29,0769231
1053	13,0769231
1053	3,0769231
1054	14,0769231
1054	10,0769231
1054	2,0769231
1054	32,0769231
1055	24,0769231
1055	-3,9230769
1055	16,0769231
1055	25,0769231
1056	28,0769231
1056	5,0769231
1056	6,0769231
1056	31,0769231
1056	1,0769231
1057	30,0769231
1057	31,0769231
1057	19,0769231
1057	34,0769231
1058	6,0769231
1058	22,0769231
1058	1,0769231
1058	12,0769231
1059	39,0769231
1059	14,0769231
1059	0,0769231
1059	20,0769231
1060	33,0769231
1060	35,0769231
1060	8,0769231
1060	26,0769231
1061	37,0769231
1061	16,0769231
1061	11,0769231
1061	32,0769231
1062	23,0769231
1062	12,0769231
1062	8,0769231
1062	35,0769231
1062	31,0769231
1063	18,0769231
1063	-2,9230769
1063	38,0769231
1063	20,0769231
1064	8,0769231
1064	8,0769231
1064	15,0769231
1064	25,0769231
1065	11,0769231
1065	16,0769231
1065	12,0769231
1065	5,0769231
1066	28,0769231
1066	33,0769231
1066	7,0769231
1066	37,0769231
1067	16,0769231
1067	39,0769231
1067	22,0769231
1067	16,0769231
1067	10,0769231
1068	15,0769231
1068	18,0769231
1068	25,0769231
1068	22,0769231
1069	18,0769231
1069	8,0769231
1069	5,0769231
1069	16,0769231
1070	14,0769231
1070	15,0769231
1070	10,0769231
1070	12,0769231
1071	8,0769231
1071	22,0769231
1071	33,0769231
1071	23,0769231
1072	34,0769231
1072	38,0769231
1072	22,0769231
1072	17,0769231
1072	28,0769231
1073	3,0769231
1073	25,0769231
1073	-15,9230769
1073	0,0769231
1074	15,0769231
1074	21,0769231
1074	8,0769231
1074	27,0769231
1075	23,0769231
1075	30,0769231
1075	37,0769231
1075	30,0769231
1076	20,0769231
1076	6,0769231
1076	21,0769231
1076	18,0769231
1077	35,0769231
1077	3,0769231
1077	5,0769231
1077	16,0769231
1077	64,0769231
1078	21,0769231
1078	18,0769231
1078	28,0769231
1078	22,0769231
1079	39,0769231
1079	46,0769231
1079	10,0769231
1079	26,0769231
1080	12,0769231
1080	6,0769231
1080	18,0769231
1080	25,0769231
1081	-5,9230769
1081	-8,9230769
1081	34,0769231
1081	30,0769231
1082	40,0769231
1082	-10,9230769
1082	48,0769231
1082	3,0769231
1082	23,0769231
1083	23,0769231
1083	39,0769231
1083	35,0769231
1083	6,0769231
1084	13,0769231
1084	44,0769231
1084	47,0769231
1084	13,0769231
1085	23,0769231
1085	28,0769231
1085	15,0769231
1085	16,0769231
1086	16,0769231
1086	-8,9230769
1086	32,0769231
1086	45,0769231
1087	1,0769231
1087	18,0769231
1087	35,0769231
1087	19,0769231
1087	28,0769231
1088	-2,9230769
1088	11,0769231
1088	24,0769231
1088	23,0769231
1089	31,0769231
1089	11,0769231
1089	8,0769231
1089	15,0769231
1090	14,0769231
1090	16,0769231
1090	29,0769231
1090	19,0769231
1091	9,0769231
1091	21,0769231
1091	14,0769231
1091	24,0769231
1092	18,0769231
1092	47,0769231
1092	-6,9230769
1092	16,0769231
1092	-9,9230769
1093	13,0769231
1093	27,0769231
1093	16,0769231
1093	4,0769231
1094	24,0769231
1094	3,0769231
1094	23,0769231
1094	22,0769231
1095	11,0769231
1095	33,0769231
1095	27,0769231
1095	44,0769231
1096	12,0769231
1096	0,0769231
1096	-17,9230769
1096	22,0769231
1097	6,0769231
1097	6,0769231
1097	6,0769231
1097	13,0769231
1097	39,0769231
1098	21,0769231
1098	32,0769231
1098	12,0769231
1098	-9,9230769
1099	27,0769231
1099	23,0769231
1099	20,0769231
1099	18,0769231
1100	24,0769231
1100	9,0769231
1100	15,0769231
1100	19,0769231
1101	-11,9230769
1101	8,0769231
1101	22,0769231
1101	17,0769231
1101	26,0769231
1102	13,0769231
1102	15,0769231
1102	12,0769231
1102	27,0769231
1103	12,0769231
1103	11,0769231
1103	30,0769231
1103	30,0769231
1104	29,0769231
1104	14,0769231
1104	-3,9230769
1104	16,0769231
1105	15,0769231
1105	-0,9230769
1105	10,0769231
1105	19,0769231
1106	15,0769231
1106	11,0769231
1106	13,0769231
1106	10,0769231
1106	-3,9230769
1107	7,0769231
1107	14,0769231
1107	44,0769231
1107	15,0769231
1108	1,0769231
1108	12,0769231
1108	27,0769231
1108	21,0769231
1109	6,0769231
1109	30,0769231
1109	12,0769231
1109	18,0769231
1110	32,0769231
1110	20,0769231
1110	20,0769231
1110	1,0769231
1110	3,0769231
1111	20,0769231
1111	44,0769231
1111	-0,9230769
1111	13,0769231
1112	14,0769231
1112	13,0769231
1112	16,0769231
1112	14,0769231
1113	1,0769231
1113	-15,9230769
1113	16,0769231
1113	49,0769231
1114	22,0769231
1114	13,0769231
1114	37,0769231
1114	25,0769231
1115	24,0769231
1115	12,0769231
1115	9,0769231
1115	8,0769231
1115	25,0769231
1116	11,0769231
1116	13,0769231
1116	10,0769231
1116	12,0769231
1117	36,0769231
1117	3,0769231
1117	15,0769231
1117	10,0769231
1118	31,0769231
