196	-26,8461538
196	-26,8461538
196	-26,8461538
197	-1,8461538
197	10,1538462
197	34,1538462
197	21,1538462
198	3,1538462
198	-7,8461538
198	-14,8461538
199	16,1538462
199	24,1538462
199	-3,8461538
199	4,1538462
200	37,1538462
200	27,1538462
200	31,1538462
200	1,1538462
201	16,1538462
201	9,1538462
201	9,1538462
201	16,1538462
202	13,1538462
202	26,1538462
202	-24,8461538
203	10,1538462
203	17,1538462
203	45,1538462
203	3,1538462
204	17,1538462
204	19,1538462
204	-3,8461538
204	3,1538462
205	2,1538462
205	-14,8461538
205	-10,8461538
205	27,1538462
206	-3,8461538
206	8,1538462
206	34,1538462
207	-13,8461538
207	8,1538462
207	-12,8461538
207	-12,8461538
208	13,1538462
208	11,1538462
208	4,1538462
208	4,1538462
209	-7,8461538
209	9,1538462
209	-2,8461538
209	8,1538462
210	30,1538462
210	9,1538462
210	15,1538462
211	-6,8461538
211	2,1538462
211	-16,8461538
211	-2,8461538
212	-9,8461538
212	11,1538462
212	15,1538462
212	10,1538462
213	13,1538462
213	-1,8461538
213	-6,8461538
213	29,1538462
214	22,1538462
214	0,1538462
214	5,1538462
215	4,1538462
215	-14,8461538
215	7,1538462
215	13,1538462
216	29,1538462
216	-5,8461538
216	29,1538462
216	7,1538462
217	9,1538462
217	-9,8461538
217	0,1538462
217	-2,8461538
218	-3,8461538
218	-8,8461538
218	8,1538462
219	23,1538462
219	-13,8461538
219	32,1538462
219	15,1538462
220	3,1538462
220	-10,8461538
220	4,1538462
220	-7,8461538
221	-12,8461538
221	-16,8461538
221	22,1538462
221	-12,8461538
222	11,1538462
222	11,1538462
222	10,1538462
223	30,1538462
223	9,1538462
223	-0,8461538
223	-30,8461538
224	35,1538462
224	0,1538462
224	14,1538462
224	2,1538462
225	21,1538462
225	9,1538462
225	17,1538462
225	15,1538462
226	14,1538462
226	1,1538462
226	28,1538462
227	24,1538462
227	21,1538462
227	-9,8461538
227	27,1538462
228	2,1538462
228	-1,8461538
228	22,1538462
228	12,1538462
229	19,1538462
229	1,1538462
229	-6,8461538
229	3,1538462
230	25,1538462
230	-9,8461538
230	-7,8461538
231	6,1538462
231	5,1538462
231	-10,8461538
231	41,1538462
232	9,1538462
232	7,1538462
232	3,1538462
232	-2,8461538
233	14,1538462
233	28,1538462
233	10,1538462
233	13,1538462
234	-9,8461538
234	-11,8461538
234	-6,8461538
235	11,1538462
235	35,1538462
235	25,1538462
235	17,1538462
236	7,1538462
236	12,1538462
236	22,1538462
236	-5,8461538
237	21,1538462
237	7,1538462
237	20,1538462
237	4,1538462
238	18,1538462
238	-0,8461538
238	9,1538462
239	-0,8461538
239	-4,8461538
239	2,1538462
239	-0,8461538
240	22,1538462
240	-1,8461538
240	25,1538462
240	54,1538462
241	14,1538462
241	16,1538462
241	16,1538462
241	14,1538462
242	-4,8461538
242	-10,8461538
242	13,1538462
243	7,1538462
243	17,1538462
243	-0,8461538
243	-2,8461538
244	-19,8461538
244	-8,8461538
244	5,1538462
244	8,1538462
245	15,1538462
245	2,1538462
245	-1,8461538
245	15,1538462
246	-0,8461538
246	20,1538462
246	-23,8461538
247	-15,8461538
247	11,1538462
247	-1,8461538
247	35,1538462
248	13,1538462
248	21,1538462
248	12,1538462
248	25,1538462
249	5,1538462
249	19,1538462
249	7,1538462
249	-4,8461538
250	19,1538462
250	29,1538462
250	5,1538462
251	-11,8461538
251	23,1538462
251	1,1538462
251	-2,8461538
252	-29,8461538
252	8,1538462
252	20,1538462
252	-4,8461538
253	13,1538462
253	-4,8461538
253	-0,8461538
253	25,1538462
254	13,1538462
254	1,1538462
254	-11,8461538
254	3,1538462
255	-24,8461538
255	19,1538462
255	-7,8461538
256	-11,8461538
256	2,1538462
256	5,1538462
256	5,1538462
257	4,1538462
257	5,1538462
257	30,1538462
257	13,1538462
258	21,1538462
258	0,1538462
258	10,1538462
258	-4,8461538
259	-2,8461538
259	4,1538462
259	26,1538462
260	-1,8461538
260	-23,8461538
260	-1,8461538
260	5,1538462
261	8,1538462
261	31,1538462
261	22,1538462
261	-4,8461538
262	17,1538462
262	10,1538462
262	5,1538462
262	-8,8461538
263	12,1538462
263	-1,8461538
263	14,1538462
264	0,1538462
264	12,1538462
264	0,1538462
264	8,1538462
265	-6,8461538
265	0,1538462
265	-16,8461538
265	-11,8461538
266	21,1538462
266	12,1538462
266	-1,8461538
266	-26,8461538
267	20,1538462
267	3,1538462
267	14,1538462
268	20,1538462
268	12,1538462
268	10,1538462
268	46,1538462
269	8,1538462
269	15,1538462
269	-4,8461538
269	23,1538462
270	3,1538462
270	-10,8461538
270	2,1538462
270	-8,8461538
271	-7,8461538
271	25,1538462
271	27,1538462
271	-12,8461538
272	-22,8461538
272	-0,8461538
272	-3,8461538
273	14,1538462
273	10,1538462
273	4,1538462
273	3,1538462
274	-7,8461538
274	-4,8461538
274	-2,8461538
274	0,1538462
275	30,1538462
275	-2,8461538
275	4,1538462
275	30,1538462
276	27,1538462
276	12,1538462
276	-11,8461538
277	3,1538462
277	36,1538462
277	23,1538462
277	-9,8461538
278	-6,8461538
278	15,1538462
278	15,1538462
278	-5,8461538
279	1,1538462
279	1,1538462
279	29,1538462
279	36,1538462
280	-2,8461538
280	17,1538462
280	-13,8461538
280	4,1538462
281	8,1538462
281	19,1538462
281	9,1538462
282	3,1538462
282	3,1538462
282	4,1538462
282	-5,8461538
283	-14,8461538
283	-23,8461538
283	3,1538462
283	13,1538462
284	29,1538462
284	7,1538462
284	6,1538462
284	17,1538462
285	-5,8461538
285	0,1538462
285	13,1538462
286	27,1538462
286	14,1538462
286	-18,8461538
286	7,1538462
287	28,1538462
287	16,1538462
287	-17,8461538
287	6,1538462
288	11,1538462
288	15,1538462
288	23,1538462
288	4,1538462
289	6,1538462
289	1,1538462
289	19,1538462
290	7,1538462
290	0,1538462
290	27,1538462
290	-20,8461538
291	18,1538462
291	-3,8461538
291	4,1538462
291	13,1538462
292	19,1538462
292	-5,8461538
292	-11,8461538
292	24,1538462
293	6,1538462
293	11,1538462
293	36,1538462
293	31,1538462
294	-8,8461538
294	20,1538462
294	24,1538462
295	16,1538462
295	41,1538462
295	19,1538462
295	15,1538462
296	15,1538462
296	-0,8461538
296	24,1538462
296	-2,8461538
297	3,1538462
297	37,1538462
297	34,1538462
297	20,1538462
298	33,1538462
298	-21,8461538
298	16,1538462
299	7,1538462
299	29,1538462
299	16,1538462
299	-4,8461538
300	-6,8461538
300	-3,8461538
300	12,1538462
300	8,1538462
301	-4,8461538
301	-1,8461538
301	-17,8461538
301	-1,8461538
302	-2,8461538
302	-4,8461538
302	11,1538462
302	34,1538462
303	31,1538462
303	4,1538462
303	-2,8461538
304	4,1538462
304	33,1538462
304	9,1538462
304	15,1538462
305	29,1538462
305	44,1538462
305	1,1538462
305	-29,8461538
306	-1,8461538
306	8,1538462
306	8,1538462
306	48,1538462
307	32,1538462
307	42,1538462
307	21,1538462
307	24,1538462
308	18,1538462
308	31,1538462
308	34,1538462
309	51,1538462
309	42,1538462
309	45,1538462
309	33,1538462
310	47,1538462
310	24,1538462
310	33,1538462
310	43,1538462
311	51,1538462
311	64,1538462
311	65,1538462
311	35,1538462
312	39,1538462
312	73,1538462
312	80,1538462
313	54,1538462
313	75,1538462
313	87,1538462
313	62,1538462
314	58,1538462
314	93,1538462
314	86,1538462
314	71,1538462
315	73,1538462
315	75,1538462
315	70,1538462
315	65,1538462
316	74,1538462
316	80,1538462
316	99,1538462
316	60,1538462
317	58,1538462
317	51,1538462
317	29,1538462
318	41,1538462
318	55,1538462
318	60,1538462
318	27,1538462
319	35,1538462
319	32,1538462
319	45,1538462
319	34,1538462
320	28,1538462
320	15,1538462
320	24,1538462
320	29,1538462
321	20,1538462
321	1,1538462
321	-2,8461538
321	10,1538462
322	18,1538462
322	32,1538462
322	7,1538462
323	10,1538462
323	10,1538462
323	-6,8461538
323	3,1538462
324	-9,8461538
324	-24,8461538
324	-16,8461538
324	22,1538462
325	-3,8461538
325	8,1538462
325	-8,8461538
325	20,1538462
326	2,1538462
326	5,1538462
326	5,1538462
327	23,1538462
327	25,1538462
327	27,1538462
327	-9,8461538
328	16,1538462
328	-17,8461538
328	9,1538462
328	30,1538462
329	21,1538462
329	0,1538462
329	8,1538462
329	30,1538462
330	15,1538462
330	12,1538462
330	32,1538462
330	41,1538462
331	24,1538462
331	34,1538462
331	62,1538462
332	93,1538462
332	94,1538462
332	103,1538462
332	97,1538462
333	100,1538462
333	107,1538462
333	94,1538462
333	109,1538462
334	89,1538462
334	122,1538462
334	148,1538462
334	122,1538462
335	93,1538462
335	94,1538462
335	97,1538462
335	127,1538462
336	128,1538462
336	135,1538462
336	130,1538462
337	115,1538462
337	158,1538462
337	142,1538462
337	141,1538462
338	154,1538462
338	105,1538462
338	120,1538462
338	128,1538462
339	116,1538462
339	79,1538462
339	75,1538462
339	96,1538462
340	73,1538462
340	72,1538462
340	43,1538462
340	46,1538462
341	56,1538462
341	78,1538462
341	68,1538462
342	62,1538462
342	57,1538462
342	60,1538462
342	36,1538462
343	38,1538462
343	66,1538462
343	28,1538462
343	33,1538462
344	29,1538462
344	48,1538462
344	26,1538462
344	15,1538462
345	4,1538462
345	18,1538462
345	-13,8461538
345	40,1538462
346	1,1538462
346	10,1538462
346	31,1538462
347	17,1538462
347	14,1538462
347	18,1538462
347	12,1538462
348	16,1538462
348	22,1538462
348	44,1538462
348	35,1538462
349	30,1538462
349	16,1538462
349	34,1538462
349	45,1538462
350	1,1538462
350	23,1538462
350	29,1538462
350	53,1538462
351	54,1538462
351	38,1538462
351	52,1538462
352	64,1538462
352	100,1538462
352	69,1538462
352	96,1538462
353	103,1538462
353	93,1538462
353	80,1538462
353	105,1538462
354	103,1538462
354	102,1538462
354	145,1538462
354	95,1538462
355	102,1538462
355	98,1538462
355	98,1538462
355	96,1538462
356	98,1538462
356	96,1538462
356	118,1538462
357	94,1538462
357	87,1538462
357	136,1538462
357	103,1538462
358	146,1538462
358	135,1538462
358	121,1538462
358	114,1538462
359	80,1538462
359	83,1538462
359	70,1538462
359	83,1538462
360	64,1538462
360	56,1538462
360	66,1538462
360	61,1538462
361	56,1538462
361	47,1538462
361	49,1538462
362	77,1538462
362	84,1538462
362	88,1538462
362	69,1538462
363	37,1538462
363	44,1538462
363	12,1538462
363	26,1538462
364	42,1538462
364	22,1538462
364	24,1538462
364	36,1538462
365	34,1538462
365	38,1538462
365	20,1538462
365	28,1538462
366	19,1538462
366	5,1538462
366	26,1538462
367	19,1538462
367	20,1538462
367	42,1538462
367	21,1538462
368	-13,8461538
368	23,1538462
368	24,1538462
368	11,1538462
369	-9,8461538
369	0,1538462
369	-11,8461538
369	18,1538462
370	48,1538462
370	29,1538462
370	13,1538462
370	52,1538462
371	37,1538462
371	18,1538462
371	38,1538462
371	47,1538462
372	28,1538462
372	18,1538462
372	7,1538462
373	37,1538462
373	24,1538462
373	24,1538462
373	31,1538462
374	25,1538462
374	56,1538462
374	40,1538462
374	30,1538462
375	43,1538462
375	65,1538462
375	69,1538462
375	69,1538462
376	63,1538462
376	81,1538462
376	84,1538462
376	65,1538462
377	48,1538462
377	57,1538462
377	55,1538462
378	61,1538462
378	56,1538462
378	63,1538462
378	56,1538462
379	67,1538462
379	52,1538462
379	35,1538462
379	46,1538462
380	52,1538462
380	40,1538462
380	50,1538462
380	43,1538462
381	74,1538462
381	26,1538462
381	45,1538462
381	51,1538462
382	68,1538462
382	26,1538462
382	25,1538462
383	-3,8461538
383	18,1538462
383	58,1538462
383	42,1538462
384	36,1538462
384	44,1538462
384	67,1538462
384	58,1538462
385	30,1538462
385	35,1538462
385	40,1538462
385	20,1538462
386	31,1538462
386	16,1538462
386	11,1538462
386	28,1538462
387	32,1538462
387	13,1538462
387	12,1538462
387	6,1538462
388	13,1538462
388	19,1538462
388	30,1538462
389	-11,8461538
389	-35,8461538
389	-6,8461538
389	16,1538462
390	35,1538462
390	5,1538462
390	35,1538462
390	20,1538462
391	-0,8461538
391	29,1538462
391	24,1538462
391	25,1538462
392	36,1538462
392	5,1538462
392	-0,8461538
392	20,1538462
393	16,1538462
393	21,1538462
393	19,1538462
394	40,1538462
394	24,1538462
394	32,1538462
394	49,1538462
395	23,1538462
395	8,1538462
395	30,1538462
395	34,1538462
396	20,1538462
396	15,1538462
396	11,1538462
396	42,1538462
397	14,1538462
397	38,1538462
397	9,1538462
397	44,1538462
398	58,1538462
398	33,1538462
398	21,1538462
398	39,1538462
399	25,1538462
399	22,1538462
399	9,1538462
400	36,1538462
400	22,1538462
400	47,1538462
400	55,1538462
401	48,1538462
401	44,1538462
401	30,1538462
401	10,1538462
402	41,1538462
402	34,1538462
402	52,1538462
402	33,1538462
403	24,1538462
403	35,1538462
403	27,1538462
403	19,1538462
404	17,1538462
404	59,1538462
404	29,1538462
405	18,1538462
405	22,1538462
405	47,1538462
405	32,1538462
406	31,1538462
406	27,1538462
406	18,1538462
406	30,1538462
407	29,1538462
407	7,1538462
407	11,1538462
407	4,1538462
408	24,1538462
408	35,1538462
408	-7,8461538
408	13,1538462
409	21,1538462
409	18,1538462
409	25,1538462
409	16,1538462
410	24,1538462
410	30,1538462
410	39,1538462
411	21,1538462
411	30,1538462
411	43,1538462
411	7,1538462
412	17,1538462
412	18,1538462
412	12,1538462
412	3,1538462
413	-9,8461538
413	-0,8461538
413	20,1538462
413	16,1538462
414	-4,8461538
414	2,1538462
414	4,1538462
414	17,1538462
415	34,1538462
415	25,1538462
415	8,1538462
415	-3,8461538
416	-0,8461538
416	-7,8461538
416	25,1538462
417	17,1538462
417	17,1538462
417	15,1538462
417	19,1538462
418	22,1538462
418	24,1538462
418	6,1538462
418	-6,8461538
419	37,1538462
419	16,1538462
419	16,1538462
419	15,1538462
420	35,1538462
420	3,1538462
420	39,1538462
420	37,1538462
421	26,1538462
421	29,1538462
421	12,1538462
421	15,1538462
422	6,1538462
422	22,1538462
422	6,1538462
423	31,1538462
423	4,1538462
423	32,1538462
423	20,1538462
424	18,1538462
424	3,1538462
424	31,1538462
424	22,1538462
425	30,1538462
425	13,1538462
425	21,1538462
425	19,1538462
426	-3,8461538
426	27,1538462
426	22,1538462
426	12,1538462
427	20,1538462
427	1,1538462
427	6,1538462
427	22,1538462
428	29,1538462
428	58,1538462
428	25,1538462
429	17,1538462
429	25,1538462
429	0,1538462
429	25,1538462
430	34,1538462
430	21,1538462
430	-4,8461538
430	16,1538462
431	37,1538462
431	12,1538462
431	14,1538462
431	18,1538462
432	17,1538462
432	38,1538462
432	15,1538462
432	25,1538462
433	22,1538462
433	28,1538462
433	5,1538462
433	12,1538462
434	-5,8461538
434	7,1538462
434	6,1538462
435	15,1538462
435	14,1538462
435	17,1538462
435	11,1538462
436	-6,8461538
436	36,1538462
436	25,1538462
436	-6,8461538
437	17,1538462
437	19,1538462
437	11,1538462
437	-3,8461538
438	24,1538462
438	12,1538462
438	24,1538462
438	18,1538462
439	28,1538462
439	11,1538462
439	-9,8461538
439	17,1538462
440	22,1538462
440	10,1538462
440	-9,8461538
441	-2,8461538
441	7,1538462
441	28,1538462
441	41,1538462
442	20,1538462
442	28,1538462
442	28,1538462
442	14,1538462
443	23,1538462
443	2,1538462
443	24,1538462
443	-6,8461538
444	-11,8461538
444	20,1538462
444	0,1538462
444	2,1538462
445	25,1538462
445	17,1538462
445	24,1538462
445	14,1538462
446	-20,8461538
446	-18,8461538
446	-0,8461538
447	34,1538462
447	25,1538462
447	27,1538462
447	12,1538462
448	12,1538462
448	8,1538462
448	-2,8461538
448	1,1538462
449	7,1538462
449	31,1538462
449	-3,8461538
449	3,1538462
450	6,1538462
450	10,1538462
450	-11,8461538
450	15,1538462
451	25,1538462
451	-10,8461538
451	10,1538462
451	15,1538462
452	-10,8461538
452	-14,8461538
452	8,1538462
452	14,1538462
453	18,1538462
453	-2,8461538
453	-18,8461538
454	7,1538462
454	29,1538462
454	15,1538462
454	16,1538462
455	10,1538462
455	10,1538462
455	-9,8461538
455	-12,8461538
456	19,1538462
456	23,1538462
456	2,1538462
456	40,1538462
457	5,1538462
457	-5,8461538
457	1,1538462
457	20,1538462
458	17,1538462
458	-11,8461538
458	-6,8461538
458	14,1538462
459	11,1538462
459	19,1538462
459	5,1538462
460	32,1538462
460	22,1538462
460	43,1538462
460	13,1538462
461	9,1538462
461	-7,8461538
461	14,1538462
461	12,1538462
462	-2,8461538
462	-3,8461538
462	4,1538462
462	5,1538462
463	0,1538462
463	-1,8461538
463	-0,8461538
463	-4,8461538
464	-7,8461538
464	15,1538462
464	-4,8461538
464	-4,8461538
465	16,1538462
465	44,1538462
465	24,1538462
465	-1,8461538
466	-24,8461538
466	-9,8461538
466	4,1538462
467	7,1538462
467	8,1538462
467	17,1538462
467	-12,8461538
468	23,1538462
468	20,1538462
468	-18,8461538
468	-8,8461538
469	33,1538462
469	1,1538462
469	-25,8461538
469	18,1538462
470	18,1538462
470	-2,8461538
470	5,1538462
470	-1,8461538
471	16,1538462
471	17,1538462
471	27,1538462
471	-4,8461538
472	22,1538462
472	37,1538462
472	-1,8461538
472	39,1538462
473	-6,8461538
473	31,1538462
473	-8,8461538
474	29,1538462
474	-18,8461538
474	37,1538462
474	4,1538462
475	14,1538462
475	18,1538462
475	18,1538462
475	23,1538462
476	8,1538462
476	19,1538462
476	-0,8461538
476	20,1538462
477	43,1538462
477	-0,8461538
477	-17,8461538
477	2,1538462
478	11,1538462
478	-4,8461538
478	-25,8461538
478	-3,8461538
479	7,1538462
479	3,1538462
479	-8,8461538
479	4,1538462
480	21,1538462
480	-2,8461538
480	-11,8461538
481	18,1538462
481	3,1538462
481	8,1538462
481	13,1538462
482	51,1538462
482	8,1538462
482	-1,8461538
482	20,1538462
483	-3,8461538
483	1,1538462
483	5,1538462
483	3,1538462
484	10,1538462
484	4,1538462
484	17,1538462
484	-12,8461538
485	4,1538462
485	-3,8461538
485	5,1538462
485	0,1538462
486	-7,8461538
486	6,1538462
486	13,1538462
486	4,1538462
487	-4,8461538
487	3,1538462
487	15,1538462
488	38,1538462
488	3,1538462
488	-9,8461538
488	-10,8461538
489	-2,8461538
489	16,1538462
489	30,1538462
489	0,1538462
490	11,1538462
490	23,1538462
490	4,1538462
490	0,1538462
491	7,1538462
491	6,1538462
491	-19,8461538
491	5,1538462
492	-6,8461538
492	-8,8461538
492	31,1538462
492	-5,8461538
493	15,1538462
493	-4,8461538
493	1,1538462
493	10,1538462
494	-2,8461538
494	-7,8461538
494	27,1538462
495	-1,8461538
495	-21,8461538
495	3,1538462
495	1,1538462
496	36,1538462
496	12,1538462
496	4,1538462
496	-0,8461538
497	2,1538462
497	31,1538462
497	15,1538462
497	13,1538462
498	31,1538462
498	14,1538462
498	13,1538462
498	-28,8461538
499	4,1538462
499	18,1538462
499	-3,8461538
499	25,1538462
500	30,1538462
500	4,1538462
500	-1,8461538
500	11,1538462
501	-15,8461538
501	-1,8461538
501	0,1538462
502	4,1538462
502	4,1538462
502	20,1538462
502	-3,8461538
503	7,1538462
503	-1,8461538
503	15,1538462
503	-16,8461538
504	0,1538462
504	-15,8461538
504	-1,8461538
504	19,1538462
505	12,1538462
505	0,1538462
505	7,1538462
505	-1,8461538
506	14,1538462
506	5,1538462
506	-13,8461538
506	-2,8461538
507	13,1538462
507	6,1538462
507	6,1538462
507	-7,8461538
508	1,1538462
508	17,1538462
508	6,1538462
508	28,1538462
509	12,1538462
509	6,1538462
509	0,1538462
510	-7,8461538
510	3,1538462
510	1,1538462
510	-1,8461538
511	20,1538462
511	15,1538462
511	-4,8461538
511	-6,8461538
512	6,1538462
512	19,1538462
512	18,1538462
512	2,1538462
513	0,1538462
513	25,1538462
513	15,1538462
513	-13,8461538
514	-7,8461538
514	15,1538462
514	-15,8461538
514	16,1538462
515	31,1538462
515	6,1538462
515	-9,8461538
515	4,1538462
516	21,1538462
516	34,1538462
516	27,1538462
516	-11,8461538
517	6,1538462
517	14,1538462
517	9,1538462
518	0,1538462
518	-3,8461538
518	22,1538462
518	3,1538462
519	40,1538462
519	13,1538462
519	10,1538462
519	21,1538462
520	7,1538462
520	-13,8461538
520	43,1538462
520	25,1538462
521	4,1538462
521	28,1538462
521	36,1538462
521	30,1538462
522	14,1538462
522	10,1538462
522	17,1538462
522	-2,8461538
523	11,1538462
523	0,1538462
523	-0,8461538
523	-13,8461538
524	-0,8461538
524	-7,8461538
524	-6,8461538
524	20,1538462
525	17,1538462
525	10,1538462
525	14,1538462
526	5,1538462
526	29,1538462
526	22,1538462
526	22,1538462
527	-3,8461538
527	1,1538462
527	4,1538462
527	13,1538462
528	-4,8461538
528	-9,8461538
528	15,1538462
528	26,1538462
529	16,1538462
529	-4,8461538
529	1,1538462
529	21,1538462
530	11,1538462
530	-4,8461538
530	-2,8461538
530	23,1538462
531	10,1538462
531	19,1538462
531	12,1538462
531	11,1538462
532	18,1538462
532	21,1538462
532	15,1538462
532	21,1538462
533	16,1538462
533	-8,8461538
533	7,1538462
534	11,1538462
534	2,1538462
534	24,1538462
534	27,1538462
535	28,1538462
535	-2,8461538
535	25,1538462
535	13,1538462
536	17,1538462
536	40,1538462
536	3,1538462
536	4,1538462
537	0,1538462
537	11,1538462
537	32,1538462
537	1,1538462
538	12,1538462
538	-23,8461538
538	19,1538462
538	10,1538462
539	17,1538462
539	14,1538462
539	-4,8461538
539	-0,8461538
540	-3,8461538
540	-18,8461538
540	19,1538462
540	1,1538462
541	8,1538462
541	-28,8461538
541	-24,8461538
541	-3,8461538
542	10,1538462
542	-6,8461538
542	23,1538462
543	3,1538462
543	3,1538462
543	-0,8461538
543	58,1538462
544	12,1538462
544	6,1538462
544	-1,8461538
544	-6,8461538
545	-28,8461538
545	4,1538462
545	5,1538462
545	10,1538462
546	6,1538462
546	1,1538462
546	-1,8461538
546	-6,8461538
547	5,1538462
547	13,1538462
547	5,1538462
547	-16,8461538
548	-10,8461538
548	19,1538462
548	-0,8461538
548	21,1538462
549	12,1538462
549	42,1538462
549	20,1538462
549	6,1538462
550	37,1538462
550	8,1538462
550	14,1538462
550	-2,8461538
551	-4,8461538
551	-3,8461538
551	10,1538462
552	-9,8461538
552	1,1538462
552	-2,8461538
552	18,1538462
553	-2,8461538
553	-0,8461538
553	17,1538462
553	14,1538462
554	0,1538462
554	-4,8461538
554	21,1538462
554	-5,8461538
555	8,1538462
555	47,1538462
555	19,1538462
555	-14,8461538
556	5,1538462
556	7,1538462
556	-2,8461538
556	16,1538462
557	37,1538462
557	21,1538462
557	-5,8461538
557	-5,8461538
558	-15,8461538
558	-23,8461538
558	-2,8461538
558	27,1538462
559	30,1538462
559	13,1538462
559	10,1538462
559	-6,8461538
560	44,1538462
560	55,1538462
560	1,1538462
561	12,1538462
561	9,1538462
561	7,1538462
561	25,1538462
562	6,1538462
562	14,1538462
562	26,1538462
562	-6,8461538
563	8,1538462
563	24,1538462
563	5,1538462
563	2,1538462
564	10,1538462
564	-7,8461538
564	11,1538462
564	28,1538462
565	22,1538462
565	6,1538462
565	15,1538462
565	0,1538462
566	26,1538462
566	-4,8461538
566	-7,8461538
566	17,1538462
567	-6,8461538
567	-0,8461538
567	-17,8461538
567	-15,8461538
568	-10,8461538
568	19,1538462
568	10,1538462
568	-13,8461538
569	-16,8461538
569	7,1538462
569	-3,8461538
569	-8,8461538
570	11,1538462
570	8,1538462
570	-0,8461538
571	-17,8461538
571	1,1538462
571	18,1538462
571	28,1538462
572	-11,8461538
572	21,1538462
572	-11,8461538
572	31,1538462
573	12,1538462
573	-2,8461538
573	0,1538462
573	-9,8461538
574	8,1538462
574	8,1538462
574	-9,8461538
574	-2,8461538
575	-2,8461538
575	-2,8461538
575	22,1538462
575	-6,8461538
576	15,1538462
576	18,1538462
576	27,1538462
576	-13,8461538
577	-16,8461538
577	22,1538462
577	6,1538462
577	25,1538462
578	25,1538462
578	0,1538462
578	10,1538462
578	22,1538462
579	33,1538462
579	-5,8461538
579	-15,8461538
579	0,1538462
580	-0,8461538
580	4,1538462
580	16,1538462
581	37,1538462
581	24,1538462
581	30,1538462
581	-14,8461538
582	-3,8461538
582	-15,8461538
582	7,1538462
582	-13,8461538
583	2,1538462
583	11,1538462
583	8,1538462
583	24,1538462
584	25,1538462
584	-8,8461538
584	19,1538462
584	28,1538462
585	24,1538462
585	-13,8461538
585	19,1538462
585	-2,8461538
586	0,1538462
586	9,1538462
586	23,1538462
586	21,1538462
587	34,1538462
587	-31,8461538
587	11,1538462
587	-8,8461538
588	9,1538462
588	18,1538462
588	7,1538462
588	14,1538462
589	12,1538462
589	-8,8461538
589	28,1538462
589	-16,8461538
590	-11,8461538
590	10,1538462
590	-2,8461538
590	18,1538462
591	8,1538462
591	44,1538462
591	-14,8461538
592	15,1538462
592	-4,8461538
592	5,1538462
592	3,1538462
593	7,1538462
593	-1,8461538
593	3,1538462
593	11,1538462
594	32,1538462
594	12,1538462
594	17,1538462
594	24,1538462
595	35,1538462
595	-1,8461538
595	18,1538462
595	8,1538462
596	1,1538462
596	-3,8461538
596	-0,8461538
596	51,1538462
597	21,1538462
597	2,1538462
597	0,1538462
597	21,1538462
598	-0,8461538
598	1,1538462
598	-15,8461538
598	-2,8461538
599	3,1538462
599	3,1538462
599	-3,8461538
599	-0,8461538
600	19,1538462
600	10,1538462
600	1,1538462
600	-21,8461538
601	-10,8461538
601	-2,8461538
601	35,1538462
601	-1,8461538
602	4,1538462
602	26,1538462
602	1,1538462
603	18,1538462
603	20,1538462
603	20,1538462
603	2,1538462
604	-4,8461538
604	14,1538462
604	7,1538462
604	7,1538462
605	12,1538462
605	2,1538462
605	6,1538462
605	12,1538462
606	2,1538462
606	7,1538462
606	22,1538462
606	23,1538462
607	-7,8461538
607	6,1538462
607	22,1538462
607	32,1538462
608	5,1538462
608	25,1538462
608	10,1538462
608	4,1538462
609	15,1538462
609	27,1538462
609	-0,8461538
609	-17,8461538
610	2,1538462
610	3,1538462
610	6,1538462
610	6,1538462
611	16,1538462
611	18,1538462
611	-6,8461538
611	-3,8461538
612	14,1538462
612	28,1538462
612	15,1538462
612	10,1538462
613	8,1538462
613	13,1538462
613	4,1538462
613	26,1538462
614	31,1538462
614	28,1538462
614	26,1538462
614	-17,8461538
615	-8,8461538
615	25,1538462
615	-10,8461538
616	-16,8461538
616	-1,8461538
616	23,1538462
616	13,1538462
617	17,1538462
617	20,1538462
617	-4,8461538
617	2,1538462
618	3,1538462
618	25,1538462
618	16,1538462
618	26,1538462
619	20,1538462
619	22,1538462
619	-6,8461538
619	5,1538462
620	14,1538462
620	-1,8461538
620	-9,8461538
620	-1,8461538
621	22,1538462
621	18,1538462
621	-4,8461538
621	-9,8461538
622	15,1538462
622	29,1538462
622	32,1538462
622	1,1538462
623	-8,8461538
623	-7,8461538
623	14,1538462
623	2,1538462
624	-23,8461538
624	9,1538462
624	-1,8461538
624	9,1538462
625	20,1538462
625	12,1538462
625	1,1538462
625	-5,8461538
626	22,1538462
626	-9,8461538
626	-9,8461538
626	22,1538462
627	21,1538462
627	11,1538462
627	29,1538462
627	3,1538462
628	-0,8461538
628	7,1538462
628	-2,8461538
629	9,1538462
629	18,1538462
629	14,1538462
629	-9,8461538
630	2,1538462
630	5,1538462
630	20,1538462
630	6,1538462
631	-10,8461538
631	8,1538462
631	-2,8461538
631	-3,8461538
632	5,1538462
632	9,1538462
632	6,1538462
632	10,1538462
633	21,1538462
633	14,1538462
633	2,1538462
633	-6,8461538
634	-8,8461538
634	5,1538462
634	15,1538462
634	17,1538462
635	-2,8461538
635	6,1538462
635	-13,8461538
635	8,1538462
636	-15,8461538
636	14,1538462
636	10,1538462
636	-11,8461538
637	14,1538462
637	3,1538462
637	16,1538462
637	19,1538462
638	32,1538462
638	16,1538462
638	-1,8461538
638	2,1538462
639	-17,8461538
639	-17,8461538
639	-0,8461538
639	10,1538462
640	6,1538462
640	26,1538462
640	7,1538462
640	3,1538462
641	-1,8461538
641	15,1538462
641	23,1538462
641	0,1538462
642	0,1538462
642	24,1538462
642	2,1538462
642	25,1538462
643	20,1538462
643	-2,8461538
643	5,1538462
644	3,1538462
644	3,1538462
644	4,1538462
644	35,1538462
645	0,1538462
645	-8,8461538
645	2,1538462
645	16,1538462
646	8,1538462
646	28,1538462
646	-3,8461538
646	23,1538462
647	29,1538462
647	31,1538462
647	-19,8461538
647	33,1538462
648	24,1538462
648	12,1538462
648	-5,8461538
648	14,1538462
649	15,1538462
649	34,1538462
649	16,1538462
649	8,1538462
650	31,1538462
650	20,1538462
650	2,1538462
650	0,1538462
651	31,1538462
651	38,1538462
651	16,1538462
651	2,1538462
652	4,1538462
652	0,1538462
652	6,1538462
652	-11,8461538
653	-6,8461538
653	25,1538462
653	24,1538462
653	-6,8461538
654	-10,8461538
654	16,1538462
654	15,1538462
654	16,1538462
655	13,1538462
655	1,1538462
655	13,1538462
655	18,1538462
656	-3,8461538
656	-2,8461538
656	-19,8461538
656	24,1538462
657	38,1538462
657	15,1538462
657	20,1538462
657	10,1538462
658	-7,8461538
658	-13,8461538
658	11,1538462
658	4,1538462
659	5,1538462
659	16,1538462
659	23,1538462
660	0,1538462
660	14,1538462
660	22,1538462
660	22,1538462
661	-0,8461538
661	48,1538462
661	20,1538462
661	-4,8461538
662	22,1538462
662	16,1538462
662	19,1538462
662	22,1538462
663	2,1538462
663	6,1538462
663	20,1538462
663	38,1538462
664	25,1538462
664	38,1538462
664	23,1538462
664	7,1538462
665	52,1538462
665	15,1538462
665	9,1538462
665	-11,8461538
666	1,1538462
666	21,1538462
666	22,1538462
666	10,1538462
667	29,1538462
667	22,1538462
667	22,1538462
667	-28,8461538
668	-18,8461538
668	-20,8461538
668	20,1538462
668	9,1538462
669	-3,8461538
669	-11,8461538
669	12,1538462
669	-4,8461538
670	5,1538462
670	33,1538462
670	2,1538462
670	2,1538462
671	9,1538462
671	29,1538462
671	13,1538462
671	1,1538462
672	18,1538462
672	15,1538462
672	13,1538462
672	21,1538462
673	0,1538462
673	-11,8461538
673	1,1538462
673	9,1538462
674	11,1538462
674	33,1538462
674	-2,8461538
674	13,1538462
675	-17,8461538
675	5,1538462
675	-10,8461538
675	7,1538462
676	6,1538462
676	21,1538462
676	13,1538462
676	18,1538462
677	18,1538462
677	11,1538462
677	-0,8461538
677	11,1538462
678	16,1538462
678	16,1538462
678	-0,8461538
678	11,1538462
679	5,1538462
679	29,1538462
679	17,1538462
680	15,1538462
680	1,1538462
680	31,1538462
680	24,1538462
681	33,1538462
681	10,1538462
681	-2,8461538
681	20,1538462
682	7,1538462
682	17,1538462
682	15,1538462
682	17,1538462
683	-16,8461538
683	4,1538462
683	8,1538462
683	17,1538462
684	-5,8461538
684	-6,8461538
684	11,1538462
684	4,1538462
685	16,1538462
685	3,1538462
685	-2,8461538
685	2,1538462
686	36,1538462
686	14,1538462
686	5,1538462
686	19,1538462
687	22,1538462
687	20,1538462
687	-11,8461538
687	9,1538462
688	-1,8461538
688	24,1538462
688	-7,8461538
688	-16,8461538
689	5,1538462
689	8,1538462
689	3,1538462
689	8,1538462
690	-20,8461538
690	10,1538462
690	-11,8461538
690	-10,8461538
691	6,1538462
691	-7,8461538
691	5,1538462
691	23,1538462
692	10,1538462
692	20,1538462
692	1,1538462
692	8,1538462
693	5,1538462
693	-7,8461538
693	-14,8461538
693	-27,8461538
694	10,1538462
694	22,1538462
694	11,1538462
694	-3,8461538
695	-7,8461538
695	4,1538462
695	-1,8461538
695	-20,8461538
696	8,1538462
696	1,1538462
696	-6,8461538
696	9,1538462
697	4,1538462
697	0,1538462
697	6,1538462
697	7,1538462
698	-18,8461538
698	-8,8461538
698	-1,8461538
698	13,1538462
699	13,1538462
699	-3,8461538
699	17,1538462
699	-10,8461538
700	29,1538462
700	13,1538462
700	-10,8461538
700	-5,8461538
701	31,1538462
701	-23,8461538
701	13,1538462
701	16,1538462
702	8,1538462
702	-13,8461538
702	-5,8461538
702	-2,8461538
703	13,1538462
703	11,1538462
703	-9,8461538
703	-19,8461538
704	5,1538462
704	16,1538462
704	2,1538462
704	18,1538462
705	-4,8461538
705	4,1538462
705	21,1538462
706	34,1538462
706	27,1538462
706	28,1538462
706	6,1538462
707	3,1538462
707	-18,8461538
707	15,1538462
707	23,1538462
708	12,1538462
708	23,1538462
708	3,1538462
708	-11,8461538
709	-4,8461538
709	19,1538462
709	11,1538462
709	-3,8461538
710	-18,8461538
710	-1,8461538
710	19,1538462
710	8,1538462
711	3,1538462
711	4,1538462
711	26,1538462
711	21,1538462
712	11,1538462
712	5,1538462
712	6,1538462
712	2,1538462
713	18,1538462
713	7,1538462
713	-6,8461538
713	14,1538462
714	35,1538462
714	7,1538462
714	23,1538462
714	2,1538462
715	20,1538462
715	-9,8461538
715	6,1538462
715	11,1538462
716	7,1538462
716	0,1538462
716	-5,8461538
716	14,1538462
717	33,1538462
717	34,1538462
717	28,1538462
717	-6,8461538
718	0,1538462
718	14,1538462
718	-4,8461538
718	11,1538462
719	8,1538462
719	0,1538462
719	9,1538462
719	0,1538462
720	4,1538462
720	-4,8461538
720	12,1538462
720	-3,8461538
721	10,1538462
721	-8,8461538
721	-6,8461538
721	0,1538462
722	23,1538462
722	16,1538462
722	4,1538462
722	-10,8461538
723	16,1538462
723	5,1538462
723	-13,8461538
723	4,1538462
724	4,1538462
724	22,1538462
724	0,1538462
724	-14,8461538
725	6,1538462
725	35,1538462
725	9,1538462
725	1,1538462
726	-16,8461538
726	23,1538462
726	32,1538462
726	9,1538462
727	20,1538462
727	-12,8461538
727	3,1538462
727	-4,8461538
728	-3,8461538
728	-8,8461538
728	15,1538462
728	-12,8461538
729	-2,8461538
729	29,1538462
729	37,1538462
729	8,1538462
730	41,1538462
730	-9,8461538
730	-0,8461538
730	12,1538462
731	20,1538462
731	6,1538462
731	-17,8461538
731	10,1538462
732	16,1538462
732	12,1538462
732	-3,8461538
732	34,1538462
733	30,1538462
733	-6,8461538
733	14,1538462
733	8,1538462
734	-13,8461538
734	-0,8461538
734	-6,8461538
734	25,1538462
735	0,1538462
735	15,1538462
735	15,1538462
735	28,1538462
736	0,1538462
736	-1,8461538
736	-4,8461538
736	37,1538462
737	15,1538462
737	4,1538462
737	-28,8461538
737	7,1538462
738	5,1538462
738	9,1538462
738	21,1538462
738	25,1538462
739	17,1538462
739	24,1538462
739	-15,8461538
739	15,1538462
740	18,1538462
740	10,1538462
740	15,1538462
740	13,1538462
741	0,1538462
741	10,1538462
741	-4,8461538
741	9,1538462
742	12,1538462
742	14,1538462
742	14,1538462
742	-18,8461538
743	-6,8461538
743	32,1538462
743	1,1538462
743	-4,8461538
744	2,1538462
744	10,1538462
744	-4,8461538
744	2,1538462
745	0,1538462
745	-2,8461538
745	21,1538462
745	-11,8461538
746	-1,8461538
746	1,1538462
746	12,1538462
746	35,1538462
747	14,1538462
747	20,1538462
747	17,1538462
747	-18,8461538
748	24,1538462
748	-4,8461538
748	-2,8461538
748	23,1538462
749	2,1538462
749	18,1538462
749	4,1538462
749	-25,8461538
750	12,1538462
750	5,1538462
750	15,1538462
750	-0,8461538
751	19,1538462
751	-7,8461538
751	-16,8461538
751	3,1538462
752	5,1538462
752	22,1538462
752	15,1538462
752	25,1538462
753	-11,8461538
753	-7,8461538
753	14,1538462
753	9,1538462
754	-1,8461538
754	-17,8461538
754	-17,8461538
754	10,1538462
755	0,1538462
755	-3,8461538
755	17,1538462
755	-3,8461538
756	15,1538462
756	6,1538462
756	6,1538462
756	16,1538462
757	-19,8461538
757	-7,8461538
757	-0,8461538
757	11,1538462
758	6,1538462
758	-15,8461538
758	-8,8461538
758	29,1538462
759	30,1538462
759	24,1538462
759	-7,8461538
759	4,1538462
760	11,1538462
760	6,1538462
760	25,1538462
760	5,1538462
761	11,1538462
761	21,1538462
761	3,1538462
761	11,1538462
762	22,1538462
762	9,1538462
762	-0,8461538
762	-12,8461538
763	21,1538462
763	42,1538462
763	0,1538462
763	14,1538462
764	23,1538462
764	22,1538462
764	32,1538462
764	18,1538462
765	19,1538462
765	2,1538462
765	-12,8461538
765	19,1538462
766	-14,8461538
766	0,1538462
766	28,1538462
766	39,1538462
767	-1,8461538
767	2,1538462
767	6,1538462
767	16,1538462
768	1,1538462
768	4,1538462
768	2,1538462
768	18,1538462
769	-5,8461538
769	21,1538462
769	6,1538462
769	-3,8461538
770	31,1538462
770	-2,8461538
770	8,1538462
770	7,1538462
771	-10,8461538
771	-2,8461538
771	25,1538462
771	19,1538462
772	16,1538462
772	-14,8461538
772	10,1538462
772	19,1538462
773	-23,8461538
773	11,1538462
773	14,1538462
773	9,1538462
774	25,1538462
774	18,1538462
774	-1,8461538
774	16,1538462
775	-1,8461538
775	-16,8461538
775	-1,8461538
775	0,1538462
776	-5,8461538
776	6,1538462
776	13,1538462
776	0,1538462
777	12,1538462
777	7,1538462
777	8,1538462
777	7,1538462
778	1,1538462
778	18,1538462
778	17,1538462
778	3,1538462
779	17,1538462
779	8,1538462
779	11,1538462
779	32,1538462
780	30,1538462
780	4,1538462
780	24,1538462
780	11,1538462
781	8,1538462
781	5,1538462
781	10,1538462
781	-3,8461538
782	25,1538462
782	-9,8461538
782	11,1538462
782	52,1538462
783	6,1538462
783	3,1538462
783	-10,8461538
783	3,1538462
784	9,1538462
784	25,1538462
784	31,1538462
784	0,1538462
785	-0,8461538
785	35,1538462
785	1,1538462
785	-10,8461538
786	5,1538462
786	-1,8461538
786	-1,8461538
786	17,1538462
787	6,1538462
787	1,1538462
787	13,1538462
787	-5,8461538
788	-17,8461538
788	-1,8461538
788	5,1538462
788	7,1538462
789	23,1538462
789	0,1538462
789	-28,8461538
789	2,1538462
790	9,1538462
790	-1,8461538
790	13,1538462
790	15,1538462
791	1,1538462
791	-4,8461538
791	-21,8461538
791	-19,8461538
792	-10,8461538
792	-8,8461538
792	31,1538462
792	30,1538462
793	1,1538462
793	9,1538462
793	-0,8461538
793	22,1538462
794	16,1538462
794	-7,8461538
794	-3,8461538
794	-20,8461538
795	-17,8461538
795	-1,8461538
795	4,1538462
795	6,1538462
796	14,1538462
796	21,1538462
796	-3,8461538
796	-2,8461538
797	-1,8461538
797	-5,8461538
797	30,1538462
797	-2,8461538
798	0,1538462
798	16,1538462
798	27,1538462
798	40,1538462
799	-3,8461538
799	-13,8461538
799	-5,8461538
799	-26,8461538
800	-6,8461538
800	42,1538462
800	28,1538462
800	-8,8461538
801	22,1538462
801	-15,8461538
801	28,1538462
801	-11,8461538
802	7,1538462
802	20,1538462
802	6,1538462
802	-6,8461538
803	-7,8461538
803	-15,8461538
803	8,1538462
803	2,1538462
804	2,1538462
804	-10,8461538
804	-3,8461538
804	30,1538462
805	-11,8461538
805	-44,8461538
805	14,1538462
805	-6,8461538
806	-23,8461538
806	-11,8461538
806	17,1538462
806	12,1538462
807	-4,8461538
807	17,1538462
807	14,1538462
807	27,1538462
808	-22,8461538
808	7,1538462
808	18,1538462
808	2,1538462
809	26,1538462
809	11,1538462
809	-2,8461538
809	-8,8461538
810	-15,8461538
810	-2,8461538
810	-8,8461538
810	2,1538462
811	-0,8461538
811	6,1538462
811	-13,8461538
811	17,1538462
812	4,1538462
812	12,1538462
812	0,1538462
812	-6,8461538
813	-14,8461538
813	6,1538462
813	27,1538462
813	17,1538462
814	-3,8461538
814	-7,8461538
814	5,1538462
814	23,1538462
815	23,1538462
815	18,1538462
815	20,1538462
815	-13,8461538
816	21,1538462
816	13,1538462
816	-21,8461538
816	23,1538462
817	0,1538462
817	17,1538462
817	15,1538462
817	27,1538462
818	12,1538462
818	29,1538462
818	-1,8461538
818	7,1538462
819	-0,8461538
819	20,1538462
819	29,1538462
819	26,1538462
820	-6,8461538
820	-32,8461538
820	6,1538462
820	13,1538462
820	-14,8461538
821	0,1538462
821	-22,8461538
821	-5,8461538
821	5,1538462
822	17,1538462
822	24,1538462
822	-13,8461538
822	6,1538462
823	-17,8461538
823	1,1538462
823	4,1538462
823	4,1538462
824	2,1538462
824	17,1538462
824	9,1538462
824	10,1538462
825	17,1538462
825	9,1538462
825	-15,8461538
825	16,1538462
826	5,1538462
826	6,1538462
826	18,1538462
826	-11,8461538
827	7,1538462
827	3,1538462
827	-9,8461538
827	-7,8461538
828	13,1538462
828	-2,8461538
828	-8,8461538
828	1,1538462
829	34,1538462
829	1,1538462
829	14,1538462
829	2,1538462
830	11,1538462
830	23,1538462
830	4,1538462
830	8,1538462
831	50,1538462
831	16,1538462
831	15,1538462
831	7,1538462
832	7,1538462
832	-20,8461538
832	27,1538462
832	9,1538462
833	12,1538462
833	-13,8461538
833	-30,8461538
833	-1,8461538
834	40,1538462
834	11,1538462
834	1,1538462
834	6,1538462
835	-11,8461538
835	8,1538462
835	16,1538462
835	33,1538462
836	14,1538462
836	-1,8461538
836	16,1538462
836	28,1538462
837	10,1538462
837	15,1538462
837	8,1538462
837	12,1538462
838	-5,8461538
838	22,1538462
838	23,1538462
838	-9,8461538
839	12,1538462
839	-10,8461538
839	6,1538462
839	14,1538462
840	18,1538462
840	-6,8461538
840	1,1538462
840	-10,8461538
841	-24,8461538
841	30,1538462
841	22,1538462
841	-3,8461538
842	-1,8461538
842	11,1538462
842	-5,8461538
842	7,1538462
843	-7,8461538
843	13,1538462
843	1,1538462
843	14,1538462
844	6,1538462
844	10,1538462
844	11,1538462
844	-3,8461538
845	-14,8461538
845	16,1538462
845	16,1538462
845	-0,8461538
845	21,1538462
846	7,1538462
846	16,1538462
846	14,1538462
846	13,1538462
847	-12,8461538
847	7,1538462
847	14,1538462
847	13,1538462
848	-16,8461538
848	-20,8461538
848	13,1538462
848	-12,8461538
849	10,1538462
849	-8,8461538
849	14,1538462
849	17,1538462
850	20,1538462
850	10,1538462
850	7,1538462
850	44,1538462
851	22,1538462
851	-1,8461538
851	18,1538462
851	-12,8461538
852	5,1538462
852	15,1538462
852	10,1538462
852	-0,8461538
853	17,1538462
853	7,1538462
853	-6,8461538
853	-6,8461538
854	-17,8461538
854	6,1538462
854	-7,8461538
854	12,1538462
855	-2,8461538
855	-3,8461538
855	1,1538462
855	12,1538462
856	2,1538462
856	0,1538462
856	0,1538462
856	-2,8461538
857	3,1538462
857	15,1538462
857	25,1538462
857	25,1538462
858	36,1538462
858	25,1538462
858	-5,8461538
858	-19,8461538
859	3,1538462
859	12,1538462
859	24,1538462
859	12,1538462
860	-1,8461538
860	-3,8461538
860	17,1538462
860	-13,8461538
861	28,1538462
861	3,1538462
861	-5,8461538
861	18,1538462
862	-7,8461538
862	8,1538462
862	4,1538462
862	6,1538462
863	6,1538462
863	6,1538462
863	-5,8461538
863	12,1538462
864	22,1538462
864	-10,8461538
864	10,1538462
864	12,1538462
864	9,1538462
865	-1,8461538
865	-3,8461538
865	1,1538462
865	26,1538462
866	-10,8461538
866	6,1538462
866	27,1538462
866	18,1538462
867	7,1538462
867	0,1538462
867	-2,8461538
867	20,1538462
868	31,1538462
868	-11,8461538
868	15,1538462
868	26,1538462
869	17,1538462
869	-7,8461538
869	3,1538462
869	-3,8461538
870	20,1538462
870	20,1538462
870	14,1538462
870	16,1538462
871	-1,8461538
871	-12,8461538
871	5,1538462
871	-12,8461538
872	28,1538462
872	-24,8461538
872	3,1538462
872	11,1538462
873	-11,8461538
873	-24,8461538
873	-27,8461538
873	14,1538462
874	6,1538462
874	3,1538462
874	3,1538462
874	-1,8461538
875	1,1538462
875	-27,8461538
875	-9,8461538
875	13,1538462
876	6,1538462
876	29,1538462
876	11,1538462
876	16,1538462
877	3,1538462
877	10,1538462
877	14,1538462
877	7,1538462
878	5,1538462
878	-2,8461538
878	36,1538462
878	38,1538462
879	22,1538462
879	-19,8461538
879	7,1538462
879	7,1538462
880	2,1538462
880	7,1538462
880	37,1538462
880	23,1538462
880	-17,8461538
881	12,1538462
881	16,1538462
881	-5,8461538
881	3,1538462
882	-11,8461538
882	-27,8461538
882	-15,8461538
882	5,1538462
883	2,1538462
883	-19,8461538
883	3,1538462
883	-3,8461538
884	34,1538462
884	-0,8461538
884	-1,8461538
884	17,1538462
885	1,1538462
885	11,1538462
885	21,1538462
885	6,1538462
886	-10,8461538
886	-7,8461538
886	3,1538462
886	17,1538462
887	28,1538462
887	19,1538462
887	-2,8461538
887	1,1538462
888	7,1538462
888	7,1538462
888	-6,8461538
888	19,1538462
889	-7,8461538
889	22,1538462
889	12,1538462
889	12,1538462
890	8,1538462
890	-21,8461538
890	13,1538462
890	18,1538462
891	7,1538462
891	13,1538462
891	20,1538462
891	16,1538462
892	-12,8461538
892	-0,8461538
892	-6,8461538
892	36,1538462
893	-5,8461538
893	-16,8461538
893	4,1538462
893	5,1538462
894	31,1538462
894	14,1538462
894	6,1538462
894	7,1538462
894	6,1538462
895	-6,8461538
895	-8,8461538
895	16,1538462
895	2,1538462
896	13,1538462
896	7,1538462
896	0,1538462
896	30,1538462
897	42,1538462
897	16,1538462
897	21,1538462
897	30,1538462
898	19,1538462
898	-21,8461538
898	-16,8461538
898	-3,8461538
899	8,1538462
899	-19,8461538
899	8,1538462
899	14,1538462
900	20,1538462
900	9,1538462
900	1,1538462
900	35,1538462
901	31,1538462
901	-16,8461538
901	20,1538462
901	-1,8461538
902	-1,8461538
902	-13,8461538
902	-1,8461538
902	-15,8461538
903	6,1538462
903	11,1538462
903	-17,8461538
903	31,1538462
904	9,1538462
904	13,1538462
904	13,1538462
904	21,1538462
905	7,1538462
905	39,1538462
905	26,1538462
905	27,1538462
906	24,1538462
906	-6,8461538
906	-4,8461538
906	-4,8461538
906	8,1538462
907	25,1538462
907	28,1538462
907	-8,8461538
907	12,1538462
908	14,1538462
908	23,1538462
908	25,1538462
908	-5,8461538
909	4,1538462
909	-8,8461538
909	-3,8461538
909	11,1538462
910	-6,8461538
910	-9,8461538
910	28,1538462
910	2,1538462
911	-19,8461538
911	-7,8461538
911	8,1538462
911	3,1538462
912	18,1538462
912	5,1538462
912	5,1538462
912	28,1538462
913	6,1538462
913	-6,8461538
913	26,1538462
913	-7,8461538
914	23,1538462
914	10,1538462
914	-3,8461538
914	-2,8461538
915	-2,8461538
915	-10,8461538
915	-0,8461538
915	7,1538462
916	14,1538462
916	27,1538462
916	17,1538462
916	1,1538462
917	-28,8461538
917	-4,8461538
917	-8,8461538
917	-3,8461538
917	-2,8461538
918	-2,8461538
918	21,1538462
918	-18,8461538
918	8,1538462
919	-11,8461538
919	-3,8461538
919	34,1538462
919	0,1538462
920	20,1538462
920	30,1538462
920	32,1538462
920	12,1538462
921	11,1538462
921	-1,8461538
921	-12,8461538
921	4,1538462
922	-7,8461538
922	-7,8461538
922	19,1538462
922	-2,8461538
923	5,1538462
923	-7,8461538
923	-5,8461538
923	-25,8461538
924	6,1538462
924	-26,8461538
924	-4,8461538
924	14,1538462
925	-3,8461538
925	10,1538462
925	16,1538462
925	25,1538462
926	8,1538462
926	14,1538462
926	36,1538462
926	22,1538462
927	-13,8461538
927	29,1538462
927	23,1538462
927	1,1538462
928	-19,8461538
928	-0,8461538
928	4,1538462
928	-14,8461538
928	34,1538462
929	5,1538462
929	-9,8461538
929	-9,8461538
929	5,1538462
930	-1,8461538
930	-19,8461538
930	-26,8461538
930	7,1538462
931	8,1538462
931	15,1538462
931	38,1538462
931	25,1538462
932	25,1538462
932	20,1538462
932	8,1538462
932	-2,8461538
933	17,1538462
933	-18,8461538
933	7,1538462
933	20,1538462
934	9,1538462
934	19,1538462
934	26,1538462
934	8,1538462
935	9,1538462
935	4,1538462
935	-22,8461538
935	2,1538462
936	-3,8461538
936	25,1538462
936	2,1538462
936	9,1538462
937	15,1538462
937	16,1538462
937	15,1538462
937	10,1538462
938	20,1538462
938	8,1538462
938	-2,8461538
938	23,1538462
938	25,1538462
939	2,1538462
939	-8,8461538
939	38,1538462
939	2,1538462
940	3,1538462
940	11,1538462
940	-21,8461538
940	5,1538462
941	12,1538462
941	-1,8461538
941	-12,8461538
941	14,1538462
942	18,1538462
942	18,1538462
942	3,1538462
942	21,1538462
943	4,1538462
943	-19,8461538
943	5,1538462
943	19,1538462
944	-2,8461538
944	3,1538462
944	12,1538462
944	5,1538462
945	-4,8461538
945	5,1538462
945	-6,8461538
945	17,1538462
946	27,1538462
946	26,1538462
946	19,1538462
946	-15,8461538
947	15,1538462
947	13,1538462
947	0,1538462
947	7,1538462
947	16,1538462
948	-2,8461538
948	11,1538462
948	5,1538462
948	11,1538462
949	35,1538462
949	-2,8461538
949	22,1538462
949	13,1538462
950	30,1538462
950	4,1538462
950	-0,8461538
950	-6,8461538
951	7,1538462
951	28,1538462
951	-7,8461538
951	0,1538462
952	20,1538462
952	18,1538462
952	11,1538462
952	45,1538462
953	-13,8461538
953	13,1538462
953	12,1538462
953	0,1538462
954	-23,8461538
954	14,1538462
954	0,1538462
954	-4,8461538
955	-4,8461538
955	10,1538462
955	-4,8461538
955	-28,8461538
956	7,1538462
956	20,1538462
956	16,1538462
956	1,1538462
956	14,1538462
957	46,1538462
957	34,1538462
957	14,1538462
957	31,1538462
958	-4,8461538
958	-4,8461538
958	-7,8461538
958	28,1538462
959	2,1538462
959	18,1538462
959	-1,8461538
959	12,1538462
960	35,1538462
960	16,1538462
960	19,1538462
960	-2,8461538
961	9,1538462
961	2,1538462
961	7,1538462
961	-7,8461538
962	13,1538462
962	14,1538462
962	14,1538462
962	-4,8461538
963	5,1538462
963	8,1538462
963	14,1538462
963	-7,8461538
964	3,1538462
964	8,1538462
964	15,1538462
964	-5,8461538
964	-21,8461538
965	4,1538462
965	6,1538462
965	-2,8461538
965	18,1538462
966	48,1538462
966	18,1538462
966	-0,8461538
966	7,1538462
967	2,1538462
967	1,1538462
967	3,1538462
967	10,1538462
968	-9,8461538
968	-13,8461538
968	-2,8461538
968	19,1538462
969	18,1538462
969	-12,8461538
969	-15,8461538
969	1,1538462
970	23,1538462
970	-8,8461538
970	13,1538462
970	4,1538462
971	-8,8461538
971	-1,8461538
971	11,1538462
971	18,1538462
972	16,1538462
972	-7,8461538
972	19,1538462
972	0,1538462
972	-3,8461538
973	-14,8461538
973	5,1538462
973	4,1538462
973	-6,8461538
974	-7,8461538
974	20,1538462
974	24,1538462
974	5,1538462
975	14,1538462
975	9,1538462
975	-0,8461538
975	1,1538462
976	2,1538462
976	-16,8461538
976	15,1538462
976	15,1538462
977	-3,8461538
977	-5,8461538
977	2,1538462
977	10,1538462
978	24,1538462
978	26,1538462
978	2,1538462
978	35,1538462
979	10,1538462
979	14,1538462
979	2,1538462
979	11,1538462
980	-9,8461538
980	-0,8461538
980	8,1538462
980	3,1538462
980	3,1538462
981	-6,8461538
981	22,1538462
981	22,1538462
981	-12,8461538
982	-22,8461538
982	12,1538462
982	11,1538462
982	-9,8461538
983	11,1538462
983	9,1538462
983	-2,8461538
983	4,1538462
984	27,1538462
984	18,1538462
984	-8,8461538
984	11,1538462
985	14,1538462
985	36,1538462
985	14,1538462
985	11,1538462
986	4,1538462
986	0,1538462
986	14,1538462
986	-18,8461538
987	-0,8461538
987	32,1538462
987	14,1538462
987	-15,8461538
988	0,1538462
988	2,1538462
988	-15,8461538
988	18,1538462
988	23,1538462
989	5,1538462
989	9,1538462
989	1,1538462
989	9,1538462
990	7,1538462
990	9,1538462
990	2,1538462
990	-8,8461538
991	-5,8461538
991	26,1538462
991	-15,8461538
991	-6,8461538
992	-0,8461538
992	17,1538462
992	3,1538462
992	2,1538462
993	25,1538462
993	0,1538462
993	-5,8461538
993	20,1538462
994	3,1538462
994	12,1538462
994	17,1538462
994	-8,8461538
995	-21,8461538
995	-3,8461538
995	5,1538462
995	48,1538462
995	35,1538462
996	14,1538462
996	19,1538462
996	4,1538462
996	26,1538462
997	31,1538462
997	-22,8461538
997	7,1538462
997	37,1538462
998	-8,8461538
998	6,1538462
998	6,1538462
998	36,1538462
999	21,1538462
999	-3,8461538
999	4,1538462
999	-0,8461538
1000	1,1538462
1000	22,1538462
1000	2,1538462
1000	0,1538462
1001	0,1538462
1001	13,1538462
1001	-7,8461538
1001	6,1538462
1002	5,1538462
1002	33,1538462
1002	25,1538462
1002	41,1538462
1002	-0,8461538
1003	1,1538462
1003	1,1538462
1003	22,1538462
1003	-3,8461538
1004	30,1538462
1004	5,1538462
1004	3,1538462
1004	15,1538462
1005	-8,8461538
1005	-2,8461538
1005	0,1538462
1005	4,1538462
1006	-28,8461538
1006	8,1538462
1006	2,1538462
1006	-0,8461538
1007	22,1538462
1007	25,1538462
1007	-20,8461538
1007	-32,8461538
1008	-27,8461538
1008	15,1538462
1008	21,1538462
1008	12,1538462
1008	8,1538462
1009	4,1538462
1009	4,1538462
1009	-6,8461538
1009	21,1538462
1010	8,1538462
1010	-17,8461538
1010	-9,8461538
1010	-2,8461538
1011	17,1538462
1011	10,1538462
1011	-3,8461538
1011	20,1538462
1012	3,1538462
1012	-2,8461538
1012	11,1538462
1012	16,1538462
1013	8,1538462
1013	-0,8461538
1013	7,1538462
1013	1,1538462
1014	28,1538462
1014	11,1538462
1014	11,1538462
1014	5,1538462
1015	-8,8461538
1015	13,1538462
1015	7,1538462
1015	7,1538462
1015	7,1538462
1016	19,1538462
1016	20,1538462
1016	-6,8461538
1016	3,1538462
1017	30,1538462
1017	23,1538462
1017	6,1538462
1017	-2,8461538
1018	-1,8461538
1018	26,1538462
1018	7,1538462
1018	-5,8461538
1019	-9,8461538
1019	-3,8461538
1019	3,1538462
1019	2,1538462
1020	-11,8461538
1020	0,1538462
1020	23,1538462
1020	45,1538462
1021	20,1538462
1021	5,1538462
1021	9,1538462
1021	1,1538462
1021	9,1538462
1022	3,1538462
1022	26,1538462
1022	15,1538462
1022	29,1538462
1023	-19,8461538
1023	-9,8461538
1023	4,1538462
1023	23,1538462
1024	4,1538462
1024	3,1538462
1024	17,1538462
1024	16,1538462
1025	28,1538462
1025	11,1538462
1025	-6,8461538
1025	4,1538462
1026	-15,8461538
1026	24,1538462
1026	-11,8461538
1026	20,1538462
1027	22,1538462
1027	-0,8461538
1027	36,1538462
1027	25,1538462
1027	-1,8461538
1028	5,1538462
1028	-1,8461538
1028	10,1538462
1028	24,1538462
1029	-24,8461538
1029	14,1538462
1029	21,1538462
1029	18,1538462
1030	16,1538462
1030	3,1538462
1030	-4,8461538
1030	-6,8461538
1031	20,1538462
1031	15,1538462
1031	22,1538462
1031	-31,8461538
1032	-2,8461538
1032	3,1538462
1032	-5,8461538
1032	11,1538462
1033	14,1538462
1033	15,1538462
1033	-2,8461538
1033	13,1538462
1034	22,1538462
1034	-4,8461538
1034	-20,8461538
1034	-5,8461538
1034	4,1538462
1035	22,1538462
1035	1,1538462
1035	-9,8461538
1035	-6,8461538
1036	17,1538462
1036	-7,8461538
1036	-4,8461538
1036	-15,8461538
1037	6,1538462
1037	-12,8461538
1037	-5,8461538
1037	38,1538462
1038	7,1538462
1038	9,1538462
1038	-12,8461538
1038	-0,8461538
1039	7,1538462
1039	-3,8461538
1039	2,1538462
1039	10,1538462
1039	14,1538462
1040	-2,8461538
1040	15,1538462
1040	-6,8461538
1040	11,1538462
1041	25,1538462
1041	-6,8461538
1041	17,1538462
1041	33,1538462
1042	29,1538462
1042	9,1538462
1042	25,1538462
1042	13,1538462
1043	10,1538462
1043	42,1538462
1043	23,1538462
1043	26,1538462
1044	15,1538462
1044	-16,8461538
1044	16,1538462
1044	-18,8461538
1045	7,1538462
1045	-6,8461538
1045	13,1538462
1045	-5,8461538
1045	-17,8461538
1046	12,1538462
1046	-4,8461538
1046	-19,8461538
1046	-8,8461538
1047	9,1538462
1047	22,1538462
1047	0,1538462
1047	23,1538462
1048	26,1538462
1048	26,1538462
1048	20,1538462
1048	-7,8461538
1049	-11,8461538
1049	1,1538462
1049	0,1538462
1049	14,1538462
1050	-7,8461538
1050	-4,8461538
1050	-13,8461538
1050	-5,8461538
1051	18,1538462
1051	1,1538462
1051	-17,8461538
1051	-0,8461538
1051	-14,8461538
1052	-13,8461538
1052	11,1538462
1052	-20,8461538
1052	-32,8461538
1053	-5,8461538
1053	5,1538462
1053	-4,8461538
1053	4,1538462
1054	16,1538462
1054	-18,8461538
1054	4,1538462
1054	23,1538462
1055	11,1538462
1055	3,1538462
1055	3,1538462
1055	12,1538462
1056	-4,8461538
1056	11,1538462
1056	-10,8461538
1056	14,1538462
1056	-21,8461538
1057	0,1538462
1057	3,1538462
1057	-0,8461538
1057	13,1538462
1058	1,1538462
1058	3,1538462
1058	11,1538462
1058	35,1538462
1059	6,1538462
1059	-13,8461538
1059	1,1538462
1059	8,1538462
1060	23,1538462
1060	-2,8461538
1060	2,1538462
1060	23,1538462
1061	23,1538462
1061	1,1538462
1061	3,1538462
1061	21,1538462
1062	11,1538462
1062	29,1538462
1062	7,1538462
1062	10,1538462
1062	25,1538462
1063	10,1538462
1063	-6,8461538
1063	9,1538462
1063	21,1538462
1064	-20,8461538
1064	0,1538462
1064	-14,8461538
1064	0,1538462
1065	14,1538462
1065	5,1538462
1065	11,1538462
1065	0,1538462
1066	3,1538462
1066	3,1538462
1066	-21,8461538
1066	41,1538462
1067	13,1538462
1067	19,1538462
1067	20,1538462
1067	21,1538462
1067	11,1538462
1068	8,1538462
1068	51,1538462
1068	-2,8461538
1068	9,1538462
1069	17,1538462
1069	-1,8461538
1069	-7,8461538
1069	0,1538462
1070	0,1538462
1070	-3,8461538
1070	31,1538462
1070	18,1538462
1071	1,1538462
1071	19,1538462
1071	17,1538462
1071	4,1538462
1072	3,1538462
1072	15,1538462
1072	7,1538462
1072	-8,8461538
1072	-0,8461538
1073	-2,8461538
1073	-13,8461538
1073	-11,8461538
1073	-19,8461538
1074	-8,8461538
1074	1,1538462
1074	14,1538462
1074	-1,8461538
1075	-5,8461538
1075	19,1538462
1075	28,1538462
1075	0,1538462
1076	-5,8461538
1076	17,1538462
1076	8,1538462
1076	5,1538462
1077	9,1538462
1077	1,1538462
1077	17,1538462
1077	0,1538462
1077	30,1538462
1078	6,1538462
1078	6,1538462
1078	28,1538462
1078	7,1538462
1079	7,1538462
1079	-2,8461538
1079	-22,8461538
1079	22,1538462
1080	23,1538462
1080	-10,8461538
1080	-2,8461538
1080	6,1538462
1081	-9,8461538
1081	-6,8461538
1081	11,1538462
1081	31,1538462
1082	27,1538462
1082	6,1538462
1082	8,1538462
1082	-2,8461538
1082	-10,8461538
1083	34,1538462
1083	35,1538462
1083	4,1538462
1083	-8,8461538
1084	-14,8461538
1084	9,1538462
1084	30,1538462
1084	23,1538462
1085	11,1538462
1085	-5,8461538
1085	16,1538462
1085	19,1538462
1086	9,1538462
1086	-12,8461538
1086	-0,8461538
1086	17,1538462
1087	32,1538462
1087	-15,8461538
1087	15,1538462
1087	2,1538462
1087	25,1538462
1088	17,1538462
1088	10,1538462
1088	17,1538462
1088	4,1538462
1089	10,1538462
1089	8,1538462
1089	-19,8461538
1089	15,1538462
1090	9,1538462
1090	-10,8461538
1090	18,1538462
1090	11,1538462
1091	9,1538462
1091	-14,8461538
1091	-3,8461538
1091	-4,8461538
1092	29,1538462
1092	19,1538462
1092	1,1538462
1092	9,1538462
1092	-11,8461538
1093	-10,8461538
1093	6,1538462
1093	-1,8461538
1093	-0,8461538
1094	-1,8461538
1094	-18,8461538
1094	1,1538462
1094	11,1538462
1095	-11,8461538
1095	26,1538462
1095	14,1538462
1095	13,1538462
1096	-15,8461538
1096	1,1538462
1096	-12,8461538
1096	-3,8461538
1097	10,1538462
1097	-4,8461538
1097	17,1538462
1097	23,1538462
1097	8,1538462
1098	-3,8461538
1098	24,1538462
1098	6,1538462
1098	-22,8461538
1099	13,1538462
1099	21,1538462
1099	-7,8461538
1099	16,1538462
1100	1,1538462
1100	-23,8461538
1100	10,1538462
1100	3,1538462
1101	4,1538462
1101	19,1538462
1101	44,1538462
1101	10,1538462
1101	-2,8461538
1102	1,1538462
1102	16,1538462
1102	1,1538462
1102	5,1538462
1103	19,1538462
1103	15,1538462
1103	10,1538462
1103	11,1538462
1104	7,1538462
1104	11,1538462
1104	-0,8461538
1104	29,1538462
1105	13,1538462
1105	-1,8461538
1105	5,1538462
1105	16,1538462
1106	27,1538462
1106	-22,8461538
1106	3,1538462
1106	9,1538462
1106	-22,8461538
1107	11,1538462
1107	34,1538462
1107	20,1538462
1107	4,1538462
1108	-21,8461538
1108	19,1538462
1108	-5,8461538
1108	5,1538462
1109	3,1538462
1109	0,1538462
1109	-2,8461538
1109	1,1538462
1110	17,1538462
1110	38,1538462
1110	10,1538462
1110	8,1538462
1110	-1,8461538
1111	0,1538462
1111	15,1538462
1111	10,1538462
1111	2,1538462
1112	-12,8461538
1112	-18,8461538
1112	22,1538462
1112	2,1538462
1113	-9,8461538
1113	-8,8461538
1113	-17,8461538
1113	3,1538462
1114	18,1538462
1114	12,1538462
1114	2,1538462
1114	-2,8461538
1115	1,1538462
1115	24,1538462
1115	7,1538462
1115	-3,8461538
1115	5,1538462
1116	12,1538462
1116	19,1538462
1116	-22,8461538
1116	-8,8461538
1117	13,1538462
1117	-1,8461538
1117	-5,8461538
1117	-5,8461538
1118	22,1538462
