196	-14,6923077
196	-14,6923077
196	-14,6923077
197	-18,6923077
197	12,3076923
197	21,3076923
197	5,3076923
198	12,3076923
198	4,3076923
198	-24,6923077
199	23,3076923
199	4,3076923
199	4,3076923
199	0,3076923
200	44,3076923
200	15,3076923
200	24,3076923
200	-0,6923077
201	5,3076923
201	3,3076923
201	49,3076923
201	1,3076923
202	39,3076923
202	4,3076923
202	-17,6923077
203	11,3076923
203	28,3076923
203	30,3076923
203	-4,6923077
204	12,3076923
204	15,3076923
204	-24,6923077
204	4,3076923
205	0,3076923
205	-2,6923077
205	-2,6923077
205	30,3076923
206	-1,6923077
206	14,3076923
206	12,3076923
207	-4,6923077
207	13,3076923
207	5,3076923
207	4,3076923
208	-0,6923077
208	12,3076923
208	10,3076923
208	9,3076923
209	-8,6923077
209	-13,6923077
209	19,3076923
209	-1,6923077
210	15,3076923
210	25,3076923
210	26,3076923
211	12,3076923
211	28,3076923
211	9,3076923
211	17,3076923
212	-6,6923077
212	-3,6923077
212	26,3076923
212	3,3076923
213	0,3076923
213	-27,6923077
213	-6,6923077
213	-3,6923077
214	1,3076923
214	-7,6923077
214	5,3076923
215	6,3076923
215	-3,6923077
215	-11,6923077
215	21,3076923
216	21,3076923
216	-3,6923077
216	11,3076923
216	5,3076923
217	10,3076923
217	14,3076923
217	5,3076923
217	9,3076923
218	-4,6923077
218	-7,6923077
218	-5,6923077
219	0,3076923
219	-7,6923077
219	32,3076923
219	7,3076923
220	18,3076923
220	5,3076923
220	-3,6923077
220	3,3076923
221	-3,6923077
221	-17,6923077
221	16,3076923
221	13,3076923
222	35,3076923
222	13,3076923
222	33,3076923
223	27,3076923
223	7,3076923
223	14,3076923
223	-24,6923077
224	17,3076923
224	-6,6923077
224	9,3076923
224	-12,6923077
225	2,3076923
225	26,3076923
225	6,3076923
225	20,3076923
226	10,3076923
226	14,3076923
226	18,3076923
227	-4,6923077
227	15,3076923
227	-7,6923077
227	24,3076923
228	15,3076923
228	11,3076923
228	-1,6923077
228	37,3076923
229	10,3076923
229	-4,6923077
229	7,3076923
229	24,3076923
230	21,3076923
230	18,3076923
230	13,3076923
231	14,3076923
231	9,3076923
231	-13,6923077
231	15,3076923
232	32,3076923
232	9,3076923
232	7,3076923
232	4,3076923
233	13,3076923
233	10,3076923
233	26,3076923
233	-7,6923077
234	-12,6923077
234	27,3076923
234	3,3076923
235	24,3076923
235	34,3076923
235	13,3076923
235	5,3076923
236	10,3076923
236	-1,6923077
236	-5,6923077
236	18,3076923
237	55,3076923
237	-11,6923077
237	7,3076923
237	19,3076923
238	28,3076923
238	2,3076923
238	8,3076923
239	1,3076923
239	-22,6923077
239	7,3076923
239	4,3076923
240	6,3076923
240	10,3076923
240	24,3076923
240	28,3076923
241	-4,6923077
241	20,3076923
241	-0,6923077
241	8,3076923
242	-7,6923077
242	-5,6923077
242	14,3076923
243	13,3076923
243	-5,6923077
243	-11,6923077
243	9,3076923
244	6,3076923
244	7,3076923
244	39,3076923
244	15,3076923
245	-0,6923077
245	23,3076923
245	-7,6923077
245	2,3076923
246	-21,6923077
246	-0,6923077
246	-8,6923077
247	4,3076923
247	12,3076923
247	4,3076923
247	29,3076923
248	0,3076923
248	-9,6923077
248	16,3076923
248	28,3076923
249	10,3076923
249	-6,6923077
249	-6,6923077
249	13,3076923
250	37,3076923
250	26,3076923
250	10,3076923
251	4,3076923
251	5,3076923
251	23,3076923
251	-19,6923077
252	-12,6923077
252	16,3076923
252	31,3076923
252	27,3076923
253	26,3076923
253	26,3076923
253	17,3076923
253	11,3076923
254	0,3076923
254	-7,6923077
254	-9,6923077
254	12,3076923
255	-25,6923077
255	1,3076923
255	-23,6923077
256	-20,6923077
256	8,3076923
256	0,3076923
256	22,3076923
257	-8,6923077
257	4,3076923
257	24,3076923
257	26,3076923
258	17,3076923
258	-17,6923077
258	1,3076923
258	13,3076923
259	8,3076923
259	18,3076923
259	23,3076923
260	-2,6923077
260	-21,6923077
260	-11,6923077
260	-8,6923077
261	8,3076923
261	23,3076923
261	24,3076923
261	11,3076923
262	20,3076923
262	2,3076923
262	2,3076923
262	-4,6923077
263	51,3076923
263	12,3076923
263	14,3076923
264	11,3076923
264	17,3076923
264	5,3076923
264	2,3076923
265	-1,6923077
265	9,3076923
265	5,3076923
265	-7,6923077
266	-3,6923077
266	-7,6923077
266	-6,6923077
266	-16,6923077
267	22,3076923
267	20,3076923
267	24,3076923
268	-0,6923077
268	34,3076923
268	12,3076923
268	51,3076923
269	14,3076923
269	42,3076923
269	-1,6923077
269	15,3076923
270	21,3076923
270	2,3076923
270	-23,6923077
270	18,3076923
271	14,3076923
271	18,3076923
271	20,3076923
271	1,3076923
272	21,3076923
272	27,3076923
272	-17,6923077
273	-3,6923077
273	17,3076923
273	4,3076923
273	-4,6923077
274	6,3076923
274	-6,6923077
274	1,3076923
274	12,3076923
275	32,3076923
275	-2,6923077
275	1,3076923
275	12,3076923
276	38,3076923
276	5,3076923
276	-6,6923077
277	17,3076923
277	26,3076923
277	13,3076923
277	15,3076923
278	9,3076923
278	42,3076923
278	7,3076923
278	-7,6923077
279	3,3076923
279	10,3076923
279	29,3076923
279	16,3076923
280	-0,6923077
280	5,3076923
280	-7,6923077
280	-0,6923077
281	31,3076923
281	24,3076923
281	11,3076923
282	-5,6923077
282	10,3076923
282	-8,6923077
282	7,3076923
283	-6,6923077
283	-9,6923077
283	4,3076923
283	21,3076923
284	19,3076923
284	-6,6923077
284	-19,6923077
284	-3,6923077
285	-11,6923077
285	-14,6923077
285	7,3076923
286	21,3076923
286	-4,6923077
286	-15,6923077
286	20,3076923
287	28,3076923
287	5,3076923
287	8,3076923
287	6,3076923
288	17,3076923
288	12,3076923
288	3,3076923
288	16,3076923
289	26,3076923
289	1,3076923
289	7,3076923
290	5,3076923
290	-2,6923077
290	18,3076923
290	-17,6923077
291	39,3076923
291	10,3076923
291	-0,6923077
291	-11,6923077
292	37,3076923
292	0,3076923
292	7,3076923
292	25,3076923
293	4,3076923
293	7,3076923
293	31,3076923
293	53,3076923
294	8,3076923
294	4,3076923
294	12,3076923
295	6,3076923
295	35,3076923
295	1,3076923
295	17,3076923
296	4,3076923
296	10,3076923
296	40,3076923
296	-1,6923077
297	-7,6923077
297	26,3076923
297	14,3076923
297	22,3076923
298	46,3076923
298	-12,6923077
298	28,3076923
299	-0,6923077
299	37,3076923
299	23,3076923
299	12,3076923
300	14,3076923
300	18,3076923
300	2,3076923
300	16,3076923
301	0,3076923
301	15,3076923
301	-13,6923077
301	14,3076923
302	6,3076923
302	5,3076923
302	25,3076923
302	60,3076923
303	32,3076923
303	11,3076923
303	-18,6923077
304	3,3076923
304	0,3076923
304	10,3076923
304	23,3076923
305	27,3076923
305	27,3076923
305	3,3076923
305	-6,6923077
306	20,3076923
306	-4,6923077
306	-4,6923077
306	21,3076923
307	40,3076923
307	50,3076923
307	24,3076923
307	33,3076923
308	37,3076923
308	23,3076923
308	28,3076923
309	29,3076923
309	16,3076923
309	30,3076923
309	25,3076923
310	19,3076923
310	4,3076923
310	10,3076923
310	27,3076923
311	58,3076923
311	83,3076923
311	67,3076923
311	53,3076923
312	40,3076923
312	74,3076923
312	58,3076923
313	69,3076923
313	60,3076923
313	86,3076923
313	63,3076923
314	76,3076923
314	65,3076923
314	87,3076923
314	77,3076923
315	52,3076923
315	88,3076923
315	76,3076923
315	86,3076923
316	90,3076923
316	87,3076923
316	77,3076923
316	66,3076923
317	93,3076923
317	63,3076923
317	49,3076923
318	65,3076923
318	85,3076923
318	66,3076923
318	47,3076923
319	43,3076923
319	36,3076923
319	53,3076923
319	40,3076923
320	41,3076923
320	63,3076923
320	6,3076923
320	21,3076923
321	34,3076923
321	26,3076923
321	-21,6923077
321	0,3076923
322	16,3076923
322	11,3076923
322	21,3076923
323	-4,6923077
323	19,3076923
323	1,3076923
323	9,3076923
324	15,3076923
324	27,3076923
324	-14,6923077
324	24,3076923
325	-23,6923077
325	2,3076923
325	-15,6923077
325	7,3076923
326	-22,6923077
326	-0,6923077
326	6,3076923
327	3,3076923
327	39,3076923
327	17,3076923
327	-11,6923077
328	6,3076923
328	5,3076923
328	14,3076923
328	35,3076923
329	16,3076923
329	-0,6923077
329	1,3076923
329	27,3076923
330	33,3076923
330	28,3076923
330	31,3076923
330	22,3076923
331	7,3076923
331	5,3076923
331	38,3076923
332	54,3076923
332	51,3076923
332	73,3076923
332	52,3076923
333	51,3076923
333	52,3076923
333	61,3076923
333	70,3076923
334	66,3076923
334	113,3076923
334	104,3076923
334	115,3076923
335	91,3076923
335	86,3076923
335	85,3076923
335	112,3076923
336	109,3076923
336	148,3076923
336	115,3076923
337	114,3076923
337	134,3076923
337	149,3076923
337	137,3076923
338	137,3076923
338	140,3076923
338	134,3076923
338	154,3076923
339	112,3076923
339	123,3076923
339	129,3076923
339	116,3076923
340	92,3076923
340	91,3076923
340	49,3076923
340	51,3076923
341	46,3076923
341	67,3076923
341	54,3076923
342	52,3076923
342	59,3076923
342	56,3076923
342	36,3076923
343	36,3076923
343	49,3076923
343	29,3076923
343	27,3076923
344	13,3076923
344	19,3076923
344	34,3076923
344	0,3076923
345	-12,6923077
345	1,3076923
345	1,3076923
345	36,3076923
346	13,3076923
346	39,3076923
346	8,3076923
347	14,3076923
347	9,3076923
347	6,3076923
347	11,3076923
348	5,3076923
348	23,3076923
348	50,3076923
348	19,3076923
349	23,3076923
349	8,3076923
349	27,3076923
349	17,3076923
350	24,3076923
350	44,3076923
350	33,3076923
350	32,3076923
351	39,3076923
351	18,3076923
351	42,3076923
352	31,3076923
352	67,3076923
352	66,3076923
352	74,3076923
353	62,3076923
353	82,3076923
353	66,3076923
353	82,3076923
354	69,3076923
354	88,3076923
354	96,3076923
354	97,3076923
355	83,3076923
355	100,3076923
355	78,3076923
355	82,3076923
356	103,3076923
356	99,3076923
356	103,3076923
357	89,3076923
357	105,3076923
357	136,3076923
357	105,3076923
358	139,3076923
358	107,3076923
358	137,3076923
358	131,3076923
359	90,3076923
359	95,3076923
359	82,3076923
359	96,3076923
360	92,3076923
360	75,3076923
360	68,3076923
360	66,3076923
361	45,3076923
361	32,3076923
361	50,3076923
362	101,3076923
362	98,3076923
362	81,3076923
362	74,3076923
363	28,3076923
363	24,3076923
363	11,3076923
363	21,3076923
364	37,3076923
364	17,3076923
364	9,3076923
364	28,3076923
365	12,3076923
365	34,3076923
365	-6,6923077
365	12,3076923
366	1,3076923
366	20,3076923
366	17,3076923
367	15,3076923
367	15,3076923
367	25,3076923
367	-0,6923077
368	-31,6923077
368	-14,6923077
368	27,3076923
368	25,3076923
369	-13,6923077
369	-1,6923077
369	8,3076923
369	11,3076923
370	21,3076923
370	19,3076923
370	-7,6923077
370	47,3076923
371	23,3076923
371	22,3076923
371	29,3076923
371	24,3076923
372	38,3076923
372	30,3076923
372	16,3076923
373	32,3076923
373	-2,6923077
373	25,3076923
373	30,3076923
374	15,3076923
374	51,3076923
374	43,3076923
374	20,3076923
375	57,3076923
375	66,3076923
375	53,3076923
375	48,3076923
376	46,3076923
376	53,3076923
376	59,3076923
376	68,3076923
377	40,3076923
377	53,3076923
377	63,3076923
378	76,3076923
378	43,3076923
378	57,3076923
378	56,3076923
379	71,3076923
379	51,3076923
379	37,3076923
379	51,3076923
380	61,3076923
380	72,3076923
380	46,3076923
380	49,3076923
381	71,3076923
381	52,3076923
381	51,3076923
381	30,3076923
382	52,3076923
382	44,3076923
382	71,3076923
383	32,3076923
383	32,3076923
383	73,3076923
383	22,3076923
384	21,3076923
384	30,3076923
384	38,3076923
384	23,3076923
385	43,3076923
385	47,3076923
385	43,3076923
385	58,3076923
386	30,3076923
386	24,3076923
386	1,3076923
386	37,3076923
387	33,3076923
387	13,3076923
387	7,3076923
387	10,3076923
388	25,3076923
388	12,3076923
388	25,3076923
389	-2,6923077
389	-9,6923077
389	5,3076923
389	4,3076923
390	8,3076923
390	19,3076923
390	6,3076923
390	12,3076923
391	21,3076923
391	2,3076923
391	-17,6923077
391	34,3076923
392	15,3076923
392	20,3076923
392	-7,6923077
392	13,3076923
393	6,3076923
393	9,3076923
393	25,3076923
394	33,3076923
394	23,3076923
394	14,3076923
394	35,3076923
395	52,3076923
395	8,3076923
395	11,3076923
395	36,3076923
396	1,3076923
396	36,3076923
396	5,3076923
396	44,3076923
397	-11,6923077
397	29,3076923
397	14,3076923
397	30,3076923
398	50,3076923
398	17,3076923
398	43,3076923
398	18,3076923
399	28,3076923
399	33,3076923
399	45,3076923
400	44,3076923
400	32,3076923
400	45,3076923
400	41,3076923
401	28,3076923
401	43,3076923
401	30,3076923
401	35,3076923
402	37,3076923
402	15,3076923
402	21,3076923
402	13,3076923
403	14,3076923
403	51,3076923
403	20,3076923
403	41,3076923
404	13,3076923
404	61,3076923
404	34,3076923
405	18,3076923
405	29,3076923
405	29,3076923
405	32,3076923
406	30,3076923
406	12,3076923
406	18,3076923
406	21,3076923
407	12,3076923
407	36,3076923
407	25,3076923
407	17,3076923
408	28,3076923
408	8,3076923
408	-6,6923077
408	17,3076923
409	34,3076923
409	13,3076923
409	36,3076923
409	25,3076923
410	28,3076923
410	7,3076923
410	49,3076923
411	12,3076923
411	6,3076923
411	23,3076923
411	-16,6923077
412	8,3076923
412	23,3076923
412	28,3076923
412	16,3076923
413	12,3076923
413	20,3076923
413	31,3076923
413	0,3076923
414	10,3076923
414	19,3076923
414	6,3076923
414	-6,6923077
415	20,3076923
415	28,3076923
415	9,3076923
415	18,3076923
416	-9,6923077
416	4,3076923
416	4,3076923
417	29,3076923
417	32,3076923
417	10,3076923
417	14,3076923
418	14,3076923
418	20,3076923
418	32,3076923
418	-23,6923077
419	35,3076923
419	-1,6923077
419	13,3076923
419	13,3076923
420	18,3076923
420	11,3076923
420	19,3076923
420	13,3076923
421	20,3076923
421	9,3076923
421	21,3076923
421	-5,6923077
422	-12,6923077
422	29,3076923
422	0,3076923
423	13,3076923
423	3,3076923
423	30,3076923
423	16,3076923
424	18,3076923
424	4,3076923
424	2,3076923
424	17,3076923
425	58,3076923
425	17,3076923
425	14,3076923
425	8,3076923
426	12,3076923
426	15,3076923
426	23,3076923
426	17,3076923
427	21,3076923
427	6,3076923
427	8,3076923
427	9,3076923
428	9,3076923
428	10,3076923
428	22,3076923
429	31,3076923
429	42,3076923
429	0,3076923
429	49,3076923
430	39,3076923
430	18,3076923
430	32,3076923
430	27,3076923
431	47,3076923
431	-5,6923077
431	0,3076923
431	37,3076923
432	25,3076923
432	2,3076923
432	22,3076923
432	24,3076923
433	33,3076923
433	-2,6923077
433	18,3076923
433	5,3076923
434	28,3076923
434	9,3076923
434	3,3076923
435	28,3076923
435	14,3076923
435	-7,6923077
435	5,3076923
436	17,3076923
436	45,3076923
436	10,3076923
436	3,3076923
437	8,3076923
437	7,3076923
437	-17,6923077
437	6,3076923
438	8,3076923
438	35,3076923
438	39,3076923
438	28,3076923
439	21,3076923
439	6,3076923
439	5,3076923
439	23,3076923
440	-2,6923077
440	-4,6923077
440	-1,6923077
441	-0,6923077
441	13,3076923
441	25,3076923
441	14,3076923
442	30,3076923
442	35,3076923
442	7,3076923
442	22,3076923
443	5,3076923
443	31,3076923
443	8,3076923
443	-9,6923077
444	-22,6923077
444	1,3076923
444	6,3076923
444	10,3076923
445	15,3076923
445	22,3076923
445	25,3076923
445	20,3076923
446	-10,6923077
446	0,3076923
446	30,3076923
447	16,3076923
447	-0,6923077
447	22,3076923
447	13,3076923
448	43,3076923
448	0,3076923
448	5,3076923
448	-18,6923077
449	24,3076923
449	9,3076923
449	-9,6923077
449	-4,6923077
450	16,3076923
450	0,3076923
450	-3,6923077
450	22,3076923
451	-17,6923077
451	0,3076923
451	-3,6923077
451	14,3076923
452	8,3076923
452	-10,6923077
452	13,3076923
452	13,3076923
453	16,3076923
453	18,3076923
453	20,3076923
454	9,3076923
454	36,3076923
454	13,3076923
454	35,3076923
455	4,3076923
455	9,3076923
455	-7,6923077
455	0,3076923
456	4,3076923
456	26,3076923
456	8,3076923
456	32,3076923
457	-2,6923077
457	19,3076923
457	25,3076923
457	-6,6923077
458	10,3076923
458	-0,6923077
458	-17,6923077
458	8,3076923
459	2,3076923
459	26,3076923
459	31,3076923
460	29,3076923
460	16,3076923
460	27,3076923
460	1,3076923
461	4,3076923
461	14,3076923
461	10,3076923
461	34,3076923
462	20,3076923
462	11,3076923
462	0,3076923
462	9,3076923
463	-2,6923077
463	-5,6923077
463	-13,6923077
463	-9,6923077
464	4,3076923
464	22,3076923
464	14,3076923
464	-14,6923077
465	7,3076923
465	25,3076923
465	27,3076923
465	23,3076923
466	10,3076923
466	6,3076923
466	0,3076923
467	-6,6923077
467	21,3076923
467	15,3076923
467	-8,6923077
468	8,3076923
468	24,3076923
468	5,3076923
468	-2,6923077
469	37,3076923
469	-4,6923077
469	-15,6923077
469	10,3076923
470	38,3076923
470	-7,6923077
470	10,3076923
470	-4,6923077
471	17,3076923
471	11,3076923
471	26,3076923
471	12,3076923
472	21,3076923
472	30,3076923
472	-7,6923077
472	9,3076923
473	1,3076923
473	50,3076923
473	-22,6923077
474	6,3076923
474	6,3076923
474	25,3076923
474	4,3076923
475	10,3076923
475	15,3076923
475	23,3076923
475	-9,6923077
476	17,3076923
476	7,3076923
476	15,3076923
476	20,3076923
477	23,3076923
477	0,3076923
477	-18,6923077
477	25,3076923
478	-1,6923077
478	-16,6923077
478	-3,6923077
478	21,3076923
479	-15,6923077
479	23,3076923
479	20,3076923
479	8,3076923
480	9,3076923
480	11,3076923
480	0,3076923
481	6,3076923
481	0,3076923
481	11,3076923
481	5,3076923
482	33,3076923
482	8,3076923
482	9,3076923
482	20,3076923
483	-10,6923077
483	13,3076923
483	19,3076923
483	2,3076923
484	-2,6923077
484	33,3076923
484	32,3076923
484	-3,6923077
485	-9,6923077
485	14,3076923
485	24,3076923
485	4,3076923
486	-19,6923077
486	4,3076923
486	5,3076923
486	-7,6923077
487	-4,6923077
487	33,3076923
487	14,3076923
488	-0,6923077
488	20,3076923
488	6,3076923
488	-2,6923077
489	-12,6923077
489	13,3076923
489	10,3076923
489	27,3076923
490	3,3076923
490	17,3076923
490	-3,6923077
490	5,3076923
491	10,3076923
491	15,3076923
491	-5,6923077
491	3,3076923
492	3,3076923
492	1,3076923
492	37,3076923
492	13,3076923
493	3,3076923
493	-12,6923077
493	13,3076923
493	2,3076923
494	2,3076923
494	-5,6923077
494	24,3076923
495	12,3076923
495	8,3076923
495	28,3076923
495	-3,6923077
496	37,3076923
496	17,3076923
496	9,3076923
496	4,3076923
497	24,3076923
497	33,3076923
497	-7,6923077
497	13,3076923
498	25,3076923
498	-7,6923077
498	-8,6923077
498	-18,6923077
499	0,3076923
499	23,3076923
499	10,3076923
499	47,3076923
500	40,3076923
500	13,3076923
500	-0,6923077
500	17,3076923
501	0,3076923
501	17,3076923
501	24,3076923
502	18,3076923
502	28,3076923
502	21,3076923
502	-8,6923077
503	10,3076923
503	3,3076923
503	21,3076923
503	-4,6923077
504	6,3076923
504	-15,6923077
504	-2,6923077
504	26,3076923
505	27,3076923
505	-13,6923077
505	-8,6923077
505	11,3076923
506	11,3076923
506	16,3076923
506	0,3076923
506	11,3076923
507	12,3076923
507	24,3076923
507	4,3076923
507	-14,6923077
508	12,3076923
508	15,3076923
508	2,3076923
508	25,3076923
509	-8,6923077
509	15,3076923
509	37,3076923
510	2,3076923
510	11,3076923
510	-8,6923077
510	4,3076923
511	15,3076923
511	25,3076923
511	-7,6923077
511	-18,6923077
512	14,3076923
512	4,3076923
512	23,3076923
512	-1,6923077
513	-2,6923077
513	-1,6923077
513	19,3076923
513	-20,6923077
514	-4,6923077
514	1,3076923
514	-4,6923077
514	5,3076923
515	-14,6923077
515	-2,6923077
515	4,3076923
515	22,3076923
516	39,3076923
516	22,3076923
516	13,3076923
516	-15,6923077
517	-3,6923077
517	20,3076923
517	-9,6923077
518	-12,6923077
518	12,3076923
518	24,3076923
518	16,3076923
519	32,3076923
519	26,3076923
519	-17,6923077
519	19,3076923
520	-13,6923077
520	7,3076923
520	26,3076923
520	2,3076923
521	10,3076923
521	10,3076923
521	13,3076923
521	9,3076923
522	38,3076923
522	33,3076923
522	3,3076923
522	18,3076923
523	17,3076923
523	32,3076923
523	14,3076923
523	-1,6923077
524	6,3076923
524	-5,6923077
524	2,3076923
524	36,3076923
525	16,3076923
525	-5,6923077
525	22,3076923
526	17,3076923
526	41,3076923
526	28,3076923
526	15,3076923
527	-1,6923077
527	22,3076923
527	7,3076923
527	13,3076923
528	6,3076923
528	4,3076923
528	5,3076923
528	34,3076923
529	5,3076923
529	-6,6923077
529	-18,6923077
529	5,3076923
530	20,3076923
530	-3,6923077
530	0,3076923
530	2,3076923
531	45,3076923
531	4,3076923
531	8,3076923
531	11,3076923
532	-8,6923077
532	14,3076923
532	7,3076923
532	-12,6923077
533	28,3076923
533	5,3076923
533	2,3076923
534	12,3076923
534	41,3076923
534	22,3076923
534	12,3076923
535	15,3076923
535	10,3076923
535	29,3076923
535	18,3076923
536	41,3076923
536	28,3076923
536	1,3076923
536	-10,6923077
537	-0,6923077
537	-11,6923077
537	23,3076923
537	-2,6923077
538	-5,6923077
538	-14,6923077
538	26,3076923
538	22,3076923
539	20,3076923
539	19,3076923
539	7,3076923
539	16,3076923
540	5,3076923
540	0,3076923
540	23,3076923
540	-12,6923077
541	2,3076923
541	-18,6923077
541	-20,6923077
541	-11,6923077
542	2,3076923
542	3,3076923
542	25,3076923
543	17,3076923
543	-2,6923077
543	2,3076923
543	65,3076923
544	4,3076923
544	18,3076923
544	8,3076923
544	-1,6923077
545	-26,6923077
545	21,3076923
545	1,3076923
545	3,3076923
546	11,3076923
546	-12,6923077
546	18,3076923
546	19,3076923
547	-3,6923077
547	-4,6923077
547	-7,6923077
547	-16,6923077
548	15,3076923
548	12,3076923
548	10,3076923
548	32,3076923
549	16,3076923
549	35,3076923
549	-9,6923077
549	-2,6923077
550	30,3076923
550	-4,6923077
550	23,3076923
550	-21,6923077
551	-4,6923077
551	2,3076923
551	37,3076923
552	-5,6923077
552	-6,6923077
552	-15,6923077
552	13,3076923
553	7,3076923
553	8,3076923
553	-5,6923077
553	35,3076923
554	14,3076923
554	-1,6923077
554	2,3076923
554	-7,6923077
555	17,3076923
555	44,3076923
555	8,3076923
555	3,3076923
556	-0,6923077
556	23,3076923
556	6,3076923
556	24,3076923
557	39,3076923
557	14,3076923
557	14,3076923
557	-3,6923077
558	2,3076923
558	-22,6923077
558	10,3076923
558	16,3076923
559	6,3076923
559	1,3076923
559	20,3076923
559	-4,6923077
560	32,3076923
560	37,3076923
560	7,3076923
561	6,3076923
561	2,3076923
561	-10,6923077
561	3,3076923
562	17,3076923
562	11,3076923
562	26,3076923
562	12,3076923
563	20,3076923
563	1,3076923
563	1,3076923
563	16,3076923
564	8,3076923
564	-4,6923077
564	-9,6923077
564	29,3076923
565	26,3076923
565	23,3076923
565	15,3076923
565	25,3076923
566	28,3076923
566	-9,6923077
566	-2,6923077
566	12,3076923
567	24,3076923
567	-13,6923077
567	3,3076923
567	-3,6923077
568	-10,6923077
568	-0,6923077
568	9,3076923
568	14,3076923
569	-4,6923077
569	24,3076923
569	1,3076923
569	9,3076923
570	-1,6923077
570	12,3076923
570	8,3076923
571	11,3076923
571	6,3076923
571	5,3076923
571	13,3076923
572	-9,6923077
572	-9,6923077
572	-9,6923077
572	9,3076923
573	5,3076923
573	9,3076923
573	1,3076923
573	-3,6923077
574	16,3076923
574	-5,6923077
574	-10,6923077
574	18,3076923
575	17,3076923
575	4,3076923
575	5,3076923
575	-2,6923077
576	19,3076923
576	10,3076923
576	44,3076923
576	6,3076923
577	-16,6923077
577	19,3076923
577	12,3076923
577	-3,6923077
578	15,3076923
578	19,3076923
578	-3,6923077
578	8,3076923
579	23,3076923
579	2,3076923
579	1,3076923
579	-16,6923077
580	25,3076923
580	15,3076923
580	8,3076923
581	26,3076923
581	0,3076923
581	21,3076923
581	-22,6923077
582	-16,6923077
582	-10,6923077
582	15,3076923
582	18,3076923
583	0,3076923
583	-11,6923077
583	9,3076923
583	5,3076923
584	13,3076923
584	-3,6923077
584	1,3076923
584	21,3076923
585	12,3076923
585	6,3076923
585	20,3076923
585	9,3076923
586	10,3076923
586	12,3076923
586	19,3076923
586	21,3076923
587	-0,6923077
587	-19,6923077
587	9,3076923
587	-22,6923077
588	-4,6923077
588	22,3076923
588	16,3076923
588	8,3076923
589	19,3076923
589	-3,6923077
589	18,3076923
589	-11,6923077
590	17,3076923
590	1,3076923
590	5,3076923
590	28,3076923
591	0,3076923
591	14,3076923
591	-0,6923077
592	-6,6923077
592	-22,6923077
592	-3,6923077
592	16,3076923
593	26,3076923
593	-7,6923077
593	8,3076923
593	31,3076923
594	30,3076923
594	4,3076923
594	5,3076923
594	19,3076923
595	31,3076923
595	-10,6923077
595	17,3076923
595	1,3076923
596	13,3076923
596	-2,6923077
596	-14,6923077
596	17,3076923
597	20,3076923
597	6,3076923
597	11,3076923
597	25,3076923
598	7,3076923
598	-0,6923077
598	-8,6923077
598	-2,6923077
599	-3,6923077
599	9,3076923
599	-6,6923077
599	-1,6923077
600	15,3076923
600	27,3076923
600	4,3076923
600	12,3076923
601	-3,6923077
601	11,3076923
601	4,3076923
601	-2,6923077
602	-11,6923077
602	2,3076923
602	18,3076923
603	11,3076923
603	20,3076923
603	31,3076923
603	9,3076923
604	20,3076923
604	6,3076923
604	17,3076923
604	22,3076923
605	40,3076923
605	-4,6923077
605	6,3076923
605	10,3076923
606	9,3076923
606	12,3076923
606	19,3076923
606	20,3076923
607	-3,6923077
607	3,3076923
607	24,3076923
607	23,3076923
608	6,3076923
608	29,3076923
608	6,3076923
608	14,3076923
609	8,3076923
609	-15,6923077
609	-5,6923077
609	-8,6923077
610	-20,6923077
610	0,3076923
610	16,3076923
610	-4,6923077
611	17,3076923
611	19,3076923
611	2,3076923
611	13,3076923
612	3,3076923
612	3,3076923
612	38,3076923
612	22,3076923
613	6,3076923
613	13,3076923
613	16,3076923
613	11,3076923
614	31,3076923
614	-1,6923077
614	10,3076923
614	6,3076923
615	27,3076923
615	21,3076923
615	1,3076923
616	7,3076923
616	-16,6923077
616	11,3076923
616	-12,6923077
617	3,3076923
617	1,3076923
617	12,3076923
617	-8,6923077
618	-9,6923077
618	-7,6923077
618	-3,6923077
618	2,3076923
619	1,3076923
619	23,3076923
619	7,3076923
619	14,3076923
620	23,3076923
620	-6,6923077
620	21,3076923
620	22,3076923
621	3,3076923
621	26,3076923
621	-2,6923077
621	1,3076923
622	3,3076923
622	33,3076923
622	21,3076923
622	-9,6923077
623	-15,6923077
623	9,3076923
623	23,3076923
623	13,3076923
624	-7,6923077
624	15,3076923
624	41,3076923
624	18,3076923
625	38,3076923
625	27,3076923
625	7,3076923
625	8,3076923
626	10,3076923
626	1,3076923
626	11,3076923
626	23,3076923
627	8,3076923
627	13,3076923
627	36,3076923
627	10,3076923
628	31,3076923
628	16,3076923
628	9,3076923
629	-24,6923077
629	-9,6923077
629	-8,6923077
629	8,3076923
630	12,3076923
630	18,3076923
630	5,3076923
630	10,3076923
631	-1,6923077
631	23,3076923
631	-2,6923077
631	15,3076923
632	8,3076923
632	0,3076923
632	2,3076923
632	-16,6923077
633	5,3076923
633	1,3076923
633	12,3076923
633	-5,6923077
634	-7,6923077
634	-10,6923077
634	1,3076923
634	15,3076923
635	-0,6923077
635	20,3076923
635	-28,6923077
635	20,3076923
636	22,3076923
636	11,3076923
636	11,3076923
636	9,3076923
637	16,3076923
637	6,3076923
637	0,3076923
637	1,3076923
638	11,3076923
638	-2,6923077
638	-0,6923077
638	8,3076923
639	-5,6923077
639	-0,6923077
639	23,3076923
639	13,3076923
640	-11,6923077
640	2,3076923
640	-7,6923077
640	31,3076923
641	-4,6923077
641	10,3076923
641	11,3076923
641	23,3076923
642	5,3076923
642	14,3076923
642	-3,6923077
642	21,3076923
643	18,3076923
643	6,3076923
643	14,3076923
644	20,3076923
644	32,3076923
644	17,3076923
644	14,3076923
645	23,3076923
645	0,3076923
645	26,3076923
645	15,3076923
646	-10,6923077
646	20,3076923
646	-2,6923077
646	18,3076923
647	17,3076923
647	23,3076923
647	2,3076923
647	14,3076923
648	24,3076923
648	0,3076923
648	-0,6923077
648	9,3076923
649	9,3076923
649	23,3076923
649	-6,6923077
649	22,3076923
650	11,3076923
650	17,3076923
650	28,3076923
650	-4,6923077
651	9,3076923
651	38,3076923
651	3,3076923
651	3,3076923
652	-5,6923077
652	-7,6923077
652	10,3076923
652	0,3076923
653	29,3076923
653	6,3076923
653	13,3076923
653	10,3076923
654	-9,6923077
654	3,3076923
654	4,3076923
654	21,3076923
655	21,3076923
655	34,3076923
655	6,3076923
655	16,3076923
656	14,3076923
656	25,3076923
656	-15,6923077
656	22,3076923
657	33,3076923
657	-7,6923077
657	27,3076923
657	14,3076923
658	-6,6923077
658	1,3076923
658	3,3076923
658	-3,6923077
659	10,3076923
659	-2,6923077
659	36,3076923
660	-2,6923077
660	16,3076923
660	31,3076923
660	16,3076923
661	4,3076923
661	31,3076923
661	34,3076923
661	-0,6923077
662	34,3076923
662	32,3076923
662	23,3076923
662	19,3076923
663	-10,6923077
663	11,3076923
663	49,3076923
663	41,3076923
664	21,3076923
664	13,3076923
664	24,3076923
664	9,3076923
665	14,3076923
665	12,3076923
665	10,3076923
665	0,3076923
666	3,3076923
666	40,3076923
666	32,3076923
666	31,3076923
667	24,3076923
667	13,3076923
667	26,3076923
667	-3,6923077
668	-8,6923077
668	10,3076923
668	19,3076923
668	18,3076923
669	-11,6923077
669	11,3076923
669	9,3076923
669	-0,6923077
670	8,3076923
670	22,3076923
670	0,3076923
670	2,3076923
671	9,3076923
671	37,3076923
671	8,3076923
671	0,3076923
672	13,3076923
672	5,3076923
672	18,3076923
672	36,3076923
673	5,3076923
673	-11,6923077
673	18,3076923
673	20,3076923
674	6,3076923
674	37,3076923
674	-6,6923077
674	20,3076923
675	-33,6923077
675	19,3076923
675	8,3076923
675	8,3076923
676	27,3076923
676	9,3076923
676	-0,6923077
676	30,3076923
677	25,3076923
677	3,3076923
677	-10,6923077
677	-1,6923077
678	32,3076923
678	14,3076923
678	29,3076923
678	15,3076923
679	8,3076923
679	5,3076923
679	16,3076923
680	14,3076923
680	8,3076923
680	27,3076923
680	17,3076923
681	22,3076923
681	-2,6923077
681	20,3076923
681	20,3076923
682	-6,6923077
682	-3,6923077
682	16,3076923
682	32,3076923
683	-16,6923077
683	-13,6923077
683	15,3076923
683	15,3076923
684	-3,6923077
684	9,3076923
684	25,3076923
684	0,3076923
685	34,3076923
685	30,3076923
685	17,3076923
685	-2,6923077
686	15,3076923
686	23,3076923
686	9,3076923
686	10,3076923
687	19,3076923
687	27,3076923
687	-0,6923077
687	3,3076923
688	0,3076923
688	18,3076923
688	-8,6923077
688	-12,6923077
689	18,3076923
689	1,3076923
689	15,3076923
689	18,3076923
690	-0,6923077
690	4,3076923
690	-23,6923077
690	-9,6923077
691	12,3076923
691	21,3076923
691	20,3076923
691	12,3076923
692	5,3076923
692	13,3076923
692	24,3076923
692	13,3076923
693	20,3076923
693	-6,6923077
693	10,3076923
693	1,3076923
694	-0,6923077
694	-3,6923077
694	-4,6923077
694	15,3076923
695	-7,6923077
695	16,3076923
695	-11,6923077
695	-10,6923077
696	-16,6923077
696	-10,6923077
696	-3,6923077
696	-0,6923077
697	-6,6923077
697	-4,6923077
697	-8,6923077
697	39,3076923
698	4,3076923
698	-8,6923077
698	-1,6923077
698	16,3076923
699	16,3076923
699	-10,6923077
699	20,3076923
699	17,3076923
700	37,3076923
700	5,3076923
700	5,3076923
700	11,3076923
701	12,3076923
701	-7,6923077
701	10,3076923
701	10,3076923
702	-24,6923077
702	5,3076923
702	20,3076923
702	-7,6923077
703	15,3076923
703	29,3076923
703	14,3076923
703	-14,6923077
704	-11,6923077
704	8,3076923
704	8,3076923
704	41,3076923
705	37,3076923
705	13,3076923
705	10,3076923
706	4,3076923
706	33,3076923
706	6,3076923
706	11,3076923
707	0,3076923
707	-16,6923077
707	4,3076923
707	8,3076923
708	12,3076923
708	24,3076923
708	1,3076923
708	23,3076923
709	-12,6923077
709	2,3076923
709	13,3076923
709	-0,6923077
710	8,3076923
710	12,3076923
710	24,3076923
710	31,3076923
711	15,3076923
711	21,3076923
711	15,3076923
711	13,3076923
712	26,3076923
712	-16,6923077
712	21,3076923
712	10,3076923
713	10,3076923
713	37,3076923
713	9,3076923
713	9,3076923
714	34,3076923
714	26,3076923
714	9,3076923
714	5,3076923
715	1,3076923
715	12,3076923
715	3,3076923
715	16,3076923
716	20,3076923
716	17,3076923
716	8,3076923
716	5,3076923
717	11,3076923
717	14,3076923
717	16,3076923
717	-10,6923077
718	-9,6923077
718	11,3076923
718	-0,6923077
718	17,3076923
719	0,3076923
719	-0,6923077
719	7,3076923
719	1,3076923
720	1,3076923
720	-14,6923077
720	5,3076923
720	14,3076923
721	29,3076923
721	10,3076923
721	5,3076923
721	-31,6923077
722	18,3076923
722	24,3076923
722	-11,6923077
722	-34,6923077
723	18,3076923
723	-12,6923077
723	-5,6923077
723	32,3076923
724	15,3076923
724	1,3076923
724	6,3076923
724	-1,6923077
725	1,3076923
725	43,3076923
725	-1,6923077
725	9,3076923
726	-25,6923077
726	20,3076923
726	32,3076923
726	7,3076923
727	1,3076923
727	-8,6923077
727	19,3076923
727	6,3076923
728	-8,6923077
728	-14,6923077
728	-14,6923077
728	-10,6923077
729	-4,6923077
729	33,3076923
729	26,3076923
729	8,3076923
730	27,3076923
730	-21,6923077
730	7,3076923
730	-9,6923077
731	14,3076923
731	11,3076923
731	6,3076923
731	10,3076923
732	8,3076923
732	7,3076923
732	4,3076923
732	12,3076923
733	2,3076923
733	-11,6923077
733	-15,6923077
733	-6,6923077
734	-1,6923077
734	4,3076923
734	-1,6923077
734	30,3076923
735	-12,6923077
735	10,3076923
735	32,3076923
735	10,3076923
736	-34,6923077
736	2,3076923
736	-15,6923077
736	4,3076923
737	11,3076923
737	9,3076923
737	-1,6923077
737	6,3076923
738	4,3076923
738	20,3076923
738	-0,6923077
738	-0,6923077
739	32,3076923
739	29,3076923
739	3,3076923
739	20,3076923
740	-0,6923077
740	-12,6923077
740	17,3076923
740	6,3076923
741	-3,6923077
741	-2,6923077
741	-5,6923077
741	-0,6923077
742	11,3076923
742	22,3076923
742	-11,6923077
742	1,3076923
743	12,3076923
743	19,3076923
743	2,3076923
743	0,3076923
744	24,3076923
744	26,3076923
744	1,3076923
744	-1,6923077
745	10,3076923
745	10,3076923
745	2,3076923
745	7,3076923
746	5,3076923
746	31,3076923
746	18,3076923
746	35,3076923
747	15,3076923
747	6,3076923
747	-1,6923077
747	-5,6923077
748	16,3076923
748	22,3076923
748	9,3076923
748	19,3076923
749	14,3076923
749	15,3076923
749	-7,6923077
749	-17,6923077
750	4,3076923
750	5,3076923
750	9,3076923
750	17,3076923
751	18,3076923
751	5,3076923
751	8,3076923
751	20,3076923
752	10,3076923
752	7,3076923
752	34,3076923
752	12,3076923
753	2,3076923
753	7,3076923
753	-17,6923077
753	15,3076923
754	-14,6923077
754	-7,6923077
754	-31,6923077
754	11,3076923
755	-12,6923077
755	3,3076923
755	9,3076923
755	3,3076923
756	7,3076923
756	-1,6923077
756	2,3076923
756	27,3076923
757	-18,6923077
757	4,3076923
757	15,3076923
757	34,3076923
758	1,3076923
758	10,3076923
758	-3,6923077
758	30,3076923
759	1,3076923
759	22,3076923
759	18,3076923
759	12,3076923
760	28,3076923
760	8,3076923
760	8,3076923
760	-8,6923077
761	25,3076923
761	43,3076923
761	1,3076923
761	16,3076923
762	13,3076923
762	18,3076923
762	0,3076923
762	-4,6923077
763	-5,6923077
763	9,3076923
763	-0,6923077
763	6,3076923
764	-8,6923077
764	-7,6923077
764	8,3076923
764	11,3076923
765	1,3076923
765	9,3076923
765	6,3076923
765	20,3076923
766	7,3076923
766	15,3076923
766	24,3076923
766	34,3076923
767	7,3076923
767	10,3076923
767	2,3076923
767	-10,6923077
768	12,3076923
768	4,3076923
768	-19,6923077
768	16,3076923
769	5,3076923
769	23,3076923
769	7,3076923
769	2,3076923
770	16,3076923
770	1,3076923
770	4,3076923
770	-11,6923077
771	-6,6923077
771	5,3076923
771	18,3076923
771	8,3076923
772	9,3076923
772	14,3076923
772	34,3076923
772	40,3076923
773	-23,6923077
773	-0,6923077
773	8,3076923
773	11,3076923
774	0,3076923
774	5,3076923
774	-7,6923077
774	4,3076923
775	-0,6923077
775	7,3076923
775	-3,6923077
775	6,3076923
776	1,3076923
776	21,3076923
776	38,3076923
776	7,3076923
777	12,3076923
777	-0,6923077
777	14,3076923
777	21,3076923
778	27,3076923
778	-7,6923077
778	25,3076923
778	-9,6923077
779	6,3076923
779	10,3076923
779	-18,6923077
779	39,3076923
780	32,3076923
780	7,3076923
780	11,3076923
780	-10,6923077
781	-6,6923077
781	9,3076923
781	24,3076923
781	12,3076923
782	18,3076923
782	22,3076923
782	0,3076923
782	48,3076923
783	6,3076923
783	6,3076923
783	-2,6923077
783	13,3076923
784	14,3076923
784	36,3076923
784	13,3076923
784	3,3076923
785	0,3076923
785	23,3076923
785	-21,6923077
785	-18,6923077
786	14,3076923
786	4,3076923
786	11,3076923
786	34,3076923
787	15,3076923
787	18,3076923
787	-27,6923077
787	-3,6923077
788	-8,6923077
788	-5,6923077
788	2,3076923
788	-9,6923077
789	23,3076923
789	-2,6923077
789	2,3076923
789	0,3076923
790	-3,6923077
790	11,3076923
790	10,3076923
790	29,3076923
791	3,3076923
791	4,3076923
791	-5,6923077
791	-13,6923077
792	15,3076923
792	21,3076923
792	52,3076923
792	6,3076923
793	14,3076923
793	26,3076923
793	-12,6923077
793	6,3076923
794	11,3076923
794	2,3076923
794	15,3076923
794	-36,6923077
795	-12,6923077
795	37,3076923
795	4,3076923
795	27,3076923
796	39,3076923
796	22,3076923
796	-18,6923077
796	13,3076923
797	12,3076923
797	-3,6923077
797	37,3076923
797	3,3076923
798	10,3076923
798	3,3076923
798	57,3076923
798	35,3076923
799	-6,6923077
799	-3,6923077
799	8,3076923
799	-15,6923077
800	1,3076923
800	12,3076923
800	33,3076923
800	5,3076923
801	27,3076923
801	13,3076923
801	6,3076923
801	-18,6923077
802	14,3076923
802	7,3076923
802	24,3076923
802	-5,6923077
803	2,3076923
803	-6,6923077
803	-1,6923077
803	29,3076923
804	10,3076923
804	-1,6923077
804	12,3076923
804	17,3076923
805	-1,6923077
805	-22,6923077
805	15,3076923
805	-28,6923077
806	-18,6923077
806	-41,6923077
806	35,3076923
806	3,3076923
807	-14,6923077
807	41,3076923
807	-0,6923077
807	25,3076923
808	7,3076923
808	0,3076923
808	11,3076923
808	-1,6923077
809	-6,6923077
809	0,3076923
809	2,3076923
809	-9,6923077
810	1,3076923
810	0,3076923
810	6,3076923
810	9,3076923
811	16,3076923
811	18,3076923
811	-3,6923077
811	2,3076923
812	9,3076923
812	18,3076923
812	11,3076923
812	3,3076923
813	-19,6923077
813	16,3076923
813	30,3076923
813	13,3076923
814	20,3076923
814	19,3076923
814	0,3076923
814	13,3076923
815	43,3076923
815	25,3076923
815	25,3076923
815	-11,6923077
816	32,3076923
816	13,3076923
816	4,3076923
816	13,3076923
817	9,3076923
817	11,3076923
817	16,3076923
817	20,3076923
818	10,3076923
818	22,3076923
818	1,3076923
818	-2,6923077
819	8,3076923
819	19,3076923
819	28,3076923
819	0,3076923
820	0,3076923
820	-4,6923077
820	13,3076923
820	12,3076923
820	-1,6923077
821	-0,6923077
821	7,3076923
821	-1,6923077
821	-13,6923077
822	37,3076923
822	12,3076923
822	-16,6923077
822	5,3076923
823	-15,6923077
823	6,3076923
823	12,3076923
823	-3,6923077
824	-6,6923077
824	15,3076923
824	-2,6923077
824	13,3076923
825	3,3076923
825	25,3076923
825	10,3076923
825	35,3076923
826	10,3076923
826	-3,6923077
826	-3,6923077
826	-2,6923077
827	0,3076923
827	12,3076923
827	11,3076923
827	-0,6923077
828	39,3076923
828	3,3076923
828	30,3076923
828	-15,6923077
829	9,3076923
829	6,3076923
829	20,3076923
829	29,3076923
830	11,3076923
830	39,3076923
830	1,3076923
830	17,3076923
831	44,3076923
831	10,3076923
831	-2,6923077
831	15,3076923
832	11,3076923
832	-7,6923077
832	9,3076923
832	2,3076923
833	41,3076923
833	3,3076923
833	-13,6923077
833	11,3076923
834	26,3076923
834	-4,6923077
834	-4,6923077
834	-19,6923077
835	-4,6923077
835	34,3076923
835	2,3076923
835	21,3076923
836	26,3076923
836	14,3076923
836	34,3076923
836	46,3076923
837	18,3076923
837	-4,6923077
837	2,3076923
837	29,3076923
838	-3,6923077
838	20,3076923
838	35,3076923
838	22,3076923
839	20,3076923
839	-7,6923077
839	-1,6923077
839	20,3076923
840	10,3076923
840	4,3076923
840	-7,6923077
840	-6,6923077
841	0,3076923
841	26,3076923
841	5,3076923
841	8,3076923
842	3,3076923
842	39,3076923
842	-11,6923077
842	19,3076923
843	17,3076923
843	10,3076923
843	18,3076923
843	9,3076923
844	11,3076923
844	23,3076923
844	21,3076923
844	-17,6923077
845	0,3076923
845	18,3076923
845	24,3076923
845	21,3076923
845	11,3076923
846	-7,6923077
846	16,3076923
846	12,3076923
846	24,3076923
847	11,3076923
847	2,3076923
847	20,3076923
847	1,3076923
848	-17,6923077
848	-22,6923077
848	5,3076923
848	-19,6923077
849	-5,6923077
849	11,3076923
849	11,3076923
849	19,3076923
850	20,3076923
850	10,3076923
850	23,3076923
850	46,3076923
851	27,3076923
851	-8,6923077
851	-3,6923077
851	-6,6923077
852	-33,6923077
852	-0,6923077
852	11,3076923
852	13,3076923
853	9,3076923
853	3,3076923
853	-30,6923077
853	-6,6923077
854	-7,6923077
854	28,3076923
854	-27,6923077
854	31,3076923
855	1,3076923
855	10,3076923
855	18,3076923
855	23,3076923
856	-2,6923077
856	27,3076923
856	1,3076923
856	19,3076923
857	3,3076923
857	36,3076923
857	12,3076923
857	9,3076923
858	34,3076923
858	-8,6923077
858	17,3076923
858	13,3076923
859	3,3076923
859	-24,6923077
859	31,3076923
859	10,3076923
860	-4,6923077
860	6,3076923
860	25,3076923
860	9,3076923
861	29,3076923
861	-17,6923077
861	-6,6923077
861	25,3076923
862	16,3076923
862	25,3076923
862	-6,6923077
862	22,3076923
863	-6,6923077
863	5,3076923
863	-2,6923077
863	13,3076923
864	5,3076923
864	-17,6923077
864	-15,6923077
864	0,3076923
864	16,3076923
865	4,3076923
865	3,3076923
865	-10,6923077
865	9,3076923
866	8,3076923
866	0,3076923
866	26,3076923
866	9,3076923
867	12,3076923
867	-16,6923077
867	-3,6923077
867	19,3076923
868	20,3076923
868	-10,6923077
868	-0,6923077
868	15,3076923
869	21,3076923
869	1,3076923
869	-6,6923077
869	-5,6923077
870	28,3076923
870	33,3076923
870	9,3076923
870	19,3076923
871	12,3076923
871	-1,6923077
871	11,3076923
871	-16,6923077
872	16,3076923
872	-7,6923077
872	6,3076923
872	14,3076923
873	-12,6923077
873	-24,6923077
873	-2,6923077
873	10,3076923
874	-4,6923077
874	16,3076923
874	6,3076923
874	-10,6923077
875	1,3076923
875	-14,6923077
875	2,3076923
875	-1,6923077
876	-4,6923077
876	33,3076923
876	4,3076923
876	3,3076923
877	20,3076923
877	-2,6923077
877	16,3076923
877	10,3076923
878	6,3076923
878	-7,6923077
878	16,3076923
878	38,3076923
879	13,3076923
879	-9,6923077
879	9,3076923
879	-5,6923077
880	0,3076923
880	-11,6923077
880	32,3076923
880	13,3076923
880	0,3076923
881	29,3076923
881	10,3076923
881	-5,6923077
881	-12,6923077
882	-15,6923077
882	-0,6923077
882	20,3076923
882	12,3076923
883	18,3076923
883	-16,6923077
883	-7,6923077
883	-18,6923077
884	34,3076923
884	13,3076923
884	-19,6923077
884	19,3076923
885	18,3076923
885	16,3076923
885	6,3076923
885	15,3076923
886	-20,6923077
886	-6,6923077
886	8,3076923
886	13,3076923
887	28,3076923
887	24,3076923
887	-26,6923077
887	-2,6923077
888	14,3076923
888	3,3076923
888	11,3076923
888	-3,6923077
889	-14,6923077
889	11,3076923
889	3,3076923
889	16,3076923
890	20,3076923
890	-25,6923077
890	24,3076923
890	1,3076923
891	-3,6923077
891	13,3076923
891	18,3076923
891	17,3076923
892	-24,6923077
892	0,3076923
892	-18,6923077
892	17,3076923
893	0,3076923
893	11,3076923
893	-11,6923077
893	20,3076923
894	6,3076923
894	1,3076923
894	-13,6923077
894	5,3076923
894	10,3076923
895	4,3076923
895	24,3076923
895	25,3076923
895	11,3076923
896	29,3076923
896	7,3076923
896	29,3076923
896	38,3076923
897	13,3076923
897	15,3076923
897	25,3076923
897	18,3076923
898	12,3076923
898	12,3076923
898	-5,6923077
898	-7,6923077
899	-7,6923077
899	-23,6923077
899	-2,6923077
899	-6,6923077
900	18,3076923
900	12,3076923
900	19,3076923
900	29,3076923
901	33,3076923
901	24,3076923
901	18,3076923
901	2,3076923
902	13,3076923
902	14,3076923
902	25,3076923
902	-3,6923077
903	-5,6923077
903	9,3076923
903	-6,6923077
903	6,3076923
904	-3,6923077
904	2,3076923
904	2,3076923
904	0,3076923
905	4,3076923
905	19,3076923
905	20,3076923
905	13,3076923
906	9,3076923
906	11,3076923
906	11,3076923
906	16,3076923
906	-4,6923077
907	35,3076923
907	3,3076923
907	-10,6923077
907	31,3076923
908	-5,6923077
908	10,3076923
908	33,3076923
908	8,3076923
909	0,3076923
909	-23,6923077
909	-16,6923077
909	-1,6923077
910	21,3076923
910	-24,6923077
910	4,3076923
910	-13,6923077
911	16,3076923
911	-7,6923077
911	17,3076923
911	-4,6923077
912	3,3076923
912	23,3076923
912	3,3076923
912	16,3076923
913	-3,6923077
913	1,3076923
913	9,3076923
913	11,3076923
914	10,3076923
914	-3,6923077
914	5,3076923
914	-4,6923077
915	-24,6923077
915	-17,6923077
915	-0,6923077
915	6,3076923
916	17,3076923
916	12,3076923
916	21,3076923
916	26,3076923
917	6,3076923
917	22,3076923
917	-13,6923077
917	9,3076923
917	-10,6923077
918	17,3076923
918	39,3076923
918	1,3076923
918	-15,6923077
919	-28,6923077
919	-5,6923077
919	35,3076923
919	-24,6923077
920	4,3076923
920	-7,6923077
920	18,3076923
920	-6,6923077
921	-0,6923077
921	13,3076923
921	-2,6923077
921	-13,6923077
922	4,3076923
922	-8,6923077
922	5,3076923
922	4,3076923
923	8,3076923
923	22,3076923
923	12,3076923
923	11,3076923
924	-12,6923077
924	-20,6923077
924	-12,6923077
924	-6,6923077
925	-10,6923077
925	8,3076923
925	6,3076923
925	33,3076923
926	21,3076923
926	36,3076923
926	12,3076923
926	-7,6923077
927	-10,6923077
927	-11,6923077
927	21,3076923
927	23,3076923
928	-8,6923077
928	-6,6923077
928	-6,6923077
928	-8,6923077
928	27,3076923
929	23,3076923
929	-0,6923077
929	0,3076923
929	-7,6923077
930	-5,6923077
930	7,3076923
930	3,3076923
930	7,3076923
931	-6,6923077
931	9,3076923
931	6,3076923
931	7,3076923
932	-2,6923077
932	-1,6923077
932	8,3076923
932	-3,6923077
933	30,3076923
933	7,3076923
933	21,3076923
933	10,3076923
934	20,3076923
934	29,3076923
934	15,3076923
934	7,3076923
935	27,3076923
935	5,3076923
935	7,3076923
935	16,3076923
936	-14,6923077
936	6,3076923
936	-7,6923077
936	8,3076923
937	-1,6923077
937	11,3076923
937	25,3076923
937	1,3076923
938	2,3076923
938	17,3076923
938	6,3076923
938	21,3076923
938	29,3076923
939	23,3076923
939	7,3076923
939	23,3076923
939	29,3076923
940	27,3076923
940	-3,6923077
940	-19,6923077
940	-5,6923077
941	14,3076923
941	12,3076923
941	-15,6923077
941	2,3076923
942	-6,6923077
942	19,3076923
942	6,3076923
942	8,3076923
943	9,3076923
943	8,3076923
943	7,3076923
943	1,3076923
944	-16,6923077
944	14,3076923
944	12,3076923
944	27,3076923
945	32,3076923
945	16,3076923
945	2,3076923
945	17,3076923
946	24,3076923
946	9,3076923
946	8,3076923
946	2,3076923
947	28,3076923
947	11,3076923
947	0,3076923
947	19,3076923
947	1,3076923
948	20,3076923
948	1,3076923
948	7,3076923
948	5,3076923
949	22,3076923
949	-2,6923077
949	5,3076923
949	-1,6923077
950	6,3076923
950	-11,6923077
950	4,3076923
950	-1,6923077
951	1,3076923
951	6,3076923
951	9,3076923
951	13,3076923
952	7,3076923
952	16,3076923
952	13,3076923
952	45,3076923
953	-2,6923077
953	13,3076923
953	19,3076923
953	4,3076923
954	-22,6923077
954	4,3076923
954	-20,6923077
954	-7,6923077
955	5,3076923
955	8,3076923
955	-23,6923077
955	-37,6923077
956	-2,6923077
956	17,3076923
956	8,3076923
956	8,3076923
956	5,3076923
957	29,3076923
957	39,3076923
957	13,3076923
957	-1,6923077
958	-7,6923077
958	-2,6923077
958	22,3076923
958	28,3076923
959	9,3076923
959	10,3076923
959	0,3076923
959	1,3076923
960	24,3076923
960	27,3076923
960	-17,6923077
960	10,3076923
961	-1,6923077
961	15,3076923
961	13,3076923
961	-4,6923077
962	-4,6923077
962	-13,6923077
962	-6,6923077
962	11,3076923
963	-2,6923077
963	4,3076923
963	36,3076923
963	-18,6923077
964	4,3076923
964	8,3076923
964	-1,6923077
964	-7,6923077
964	8,3076923
965	14,3076923
965	-3,6923077
965	2,3076923
965	15,3076923
966	37,3076923
966	33,3076923
966	9,3076923
966	11,3076923
967	-1,6923077
967	-4,6923077
967	8,3076923
967	1,3076923
968	-4,6923077
968	25,3076923
968	19,3076923
968	46,3076923
969	7,3076923
969	-12,6923077
969	7,3076923
969	2,3076923
970	27,3076923
970	16,3076923
970	12,3076923
970	12,3076923
971	-0,6923077
971	14,3076923
971	12,3076923
971	27,3076923
972	23,3076923
972	-14,6923077
972	1,3076923
972	2,3076923
972	-2,6923077
973	-33,6923077
973	6,3076923
973	6,3076923
973	-18,6923077
974	-25,6923077
974	11,3076923
974	10,3076923
974	10,3076923
975	35,3076923
975	10,3076923
975	-9,6923077
975	8,3076923
976	8,3076923
976	-19,6923077
976	15,3076923
976	1,3076923
977	12,3076923
977	10,3076923
977	-2,6923077
977	7,3076923
978	50,3076923
978	23,3076923
978	-20,6923077
978	8,3076923
979	31,3076923
979	21,3076923
979	24,3076923
979	8,3076923
980	6,3076923
980	23,3076923
980	19,3076923
980	-5,6923077
980	2,3076923
981	4,3076923
981	16,3076923
981	28,3076923
981	1,3076923
982	-10,6923077
982	-1,6923077
982	10,3076923
982	8,3076923
983	6,3076923
983	-1,6923077
983	-1,6923077
983	28,3076923
984	16,3076923
984	28,3076923
984	-3,6923077
984	9,3076923
985	-13,6923077
985	29,3076923
985	22,3076923
985	23,3076923
986	5,3076923
986	14,3076923
986	17,3076923
986	15,3076923
987	-22,6923077
987	9,3076923
987	30,3076923
987	-16,6923077
988	0,3076923
988	5,3076923
988	-14,6923077
988	21,3076923
988	27,3076923
989	-4,6923077
989	20,3076923
989	-1,6923077
989	7,3076923
990	-2,6923077
990	10,3076923
990	8,3076923
990	-7,6923077
991	9,3076923
991	17,3076923
991	0,3076923
991	-5,6923077
992	1,3076923
992	-5,6923077
992	9,3076923
992	20,3076923
993	11,3076923
993	26,3076923
993	4,3076923
993	15,3076923
994	10,3076923
994	14,3076923
994	20,3076923
994	-5,6923077
995	4,3076923
995	21,3076923
995	12,3076923
995	17,3076923
995	28,3076923
996	12,3076923
996	33,3076923
996	24,3076923
996	5,3076923
997	25,3076923
997	-11,6923077
997	-8,6923077
997	59,3076923
998	-9,6923077
998	4,3076923
998	-3,6923077
998	12,3076923
999	-18,6923077
999	-13,6923077
999	-0,6923077
999	-1,6923077
1000	14,3076923
1000	22,3076923
1000	15,3076923
1000	2,3076923
1001	26,3076923
1001	10,3076923
1001	26,3076923
1001	22,3076923
1002	15,3076923
1002	12,3076923
1002	16,3076923
1002	20,3076923
1002	-5,6923077
1003	7,3076923
1003	19,3076923
1003	27,3076923
1003	4,3076923
1004	20,3076923
1004	13,3076923
1004	20,3076923
1004	38,3076923
1005	-10,6923077
1005	10,3076923
1005	8,3076923
1005	4,3076923
1006	-2,6923077
1006	30,3076923
1006	-1,6923077
1006	24,3076923
1007	13,3076923
1007	-2,6923077
1007	-23,6923077
1007	-15,6923077
1008	0,3076923
1008	9,3076923
1008	12,3076923
1008	23,3076923
1008	28,3076923
1009	26,3076923
1009	14,3076923
1009	10,3076923
1009	24,3076923
1010	21,3076923
1010	-6,6923077
1010	4,3076923
1010	0,3076923
1011	8,3076923
1011	22,3076923
1011	0,3076923
1011	20,3076923
1012	18,3076923
1012	10,3076923
1012	13,3076923
1012	4,3076923
1013	7,3076923
1013	16,3076923
1013	19,3076923
1013	2,3076923
1014	16,3076923
1014	9,3076923
1014	23,3076923
1014	-5,6923077
1015	16,3076923
1015	18,3076923
1015	14,3076923
1015	1,3076923
1015	24,3076923
1016	26,3076923
1016	18,3076923
1016	-1,6923077
1016	19,3076923
1017	11,3076923
1017	18,3076923
1017	11,3076923
1017	4,3076923
1018	10,3076923
1018	11,3076923
1018	0,3076923
1018	-1,6923077
1019	-0,6923077
1019	19,3076923
1019	6,3076923
1019	14,3076923
1020	8,3076923
1020	-12,6923077
1020	4,3076923
1020	31,3076923
1021	11,3076923
1021	7,3076923
1021	22,3076923
1021	14,3076923
1021	5,3076923
1022	-9,6923077
1022	22,3076923
1022	8,3076923
1022	-1,6923077
1023	-24,6923077
1023	9,3076923
1023	25,3076923
1023	5,3076923
1024	-3,6923077
1024	-26,6923077
1024	-1,6923077
1024	12,3076923
1025	1,3076923
1025	3,3076923
1025	-6,6923077
1025	25,3076923
1026	7,3076923
1026	34,3076923
1026	31,3076923
1026	10,3076923
1027	17,3076923
1027	-12,6923077
1027	25,3076923
1027	26,3076923
1027	2,3076923
1028	1,3076923
1028	6,3076923
1028	11,3076923
1028	30,3076923
1029	-10,6923077
1029	3,3076923
1029	19,3076923
1029	9,3076923
1030	5,3076923
1030	6,3076923
1030	10,3076923
1030	-3,6923077
1031	13,3076923
1031	10,3076923
1031	40,3076923
1031	-1,6923077
1032	9,3076923
1032	7,3076923
1032	-13,6923077
1032	12,3076923
1033	19,3076923
1033	9,3076923
1033	8,3076923
1033	13,3076923
1034	12,3076923
1034	-3,6923077
1034	-9,6923077
1034	-14,6923077
1034	-0,6923077
1035	20,3076923
1035	-17,6923077
1035	-0,6923077
1035	-1,6923077
1036	35,3076923
1036	20,3076923
1036	22,3076923
1036	23,3076923
1037	11,3076923
1037	-3,6923077
1037	9,3076923
1037	19,3076923
1038	22,3076923
1038	15,3076923
1038	2,3076923
1038	50,3076923
1039	-11,6923077
1039	-7,6923077
1039	4,3076923
1039	10,3076923
1039	-2,6923077
1040	-8,6923077
1040	10,3076923
1040	15,3076923
1040	16,3076923
1041	14,3076923
1041	-9,6923077
1041	1,3076923
1041	16,3076923
1042	19,3076923
1042	25,3076923
1042	2,3076923
1042	24,3076923
1043	29,3076923
1043	38,3076923
1043	16,3076923
1043	-3,6923077
1044	15,3076923
1044	-26,6923077
1044	16,3076923
1044	-9,6923077
1045	-0,6923077
1045	-1,6923077
1045	-6,6923077
1045	-17,6923077
1045	-8,6923077
1046	18,3076923
1046	-0,6923077
1046	4,3076923
1046	-10,6923077
1047	2,3076923
1047	28,3076923
1047	-1,6923077
1047	15,3076923
1048	15,3076923
1048	18,3076923
1048	19,3076923
1048	13,3076923
1049	1,3076923
1049	15,3076923
1049	0,3076923
1049	30,3076923
1050	-23,6923077
1050	6,3076923
1050	-6,6923077
1050	0,3076923
1051	12,3076923
1051	-13,6923077
1051	3,3076923
1051	19,3076923
1051	-7,6923077
1052	-12,6923077
1052	23,3076923
1052	8,3076923
1052	8,3076923
1053	7,3076923
1053	8,3076923
1053	26,3076923
1053	6,3076923
1054	15,3076923
1054	6,3076923
1054	-2,6923077
1054	0,3076923
1055	11,3076923
1055	4,3076923
1055	10,3076923
1055	8,3076923
1056	14,3076923
1056	3,3076923
1056	9,3076923
1056	16,3076923
1056	-5,6923077
1057	3,3076923
1057	10,3076923
1057	32,3076923
1057	24,3076923
1058	-8,6923077
1058	23,3076923
1058	2,3076923
1058	31,3076923
1059	9,3076923
1059	-9,6923077
1059	-20,6923077
1059	9,3076923
1060	33,3076923
1060	17,3076923
1060	19,3076923
1060	30,3076923
1061	35,3076923
1061	10,3076923
1061	6,3076923
1061	5,3076923
1062	4,3076923
1062	21,3076923
1062	-0,6923077
1062	18,3076923
1062	26,3076923
1063	0,3076923
1063	11,3076923
1063	12,3076923
1063	28,3076923
1064	-15,6923077
1064	11,3076923
1064	14,3076923
1064	-2,6923077
1065	25,3076923
1065	10,3076923
1065	-11,6923077
1065	5,3076923
1066	28,3076923
1066	22,3076923
1066	3,3076923
1066	15,3076923
1067	-2,6923077
1067	25,3076923
1067	28,3076923
1067	23,3076923
1067	19,3076923
1068	15,3076923
1068	26,3076923
1068	-2,6923077
1068	17,3076923
1069	32,3076923
1069	10,3076923
1069	10,3076923
1069	12,3076923
1070	7,3076923
1070	-4,6923077
1070	-6,6923077
1070	-2,6923077
1071	21,3076923
1071	23,3076923
1071	21,3076923
1071	5,3076923
1072	16,3076923
1072	15,3076923
1072	4,3076923
1072	2,3076923
1072	14,3076923
1073	3,3076923
1073	-3,6923077
1073	-1,6923077
1073	9,3076923
1074	-7,6923077
1074	-0,6923077
1074	21,3076923
1074	4,3076923
1075	22,3076923
1075	11,3076923
1075	28,3076923
1075	18,3076923
1076	-8,6923077
1076	-11,6923077
1076	29,3076923
1076	8,3076923
1077	8,3076923
1077	11,3076923
1077	21,3076923
1077	8,3076923
1077	27,3076923
1078	17,3076923
1078	4,3076923
1078	-3,6923077
1078	24,3076923
1079	14,3076923
1079	23,3076923
1079	2,3076923
1079	19,3076923
1080	19,3076923
1080	-24,6923077
1080	-14,6923077
1080	15,3076923
1081	-16,6923077
1081	7,3076923
1081	15,3076923
1081	11,3076923
1082	19,3076923
1082	-11,6923077
1082	13,3076923
1082	-10,6923077
1082	19,3076923
1083	8,3076923
1083	14,3076923
1083	6,3076923
1083	8,3076923
1084	-10,6923077
1084	13,3076923
1084	36,3076923
1084	12,3076923
1085	11,3076923
1085	8,3076923
1085	26,3076923
1085	18,3076923
1086	1,3076923
1086	-1,6923077
1086	20,3076923
1086	42,3076923
1087	13,3076923
1087	0,3076923
1087	6,3076923
1087	-3,6923077
1087	18,3076923
1088	-3,6923077
1088	1,3076923
1088	9,3076923
1088	-4,6923077
1089	10,3076923
1089	7,3076923
1089	5,3076923
1089	14,3076923
1090	29,3076923
1090	5,3076923
1090	21,3076923
1090	5,3076923
1091	4,3076923
1091	10,3076923
1091	24,3076923
1091	11,3076923
1092	31,3076923
1092	-5,6923077
1092	-26,6923077
1092	-3,6923077
1092	0,3076923
1093	-13,6923077
1093	11,3076923
1093	-14,6923077
1093	2,3076923
1094	-0,6923077
1094	22,3076923
1094	23,3076923
1094	18,3076923
1095	8,3076923
1095	20,3076923
1095	5,3076923
1095	30,3076923
1096	10,3076923
1096	-19,6923077
1096	-9,6923077
1096	3,3076923
1097	7,3076923
1097	-8,6923077
1097	5,3076923
1097	29,3076923
1097	-10,6923077
1098	4,3076923
1098	30,3076923
1098	10,3076923
1098	-0,6923077
1099	15,3076923
1099	18,3076923
1099	-0,6923077
1099	14,3076923
1100	-4,6923077
1100	-25,6923077
1100	21,3076923
1100	6,3076923
1101	18,3076923
1101	17,3076923
1101	38,3076923
1101	-11,6923077
1101	10,3076923
1102	9,3076923
1102	20,3076923
1102	7,3076923
1102	-8,6923077
1103	3,3076923
1103	9,3076923
1103	4,3076923
1103	14,3076923
1104	-1,6923077
1104	18,3076923
1104	-11,6923077
1104	5,3076923
1105	1,3076923
1105	7,3076923
1105	25,3076923
1105	61,3076923
1106	22,3076923
1106	-7,6923077
1106	-2,6923077
1106	-8,6923077
1106	-5,6923077
1107	12,3076923
1107	31,3076923
1107	51,3076923
1107	4,3076923
1108	-17,6923077
1108	9,3076923
1108	16,3076923
1108	-14,6923077
1109	-4,6923077
1109	27,3076923
1109	-7,6923077
1109	8,3076923
1110	4,3076923
1110	25,3076923
1110	11,3076923
1110	-8,6923077
1110	12,3076923
1111	12,3076923
1111	32,3076923
1111	10,3076923
1111	12,3076923
1112	-0,6923077
1112	-5,6923077
1112	21,3076923
1112	4,3076923
1113	-2,6923077
1113	-28,6923077
1113	-15,6923077
1113	38,3076923
1114	23,3076923
1114	8,3076923
1114	14,3076923
1114	0,3076923
1115	15,3076923
1115	6,3076923
1115	-4,6923077
1115	10,3076923
1115	0,3076923
1116	24,3076923
1116	21,3076923
1116	-1,6923077
1116	-3,6923077
1117	33,3076923
1117	6,3076923
1117	23,3076923
1117	12,3076923
1118	14,3076923
