196	-11,6923077
196	-11,6923077
196	-11,6923077
197	-5,6923077
197	11,3076923
197	26,3076923
197	-14,6923077
198	7,3076923
198	-1,6923077
198	-21,6923077
199	13,3076923
199	7,3076923
199	13,3076923
199	32,3076923
200	42,3076923
200	1,3076923
200	6,3076923
200	-8,6923077
201	-13,6923077
201	-11,6923077
201	-7,6923077
201	19,3076923
202	9,3076923
202	16,3076923
202	-31,6923077
203	11,3076923
203	1,3076923
203	24,3076923
203	4,3076923
204	11,3076923
204	-8,6923077
204	-33,6923077
204	1,3076923
205	8,3076923
205	-35,6923077
205	-27,6923077
205	8,3076923
206	-11,6923077
206	7,3076923
206	29,3076923
207	5,3076923
207	-31,6923077
207	-27,6923077
207	-23,6923077
208	-5,6923077
208	2,3076923
208	11,3076923
208	5,3076923
209	5,3076923
209	-3,6923077
209	18,3076923
209	-18,6923077
210	-1,6923077
210	7,3076923
210	9,3076923
211	-13,6923077
211	2,3076923
211	-4,6923077
211	-22,6923077
212	-11,6923077
212	-39,6923077
212	-6,6923077
212	-1,6923077
213	16,3076923
213	-7,6923077
213	2,3076923
213	6,3076923
214	6,3076923
214	-6,6923077
214	-3,6923077
215	4,3076923
215	-6,6923077
215	8,3076923
215	-6,6923077
216	3,3076923
216	20,3076923
216	22,3076923
216	-21,6923077
217	-7,6923077
217	-5,6923077
217	-17,6923077
217	8,3076923
218	-15,6923077
218	-22,6923077
218	-9,6923077
219	-0,6923077
219	-10,6923077
219	5,3076923
219	3,3076923
220	-3,6923077
220	0,3076923
220	-15,6923077
220	-5,6923077
221	-0,6923077
221	-11,6923077
221	1,3076923
221	-12,6923077
222	3,3076923
222	9,3076923
222	32,3076923
223	47,3076923
223	1,3076923
223	-20,6923077
223	-36,6923077
224	-17,6923077
224	-17,6923077
224	-12,6923077
224	-19,6923077
225	8,3076923
225	30,3076923
225	9,3076923
225	2,3076923
226	3,3076923
226	-9,6923077
226	12,3076923
227	3,3076923
227	-11,6923077
227	21,3076923
227	8,3076923
228	-2,6923077
228	-21,6923077
228	18,3076923
228	28,3076923
229	3,3076923
229	-3,6923077
229	-5,6923077
229	-3,6923077
230	10,3076923
230	-12,6923077
230	-1,6923077
231	-23,6923077
231	5,3076923
231	-21,6923077
231	27,3076923
232	12,3076923
232	-5,6923077
232	24,3076923
232	-4,6923077
233	-2,6923077
233	-5,6923077
233	3,3076923
233	-13,6923077
234	-20,6923077
234	28,3076923
234	-0,6923077
235	14,3076923
235	5,3076923
235	9,3076923
235	20,3076923
236	7,3076923
236	9,3076923
236	-7,6923077
236	-24,6923077
237	8,3076923
237	-18,6923077
237	-3,6923077
237	-12,6923077
238	18,3076923
238	0,3076923
238	-16,6923077
239	-17,6923077
239	-24,6923077
239	9,3076923
239	-0,6923077
240	-8,6923077
240	-21,6923077
240	0,3076923
240	6,3076923
241	16,3076923
241	-9,6923077
241	11,3076923
241	6,3076923
242	-7,6923077
242	-5,6923077
242	-19,6923077
243	14,3076923
243	7,3076923
243	-17,6923077
243	2,3076923
244	-18,6923077
244	-7,6923077
244	-4,6923077
244	0,3076923
245	16,3076923
245	3,3076923
245	-23,6923077
245	0,3076923
246	-16,6923077
246	4,3076923
246	-8,6923077
247	-24,6923077
247	-11,6923077
247	2,3076923
247	-3,6923077
248	4,3076923
248	-4,6923077
248	-17,6923077
248	2,3076923
249	1,3076923
249	-6,6923077
249	-18,6923077
249	-6,6923077
250	7,3076923
250	31,3076923
250	-1,6923077
251	-21,6923077
251	3,3076923
251	36,3076923
251	-20,6923077
252	-27,6923077
252	8,3076923
252	18,3076923
252	3,3076923
253	11,3076923
253	11,3076923
253	-15,6923077
253	-3,6923077
254	-6,6923077
254	19,3076923
254	22,3076923
254	18,3076923
255	-29,6923077
255	-16,6923077
255	-3,6923077
256	-8,6923077
256	-16,6923077
256	8,3076923
256	13,3076923
257	-10,6923077
257	-4,6923077
257	9,3076923
257	14,3076923
258	-11,6923077
258	-21,6923077
258	1,3076923
258	19,3076923
259	-0,6923077
259	-6,6923077
259	17,3076923
260	4,3076923
260	-14,6923077
260	-10,6923077
260	11,3076923
261	9,3076923
261	9,3076923
261	0,3076923
261	-15,6923077
262	-7,6923077
262	9,3076923
262	-6,6923077
262	-26,6923077
263	12,3076923
263	-21,6923077
263	-6,6923077
264	9,3076923
264	4,3076923
264	25,3076923
264	-3,6923077
265	2,3076923
265	5,3076923
265	-11,6923077
265	-18,6923077
266	3,3076923
266	-6,6923077
266	-11,6923077
266	-25,6923077
267	13,3076923
267	8,3076923
267	32,3076923
268	5,3076923
268	18,3076923
268	-1,6923077
268	28,3076923
269	24,3076923
269	34,3076923
269	-28,6923077
269	-1,6923077
270	2,3076923
270	2,3076923
270	-5,6923077
270	13,3076923
271	-2,6923077
271	-28,6923077
271	24,3076923
271	-4,6923077
272	-1,6923077
272	-10,6923077
272	-17,6923077
273	25,3076923
273	5,3076923
273	7,3076923
273	6,3076923
274	-11,6923077
274	-20,6923077
274	3,3076923
274	14,3076923
275	5,3076923
275	-9,6923077
275	-1,6923077
275	6,3076923
276	-2,6923077
276	-5,6923077
276	-13,6923077
277	2,3076923
277	20,3076923
277	14,3076923
277	-1,6923077
278	16,3076923
278	7,3076923
278	-25,6923077
278	-8,6923077
279	-16,6923077
279	-2,6923077
279	18,3076923
279	23,3076923
280	-8,6923077
280	13,3076923
280	-10,6923077
280	-17,6923077
281	9,3076923
281	14,3076923
281	-19,6923077
282	-20,6923077
282	8,3076923
282	2,3076923
282	-1,6923077
283	-29,6923077
283	-41,6923077
283	-10,6923077
283	-3,6923077
284	1,3076923
284	-6,6923077
284	-17,6923077
284	-3,6923077
285	-13,6923077
285	-15,6923077
285	-18,6923077
286	-0,6923077
286	-9,6923077
286	-26,6923077
286	-4,6923077
287	-10,6923077
287	0,3076923
287	4,3076923
287	-2,6923077
288	-4,6923077
288	-1,6923077
288	-6,6923077
288	-6,6923077
289	16,3076923
289	-12,6923077
289	-1,6923077
290	0,3076923
290	-11,6923077
290	9,3076923
290	-13,6923077
291	7,3076923
291	-14,6923077
291	-22,6923077
291	8,3076923
292	33,3076923
292	5,3076923
292	-8,6923077
292	-1,6923077
293	-4,6923077
293	2,3076923
293	51,3076923
293	31,3076923
294	8,3076923
294	27,3076923
294	19,3076923
295	4,3076923
295	-2,6923077
295	1,3076923
295	11,3076923
296	-4,6923077
296	13,3076923
296	2,3076923
296	-15,6923077
297	-22,6923077
297	24,3076923
297	23,3076923
297	6,3076923
298	41,3076923
298	-19,6923077
298	13,3076923
299	-15,6923077
299	31,3076923
299	26,3076923
299	8,3076923
300	-9,6923077
300	-9,6923077
300	-49,6923077
300	-7,6923077
301	-18,6923077
301	2,3076923
301	-26,6923077
301	-29,6923077
302	2,3076923
302	-1,6923077
302	12,3076923
302	35,3076923
303	29,3076923
303	-2,6923077
303	-19,6923077
304	-12,6923077
304	12,3076923
304	23,3076923
304	0,3076923
305	10,3076923
305	28,3076923
305	-1,6923077
305	-27,6923077
306	2,3076923
306	-12,6923077
306	-2,6923077
306	14,3076923
307	-0,6923077
307	11,3076923
307	-11,6923077
307	-4,6923077
308	0,3076923
308	13,3076923
308	19,3076923
309	26,3076923
309	8,3076923
309	-8,6923077
309	18,3076923
310	1,3076923
310	1,3076923
310	18,3076923
310	-2,6923077
311	12,3076923
311	24,3076923
311	46,3076923
311	20,3076923
312	42,3076923
312	65,3076923
312	51,3076923
313	48,3076923
313	58,3076923
313	62,3076923
313	22,3076923
314	62,3076923
314	42,3076923
314	52,3076923
314	49,3076923
315	49,3076923
315	62,3076923
315	57,3076923
315	56,3076923
316	51,3076923
316	60,3076923
316	82,3076923
316	47,3076923
317	38,3076923
317	42,3076923
317	31,3076923
318	25,3076923
318	46,3076923
318	84,3076923
318	24,3076923
319	40,3076923
319	34,3076923
319	34,3076923
319	34,3076923
320	29,3076923
320	11,3076923
320	16,3076923
320	3,3076923
321	19,3076923
321	-27,6923077
321	-12,6923077
321	-3,6923077
322	-4,6923077
322	12,3076923
322	8,3076923
323	-6,6923077
323	12,3076923
323	-13,6923077
323	-2,6923077
324	-14,6923077
324	12,3076923
324	-34,6923077
324	6,3076923
325	-33,6923077
325	-33,6923077
325	-14,6923077
325	-3,6923077
326	-11,6923077
326	-8,6923077
326	3,3076923
327	6,3076923
327	11,3076923
327	20,3076923
327	-26,6923077
328	2,3076923
328	-10,6923077
328	-12,6923077
328	10,3076923
329	-7,6923077
329	-16,6923077
329	-0,6923077
329	29,3076923
330	6,3076923
330	16,3076923
330	20,3076923
330	25,3076923
331	9,3076923
331	0,3076923
331	37,3076923
332	42,3076923
332	37,3076923
332	66,3076923
332	53,3076923
333	38,3076923
333	21,3076923
333	66,3076923
333	58,3076923
334	40,3076923
334	86,3076923
334	112,3076923
334	91,3076923
335	89,3076923
335	76,3076923
335	79,3076923
335	92,3076923
336	96,3076923
336	145,3076923
336	117,3076923
337	108,3076923
337	137,3076923
337	127,3076923
337	103,3076923
338	137,3076923
338	87,3076923
338	94,3076923
338	103,3076923
339	109,3076923
339	84,3076923
339	91,3076923
339	100,3076923
340	71,3076923
340	78,3076923
340	46,3076923
340	38,3076923
341	48,3076923
341	74,3076923
341	67,3076923
342	44,3076923
342	44,3076923
342	66,3076923
342	22,3076923
343	34,3076923
343	36,3076923
343	12,3076923
343	16,3076923
344	-0,6923077
344	15,3076923
344	45,3076923
344	9,3076923
345	-22,6923077
345	10,3076923
345	-8,6923077
345	20,3076923
346	1,3076923
346	15,3076923
346	-11,6923077
347	14,3076923
347	19,3076923
347	21,3076923
347	-7,6923077
348	5,3076923
348	-5,6923077
348	26,3076923
348	5,3076923
349	11,3076923
349	1,3076923
349	20,3076923
349	2,3076923
350	7,3076923
350	43,3076923
350	28,3076923
350	29,3076923
351	14,3076923
351	-4,6923077
351	16,3076923
352	25,3076923
352	47,3076923
352	46,3076923
352	57,3076923
353	70,3076923
353	68,3076923
353	44,3076923
353	80,3076923
354	50,3076923
354	86,3076923
354	94,3076923
354	103,3076923
355	71,3076923
355	81,3076923
355	67,3076923
355	54,3076923
356	69,3076923
356	86,3076923
356	107,3076923
357	81,3076923
357	86,3076923
357	89,3076923
357	82,3076923
358	112,3076923
358	117,3076923
358	122,3076923
358	110,3076923
359	61,3076923
359	68,3076923
359	60,3076923
359	81,3076923
360	80,3076923
360	59,3076923
360	54,3076923
360	63,3076923
361	53,3076923
361	35,3076923
361	43,3076923
362	71,3076923
362	73,3076923
362	67,3076923
362	43,3076923
363	22,3076923
363	26,3076923
363	-2,6923077
363	4,3076923
364	15,3076923
364	9,3076923
364	-10,6923077
364	1,3076923
365	-0,6923077
365	9,3076923
365	-2,6923077
365	24,3076923
366	-3,6923077
366	1,3076923
366	16,3076923
367	4,3076923
367	8,3076923
367	5,3076923
367	5,3076923
368	-28,6923077
368	-23,6923077
368	-4,6923077
368	-14,6923077
369	-18,6923077
369	-10,6923077
369	-16,6923077
369	-14,6923077
370	2,3076923
370	2,3076923
370	-13,6923077
370	25,3076923
371	12,3076923
371	14,3076923
371	25,3076923
371	30,3076923
372	21,3076923
372	14,3076923
372	15,3076923
373	30,3076923
373	27,3076923
373	10,3076923
373	20,3076923
374	6,3076923
374	34,3076923
374	20,3076923
374	34,3076923
375	32,3076923
375	53,3076923
375	43,3076923
375	42,3076923
376	39,3076923
376	44,3076923
376	43,3076923
376	39,3076923
377	15,3076923
377	72,3076923
377	44,3076923
378	47,3076923
378	50,3076923
378	52,3076923
378	33,3076923
379	34,3076923
379	29,3076923
379	63,3076923
379	44,3076923
380	31,3076923
380	13,3076923
380	31,3076923
380	17,3076923
381	50,3076923
381	43,3076923
381	42,3076923
381	38,3076923
382	44,3076923
382	23,3076923
382	49,3076923
383	18,3076923
383	6,3076923
383	39,3076923
383	23,3076923
384	4,3076923
384	24,3076923
384	24,3076923
384	32,3076923
385	10,3076923
385	33,3076923
385	35,3076923
385	36,3076923
386	25,3076923
386	6,3076923
386	-12,6923077
386	21,3076923
387	34,3076923
387	-4,6923077
387	3,3076923
387	-15,6923077
388	-3,6923077
388	8,3076923
388	22,3076923
389	10,3076923
389	-24,6923077
389	1,3076923
389	3,3076923
390	21,3076923
390	12,3076923
390	9,3076923
390	6,3076923
391	0,3076923
391	1,3076923
391	9,3076923
391	1,3076923
392	11,3076923
392	-6,6923077
392	-2,6923077
392	10,3076923
393	-1,6923077
393	20,3076923
393	34,3076923
394	12,3076923
394	7,3076923
394	8,3076923
394	30,3076923
395	-2,6923077
395	16,3076923
395	13,3076923
395	18,3076923
396	-9,6923077
396	14,3076923
396	11,3076923
396	29,3076923
397	-3,6923077
397	34,3076923
397	8,3076923
397	19,3076923
398	27,3076923
398	7,3076923
398	20,3076923
398	14,3076923
399	7,3076923
399	19,3076923
399	24,3076923
400	38,3076923
400	21,3076923
400	30,3076923
400	0,3076923
401	3,3076923
401	38,3076923
401	7,3076923
401	31,3076923
402	24,3076923
402	28,3076923
402	9,3076923
402	-1,6923077
403	15,3076923
403	45,3076923
403	5,3076923
403	4,3076923
404	24,3076923
404	61,3076923
404	18,3076923
405	-3,6923077
405	29,3076923
405	42,3076923
405	32,3076923
406	30,3076923
406	10,3076923
406	15,3076923
406	18,3076923
407	20,3076923
407	-0,6923077
407	5,3076923
407	11,3076923
408	24,3076923
408	3,3076923
408	-23,6923077
408	-8,6923077
409	16,3076923
409	7,3076923
409	12,3076923
409	21,3076923
410	15,3076923
410	12,3076923
410	33,3076923
411	11,3076923
411	3,3076923
411	16,3076923
411	-19,6923077
412	-10,6923077
412	13,3076923
412	-3,6923077
412	9,3076923
413	-5,6923077
413	13,3076923
413	1,3076923
413	-1,6923077
414	1,3076923
414	10,3076923
414	-21,6923077
414	-19,6923077
415	22,3076923
415	17,3076923
415	14,3076923
415	-2,6923077
416	-11,6923077
416	-8,6923077
416	-12,6923077
417	22,3076923
417	-15,6923077
417	-9,6923077
417	8,3076923
418	2,3076923
418	8,3076923
418	-8,6923077
418	-1,6923077
419	1,3076923
419	9,3076923
419	9,3076923
419	11,3076923
420	14,3076923
420	1,3076923
420	1,3076923
420	8,3076923
421	30,3076923
421	17,3076923
421	9,3076923
421	17,3076923
422	-11,6923077
422	5,3076923
422	-6,6923077
423	1,3076923
423	17,3076923
423	19,3076923
423	23,3076923
424	4,3076923
424	-15,6923077
424	-10,6923077
424	24,3076923
425	-0,6923077
425	-2,6923077
425	4,3076923
425	10,3076923
426	-23,6923077
426	12,3076923
426	1,3076923
426	5,3076923
427	25,3076923
427	-0,6923077
427	-5,6923077
427	1,3076923
428	23,3076923
428	34,3076923
428	10,3076923
429	22,3076923
429	20,3076923
429	6,3076923
429	54,3076923
430	13,3076923
430	-10,6923077
430	-24,6923077
430	-4,6923077
431	18,3076923
431	-2,6923077
431	0,3076923
431	12,3076923
432	4,3076923
432	-20,6923077
432	19,3076923
432	38,3076923
433	11,3076923
433	10,3076923
433	18,3076923
433	-23,6923077
434	5,3076923
434	-15,6923077
434	-10,6923077
435	-5,6923077
435	6,3076923
435	-2,6923077
435	16,3076923
436	-5,6923077
436	14,3076923
436	4,3076923
436	23,3076923
437	16,3076923
437	3,3076923
437	-6,6923077
437	7,3076923
438	7,3076923
438	23,3076923
438	26,3076923
438	-4,6923077
439	19,3076923
439	3,3076923
439	14,3076923
439	26,3076923
440	7,3076923
440	-4,6923077
440	20,3076923
441	7,3076923
441	-19,6923077
441	3,3076923
441	11,3076923
442	5,3076923
442	1,3076923
442	29,3076923
442	20,3076923
443	22,3076923
443	-0,6923077
443	1,3076923
443	-17,6923077
444	-8,6923077
444	18,3076923
444	10,3076923
444	1,3076923
445	-14,6923077
445	-7,6923077
445	25,3076923
445	13,3076923
446	-22,6923077
446	-29,6923077
446	-16,6923077
447	9,3076923
447	18,3076923
447	14,3076923
447	3,3076923
448	19,3076923
448	7,3076923
448	-17,6923077
448	-4,6923077
449	18,3076923
449	15,3076923
449	-5,6923077
449	-24,6923077
450	10,3076923
450	-15,6923077
450	-34,6923077
450	-4,6923077
451	5,3076923
451	-24,6923077
451	2,3076923
451	-12,6923077
452	-23,6923077
452	-34,6923077
452	-5,6923077
452	5,3076923
453	-7,6923077
453	-5,6923077
453	-2,6923077
454	4,3076923
454	15,3076923
454	3,3076923
454	6,3076923
455	-4,6923077
455	-3,6923077
455	-20,6923077
455	-7,6923077
456	-6,6923077
456	-7,6923077
456	-4,6923077
456	6,3076923
457	-14,6923077
457	-16,6923077
457	0,3076923
457	-19,6923077
458	-4,6923077
458	-9,6923077
458	-19,6923077
458	-1,6923077
459	-21,6923077
459	-1,6923077
459	13,3076923
460	37,3076923
460	-4,6923077
460	15,3076923
460	-10,6923077
461	-0,6923077
461	-8,6923077
461	-3,6923077
461	15,3076923
462	3,3076923
462	-12,6923077
462	-28,6923077
462	-2,6923077
463	-15,6923077
463	-10,6923077
463	-25,6923077
463	-12,6923077
464	-24,6923077
464	-8,6923077
464	-20,6923077
464	-16,6923077
465	-10,6923077
465	9,3076923
465	14,3076923
465	-1,6923077
466	-9,6923077
466	6,3076923
466	-19,6923077
467	-10,6923077
467	1,3076923
467	8,3076923
467	4,3076923
468	3,3076923
468	12,3076923
468	-10,6923077
468	-12,6923077
469	9,3076923
469	-3,6923077
469	-13,6923077
469	17,3076923
470	11,3076923
470	-9,6923077
470	1,3076923
470	-10,6923077
471	27,3076923
471	-16,6923077
471	22,3076923
471	-4,6923077
472	-4,6923077
472	30,3076923
472	13,3076923
472	44,3076923
473	-7,6923077
473	16,3076923
473	-9,6923077
474	-3,6923077
474	-16,6923077
474	23,3076923
474	-9,6923077
475	-16,6923077
475	-3,6923077
475	11,3076923
475	10,3076923
476	3,3076923
476	-7,6923077
476	-4,6923077
476	0,3076923
477	12,3076923
477	-10,6923077
477	-21,6923077
477	12,3076923
478	-25,6923077
478	-17,6923077
478	-16,6923077
478	-5,6923077
479	-24,6923077
479	-6,6923077
479	-3,6923077
479	-6,6923077
480	-2,6923077
480	-21,6923077
480	-16,6923077
481	1,3076923
481	-20,6923077
481	-8,6923077
481	4,3076923
482	25,3076923
482	0,3076923
482	-14,6923077
482	3,3076923
483	-8,6923077
483	-17,6923077
483	-15,6923077
483	-25,6923077
484	8,3076923
484	18,3076923
484	-4,6923077
484	-6,6923077
485	-17,6923077
485	-13,6923077
485	-4,6923077
485	-9,6923077
486	0,3076923
486	14,3076923
486	-9,6923077
486	-14,6923077
487	-8,6923077
487	2,3076923
487	13,3076923
488	8,3076923
488	-0,6923077
488	-11,6923077
488	9,3076923
489	6,3076923
489	-13,6923077
489	6,3076923
489	-13,6923077
490	9,3076923
490	1,3076923
490	-16,6923077
490	6,3076923
491	-1,6923077
491	-15,6923077
491	-20,6923077
491	-12,6923077
492	-22,6923077
492	-18,6923077
492	5,3076923
492	18,3076923
493	-4,6923077
493	-17,6923077
493	-8,6923077
493	-27,6923077
494	-13,6923077
494	4,3076923
494	-4,6923077
495	-12,6923077
495	-4,6923077
495	-3,6923077
495	-6,6923077
496	21,3076923
496	-28,6923077
496	-5,6923077
496	-19,6923077
497	-22,6923077
497	-0,6923077
497	-9,6923077
497	-1,6923077
498	-21,6923077
498	-15,6923077
498	0,3076923
498	-37,6923077
499	14,3076923
499	7,3076923
499	-8,6923077
499	20,3076923
500	7,3076923
500	5,3076923
500	-1,6923077
500	-11,6923077
501	-15,6923077
501	-14,6923077
501	2,3076923
502	-10,6923077
502	-9,6923077
502	9,3076923
502	-21,6923077
503	22,3076923
503	-10,6923077
503	8,3076923
503	-13,6923077
504	-19,6923077
504	-19,6923077
504	14,3076923
504	-1,6923077
505	4,3076923
505	-4,6923077
505	-5,6923077
505	-9,6923077
506	23,3076923
506	3,3076923
506	-20,6923077
506	-19,6923077
507	-1,6923077
507	-10,6923077
507	8,3076923
507	-27,6923077
508	8,3076923
508	7,3076923
508	-5,6923077
508	23,3076923
509	0,3076923
509	26,3076923
509	22,3076923
510	-16,6923077
510	5,3076923
510	-21,6923077
510	-3,6923077
511	21,3076923
511	12,3076923
511	-18,6923077
511	-35,6923077
512	-3,6923077
512	-10,6923077
512	7,3076923
512	-12,6923077
513	-41,6923077
513	8,3076923
513	3,3076923
513	-27,6923077
514	-28,6923077
514	1,3076923
514	-9,6923077
514	-19,6923077
515	4,3076923
515	-3,6923077
515	-21,6923077
515	15,3076923
516	21,3076923
516	32,3076923
516	-3,6923077
516	-22,6923077
517	-20,6923077
517	-14,6923077
517	-8,6923077
518	-9,6923077
518	1,3076923
518	-2,6923077
518	1,3076923
519	22,3076923
519	6,3076923
519	-19,6923077
519	-5,6923077
520	-27,6923077
520	-12,6923077
520	2,3076923
520	9,3076923
521	-17,6923077
521	-6,6923077
521	-13,6923077
521	1,3076923
522	3,3076923
522	25,3076923
522	6,3076923
522	11,3076923
523	25,3076923
523	1,3076923
523	6,3076923
523	-8,6923077
524	4,3076923
524	-34,6923077
524	-6,6923077
524	12,3076923
525	13,3076923
525	1,3076923
525	-16,6923077
526	-9,6923077
526	26,3076923
526	22,3076923
526	-5,6923077
527	-22,6923077
527	-3,6923077
527	-3,6923077
527	8,3076923
528	15,3076923
528	12,3076923
528	0,3076923
528	19,3076923
529	0,3076923
529	-11,6923077
529	-31,6923077
529	13,3076923
530	17,3076923
530	-36,6923077
530	-5,6923077
530	-2,6923077
531	11,3076923
531	-10,6923077
531	19,3076923
531	4,3076923
532	-5,6923077
532	-3,6923077
532	-1,6923077
532	-20,6923077
533	6,3076923
533	-38,6923077
533	-3,6923077
534	-1,6923077
534	-5,6923077
534	1,3076923
534	1,3076923
535	5,3076923
535	-26,6923077
535	1,3076923
535	17,3076923
536	19,3076923
536	8,3076923
536	-36,6923077
536	-29,6923077
537	-4,6923077
537	-32,6923077
537	-7,6923077
537	-7,6923077
538	2,3076923
538	-21,6923077
538	7,3076923
538	-14,6923077
539	-3,6923077
539	2,3076923
539	5,3076923
539	5,3076923
540	-0,6923077
540	-16,6923077
540	6,3076923
540	-14,6923077
541	1,3076923
541	-26,6923077
541	-31,6923077
541	-16,6923077
542	-8,6923077
542	-1,6923077
542	21,3076923
543	-11,6923077
543	-22,6923077
543	-6,6923077
543	32,3076923
544	-9,6923077
544	12,3076923
544	10,3076923
544	-5,6923077
545	-33,6923077
545	1,3076923
545	6,3076923
545	-16,6923077
546	13,3076923
546	5,3076923
546	1,3076923
546	-9,6923077
547	-1,6923077
547	-3,6923077
547	-17,6923077
547	-11,6923077
548	-2,6923077
548	-3,6923077
548	-4,6923077
548	-12,6923077
549	-9,6923077
549	15,3076923
549	-16,6923077
549	-4,6923077
550	3,3076923
550	-9,6923077
550	-3,6923077
550	-18,6923077
551	-28,6923077
551	-22,6923077
551	16,3076923
552	-30,6923077
552	-24,6923077
552	-8,6923077
552	1,3076923
553	15,3076923
553	7,3076923
553	-9,6923077
553	7,3076923
554	-3,6923077
554	-23,6923077
554	-4,6923077
554	-27,6923077
555	5,3076923
555	20,3076923
555	0,3076923
555	-22,6923077
556	10,3076923
556	1,3076923
556	-8,6923077
556	17,3076923
557	34,3076923
557	8,3076923
557	-11,6923077
557	-12,6923077
558	-10,6923077
558	-43,6923077
558	-3,6923077
558	7,3076923
559	-0,6923077
559	-14,6923077
559	-4,6923077
559	-26,6923077
560	-0,6923077
560	27,3076923
560	0,3076923
561	10,3076923
561	-3,6923077
561	-16,6923077
561	6,3076923
562	-19,6923077
562	-8,6923077
562	19,3076923
562	4,3076923
563	7,3076923
563	0,3076923
563	-6,6923077
563	-0,6923077
564	-1,6923077
564	-26,6923077
564	3,3076923
564	8,3076923
565	7,3076923
565	-8,6923077
565	-11,6923077
565	-8,6923077
566	2,3076923
566	-10,6923077
566	-12,6923077
566	28,3076923
567	-17,6923077
567	-12,6923077
567	-26,6923077
567	-37,6923077
568	-16,6923077
568	-13,6923077
568	15,3076923
568	-2,6923077
569	-7,6923077
569	11,3076923
569	-20,6923077
569	-16,6923077
570	3,3076923
570	-11,6923077
570	-5,6923077
571	-14,6923077
571	-9,6923077
571	-17,6923077
571	7,3076923
572	2,3076923
572	-3,6923077
572	-7,6923077
572	-9,6923077
573	16,3076923
573	-10,6923077
573	-23,6923077
573	-17,6923077
574	2,3076923
574	19,3076923
574	-22,6923077
574	12,3076923
575	4,3076923
575	-11,6923077
575	13,3076923
575	2,3076923
576	4,3076923
576	-6,6923077
576	-5,6923077
576	-26,6923077
577	-26,6923077
577	-9,6923077
577	7,3076923
577	-2,6923077
578	26,3076923
578	-1,6923077
578	23,3076923
578	8,3076923
579	7,3076923
579	1,3076923
579	-24,6923077
579	-21,6923077
580	-6,6923077
580	6,3076923
580	-9,6923077
581	4,3076923
581	-13,6923077
581	33,3076923
581	-9,6923077
582	-44,6923077
582	-42,6923077
582	0,3076923
582	12,3076923
583	-5,6923077
583	-39,6923077
583	-9,6923077
583	-25,6923077
584	14,3076923
584	-6,6923077
584	11,3076923
584	19,3076923
585	-17,6923077
585	-28,6923077
585	24,3076923
585	2,3076923
586	1,3076923
586	8,3076923
586	-10,6923077
586	-8,6923077
587	-11,6923077
587	-47,6923077
587	-10,6923077
587	-21,6923077
588	-5,6923077
588	-9,6923077
588	3,3076923
588	-5,6923077
589	9,3076923
589	14,3076923
589	7,3076923
589	-12,6923077
590	-3,6923077
590	12,3076923
590	-0,6923077
590	10,3076923
591	-1,6923077
591	20,3076923
591	-21,6923077
592	-11,6923077
592	3,3076923
592	1,3076923
592	-1,6923077
593	28,3076923
593	1,3076923
593	-11,6923077
593	3,3076923
594	32,3076923
594	3,3076923
594	-12,6923077
594	-1,6923077
595	-14,6923077
595	-17,6923077
595	7,3076923
595	-0,6923077
596	4,3076923
596	13,3076923
596	-14,6923077
596	26,3076923
597	29,3076923
597	-12,6923077
597	-32,6923077
597	-237,6923077
598	-20,6923077
598	-9,6923077
598	-13,6923077
598	-16,6923077
599	-4,6923077
599	-7,6923077
599	-24,6923077
599	2,3076923
600	12,3076923
600	-5,6923077
600	-5,6923077
600	-1,6923077
601	-24,6923077
601	2,3076923
601	8,3076923
601	3,3076923
602	-7,6923077
602	-29,6923077
602	-4,6923077
603	8,3076923
603	0,3076923
603	17,3076923
603	-18,6923077
604	-2,6923077
604	3,3076923
604	5,3076923
604	-8,6923077
605	25,3076923
605	-18,6923077
605	17,3076923
605	2,3076923
606	-7,6923077
606	-8,6923077
606	19,3076923
606	14,3076923
607	-21,6923077
607	2,3076923
607	-4,6923077
607	6,3076923
608	-14,6923077
608	20,3076923
608	-2,6923077
608	-1,6923077
609	-9,6923077
609	17,3076923
609	-3,6923077
609	-10,6923077
610	-23,6923077
610	0,3076923
610	-3,6923077
610	8,3076923
611	-8,6923077
611	-6,6923077
611	-14,6923077
611	-12,6923077
612	6,3076923
612	4,3076923
612	16,3076923
612	3,3076923
613	-4,6923077
613	11,3076923
613	9,3076923
613	14,3076923
614	12,3076923
614	-37,6923077
614	-5,6923077
614	-0,6923077
615	-17,6923077
615	3,3076923
615	-6,6923077
616	-23,6923077
616	-19,6923077
616	-9,6923077
616	-23,6923077
617	-14,6923077
617	-13,6923077
617	12,3076923
617	-15,6923077
618	-10,6923077
618	8,3076923
618	-5,6923077
618	16,3076923
619	9,3076923
619	-3,6923077
619	-21,6923077
619	-23,6923077
620	-8,6923077
620	-11,6923077
620	-11,6923077
620	-5,6923077
621	-3,6923077
621	7,3076923
621	-17,6923077
621	2,3076923
622	-6,6923077
622	-3,6923077
622	10,3076923
622	-0,6923077
623	-12,6923077
623	-6,6923077
623	-1,6923077
623	0,3076923
624	-11,6923077
624	-17,6923077
624	6,3076923
624	-16,6923077
625	19,3076923
625	9,3076923
625	1,3076923
625	-15,6923077
626	-0,6923077
626	-9,6923077
626	-16,6923077
626	-10,6923077
627	-18,6923077
627	-6,6923077
627	22,3076923
627	10,3076923
628	4,3076923
628	2,3076923
628	-2,6923077
629	-26,6923077
629	-4,6923077
629	-2,6923077
629	-19,6923077
630	-3,6923077
630	-5,6923077
630	-26,6923077
630	-11,6923077
631	3,3076923
631	-4,6923077
631	-33,6923077
631	-17,6923077
632	7,3076923
632	11,3076923
632	7,3076923
632	3,3076923
633	7,3076923
633	5,3076923
633	-3,6923077
633	-13,6923077
634	-15,6923077
634	-12,6923077
634	-5,6923077
634	-4,6923077
635	-10,6923077
635	6,3076923
635	-7,6923077
635	7,3076923
636	-2,6923077
636	5,3076923
636	-7,6923077
636	-3,6923077
637	-3,6923077
637	4,3076923
637	-5,6923077
637	-15,6923077
638	14,3076923
638	-2,6923077
638	0,3076923
638	0,3076923
639	-14,6923077
639	-7,6923077
639	-1,6923077
639	6,3076923
640	-27,6923077
640	6,3076923
640	-11,6923077
640	28,3076923
641	-5,6923077
641	18,3076923
641	0,3076923
641	-14,6923077
642	-4,6923077
642	17,3076923
642	-9,6923077
642	18,3076923
643	0,3076923
643	8,3076923
643	0,3076923
644	-10,6923077
644	3,3076923
644	11,3076923
644	25,3076923
645	7,3076923
645	-9,6923077
645	3,3076923
645	-1,6923077
646	-11,6923077
646	-1,6923077
646	-15,6923077
646	2,3076923
647	14,3076923
647	24,3076923
647	-3,6923077
647	-2,6923077
648	19,3076923
648	6,3076923
648	-10,6923077
648	23,3076923
649	4,3076923
649	13,3076923
649	-2,6923077
649	6,3076923
650	15,3076923
650	3,3076923
650	19,3076923
650	-16,6923077
651	-2,6923077
651	24,3076923
651	3,3076923
651	1,3076923
652	-1,6923077
652	-10,6923077
652	-7,6923077
652	4,3076923
653	23,3076923
653	13,3076923
653	17,3076923
653	-18,6923077
654	-16,6923077
654	-6,6923077
654	5,3076923
654	6,3076923
655	5,3076923
655	18,3076923
655	18,3076923
655	7,3076923
656	23,3076923
656	-3,6923077
656	-12,6923077
656	-8,6923077
657	-0,6923077
657	-15,6923077
657	-14,6923077
657	9,3076923
658	3,3076923
658	6,3076923
658	21,3076923
658	-12,6923077
659	7,3076923
659	13,3076923
659	9,3076923
660	-11,6923077
660	-1,6923077
660	6,3076923
660	2,3076923
661	0,3076923
661	30,3076923
661	9,3076923
661	-2,6923077
662	38,3076923
662	7,3076923
662	-14,6923077
662	-3,6923077
663	2,3076923
663	-11,6923077
663	18,3076923
663	28,3076923
664	14,3076923
664	12,3076923
664	11,3076923
664	-4,6923077
665	2,3076923
665	-11,6923077
665	-4,6923077
665	-20,6923077
666	-3,6923077
666	2,3076923
666	8,3076923
666	-3,6923077
667	2,3076923
667	8,3076923
667	11,3076923
667	-3,6923077
668	-9,6923077
668	-3,6923077
668	11,3076923
668	15,3076923
669	8,3076923
669	-8,6923077
669	7,3076923
669	-5,6923077
670	-20,6923077
670	19,3076923
670	-9,6923077
670	-14,6923077
671	-8,6923077
671	26,3076923
671	-2,6923077
671	-1,6923077
672	-1,6923077
672	-3,6923077
672	1,3076923
672	21,3076923
673	-2,6923077
673	0,3076923
673	-2,6923077
673	7,3076923
674	2,3076923
674	-10,6923077
674	-21,6923077
674	-5,6923077
675	-26,6923077
675	-9,6923077
675	-21,6923077
675	1,3076923
676	9,3076923
676	-15,6923077
676	0,3076923
676	2,3076923
677	-2,6923077
677	-8,6923077
677	-1,6923077
677	-3,6923077
678	24,3076923
678	20,3076923
678	-1,6923077
678	3,3076923
679	0,3076923
679	14,3076923
679	13,3076923
680	10,3076923
680	-27,6923077
680	9,3076923
680	10,3076923
681	19,3076923
681	16,3076923
681	14,3076923
681	-5,6923077
682	9,3076923
682	-8,6923077
682	15,3076923
682	-15,6923077
683	-29,6923077
683	-8,6923077
683	20,3076923
683	31,3076923
684	8,3076923
684	14,3076923
684	1,3076923
684	-8,6923077
685	-1,6923077
685	-21,6923077
685	-2,6923077
685	-12,6923077
686	3,3076923
686	2,3076923
686	-1,6923077
686	0,3076923
687	16,3076923
687	30,3076923
687	7,3076923
687	5,3076923
688	-10,6923077
688	-4,6923077
688	-5,6923077
688	-21,6923077
689	-8,6923077
689	-1,6923077
689	20,3076923
689	4,3076923
690	-5,6923077
690	-19,6923077
690	-18,6923077
690	-4,6923077
691	25,3076923
691	-14,6923077
691	19,3076923
691	14,3076923
692	-8,6923077
692	3,3076923
692	3,3076923
692	-0,6923077
693	-20,6923077
693	-26,6923077
693	-26,6923077
693	-29,6923077
694	-10,6923077
694	28,3076923
694	7,3076923
694	-24,6923077
695	-16,6923077
695	-10,6923077
695	-15,6923077
695	-16,6923077
696	-30,6923077
696	-2,6923077
696	-14,6923077
696	-6,6923077
697	-9,6923077
697	-24,6923077
697	-8,6923077
697	4,3076923
698	-6,6923077
698	-10,6923077
698	5,3076923
698	0,3076923
699	-16,6923077
699	0,3076923
699	3,3076923
699	-10,6923077
700	0,3076923
700	0,3076923
700	-7,6923077
700	-21,6923077
701	-9,6923077
701	-19,6923077
701	7,3076923
701	-6,6923077
702	-6,6923077
702	-10,6923077
702	-8,6923077
702	-16,6923077
703	-13,6923077
703	-6,6923077
703	1,3076923
703	-27,6923077
704	-12,6923077
704	-4,6923077
704	-10,6923077
704	20,3076923
705	10,3076923
705	-14,6923077
705	23,3076923
706	2,3076923
706	17,3076923
706	8,3076923
706	5,3076923
707	11,3076923
707	-9,6923077
707	12,3076923
707	14,3076923
708	8,3076923
708	8,3076923
708	-9,6923077
708	8,3076923
709	-19,6923077
709	-8,6923077
709	-2,6923077
709	-24,6923077
710	5,3076923
710	-23,6923077
710	-7,6923077
710	15,3076923
711	-19,6923077
711	-8,6923077
711	-10,6923077
711	-8,6923077
712	8,3076923
712	-2,6923077
712	-14,6923077
712	9,3076923
713	-10,6923077
713	-0,6923077
713	-4,6923077
713	13,3076923
714	10,3076923
714	24,3076923
714	-7,6923077
714	-2,6923077
715	7,3076923
715	-16,6923077
715	-10,6923077
715	-9,6923077
716	-1,6923077
716	16,3076923
716	-17,6923077
716	-1,6923077
717	-1,6923077
717	12,3076923
717	17,3076923
717	-0,6923077
718	-7,6923077
718	-6,6923077
718	-20,6923077
718	-9,6923077
719	7,3076923
719	-0,6923077
719	5,3076923
719	-11,6923077
720	-6,6923077
720	-11,6923077
720	-15,6923077
720	21,3076923
721	11,3076923
721	3,3076923
721	2,3076923
721	-19,6923077
722	17,3076923
722	20,3076923
722	-10,6923077
722	-27,6923077
723	7,3076923
723	5,3076923
723	-18,6923077
723	13,3076923
724	-7,6923077
724	1,3076923
724	3,3076923
724	-32,6923077
725	-14,6923077
725	8,3076923
725	-15,6923077
725	-4,6923077
726	-30,6923077
726	12,3076923
726	20,3076923
726	16,3076923
727	-7,6923077
727	-41,6923077
727	22,3076923
727	2,3076923
728	-21,6923077
728	-13,6923077
728	3,3076923
728	-6,6923077
729	-10,6923077
729	3,3076923
729	6,3076923
729	5,3076923
730	18,3076923
730	-29,6923077
730	-8,6923077
730	-31,6923077
731	9,3076923
731	-10,6923077
731	-15,6923077
731	21,3076923
732	-11,6923077
732	-11,6923077
732	-11,6923077
732	5,3076923
733	4,3076923
733	-11,6923077
733	3,3076923
733	5,3076923
734	-0,6923077
734	-30,6923077
734	-9,6923077
734	22,3076923
735	-34,6923077
735	-13,6923077
735	6,3076923
735	11,3076923
736	-13,6923077
736	-3,6923077
736	-22,6923077
736	14,3076923
737	-21,6923077
737	-34,6923077
737	-18,6923077
737	17,3076923
738	6,3076923
738	10,3076923
738	11,3076923
738	26,3076923
739	20,3076923
739	5,3076923
739	-1,6923077
739	23,3076923
740	8,3076923
740	-16,6923077
740	9,3076923
740	-10,6923077
741	0,3076923
741	-9,6923077
741	-15,6923077
741	6,3076923
742	20,3076923
742	12,3076923
742	-16,6923077
742	-39,6923077
743	-17,6923077
743	21,3076923
743	-10,6923077
743	0,3076923
744	-10,6923077
744	0,3076923
744	-1,6923077
744	6,3076923
745	1,3076923
745	-7,6923077
745	-10,6923077
745	-19,6923077
746	1,3076923
746	-1,6923077
746	3,3076923
746	3,3076923
747	17,3076923
747	14,3076923
747	-4,6923077
747	-15,6923077
748	-14,6923077
748	8,3076923
748	-27,6923077
748	-10,6923077
749	-3,6923077
749	12,3076923
749	-27,6923077
749	-16,6923077
750	5,3076923
750	12,3076923
750	6,3076923
750	-5,6923077
751	11,3076923
751	-10,6923077
751	-5,6923077
751	11,3076923
752	7,3076923
752	0,3076923
752	-5,6923077
752	-2,6923077
753	-6,6923077
753	-4,6923077
753	0,3076923
753	22,3076923
754	-5,6923077
754	4,3076923
754	-41,6923077
754	-15,6923077
755	-9,6923077
755	-11,6923077
755	-5,6923077
755	-11,6923077
756	-10,6923077
756	8,3076923
756	-10,6923077
756	-1,6923077
757	-19,6923077
757	-12,6923077
757	-33,6923077
757	-2,6923077
758	-6,6923077
758	-2,6923077
758	-18,6923077
758	23,3076923
759	33,3076923
759	30,3076923
759	-6,6923077
759	-10,6923077
760	-8,6923077
760	4,3076923
760	5,3076923
760	-18,6923077
761	14,3076923
761	16,3076923
761	-3,6923077
761	10,3076923
762	16,3076923
762	9,3076923
762	4,3076923
762	-15,6923077
763	-16,6923077
763	-1,6923077
763	13,3076923
763	-7,6923077
764	-2,6923077
764	-3,6923077
764	-2,6923077
764	1,3076923
765	-2,6923077
765	-2,6923077
765	-1,6923077
765	11,3076923
766	-18,6923077
766	5,3076923
766	-4,6923077
766	-9,6923077
767	-6,6923077
767	0,3076923
767	-14,6923077
767	-2,6923077
768	3,3076923
768	17,3076923
768	13,3076923
768	22,3076923
769	-20,6923077
769	14,3076923
769	-13,6923077
769	-9,6923077
770	4,3076923
770	-7,6923077
770	-4,6923077
770	4,3076923
771	-4,6923077
771	-13,6923077
771	-4,6923077
771	18,3076923
772	6,3076923
772	-10,6923077
772	6,3076923
772	0,3076923
773	-25,6923077
773	-4,6923077
773	9,3076923
773	0,3076923
774	5,3076923
774	2,3076923
774	11,3076923
774	0,3076923
775	-17,6923077
775	-6,6923077
775	4,3076923
775	-9,6923077
776	-23,6923077
776	-2,6923077
776	14,3076923
776	-28,6923077
777	-5,6923077
777	2,3076923
777	16,3076923
777	-2,6923077
778	2,3076923
778	-4,6923077
778	27,3076923
778	-3,6923077
779	12,3076923
779	-2,6923077
779	-9,6923077
779	16,3076923
780	23,3076923
780	4,3076923
780	2,3076923
780	0,3076923
781	-18,6923077
781	5,3076923
781	25,3076923
781	-2,6923077
782	-3,6923077
782	-0,6923077
782	-3,6923077
782	21,3076923
783	-11,6923077
783	8,3076923
783	-10,6923077
783	3,3076923
784	-2,6923077
784	0,3076923
784	5,3076923
784	-9,6923077
785	-6,6923077
785	-19,6923077
785	-24,6923077
785	-0,6923077
786	-1,6923077
786	-29,6923077
786	-16,6923077
786	-1,6923077
787	-5,6923077
787	-9,6923077
787	0,3076923
787	-3,6923077
788	-30,6923077
788	-6,6923077
788	-7,6923077
788	-24,6923077
789	8,3076923
789	-1,6923077
789	1,3076923
789	-14,6923077
790	-20,6923077
790	1,3076923
790	8,3076923
790	7,3076923
791	-15,6923077
791	-23,6923077
791	-27,6923077
791	-40,6923077
792	5,3076923
792	-10,6923077
792	7,3076923
792	-12,6923077
793	-15,6923077
793	-7,6923077
793	-26,6923077
793	2,3076923
794	9,3076923
794	-29,6923077
794	-10,6923077
794	-27,6923077
795	-24,6923077
795	0,3076923
795	15,3076923
795	-6,6923077
796	-6,6923077
796	17,3076923
796	-25,6923077
796	-13,6923077
797	-2,6923077
797	-44,6923077
797	7,3076923
797	-20,6923077
798	-4,6923077
798	-10,6923077
798	19,3076923
798	28,3076923
799	-11,6923077
799	-17,6923077
799	-26,6923077
799	-27,6923077
800	-11,6923077
800	29,3076923
800	9,3076923
800	4,3076923
801	-0,6923077
801	0,3076923
801	-9,6923077
801	-27,6923077
802	-17,6923077
802	4,3076923
802	-7,6923077
802	-18,6923077
803	-26,6923077
803	-26,6923077
803	-13,6923077
803	0,3076923
804	6,3076923
804	-21,6923077
804	-18,6923077
804	4,3076923
805	-1,6923077
805	-38,6923077
805	-0,6923077
805	-21,6923077
806	-33,6923077
806	4,3076923
806	28,3076923
806	12,3076923
807	-9,6923077
807	26,3076923
807	-5,6923077
807	12,3076923
808	-8,6923077
808	-11,6923077
808	2,3076923
808	-9,6923077
809	-4,6923077
809	-8,6923077
809	-6,6923077
809	-19,6923077
810	4,3076923
810	9,3076923
810	-25,6923077
810	-24,6923077
811	-2,6923077
811	-13,6923077
811	-8,6923077
811	-0,6923077
812	-7,6923077
812	6,3076923
812	-10,6923077
812	-20,6923077
813	-23,6923077
813	-4,6923077
813	13,3076923
813	-2,6923077
814	8,3076923
814	-16,6923077
814	-19,6923077
814	0,3076923
815	19,3076923
815	24,3076923
815	4,3076923
815	-22,6923077
816	15,3076923
816	5,3076923
816	-13,6923077
816	5,3076923
817	-13,6923077
817	-6,6923077
817	-26,6923077
817	-13,6923077
818	-31,6923077
818	-12,6923077
818	-12,6923077
818	-6,6923077
819	-7,6923077
819	2,3076923
819	0,3076923
819	0,3076923
820	-17,6923077
820	-12,6923077
820	-3,6923077
820	-9,6923077
820	-28,6923077
821	-16,6923077
821	-27,6923077
821	-19,6923077
821	-6,6923077
822	-4,6923077
822	-3,6923077
822	-17,6923077
822	-16,6923077
823	-20,6923077
823	6,3076923
823	9,3076923
823	-11,6923077
824	-17,6923077
824	16,3076923
824	-9,6923077
824	-6,6923077
825	7,3076923
825	20,3076923
825	6,3076923
825	14,3076923
826	-15,6923077
826	-18,6923077
826	-4,6923077
826	-11,6923077
827	-9,6923077
827	-24,6923077
827	-18,6923077
827	-24,6923077
828	1,3076923
828	-12,6923077
828	9,3076923
828	-11,6923077
829	13,3076923
829	12,3076923
829	20,3076923
829	7,3076923
830	3,3076923
830	7,3076923
830	2,3076923
830	1,3076923
831	21,3076923
831	22,3076923
831	-6,6923077
831	0,3076923
832	10,3076923
832	6,3076923
832	1,3076923
832	-2,6923077
833	-1,6923077
833	-23,6923077
833	-21,6923077
833	12,3076923
834	12,3076923
834	-16,6923077
834	10,3076923
834	-9,6923077
835	-12,6923077
835	26,3076923
835	-7,6923077
835	22,3076923
836	-21,6923077
836	-20,6923077
836	20,3076923
836	-19,6923077
837	15,3076923
837	-10,6923077
837	0,3076923
837	7,3076923
838	-17,6923077
838	-6,6923077
838	-0,6923077
838	-10,6923077
839	4,3076923
839	-0,6923077
839	-15,6923077
839	3,3076923
840	-5,6923077
840	12,3076923
840	-18,6923077
840	-14,6923077
841	-4,6923077
841	34,3076923
841	21,3076923
841	-3,6923077
842	-8,6923077
842	0,3076923
842	-18,6923077
842	13,3076923
843	8,3076923
843	-2,6923077
843	5,3076923
843	-6,6923077
844	-16,6923077
844	-1,6923077
844	13,3076923
844	-13,6923077
845	-1,6923077
845	-8,6923077
845	-8,6923077
845	-7,6923077
845	-20,6923077
846	-15,6923077
846	12,3076923
846	6,3076923
846	-0,6923077
847	1,3076923
847	-4,6923077
847	6,3076923
847	-12,6923077
848	-16,6923077
848	-20,6923077
848	-15,6923077
848	-7,6923077
849	-9,6923077
849	-8,6923077
849	1,3076923
849	15,3076923
850	10,3076923
850	0,3076923
850	11,3076923
850	30,3076923
851	-7,6923077
851	-10,6923077
851	16,3076923
851	-3,6923077
852	-20,6923077
852	-10,6923077
852	-16,6923077
852	-20,6923077
853	-11,6923077
853	-7,6923077
853	-27,6923077
853	-27,6923077
854	-25,6923077
854	6,3076923
854	-9,6923077
854	0,3076923
855	2,3076923
855	6,3076923
855	-3,6923077
855	-26,6923077
856	-13,6923077
856	9,3076923
856	1,3076923
856	-7,6923077
857	-8,6923077
857	16,3076923
857	17,3076923
857	11,3076923
858	14,3076923
858	5,3076923
858	-1,6923077
858	5,3076923
859	11,3076923
859	-6,6923077
859	13,3076923
859	5,3076923
860	-3,6923077
860	-35,6923077
860	45,3076923
860	-4,6923077
861	12,3076923
861	-6,6923077
861	-3,6923077
861	3,3076923
862	-7,6923077
862	10,3076923
862	-2,6923077
862	-3,6923077
863	-5,6923077
863	-11,6923077
863	-5,6923077
863	4,3076923
864	10,3076923
864	-34,6923077
864	-19,6923077
864	-14,6923077
864	-29,6923077
865	-12,6923077
865	0,3076923
865	-11,6923077
865	11,3076923
866	1,3076923
866	-13,6923077
866	9,3076923
866	19,3076923
867	24,3076923
867	-26,6923077
867	-11,6923077
867	4,3076923
868	-2,6923077
868	-28,6923077
868	-6,6923077
868	-7,6923077
869	-6,6923077
869	-11,6923077
869	-13,6923077
869	-4,6923077
870	7,3076923
870	-7,6923077
870	-17,6923077
870	17,3076923
871	-12,6923077
871	-6,6923077
871	6,3076923
871	-17,6923077
872	1,3076923
872	-14,6923077
872	-21,6923077
872	2,3076923
873	2,3076923
873	-30,6923077
873	-29,6923077
873	-0,6923077
874	-20,6923077
874	-2,6923077
874	11,3076923
874	0,3076923
875	-3,6923077
875	-30,6923077
875	-20,6923077
875	17,3076923
876	-9,6923077
876	-13,6923077
876	3,3076923
876	-11,6923077
877	-2,6923077
877	-21,6923077
877	-4,6923077
877	-2,6923077
878	-12,6923077
878	-19,6923077
878	19,3076923
878	30,3076923
879	11,3076923
879	-18,6923077
879	6,3076923
879	12,3076923
880	-5,6923077
880	-0,6923077
880	19,3076923
880	-8,6923077
880	-14,6923077
881	21,3076923
881	-24,6923077
881	-16,6923077
881	-9,6923077
882	-8,6923077
882	-8,6923077
882	-13,6923077
882	-2,6923077
883	12,3076923
883	-21,6923077
883	1,3076923
883	-11,6923077
884	11,3076923
884	-20,6923077
884	-36,6923077
884	-9,6923077
885	-3,6923077
885	23,3076923
885	2,3076923
885	-0,6923077
886	-13,6923077
886	-21,6923077
886	-7,6923077
886	-17,6923077
887	7,3076923
887	-21,6923077
887	-16,6923077
887	-27,6923077
888	-5,6923077
888	-20,6923077
888	-2,6923077
888	-16,6923077
889	-4,6923077
889	11,3076923
889	-16,6923077
889	-5,6923077
890	-9,6923077
890	-45,6923077
890	-2,6923077
890	-6,6923077
891	-3,6923077
891	-4,6923077
891	-7,6923077
891	3,3076923
892	-11,6923077
892	-17,6923077
892	-31,6923077
892	21,3076923
893	3,3076923
893	-15,6923077
893	-4,6923077
893	-0,6923077
894	5,3076923
894	-5,6923077
894	3,3076923
894	10,3076923
894	4,3076923
895	-10,6923077
895	15,3076923
895	-0,6923077
895	-0,6923077
896	22,3076923
896	1,3076923
896	-6,6923077
896	14,3076923
897	18,3076923
897	11,3076923
897	31,3076923
897	26,3076923
898	13,3076923
898	2,3076923
898	-22,6923077
898	-7,6923077
899	-9,6923077
899	-35,6923077
899	13,3076923
899	-7,6923077
900	2,3076923
900	10,3076923
900	-1,6923077
900	-3,6923077
901	56,3076923
901	-6,6923077
901	8,3076923
901	-10,6923077
902	8,3076923
902	1,3076923
902	3,3076923
902	-17,6923077
903	-6,6923077
903	10,3076923
903	-20,6923077
903	2,3076923
904	-9,6923077
904	-10,6923077
904	-12,6923077
904	-5,6923077
905	-13,6923077
905	1,3076923
905	-4,6923077
905	7,3076923
906	-1,6923077
906	-15,6923077
906	1,3076923
906	-15,6923077
906	-5,6923077
907	-9,6923077
907	-5,6923077
907	-0,6923077
907	-6,6923077
908	-8,6923077
908	27,3076923
908	11,3076923
908	-26,6923077
909	7,3076923
909	-32,6923077
909	-3,6923077
909	0,3076923
910	-16,6923077
910	-37,6923077
910	7,3076923
910	-7,6923077
911	0,3076923
911	-13,6923077
911	-5,6923077
911	-16,6923077
912	5,3076923
912	3,3076923
912	-9,6923077
912	-2,6923077
913	-3,6923077
913	-19,6923077
913	3,3076923
913	-2,6923077
914	3,3076923
914	-8,6923077
914	-7,6923077
914	-8,6923077
915	-25,6923077
915	-20,6923077
915	-1,6923077
915	13,3076923
916	-4,6923077
916	-14,6923077
916	5,3076923
916	-2,6923077
917	-22,6923077
917	-9,6923077
917	-10,6923077
917	-1,6923077
917	-13,6923077
918	3,3076923
918	6,3076923
918	-16,6923077
918	-2,6923077
919	-1,6923077
919	-0,6923077
919	32,3076923
919	-0,6923077
920	4,3076923
920	12,3076923
920	7,3076923
920	20,3076923
921	-3,6923077
921	20,3076923
921	-10,6923077
921	-7,6923077
922	-1,6923077
922	-15,6923077
922	4,3076923
922	-4,6923077
923	-8,6923077
923	-3,6923077
923	-9,6923077
923	-6,6923077
924	-11,6923077
924	-25,6923077
924	-32,6923077
924	-18,6923077
925	-23,6923077
925	-18,6923077
925	-4,6923077
925	22,3076923
926	0,3076923
926	6,3076923
926	12,3076923
926	-9,6923077
927	-9,6923077
927	7,3076923
927	-9,6923077
927	6,3076923
928	-30,6923077
928	-29,6923077
928	-3,6923077
928	-10,6923077
928	16,3076923
929	10,3076923
929	4,3076923
929	-23,6923077
929	-1,6923077
930	-8,6923077
930	-21,6923077
930	-29,6923077
930	-18,6923077
931	9,3076923
931	-9,6923077
931	6,3076923
931	5,3076923
932	-4,6923077
932	0,3076923
932	-7,6923077
932	-6,6923077
933	-0,6923077
933	-7,6923077
933	18,3076923
933	8,3076923
934	7,3076923
934	14,3076923
934	5,3076923
934	30,3076923
935	17,3076923
935	9,3076923
935	-10,6923077
935	-1,6923077
936	2,3076923
936	28,3076923
936	-1,6923077
936	-12,6923077
937	6,3076923
937	6,3076923
937	10,3076923
937	0,3076923
938	-0,6923077
938	12,3076923
938	9,3076923
938	13,3076923
938	15,3076923
939	-12,6923077
939	4,3076923
939	30,3076923
939	21,3076923
940	0,3076923
940	-3,6923077
940	-17,6923077
940	-16,6923077
941	-24,6923077
941	-17,6923077
941	-14,6923077
941	14,3076923
942	-8,6923077
942	5,3076923
942	-13,6923077
942	4,3076923
943	-7,6923077
943	-7,6923077
943	-18,6923077
943	-6,6923077
944	-20,6923077
944	7,3076923
944	1,3076923
944	4,3076923
945	9,3076923
945	11,3076923
945	-3,6923077
945	3,3076923
946	-12,6923077
946	-4,6923077
946	0,3076923
946	-11,6923077
947	-5,6923077
947	12,3076923
947	11,3076923
947	-13,6923077
947	-0,6923077
948	-1,6923077
948	-12,6923077
948	-17,6923077
948	9,3076923
949	10,3076923
949	-16,6923077
949	9,3076923
949	13,3076923
950	-2,6923077
950	-11,6923077
950	-7,6923077
950	-24,6923077
951	-4,6923077
951	-8,6923077
951	-29,6923077
951	-17,6923077
952	-4,6923077
952	-5,6923077
952	-7,6923077
952	24,3076923
953	-17,6923077
953	0,3076923
953	-8,6923077
953	-2,6923077
954	-50,6923077
954	-11,6923077
954	-23,6923077
954	4,3076923
955	-21,6923077
955	16,3076923
955	-13,6923077
955	-25,6923077
956	3,3076923
956	1,3076923
956	-20,6923077
956	-11,6923077
956	-2,6923077
957	15,3076923
957	-1,6923077
957	-2,6923077
957	-2,6923077
958	-9,6923077
958	-35,6923077
958	-25,6923077
958	5,3076923
959	-8,6923077
959	4,3076923
959	-2,6923077
959	-9,6923077
960	16,3076923
960	-6,6923077
960	-3,6923077
960	4,3076923
961	17,3076923
961	11,3076923
961	-13,6923077
961	-13,6923077
962	6,3076923
962	-17,6923077
962	4,3076923
962	11,3076923
963	-33,6923077
963	-9,6923077
963	-7,6923077
963	-1,6923077
964	-1,6923077
964	4,3076923
964	-14,6923077
964	-22,6923077
964	-31,6923077
965	16,3076923
965	-11,6923077
965	12,3076923
965	-2,6923077
966	13,3076923
966	3,3076923
966	-8,6923077
966	-3,6923077
967	-10,6923077
967	-14,6923077
967	7,3076923
967	-6,6923077
968	0,3076923
968	3,3076923
968	1,3076923
968	20,3076923
969	1,3076923
969	0,3076923
969	-24,6923077
969	-28,6923077
970	-11,6923077
970	-10,6923077
970	10,3076923
970	12,3076923
971	9,3076923
971	-24,6923077
971	5,3076923
971	-1,6923077
972	1,3076923
972	-10,6923077
972	-17,6923077
972	3,3076923
972	-21,6923077
973	-59,6923077
973	-13,6923077
973	5,3076923
973	2,3076923
974	-14,6923077
974	-22,6923077
974	-10,6923077
974	-4,6923077
975	14,3076923
975	9,3076923
975	-3,6923077
975	-4,6923077
976	-19,6923077
976	-12,6923077
976	-6,6923077
976	-7,6923077
977	-3,6923077
977	2,3076923
977	-12,6923077
977	6,3076923
978	1,3076923
978	15,3076923
978	-8,6923077
978	1,3076923
979	-16,6923077
979	6,3076923
979	14,3076923
979	14,3076923
980	4,3076923
980	22,3076923
980	8,3076923
980	7,3076923
980	-7,6923077
981	-22,6923077
981	7,3076923
981	10,3076923
981	-17,6923077
982	-19,6923077
982	16,3076923
982	29,3076923
982	-3,6923077
983	11,3076923
983	7,3076923
983	-23,6923077
983	6,3076923
984	19,3076923
984	15,3076923
984	-12,6923077
984	7,3076923
985	-14,6923077
985	8,3076923
985	16,3076923
985	-5,6923077
986	-22,6923077
986	-3,6923077
986	0,3076923
986	-11,6923077
987	-5,6923077
987	12,3076923
987	3,3076923
987	-23,6923077
988	-4,6923077
988	-3,6923077
988	-22,6923077
988	27,3076923
988	2,3076923
989	-4,6923077
989	-13,6923077
989	12,3076923
989	16,3076923
990	-3,6923077
990	14,3076923
990	-23,6923077
990	-2,6923077
991	0,3076923
991	15,3076923
991	-6,6923077
991	-8,6923077
992	-7,6923077
992	-13,6923077
992	8,3076923
992	3,3076923
993	-16,6923077
993	-8,6923077
993	-9,6923077
993	11,3076923
994	-17,6923077
994	11,3076923
994	15,3076923
994	7,3076923
995	-12,6923077
995	4,3076923
995	-0,6923077
995	25,3076923
995	15,3076923
996	-3,6923077
996	20,3076923
996	10,3076923
996	-18,6923077
997	26,3076923
997	-23,6923077
997	-3,6923077
997	1,3076923
998	-21,6923077
998	-10,6923077
998	-3,6923077
998	4,3076923
999	-4,6923077
999	-12,6923077
999	-6,6923077
999	-13,6923077
1000	15,3076923
1000	12,3076923
1000	15,3076923
1000	-0,6923077
1001	1,3076923
1001	-2,6923077
1001	7,3076923
1001	13,3076923
1002	-0,6923077
1002	9,3076923
1002	19,3076923
1002	19,3076923
1002	-0,6923077
1003	-21,6923077
1003	7,3076923
1003	4,3076923
1003	-13,6923077
1004	-12,6923077
1004	-9,6923077
1004	-3,6923077
1004	22,3076923
1005	-5,6923077
1005	-11,6923077
1005	6,3076923
1005	1,3076923
1006	-19,6923077
1006	0,3076923
1006	-4,6923077
1006	14,3076923
1007	5,3076923
1007	-10,6923077
1007	-15,6923077
1007	-13,6923077
1008	-15,6923077
1008	20,3076923
1008	-2,6923077
1008	4,3076923
1008	-0,6923077
1009	-4,6923077
1009	1,3076923
1009	7,3076923
1009	12,3076923
1010	20,3076923
1010	-29,6923077
1010	-11,6923077
1010	-2,6923077
1011	-4,6923077
1011	10,3076923
1011	12,3076923
1011	17,3076923
1012	7,3076923
1012	-22,6923077
1012	-7,6923077
1012	11,3076923
1013	-37,6923077
1013	-11,6923077
1013	14,3076923
1013	-7,6923077
1014	5,3076923
1014	5,3076923
1014	11,3076923
1014	1,3076923
1015	-2,6923077
1015	8,3076923
1015	-2,6923077
1015	8,3076923
1015	8,3076923
1016	33,3076923
1016	19,3076923
1016	1,3076923
1016	-19,6923077
1017	2,3076923
1017	-4,6923077
1017	-23,6923077
1017	3,3076923
1018	3,3076923
1018	8,3076923
1018	6,3076923
1018	-7,6923077
1019	-12,6923077
1019	19,3076923
1019	17,3076923
1019	-16,6923077
1020	-22,6923077
1020	-5,6923077
1020	-10,6923077
1020	5,3076923
1021	-15,6923077
1021	-7,6923077
1021	3,3076923
1021	-9,6923077
1021	9,3076923
1022	-15,6923077
1022	5,3076923
1022	1,3076923
1022	11,3076923
1023	-23,6923077
1023	-12,6923077
1023	-9,6923077
1023	-4,6923077
1024	-22,6923077
1024	-26,6923077
1024	9,3076923
1024	-10,6923077
1025	0,3076923
1025	-27,6923077
1025	-18,6923077
1025	11,3076923
1026	-11,6923077
1026	13,3076923
1026	-3,6923077
1026	-0,6923077
1027	5,3076923
1027	7,3076923
1027	32,3076923
1027	10,3076923
1027	-24,6923077
1028	-6,6923077
1028	-18,6923077
1028	-10,6923077
1028	7,3076923
1029	-33,6923077
1029	-19,6923077
1029	-13,6923077
1029	-5,6923077
1030	13,3076923
1030	-15,6923077
1030	-5,6923077
1030	-20,6923077
1031	20,3076923
1031	2,3076923
1031	14,3076923
1031	-33,6923077
1032	5,3076923
1032	9,3076923
1032	4,3076923
1032	21,3076923
1033	17,3076923
1033	10,3076923
1033	0,3076923
1033	11,3076923
1034	-5,6923077
1034	4,3076923
1034	-22,6923077
1034	-3,6923077
1034	-0,6923077
1035	-7,6923077
1035	-16,6923077
1035	0,3076923
1035	6,3076923
1036	44,3076923
1036	17,3076923
1036	0,3076923
1036	-6,6923077
1037	-7,6923077
1037	-9,6923077
1037	-4,6923077
1037	15,3076923
1038	10,3076923
1038	4,3076923
1038	4,3076923
1038	4,3076923
1039	-10,6923077
1039	-7,6923077
1039	-6,6923077
1039	-1,6923077
1039	3,3076923
1040	-0,6923077
1040	5,3076923
1040	-10,6923077
1040	21,3076923
1041	4,3076923
1041	-9,6923077
1041	14,3076923
1041	23,3076923
1042	14,3076923
1042	19,3076923
1042	5,3076923
1042	0,3076923
1043	10,3076923
1043	23,3076923
1043	-2,6923077
1043	-4,6923077
1044	1,3076923
1044	-29,6923077
1044	6,3076923
1044	-30,6923077
1045	-19,6923077
1045	-8,6923077
1045	1,3076923
1045	-9,6923077
1045	-19,6923077
1046	-19,6923077
1046	-9,6923077
1046	4,3076923
1046	-12,6923077
1047	-33,6923077
1047	14,3076923
1047	-5,6923077
1047	32,3076923
1048	9,3076923
1048	-8,6923077
1048	11,3076923
1048	-17,6923077
1049	-19,6923077
1049	-2,6923077
1049	-3,6923077
1049	2,3076923
1050	-17,6923077
1050	-1,6923077
1050	-17,6923077
1050	11,3076923
1051	-13,6923077
1051	-7,6923077
1051	-16,6923077
1051	-12,6923077
1051	-20,6923077
1052	-18,6923077
1052	-3,6923077
1052	-21,6923077
1052	-45,6923077
1053	-5,6923077
1053	-1,6923077
1053	11,3076923
1053	0,3076923
1054	20,3076923
1054	-16,6923077
1054	-22,6923077
1054	-12,6923077
1055	-12,6923077
1055	-17,6923077
1055	-10,6923077
1055	-3,6923077
1056	7,3076923
1056	-15,6923077
1056	-9,6923077
1056	-11,6923077
1056	-16,6923077
1057	17,3076923
1057	-5,6923077
1057	7,3076923
1057	8,3076923
1058	-16,6923077
1058	-16,6923077
1058	-10,6923077
1058	17,3076923
1059	-1,6923077
1059	-4,6923077
1059	-21,6923077
1059	-2,6923077
1060	-0,6923077
1060	18,3076923
1060	2,3076923
1060	1,3076923
1061	7,3076923
1061	4,3076923
1061	1,3076923
1061	2,3076923
1062	12,3076923
1062	2,3076923
1062	-10,6923077
1062	20,3076923
1062	31,3076923
1063	-18,6923077
1063	-16,6923077
1063	3,3076923
1063	26,3076923
1064	-27,6923077
1064	-8,6923077
1064	-7,6923077
1064	-24,6923077
1065	-7,6923077
1065	3,3076923
1065	-14,6923077
1065	-19,6923077
1066	-1,6923077
1066	-5,6923077
1066	-29,6923077
1066	15,3076923
1067	4,3076923
1067	22,3076923
1067	-1,6923077
1067	9,3076923
1067	8,3076923
1068	22,3076923
1068	7,3076923
1068	-35,6923077
1068	7,3076923
1069	-0,6923077
1069	-6,6923077
1069	-7,6923077
1069	23,3076923
1070	3,3076923
1070	-10,6923077
1070	-8,6923077
1070	-10,6923077
1071	2,3076923
1071	-17,6923077
1071	-14,6923077
1071	-6,6923077
1072	21,3076923
1072	16,3076923
1072	-1,6923077
1072	-20,6923077
1072	16,3076923
1073	-3,6923077
1073	-6,6923077
1073	-11,6923077
1073	-12,6923077
1074	-8,6923077
1074	-2,6923077
1074	-4,6923077
1074	-1,6923077
1075	3,3076923
1075	1,3076923
1075	3,3076923
1075	-8,6923077
1076	-11,6923077
1076	-0,6923077
1076	2,3076923
1076	-0,6923077
1077	-6,6923077
1077	-2,6923077
1077	-4,6923077
1077	-4,6923077
1077	-3,6923077
1078	2,3076923
1078	-8,6923077
1078	8,3076923
1078	-2,6923077
1079	-14,6923077
1079	12,3076923
1079	0,3076923
1079	8,3076923
1080	-2,6923077
1080	-8,6923077
1080	-10,6923077
1080	-0,6923077
1081	-23,6923077
1081	4,3076923
1081	13,3076923
1081	2,3076923
1082	22,3076923
1082	-5,6923077
1082	2,3076923
1082	-8,6923077
1082	13,3076923
1083	2,3076923
1083	16,3076923
1083	-25,6923077
1083	-2,6923077
1084	-4,6923077
1084	5,3076923
1084	20,3076923
1084	2,3076923
1085	-0,6923077
1085	-21,6923077
1085	2,3076923
1085	2,3076923
1086	-30,6923077
1086	-2,6923077
1086	-12,6923077
1086	2,3076923
1087	-11,6923077
1087	10,3076923
1087	-14,6923077
1087	8,3076923
1087	0,3076923
1088	-14,6923077
1088	-15,6923077
1088	0,3076923
1088	3,3076923
1089	10,3076923
1089	-4,6923077
1089	-30,6923077
1089	1,3076923
1090	-3,6923077
1090	2,3076923
1090	-8,6923077
1090	11,3076923
1091	-8,6923077
1091	21,3076923
1091	-3,6923077
1091	6,3076923
1092	18,3076923
1092	-13,6923077
1092	-25,6923077
1092	2,3076923
1092	-12,6923077
1093	-15,6923077
1093	-4,6923077
1093	-32,6923077
1093	-16,6923077
1094	-15,6923077
1094	-14,6923077
1094	-6,6923077
1094	33,3076923
1095	-14,6923077
1095	19,3076923
1095	-8,6923077
1095	15,3076923
1096	17,3076923
1096	-36,6923077
1096	-32,6923077
1096	-8,6923077
1097	-0,6923077
1097	-36,6923077
1097	-21,6923077
1097	1,3076923
1097	-22,6923077
1098	-6,6923077
1098	15,3076923
1098	16,3076923
1098	-11,6923077
1099	21,3076923
1099	-4,6923077
1099	5,3076923
1099	0,3076923
1100	-17,6923077
1100	-24,6923077
1100	11,3076923
1100	7,3076923
1101	-27,6923077
1101	-9,6923077
1101	38,3076923
1101	-28,6923077
1101	2,3076923
1102	14,3076923
1102	-1,6923077
1102	-2,6923077
1102	-18,6923077
1103	3,3076923
1103	-2,6923077
1103	6,3076923
1103	15,3076923
1104	-8,6923077
1104	-4,6923077
1104	-12,6923077
1104	13,3076923
1105	-8,6923077
1105	9,3076923
1105	5,3076923
1105	29,3076923
1106	-7,6923077
1106	-18,6923077
1106	-14,6923077
1106	-39,6923077
1106	-23,6923077
1107	-5,6923077
1107	22,3076923
1107	9,3076923
1107	-10,6923077
1108	-22,6923077
1108	0,3076923
1108	8,3076923
1108	-5,6923077
1109	-7,6923077
1109	-2,6923077
1109	-11,6923077
1109	-1,6923077
1110	10,3076923
1110	6,3076923
1110	3,3076923
1110	-2,6923077
1110	-16,6923077
1111	-35,6923077
1111	19,3076923
1111	-19,6923077
1111	-12,6923077
1112	5,3076923
1112	3,3076923
1112	11,3076923
1112	13,3076923
1113	-4,6923077
1113	-37,6923077
1113	-28,6923077
1113	15,3076923
1114	33,3076923
1114	-15,6923077
1114	-1,6923077
1114	-20,6923077
1115	-7,6923077
1115	-16,6923077
1115	-16,6923077
1115	-18,6923077
1115	13,3076923
1116	2,3076923
1116	-7,6923077
1116	-11,6923077
1116	-4,6923077
1117	6,3076923
1117	0,3076923
1117	-11,6923077
1117	12,3076923
1118	13,3076923
