196	-31,1538462
196	-31,1538462
196	-31,1538462
197	-10,1538462
197	7,8461538
197	18,8461538
197	14,8461538
198	1,8461538
198	8,8461538
198	-1,1538462
199	24,8461538
199	-0,1538462
199	27,8461538
199	2,8461538
200	47,8461538
200	-0,1538462
200	19,8461538
200	1,8461538
201	-7,1538462
201	-6,1538462
201	6,8461538
201	-3,1538462
202	36,8461538
202	11,8461538
202	-11,1538462
203	2,8461538
203	10,8461538
203	10,8461538
203	-2,1538462
204	25,8461538
204	40,8461538
204	-6,1538462
204	17,8461538
205	2,8461538
205	-6,1538462
205	-21,1538462
205	16,8461538
206	-1,1538462
206	18,8461538
206	16,8461538
207	11,8461538
207	7,8461538
207	-6,1538462
207	7,8461538
208	-10,1538462
208	9,8461538
208	-9,1538462
208	1,8461538
209	-0,1538462
209	6,8461538
209	11,8461538
209	-3,1538462
210	24,8461538
210	12,8461538
210	8,8461538
211	0,8461538
211	16,8461538
211	-4,1538462
211	13,8461538
212	-1,1538462
212	-8,1538462
212	-7,1538462
212	-6,1538462
213	1,8461538
213	-38,1538462
213	-17,1538462
213	14,8461538
214	1,8461538
214	7,8461538
214	19,8461538
215	15,8461538
215	4,8461538
215	11,8461538
215	-7,1538462
216	4,8461538
216	-1,1538462
216	24,8461538
216	17,8461538
217	12,8461538
217	16,8461538
217	15,8461538
217	5,8461538
218	1,8461538
218	-6,1538462
218	3,8461538
219	3,8461538
219	-6,1538462
219	17,8461538
219	10,8461538
220	19,8461538
220	-3,1538462
220	-2,1538462
220	-6,1538462
221	9,8461538
221	16,8461538
221	12,8461538
221	4,8461538
222	18,8461538
222	19,8461538
222	22,8461538
223	41,8461538
223	11,8461538
223	18,8461538
223	-21,1538462
224	0,8461538
224	-2,1538462
224	1,8461538
224	7,8461538
225	16,8461538
225	17,8461538
225	-5,1538462
225	12,8461538
226	1,8461538
226	-4,1538462
226	23,8461538
227	13,8461538
227	11,8461538
227	10,8461538
227	16,8461538
228	-8,1538462
228	-3,1538462
228	25,8461538
228	22,8461538
229	24,8461538
229	-7,1538462
229	-12,1538462
229	4,8461538
230	5,8461538
230	-6,1538462
230	-16,1538462
231	-15,1538462
231	10,8461538
231	-1,1538462
231	28,8461538
232	28,8461538
232	18,8461538
232	24,8461538
232	0,8461538
233	-0,1538462
233	15,8461538
233	23,8461538
233	9,8461538
234	-1,1538462
234	19,8461538
234	2,8461538
235	8,8461538
235	26,8461538
235	7,8461538
235	12,8461538
236	29,8461538
236	8,8461538
236	1,8461538
236	-8,1538462
237	9,8461538
237	14,8461538
237	10,8461538
237	-14,1538462
238	-4,1538462
238	-0,1538462
238	20,8461538
239	-0,1538462
239	-8,1538462
239	-1,1538462
239	22,8461538
240	-8,1538462
240	11,8461538
240	3,8461538
240	20,8461538
241	8,8461538
241	6,8461538
241	23,8461538
241	24,8461538
242	10,8461538
242	-14,1538462
242	-11,1538462
243	3,8461538
243	23,8461538
243	-2,1538462
243	9,8461538
244	-13,1538462
244	-10,1538462
244	-1,1538462
244	16,8461538
245	26,8461538
245	37,8461538
245	0,8461538
245	-1,1538462
246	-10,1538462
246	26,8461538
246	-5,1538462
247	-4,1538462
247	-0,1538462
247	19,8461538
247	18,8461538
248	0,8461538
248	0,8461538
248	8,8461538
248	-6,1538462
249	17,8461538
249	-22,1538462
249	-12,1538462
249	21,8461538
250	16,8461538
250	30,8461538
250	-0,1538462
251	12,8461538
251	2,8461538
251	20,8461538
251	-19,1538462
252	-24,1538462
252	16,8461538
252	35,8461538
252	26,8461538
253	12,8461538
253	11,8461538
253	-1,1538462
253	15,8461538
254	7,8461538
254	14,8461538
254	4,8461538
254	4,8461538
255	-18,1538462
255	-13,1538462
255	4,8461538
256	11,8461538
256	-18,1538462
256	8,8461538
256	11,8461538
257	0,8461538
257	-1,1538462
257	-3,1538462
257	-0,1538462
258	32,8461538
258	-16,1538462
258	7,8461538
258	10,8461538
259	7,8461538
259	2,8461538
259	6,8461538
260	-7,1538462
260	-15,1538462
260	8,8461538
260	3,8461538
261	20,8461538
261	34,8461538
261	0,8461538
261	17,8461538
262	2,8461538
262	14,8461538
262	3,8461538
262	-21,1538462
263	34,8461538
263	-2,1538462
263	12,8461538
264	12,8461538
264	15,8461538
264	-0,1538462
264	-10,1538462
265	-16,1538462
265	-8,1538462
265	7,8461538
265	-13,1538462
266	14,8461538
266	9,8461538
266	-0,1538462
266	-16,1538462
267	20,8461538
267	4,8461538
267	14,8461538
268	14,8461538
268	10,8461538
268	4,8461538
268	59,8461538
269	25,8461538
269	17,8461538
269	3,8461538
269	-15,1538462
270	-2,1538462
270	0,8461538
270	6,8461538
270	6,8461538
271	-3,1538462
271	14,8461538
271	27,8461538
271	-10,1538462
272	0,8461538
272	-5,1538462
272	-28,1538462
273	-2,1538462
273	2,8461538
273	4,8461538
273	7,8461538
274	-8,1538462
274	2,8461538
274	5,8461538
274	-9,1538462
275	46,8461538
275	7,8461538
275	-11,1538462
275	11,8461538
276	18,8461538
276	7,8461538
276	-2,1538462
277	14,8461538
277	17,8461538
277	23,8461538
277	8,8461538
278	-5,1538462
278	22,8461538
278	8,8461538
278	-4,1538462
279	-8,1538462
279	-4,1538462
279	16,8461538
279	23,8461538
280	-16,1538462
280	0,8461538
280	-4,1538462
280	-9,1538462
281	2,8461538
281	31,8461538
281	9,8461538
282	-19,1538462
282	20,8461538
282	14,8461538
282	-0,1538462
283	-8,1538462
283	-30,1538462
283	5,8461538
283	16,8461538
284	19,8461538
284	17,8461538
284	9,8461538
284	8,8461538
285	-8,1538462
285	19,8461538
285	3,8461538
286	26,8461538
286	3,8461538
286	-20,1538462
286	19,8461538
287	16,8461538
287	15,8461538
287	-3,1538462
287	15,8461538
288	-4,1538462
288	12,8461538
288	-1,1538462
288	1,8461538
289	15,8461538
289	22,8461538
289	23,8461538
290	17,8461538
290	3,8461538
290	14,8461538
290	-12,1538462
291	11,8461538
291	6,8461538
291	-4,1538462
291	-9,1538462
292	8,8461538
292	3,8461538
292	-5,1538462
292	22,8461538
293	8,8461538
293	1,8461538
293	25,8461538
293	17,8461538
294	23,8461538
294	-3,1538462
294	1,8461538
295	8,8461538
295	17,8461538
295	2,8461538
295	13,8461538
296	-1,1538462
296	2,8461538
296	4,8461538
296	-16,1538462
297	-22,1538462
297	12,8461538
297	2,8461538
297	14,8461538
298	23,8461538
298	-24,1538462
298	8,8461538
299	-0,1538462
299	47,8461538
299	16,8461538
299	8,8461538
300	-15,1538462
300	3,8461538
300	-8,1538462
300	9,8461538
301	18,8461538
301	16,8461538
301	-18,1538462
301	-12,1538462
302	-24,1538462
302	-0,1538462
302	-6,1538462
302	9,8461538
303	27,8461538
303	0,8461538
303	10,8461538
304	-0,1538462
304	-13,1538462
304	-5,1538462
304	0,8461538
305	8,8461538
305	13,8461538
305	14,8461538
305	1,8461538
306	20,8461538
306	-0,1538462
306	-10,1538462
306	40,8461538
307	38,8461538
307	49,8461538
307	-14,1538462
307	-8,1538462
308	3,8461538
308	-2,1538462
308	8,8461538
309	26,8461538
309	-1,1538462
309	8,8461538
309	11,8461538
310	1,8461538
310	4,8461538
310	-5,1538462
310	-31,1538462
311	24,8461538
311	12,8461538
311	38,8461538
311	24,8461538
312	25,8461538
312	34,8461538
312	16,8461538
313	10,8461538
313	29,8461538
313	19,8461538
313	22,8461538
314	23,8461538
314	24,8461538
314	26,8461538
314	19,8461538
315	25,8461538
315	17,8461538
315	27,8461538
315	19,8461538
316	17,8461538
316	25,8461538
316	19,8461538
316	14,8461538
317	20,8461538
317	4,8461538
317	-4,1538462
318	18,8461538
318	27,8461538
318	28,8461538
318	7,8461538
319	23,8461538
319	37,8461538
319	30,8461538
319	2,8461538
320	23,8461538
320	11,8461538
320	-1,1538462
320	2,8461538
321	21,8461538
321	-13,1538462
321	-23,1538462
321	8,8461538
322	10,8461538
322	3,8461538
322	-4,1538462
323	-2,1538462
323	33,8461538
323	-6,1538462
323	-2,1538462
324	4,8461538
324	25,8461538
324	-10,1538462
324	6,8461538
325	-3,1538462
325	8,8461538
325	1,8461538
325	14,8461538
326	-5,1538462
326	8,8461538
326	14,8461538
327	12,8461538
327	27,8461538
327	16,8461538
327	-9,1538462
328	3,8461538
328	-18,1538462
328	-5,1538462
328	1,8461538
329	4,8461538
329	-14,1538462
329	-6,1538462
329	16,8461538
330	6,8461538
330	12,8461538
330	18,8461538
330	9,8461538
331	-17,1538462
331	2,8461538
331	25,8461538
332	12,8461538
332	24,8461538
332	49,8461538
332	36,8461538
333	33,8461538
333	22,8461538
333	34,8461538
333	14,8461538
334	22,8461538
334	47,8461538
334	31,8461538
334	44,8461538
335	34,8461538
335	8,8461538
335	15,8461538
335	53,8461538
336	56,8461538
336	55,8461538
336	45,8461538
337	34,8461538
337	34,8461538
337	51,8461538
337	30,8461538
338	38,8461538
338	28,8461538
338	53,8461538
338	44,8461538
339	35,8461538
339	33,8461538
339	45,8461538
339	61,8461538
340	35,8461538
340	27,8461538
340	3,8461538
340	2,8461538
341	17,8461538
341	32,8461538
341	45,8461538
342	3,8461538
342	22,8461538
342	41,8461538
342	21,8461538
343	8,8461538
343	21,8461538
343	14,8461538
343	31,8461538
344	10,8461538
344	-0,1538462
344	19,8461538
344	20,8461538
345	-2,1538462
345	13,8461538
345	0,8461538
345	21,8461538
346	11,8461538
346	22,8461538
346	15,8461538
347	13,8461538
347	6,8461538
347	0,8461538
347	6,8461538
348	3,8461538
348	10,8461538
348	29,8461538
348	12,8461538
349	43,8461538
349	-12,1538462
349	18,8461538
349	7,8461538
350	6,8461538
350	7,8461538
350	22,8461538
350	3,8461538
351	37,8461538
351	-5,1538462
351	-1,1538462
352	-1,1538462
352	29,8461538
352	33,8461538
352	32,8461538
353	34,8461538
353	30,8461538
353	15,8461538
353	28,8461538
354	22,8461538
354	49,8461538
354	55,8461538
354	45,8461538
355	37,8461538
355	37,8461538
355	15,8461538
355	26,8461538
356	22,8461538
356	17,8461538
356	39,8461538
357	27,8461538
357	15,8461538
357	36,8461538
357	34,8461538
358	41,8461538
358	49,8461538
358	37,8461538
358	33,8461538
359	7,8461538
359	6,8461538
359	-3,1538462
359	30,8461538
360	45,8461538
360	21,8461538
360	38,8461538
360	32,8461538
361	1,8461538
361	7,8461538
361	17,8461538
362	36,8461538
362	34,8461538
362	34,8461538
362	14,8461538
363	13,8461538
363	23,8461538
363	-0,1538462
363	13,8461538
364	10,8461538
364	7,8461538
364	9,8461538
364	19,8461538
365	3,8461538
365	2,8461538
365	-14,1538462
365	34,8461538
366	11,8461538
366	12,8461538
366	6,8461538
367	1,8461538
367	37,8461538
367	29,8461538
367	2,8461538
368	-30,1538462
368	3,8461538
368	23,8461538
368	7,8461538
369	-5,1538462
369	-7,1538462
369	2,8461538
369	-11,1538462
370	16,8461538
370	-0,1538462
370	-16,1538462
370	20,8461538
371	4,8461538
371	3,8461538
371	13,8461538
371	12,8461538
372	27,8461538
372	16,8461538
372	4,8461538
373	15,8461538
373	-3,1538462
373	11,8461538
373	8,8461538
374	2,8461538
374	22,8461538
374	20,8461538
374	3,8461538
375	16,8461538
375	23,8461538
375	7,8461538
375	11,8461538
376	44,8461538
376	50,8461538
376	11,8461538
376	5,8461538
377	7,8461538
377	25,8461538
377	23,8461538
378	19,8461538
378	21,8461538
378	34,8461538
378	1,8461538
379	33,8461538
379	14,8461538
379	23,8461538
379	5,8461538
380	11,8461538
380	31,8461538
380	16,8461538
380	12,8461538
381	26,8461538
381	-0,1538462
381	20,8461538
381	4,8461538
382	2,8461538
382	13,8461538
382	50,8461538
383	-9,1538462
383	6,8461538
383	28,8461538
383	21,8461538
384	13,8461538
384	7,8461538
384	25,8461538
384	13,8461538
385	11,8461538
385	19,8461538
385	16,8461538
385	10,8461538
386	8,8461538
386	18,8461538
386	9,8461538
386	5,8461538
387	31,8461538
387	-6,1538462
387	10,8461538
387	6,8461538
388	-22,1538462
388	12,8461538
388	12,8461538
389	-10,1538462
389	-6,1538462
389	-16,1538462
389	17,8461538
390	5,8461538
390	-3,1538462
390	19,8461538
390	16,8461538
391	0,8461538
391	10,8461538
391	16,8461538
391	3,8461538
392	6,8461538
392	4,8461538
392	-8,1538462
392	29,8461538
393	9,8461538
393	8,8461538
393	25,8461538
394	16,8461538
394	7,8461538
394	19,8461538
394	30,8461538
395	10,8461538
395	19,8461538
395	18,8461538
395	7,8461538
396	0,8461538
396	1,8461538
396	-15,1538462
396	17,8461538
397	-1,1538462
397	38,8461538
397	7,8461538
397	20,8461538
398	27,8461538
398	-3,1538462
398	0,8461538
398	-5,1538462
399	11,8461538
399	16,8461538
399	9,8461538
400	20,8461538
400	23,8461538
400	26,8461538
400	25,8461538
401	-8,1538462
401	15,8461538
401	9,8461538
401	-2,1538462
402	6,8461538
402	7,8461538
402	21,8461538
402	-0,1538462
403	17,8461538
403	23,8461538
403	16,8461538
403	-9,1538462
404	-10,1538462
404	45,8461538
404	10,8461538
405	-5,1538462
405	26,8461538
405	10,8461538
405	9,8461538
406	25,8461538
406	2,8461538
406	15,8461538
406	10,8461538
407	19,8461538
407	10,8461538
407	4,8461538
407	32,8461538
408	12,8461538
408	16,8461538
408	-19,1538462
408	11,8461538
409	20,8461538
409	-20,1538462
409	10,8461538
409	8,8461538
410	28,8461538
410	2,8461538
410	21,8461538
411	8,8461538
411	6,8461538
411	9,8461538
411	-7,1538462
412	7,8461538
412	10,8461538
412	27,8461538
412	17,8461538
413	-6,1538462
413	-10,1538462
413	-3,1538462
413	13,8461538
414	16,8461538
414	6,8461538
414	-13,1538462
414	5,8461538
415	25,8461538
415	14,8461538
415	30,8461538
415	-4,1538462
416	-29,1538462
416	-19,1538462
416	-13,1538462
417	26,8461538
417	3,8461538
417	15,8461538
417	11,8461538
418	2,8461538
418	-3,1538462
418	5,8461538
418	-1,1538462
419	21,8461538
419	5,8461538
419	21,8461538
419	-1,1538462
420	14,8461538
420	-1,1538462
420	29,8461538
420	16,8461538
421	48,8461538
421	8,8461538
421	7,8461538
421	-17,1538462
422	-7,1538462
422	5,8461538
422	-13,1538462
423	25,8461538
423	11,8461538
423	43,8461538
423	12,8461538
424	17,8461538
424	-42,1538462
424	-3,1538462
424	20,8461538
425	34,8461538
425	-8,1538462
425	-9,1538462
425	19,8461538
426	4,8461538
426	-5,1538462
426	11,8461538
426	20,8461538
427	2,8461538
427	-2,1538462
427	2,8461538
427	23,8461538
428	9,8461538
428	28,8461538
428	10,8461538
429	-2,1538462
429	12,8461538
429	-4,1538462
429	26,8461538
430	15,8461538
430	2,8461538
430	-15,1538462
430	-37,1538462
431	22,8461538
431	-1,1538462
431	-1,1538462
431	26,8461538
432	8,8461538
432	8,8461538
432	26,8461538
432	32,8461538
433	-2,1538462
433	-13,1538462
433	3,8461538
433	-3,1538462
434	-3,1538462
434	-3,1538462
434	7,8461538
435	-7,1538462
435	2,8461538
435	8,8461538
435	9,8461538
436	21,8461538
436	37,8461538
436	1,8461538
436	12,8461538
437	20,8461538
437	16,8461538
437	7,8461538
437	-2,1538462
438	6,8461538
438	10,8461538
438	36,8461538
438	10,8461538
439	-1,1538462
439	-1,1538462
439	20,8461538
439	14,8461538
440	11,8461538
440	16,8461538
440	20,8461538
441	-17,1538462
441	-4,1538462
441	26,8461538
441	14,8461538
442	13,8461538
442	18,8461538
442	5,8461538
442	17,8461538
443	19,8461538
443	42,8461538
443	-3,1538462
443	-18,1538462
444	-27,1538462
444	37,8461538
444	24,8461538
444	23,8461538
445	-2,1538462
445	13,8461538
445	27,8461538
445	13,8461538
446	-16,1538462
446	1,8461538
446	9,8461538
447	14,8461538
447	3,8461538
447	15,8461538
447	21,8461538
448	37,8461538
448	-6,1538462
448	8,8461538
448	-14,1538462
449	-2,1538462
449	38,8461538
449	3,8461538
449	-10,1538462
450	16,8461538
450	15,8461538
450	-18,1538462
450	-2,1538462
451	7,8461538
451	-2,1538462
451	0,8461538
451	-5,1538462
452	6,8461538
452	-3,1538462
452	-1,1538462
452	27,8461538
453	39,8461538
453	7,8461538
453	1,8461538
454	-1,1538462
454	19,8461538
454	17,8461538
454	7,8461538
455	11,8461538
455	-10,1538462
455	-9,1538462
455	-0,1538462
456	8,8461538
456	10,8461538
456	25,8461538
456	41,8461538
457	23,8461538
457	15,8461538
457	16,8461538
457	0,8461538
458	0,8461538
458	-1,1538462
458	15,8461538
458	0,8461538
459	-18,1538462
459	-13,1538462
459	15,8461538
460	23,8461538
460	-3,1538462
460	24,8461538
460	11,8461538
461	-13,1538462
461	-7,1538462
461	17,8461538
461	-0,1538462
462	-6,1538462
462	4,8461538
462	8,8461538
462	18,8461538
463	-10,1538462
463	-7,1538462
463	-16,1538462
463	-13,1538462
464	-10,1538462
464	18,8461538
464	22,8461538
464	4,8461538
465	-5,1538462
465	24,8461538
465	23,8461538
465	6,8461538
466	15,8461538
466	5,8461538
466	-6,1538462
467	18,8461538
467	3,8461538
467	20,8461538
467	-1,1538462
468	2,8461538
468	33,8461538
468	-20,1538462
468	-14,1538462
469	26,8461538
469	-5,1538462
469	-22,1538462
469	3,8461538
470	19,8461538
470	0,8461538
470	4,8461538
470	12,8461538
471	28,8461538
471	-7,1538462
471	30,8461538
471	11,8461538
472	28,8461538
472	34,8461538
472	17,8461538
472	22,8461538
473	-7,1538462
473	28,8461538
473	7,8461538
474	25,8461538
474	6,8461538
474	41,8461538
474	6,8461538
475	-13,1538462
475	9,8461538
475	-1,1538462
475	2,8461538
476	10,8461538
476	14,8461538
476	-1,1538462
476	7,8461538
477	26,8461538
477	-12,1538462
477	5,8461538
477	7,8461538
478	-1,1538462
478	-0,1538462
478	-9,1538462
478	-15,1538462
479	-6,1538462
479	4,8461538
479	5,8461538
479	-0,1538462
480	9,8461538
480	-23,1538462
480	-7,1538462
481	4,8461538
481	5,8461538
481	21,8461538
481	9,8461538
482	37,8461538
482	14,8461538
482	3,8461538
482	21,8461538
483	-4,1538462
483	-2,1538462
483	-4,1538462
483	8,8461538
484	13,8461538
484	32,8461538
484	22,8461538
484	-3,1538462
485	0,8461538
485	0,8461538
485	15,8461538
485	0,8461538
486	-9,1538462
486	-6,1538462
486	13,8461538
486	-3,1538462
487	-21,1538462
487	20,8461538
487	10,8461538
488	21,8461538
488	20,8461538
488	-39,1538462
488	11,8461538
489	20,8461538
489	22,8461538
489	12,8461538
489	5,8461538
490	10,8461538
490	4,8461538
490	-2,1538462
490	12,8461538
491	0,8461538
491	13,8461538
491	-20,1538462
491	-12,1538462
492	2,8461538
492	0,8461538
492	28,8461538
492	1,8461538
493	6,8461538
493	-14,1538462
493	9,8461538
493	-14,1538462
494	11,8461538
494	3,8461538
494	13,8461538
495	5,8461538
495	-0,1538462
495	10,8461538
495	1,8461538
496	23,8461538
496	0,8461538
496	17,8461538
496	8,8461538
497	3,8461538
497	8,8461538
497	-4,1538462
497	11,8461538
498	15,8461538
498	-16,1538462
498	-1,1538462
498	-11,1538462
499	-5,1538462
499	-1,1538462
499	-0,1538462
499	37,8461538
500	6,8461538
500	10,8461538
500	-1,1538462
500	-1,1538462
501	-3,1538462
501	2,8461538
501	-6,1538462
502	-11,1538462
502	18,8461538
502	19,8461538
502	-9,1538462
503	24,8461538
503	-2,1538462
503	14,8461538
503	4,8461538
504	11,8461538
504	5,8461538
504	-13,1538462
504	21,8461538
505	29,8461538
505	0,8461538
505	11,8461538
505	1,8461538
506	21,8461538
506	9,8461538
506	-11,1538462
506	-21,1538462
507	1,8461538
507	17,8461538
507	4,8461538
507	-4,1538462
508	11,8461538
508	25,8461538
508	7,8461538
508	34,8461538
509	-17,1538462
509	3,8461538
509	-0,1538462
510	12,8461538
510	16,8461538
510	-3,1538462
510	-5,1538462
511	10,8461538
511	21,8461538
511	19,8461538
511	-6,1538462
512	41,8461538
512	1,8461538
512	22,8461538
512	10,8461538
513	-16,1538462
513	10,8461538
513	32,8461538
513	-32,1538462
514	-11,1538462
514	8,8461538
514	9,8461538
514	3,8461538
515	1,8461538
515	-6,1538462
515	-20,1538462
515	23,8461538
516	9,8461538
516	21,8461538
516	4,8461538
516	-27,1538462
517	-19,1538462
517	20,8461538
517	12,8461538
518	3,8461538
518	28,8461538
518	31,8461538
518	-2,1538462
519	46,8461538
519	23,8461538
519	9,8461538
519	35,8461538
520	-5,1538462
520	-0,1538462
520	34,8461538
520	17,8461538
521	-10,1538462
521	11,8461538
521	10,8461538
521	21,8461538
522	24,8461538
522	22,8461538
522	16,8461538
522	20,8461538
523	-11,1538462
523	19,8461538
523	-3,1538462
523	-20,1538462
524	10,8461538
524	-24,1538462
524	-2,1538462
524	26,8461538
525	13,8461538
525	12,8461538
525	35,8461538
526	12,8461538
526	29,8461538
526	7,8461538
526	-9,1538462
527	-21,1538462
527	31,8461538
527	17,8461538
527	13,8461538
528	11,8461538
528	13,8461538
528	8,8461538
528	14,8461538
529	20,8461538
529	-12,1538462
529	3,8461538
529	20,8461538
530	33,8461538
530	-10,1538462
530	-1,1538462
530	-6,1538462
531	8,8461538
531	-3,1538462
531	34,8461538
531	18,8461538
532	2,8461538
532	-6,1538462
532	9,8461538
532	15,8461538
533	22,8461538
533	-14,1538462
533	-1,1538462
534	-5,1538462
534	6,8461538
534	22,8461538
534	19,8461538
535	0,8461538
535	5,8461538
535	12,8461538
535	-0,1538462
536	26,8461538
536	16,8461538
536	-12,1538462
536	-1,1538462
537	7,8461538
537	5,8461538
537	17,8461538
537	5,8461538
538	-3,1538462
538	-4,1538462
538	3,8461538
538	-7,1538462
539	41,8461538
539	22,8461538
539	-7,1538462
539	-0,1538462
540	16,8461538
540	-19,1538462
540	5,8461538
540	18,8461538
541	20,8461538
541	-13,1538462
541	-3,1538462
541	16,8461538
542	17,8461538
542	-6,1538462
542	4,8461538
543	8,8461538
543	-9,1538462
543	-7,1538462
543	53,8461538
544	-5,1538462
544	8,8461538
544	8,8461538
544	1,8461538
545	-24,1538462
545	31,8461538
545	-29,1538462
545	-3,1538462
546	2,8461538
546	25,8461538
546	17,8461538
546	7,8461538
547	6,8461538
547	12,8461538
547	19,8461538
547	-12,1538462
548	8,8461538
548	-9,1538462
548	-7,1538462
548	13,8461538
549	11,8461538
549	32,8461538
549	5,8461538
549	-8,1538462
550	14,8461538
550	-5,1538462
550	25,8461538
550	5,8461538
551	-9,1538462
551	-8,1538462
551	7,8461538
552	-0,1538462
552	7,8461538
552	2,8461538
552	7,8461538
553	5,8461538
553	-7,1538462
553	5,8461538
553	19,8461538
554	-12,1538462
554	-6,1538462
554	-7,1538462
554	-23,1538462
555	25,8461538
555	37,8461538
555	-3,1538462
555	-15,1538462
556	3,8461538
556	23,8461538
556	6,8461538
556	28,8461538
557	38,8461538
557	17,8461538
557	-9,1538462
557	23,8461538
558	-18,1538462
558	-26,1538462
558	8,8461538
558	8,8461538
559	20,8461538
559	1,8461538
559	0,8461538
559	-2,1538462
560	0,8461538
560	24,8461538
560	6,8461538
561	7,8461538
561	17,8461538
561	-8,1538462
561	20,8461538
562	9,8461538
562	14,8461538
562	21,8461538
562	12,8461538
563	2,8461538
563	6,8461538
563	8,8461538
563	4,8461538
564	8,8461538
564	-5,1538462
564	6,8461538
564	6,8461538
565	15,8461538
565	-0,1538462
565	7,8461538
565	21,8461538
566	11,8461538
566	0,8461538
566	-12,1538462
566	19,8461538
567	25,8461538
567	-20,1538462
567	-10,1538462
567	-28,1538462
568	-10,1538462
568	-2,1538462
568	17,8461538
568	-6,1538462
569	-3,1538462
569	-5,1538462
569	-11,1538462
569	7,8461538
570	12,8461538
570	-0,1538462
570	2,8461538
571	-6,1538462
571	15,8461538
571	-3,1538462
571	30,8461538
572	11,8461538
572	9,8461538
572	10,8461538
572	11,8461538
573	9,8461538
573	13,8461538
573	8,8461538
573	6,8461538
574	9,8461538
574	-1,1538462
574	-10,1538462
574	1,8461538
575	5,8461538
575	2,8461538
575	10,8461538
575	-10,1538462
576	-4,1538462
576	16,8461538
576	17,8461538
576	-17,1538462
577	-20,1538462
577	-4,1538462
577	7,8461538
577	14,8461538
578	27,8461538
578	7,8461538
578	-1,1538462
578	9,8461538
579	19,8461538
579	8,8461538
579	2,8461538
579	-10,1538462
580	4,8461538
580	12,8461538
580	-2,1538462
581	35,8461538
581	12,8461538
581	29,8461538
581	3,8461538
582	-5,1538462
582	-7,1538462
582	20,8461538
582	29,8461538
583	1,8461538
583	-14,1538462
583	-2,1538462
583	9,8461538
584	7,8461538
584	7,8461538
584	14,8461538
584	10,8461538
585	19,8461538
585	9,8461538
585	16,8461538
585	5,8461538
586	4,8461538
586	-1,1538462
586	18,8461538
586	21,8461538
587	4,8461538
587	-27,1538462
587	-18,1538462
587	-21,1538462
588	4,8461538
588	27,8461538
588	26,8461538
588	0,8461538
589	10,8461538
589	5,8461538
589	12,8461538
589	-15,1538462
590	-8,1538462
590	8,8461538
590	-8,1538462
590	30,8461538
591	-4,1538462
591	34,8461538
591	-18,1538462
592	6,8461538
592	17,8461538
592	-4,1538462
592	16,8461538
593	19,8461538
593	5,8461538
593	3,8461538
593	9,8461538
594	52,8461538
594	5,8461538
594	27,8461538
594	25,8461538
595	-8,1538462
595	-0,1538462
595	7,8461538
595	8,8461538
596	5,8461538
596	-2,1538462
596	-18,1538462
596	21,8461538
597	6,8461538
597	-0,1538462
597	3,8461538
597	2,8461538
598	1,8461538
598	-16,1538462
598	-29,1538462
598	3,8461538
599	-3,1538462
599	2,8461538
599	-9,1538462
599	-7,1538462
600	-4,1538462
600	4,8461538
600	-10,1538462
600	10,8461538
601	-19,1538462
601	12,8461538
601	9,8461538
601	6,8461538
602	4,8461538
602	-24,1538462
602	-3,1538462
603	7,8461538
603	17,8461538
603	31,8461538
603	14,8461538
604	-3,1538462
604	23,8461538
604	-10,1538462
604	10,8461538
605	13,8461538
605	7,8461538
605	1,8461538
605	11,8461538
606	-4,1538462
606	0,8461538
606	7,8461538
606	11,8461538
607	-18,1538462
607	-9,1538462
607	18,8461538
607	8,8461538
608	-8,1538462
608	27,8461538
608	17,8461538
608	2,8461538
609	-2,1538462
609	-4,1538462
609	6,8461538
609	-20,1538462
610	-2,1538462
610	6,8461538
610	-15,1538462
610	1,8461538
611	20,8461538
611	19,8461538
611	-10,1538462
611	-1,1538462
612	-10,1538462
612	-0,1538462
612	31,8461538
612	20,8461538
613	11,8461538
613	5,8461538
613	21,8461538
613	-2,1538462
614	39,8461538
614	13,8461538
614	16,8461538
614	4,8461538
615	-10,1538462
615	-0,1538462
615	4,8461538
616	-11,1538462
616	15,8461538
616	26,8461538
616	-16,1538462
617	14,8461538
617	18,8461538
617	7,8461538
617	-29,1538462
618	1,8461538
618	4,8461538
618	16,8461538
618	-2,1538462
619	-19,1538462
619	16,8461538
619	-18,1538462
619	-19,1538462
620	17,8461538
620	12,8461538
620	7,8461538
620	-4,1538462
621	18,8461538
621	27,8461538
621	-9,1538462
621	-2,1538462
622	-7,1538462
622	15,8461538
622	24,8461538
622	-9,1538462
623	-11,1538462
623	-4,1538462
623	8,8461538
623	-4,1538462
624	6,8461538
624	17,8461538
624	-8,1538462
624	-19,1538462
625	15,8461538
625	12,8461538
625	-6,1538462
625	-16,1538462
626	7,8461538
626	0,8461538
626	16,8461538
626	12,8461538
627	13,8461538
627	-6,1538462
627	6,8461538
627	15,8461538
628	-1,1538462
628	19,8461538
628	18,8461538
629	-2,1538462
629	14,8461538
629	-3,1538462
629	-5,1538462
630	17,8461538
630	10,8461538
630	10,8461538
630	18,8461538
631	-6,1538462
631	-9,1538462
631	5,8461538
631	18,8461538
632	17,8461538
632	9,8461538
632	7,8461538
632	4,8461538
633	-11,1538462
633	6,8461538
633	10,8461538
633	16,8461538
634	6,8461538
634	-3,1538462
634	-9,1538462
634	-15,1538462
635	3,8461538
635	11,8461538
635	-8,1538462
635	11,8461538
636	3,8461538
636	12,8461538
636	3,8461538
636	-1,1538462
637	-1,1538462
637	4,8461538
637	18,8461538
637	4,8461538
638	27,8461538
638	9,8461538
638	1,8461538
638	4,8461538
639	-9,1538462
639	1,8461538
639	-6,1538462
639	1,8461538
640	-3,1538462
640	28,8461538
640	-22,1538462
640	10,8461538
641	-9,1538462
641	-22,1538462
641	19,8461538
641	-0,1538462
642	7,8461538
642	20,8461538
642	10,8461538
642	-0,1538462
643	17,8461538
643	6,8461538
643	-5,1538462
644	-7,1538462
644	-15,1538462
644	3,8461538
644	31,8461538
645	14,8461538
645	-10,1538462
645	7,8461538
645	33,8461538
646	-13,1538462
646	-3,1538462
646	-2,1538462
646	19,8461538
647	22,8461538
647	8,8461538
647	-3,1538462
647	10,8461538
648	24,8461538
648	24,8461538
648	-2,1538462
648	4,8461538
649	19,8461538
649	22,8461538
649	10,8461538
649	2,8461538
650	4,8461538
650	4,8461538
650	7,8461538
650	9,8461538
651	9,8461538
651	30,8461538
651	22,8461538
651	25,8461538
652	16,8461538
652	-14,1538462
652	26,8461538
652	21,8461538
653	27,8461538
653	26,8461538
653	9,8461538
653	6,8461538
654	-11,1538462
654	8,8461538
654	26,8461538
654	6,8461538
655	5,8461538
655	24,8461538
655	11,8461538
655	4,8461538
656	7,8461538
656	5,8461538
656	8,8461538
656	21,8461538
657	29,8461538
657	-5,1538462
657	2,8461538
657	-4,1538462
658	2,8461538
658	-17,1538462
658	14,8461538
658	2,8461538
659	14,8461538
659	6,8461538
659	13,8461538
660	-5,1538462
660	3,8461538
660	-9,1538462
660	3,8461538
661	22,8461538
661	32,8461538
661	10,8461538
661	-9,1538462
662	26,8461538
662	14,8461538
662	23,8461538
662	16,8461538
663	-17,1538462
663	-2,1538462
663	30,8461538
663	36,8461538
664	39,8461538
664	29,8461538
664	24,8461538
664	2,8461538
665	28,8461538
665	3,8461538
665	21,8461538
665	8,8461538
666	12,8461538
666	33,8461538
666	22,8461538
666	3,8461538
667	10,8461538
667	6,8461538
667	3,8461538
667	-0,1538462
668	-27,1538462
668	-12,1538462
668	24,8461538
668	34,8461538
669	-1,1538462
669	-15,1538462
669	5,8461538
669	-7,1538462
670	-3,1538462
670	39,8461538
670	-11,1538462
670	20,8461538
671	27,8461538
671	17,8461538
671	-16,1538462
671	3,8461538
672	21,8461538
672	-7,1538462
672	15,8461538
672	32,8461538
673	2,8461538
673	-11,1538462
673	7,8461538
673	-3,1538462
674	22,8461538
674	15,8461538
674	-7,1538462
674	5,8461538
675	-17,1538462
675	5,8461538
675	-4,1538462
675	27,8461538
676	9,8461538
676	14,8461538
676	-16,1538462
676	14,8461538
677	13,8461538
677	0,8461538
677	6,8461538
677	16,8461538
678	25,8461538
678	8,8461538
678	7,8461538
678	15,8461538
679	-11,1538462
679	1,8461538
679	27,8461538
680	17,8461538
680	0,8461538
680	25,8461538
680	-3,1538462
681	12,8461538
681	-0,1538462
681	-2,1538462
681	-16,1538462
682	4,8461538
682	-8,1538462
682	14,8461538
682	20,8461538
683	-12,1538462
683	7,8461538
683	26,8461538
683	26,8461538
684	11,8461538
684	-3,1538462
684	0,8461538
684	2,8461538
685	30,8461538
685	-1,1538462
685	-6,1538462
685	-16,1538462
686	0,8461538
686	19,8461538
686	3,8461538
686	-17,1538462
687	23,8461538
687	14,8461538
687	11,8461538
687	16,8461538
688	-4,1538462
688	8,8461538
688	1,8461538
688	-16,1538462
689	15,8461538
689	5,8461538
689	26,8461538
689	5,8461538
690	-9,1538462
690	-7,1538462
690	-13,1538462
690	1,8461538
691	24,8461538
691	7,8461538
691	7,8461538
691	10,8461538
692	24,8461538
692	20,8461538
692	9,8461538
692	17,8461538
693	27,8461538
693	-12,1538462
693	3,8461538
693	-23,1538462
694	19,8461538
694	18,8461538
694	-10,1538462
694	-4,1538462
695	-12,1538462
695	10,8461538
695	9,8461538
695	-12,1538462
696	-21,1538462
696	-4,1538462
696	9,8461538
696	-1,1538462
697	-7,1538462
697	-2,1538462
697	-0,1538462
697	24,8461538
698	5,8461538
698	-17,1538462
698	-21,1538462
698	17,8461538
699	-0,1538462
699	-11,1538462
699	-2,1538462
699	-2,1538462
700	30,8461538
700	-8,1538462
700	1,8461538
700	-14,1538462
701	-14,1538462
701	3,8461538
701	13,8461538
701	8,8461538
702	-20,1538462
702	-5,1538462
702	-13,1538462
702	-8,1538462
703	-9,1538462
703	0,8461538
703	-5,1538462
703	12,8461538
704	10,8461538
704	7,8461538
704	11,8461538
704	41,8461538
705	38,8461538
705	10,8461538
705	29,8461538
706	18,8461538
706	27,8461538
706	-16,1538462
706	-6,1538462
707	16,8461538
707	-3,1538462
707	28,8461538
707	18,8461538
708	6,8461538
708	2,8461538
708	-8,1538462
708	3,8461538
709	-14,1538462
709	0,8461538
709	2,8461538
709	-8,1538462
710	6,8461538
710	-7,1538462
710	-14,1538462
710	20,8461538
711	16,8461538
711	2,8461538
711	-9,1538462
711	-13,1538462
712	9,8461538
712	0,8461538
712	-6,1538462
712	2,8461538
713	13,8461538
713	14,8461538
713	14,8461538
713	21,8461538
714	24,8461538
714	2,8461538
714	-12,1538462
714	-1,1538462
715	-4,1538462
715	-9,1538462
715	14,8461538
715	10,8461538
716	-3,1538462
716	0,8461538
716	-7,1538462
716	-20,1538462
717	-9,1538462
717	20,8461538
717	24,8461538
717	-2,1538462
718	-2,1538462
718	7,8461538
718	19,8461538
718	4,8461538
719	3,8461538
719	-14,1538462
719	14,8461538
719	0,8461538
720	9,8461538
720	5,8461538
720	3,8461538
720	7,8461538
721	23,8461538
721	-9,1538462
721	3,8461538
721	-6,1538462
722	22,8461538
722	19,8461538
722	-2,1538462
722	-29,1538462
723	27,8461538
723	-2,1538462
723	3,8461538
723	29,8461538
724	6,8461538
724	14,8461538
724	-6,1538462
724	-18,1538462
725	-19,1538462
725	9,8461538
725	-0,1538462
725	14,8461538
726	8,8461538
726	8,8461538
726	21,8461538
726	25,8461538
727	13,8461538
727	-14,1538462
727	-1,1538462
727	-0,1538462
728	-8,1538462
728	-8,1538462
728	-2,1538462
728	-9,1538462
729	-3,1538462
729	1,8461538
729	15,8461538
729	28,8461538
730	21,8461538
730	-9,1538462
730	3,8461538
730	4,8461538
731	8,8461538
731	-4,1538462
731	-24,1538462
731	28,8461538
732	18,8461538
732	5,8461538
732	0,8461538
732	8,8461538
733	2,8461538
733	-9,1538462
733	25,8461538
733	5,8461538
734	9,8461538
734	-5,1538462
734	5,8461538
734	40,8461538
735	9,8461538
735	-2,1538462
735	25,8461538
735	19,8461538
736	-10,1538462
736	-28,1538462
736	-20,1538462
736	11,8461538
737	6,8461538
737	-9,1538462
737	-22,1538462
737	1,8461538
738	-6,1538462
738	-2,1538462
738	4,8461538
738	6,8461538
739	24,8461538
739	30,8461538
739	-7,1538462
739	4,8461538
740	-7,1538462
740	-6,1538462
740	2,8461538
740	-5,1538462
741	2,8461538
741	6,8461538
741	5,8461538
741	6,8461538
742	-1,1538462
742	12,8461538
742	-2,1538462
742	4,8461538
743	-3,1538462
743	11,8461538
743	4,8461538
743	11,8461538
744	3,8461538
744	0,8461538
744	11,8461538
744	-6,1538462
745	6,8461538
745	-17,1538462
745	-4,1538462
745	-26,1538462
746	6,8461538
746	30,8461538
746	3,8461538
746	3,8461538
747	15,8461538
747	18,8461538
747	-14,1538462
747	8,8461538
748	15,8461538
748	7,8461538
748	6,8461538
748	12,8461538
749	-8,1538462
749	13,8461538
749	3,8461538
749	-30,1538462
750	-12,1538462
750	8,8461538
750	3,8461538
750	6,8461538
751	25,8461538
751	24,8461538
751	7,8461538
751	-2,1538462
752	7,8461538
752	0,8461538
752	6,8461538
752	8,8461538
753	-6,1538462
753	-5,1538462
753	-8,1538462
753	15,8461538
754	10,8461538
754	-6,1538462
754	-21,1538462
754	13,8461538
755	4,8461538
755	-3,1538462
755	2,8461538
755	5,8461538
756	-0,1538462
756	8,8461538
756	-8,1538462
756	6,8461538
757	1,8461538
757	-6,1538462
757	-11,1538462
757	14,8461538
758	30,8461538
758	-7,1538462
758	-1,1538462
758	43,8461538
759	14,8461538
759	10,8461538
759	-11,1538462
759	-10,1538462
760	10,8461538
760	-8,1538462
760	0,8461538
760	7,8461538
761	20,8461538
761	37,8461538
761	16,8461538
761	7,8461538
762	15,8461538
762	-9,1538462
762	11,8461538
762	-22,1538462
763	-11,1538462
763	12,8461538
763	-3,1538462
763	-8,1538462
764	-5,1538462
764	-13,1538462
764	14,8461538
764	7,8461538
765	3,8461538
765	-13,1538462
765	2,8461538
765	19,8461538
766	-13,1538462
766	19,8461538
766	7,8461538
766	14,8461538
767	-0,1538462
767	-22,1538462
767	1,8461538
767	3,8461538
768	17,8461538
768	-4,1538462
768	12,8461538
768	10,8461538
769	10,8461538
769	45,8461538
769	10,8461538
769	-15,1538462
770	9,8461538
770	-6,1538462
770	12,8461538
770	-9,1538462
771	-7,1538462
771	-13,1538462
771	-4,1538462
771	28,8461538
772	21,8461538
772	-3,1538462
772	12,8461538
772	5,8461538
773	-26,1538462
773	11,8461538
773	17,8461538
773	12,8461538
774	0,8461538
774	-0,1538462
774	-17,1538462
774	21,8461538
775	-0,1538462
775	-29,1538462
775	1,8461538
775	10,8461538
776	-3,1538462
776	17,8461538
776	39,8461538
776	-16,1538462
777	10,8461538
777	2,8461538
777	14,8461538
777	-1,1538462
778	-3,1538462
778	8,8461538
778	5,8461538
778	18,8461538
779	13,8461538
779	24,8461538
779	14,8461538
779	12,8461538
780	18,8461538
780	0,8461538
780	12,8461538
780	-5,1538462
781	-5,1538462
781	1,8461538
781	19,8461538
781	0,8461538
782	19,8461538
782	7,8461538
782	6,8461538
782	31,8461538
783	21,8461538
783	10,8461538
783	4,8461538
783	8,8461538
784	9,8461538
784	-2,1538462
784	7,8461538
784	0,8461538
785	-4,1538462
785	8,8461538
785	2,8461538
785	4,8461538
786	4,8461538
786	-10,1538462
786	10,8461538
786	23,8461538
787	6,8461538
787	13,8461538
787	1,8461538
787	-5,1538462
788	-23,1538462
788	-9,1538462
788	-0,1538462
788	0,8461538
789	26,8461538
789	-10,1538462
789	-10,1538462
789	-10,1538462
790	3,8461538
790	-2,1538462
790	5,8461538
790	12,8461538
791	14,8461538
791	15,8461538
791	3,8461538
791	-23,1538462
792	-6,1538462
792	-4,1538462
792	27,8461538
792	7,8461538
793	4,8461538
793	11,8461538
793	5,8461538
793	24,8461538
794	17,8461538
794	-0,1538462
794	5,8461538
794	-34,1538462
795	-7,1538462
795	26,8461538
795	2,8461538
795	-0,1538462
796	22,8461538
796	12,8461538
796	4,8461538
796	4,8461538
797	-5,1538462
797	-14,1538462
797	34,8461538
797	-1,1538462
798	-11,1538462
798	-2,1538462
798	28,8461538
798	37,8461538
799	6,8461538
799	-9,1538462
799	-5,1538462
799	-14,1538462
800	10,8461538
800	22,8461538
800	0,8461538
800	-0,1538462
801	54,8461538
801	16,8461538
801	13,8461538
801	-8,1538462
802	-4,1538462
802	2,8461538
802	5,8461538
802	18,8461538
803	-26,1538462
803	-17,1538462
803	-4,1538462
803	-4,1538462
804	2,8461538
804	-20,1538462
804	-3,1538462
804	19,8461538
805	5,8461538
805	-48,1538462
805	17,8461538
805	-0,1538462
806	-14,1538462
806	-27,1538462
806	35,8461538
806	18,8461538
807	-5,1538462
807	3,8461538
807	4,8461538
807	29,8461538
808	-3,1538462
808	-25,1538462
808	-1,1538462
808	21,8461538
809	16,8461538
809	3,8461538
809	9,8461538
809	9,8461538
810	1,8461538
810	15,8461538
810	15,8461538
810	-8,1538462
811	0,8461538
811	3,8461538
811	-3,1538462
811	-0,1538462
812	5,8461538
812	-4,1538462
812	-6,1538462
812	-7,1538462
813	-25,1538462
813	20,8461538
813	26,8461538
813	14,8461538
814	13,8461538
814	-14,1538462
814	-15,1538462
814	11,8461538
815	35,8461538
815	31,8461538
815	-1,1538462
815	-8,1538462
816	20,8461538
816	2,8461538
816	-4,1538462
816	5,8461538
817	-1,1538462
817	28,8461538
817	15,8461538
817	3,8461538
818	-6,1538462
818	-7,1538462
818	-3,1538462
818	4,8461538
819	16,8461538
819	26,8461538
819	10,8461538
819	11,8461538
820	2,8461538
820	-10,1538462
820	-1,1538462
820	6,8461538
820	-11,1538462
821	-4,1538462
821	-2,1538462
821	-5,1538462
821	-6,1538462
822	20,8461538
822	10,8461538
822	-34,1538462
822	0,8461538
823	1,8461538
823	-15,1538462
823	-28,1538462
823	-2,1538462
824	0,8461538
824	13,8461538
824	14,8461538
824	4,8461538
825	6,8461538
825	26,8461538
825	3,8461538
825	15,8461538
826	8,8461538
826	11,8461538
826	8,8461538
826	2,8461538
827	1,8461538
827	6,8461538
827	23,8461538
827	-7,1538462
828	17,8461538
828	-4,1538462
828	-12,1538462
828	-28,1538462
829	10,8461538
829	30,8461538
829	36,8461538
829	1,8461538
830	-2,1538462
830	-2,1538462
830	7,8461538
830	-7,1538462
831	29,8461538
831	23,8461538
831	18,8461538
831	19,8461538
832	23,8461538
832	13,8461538
832	28,8461538
832	23,8461538
833	12,8461538
833	-7,1538462
833	-13,1538462
833	-1,1538462
834	43,8461538
834	-6,1538462
834	16,8461538
834	5,8461538
835	-3,1538462
835	14,8461538
835	0,8461538
835	15,8461538
836	0,8461538
836	-2,1538462
836	2,8461538
836	9,8461538
837	8,8461538
837	-3,1538462
837	-12,1538462
837	11,8461538
838	10,8461538
838	2,8461538
838	21,8461538
838	3,8461538
839	19,8461538
839	-13,1538462
839	12,8461538
839	50,8461538
840	14,8461538
840	-14,1538462
840	24,8461538
840	14,8461538
841	0,8461538
841	16,8461538
841	22,8461538
841	4,8461538
842	3,8461538
842	8,8461538
842	-16,1538462
842	26,8461538
843	15,8461538
843	19,8461538
843	11,8461538
843	-14,1538462
844	17,8461538
844	26,8461538
844	8,8461538
844	-13,1538462
845	10,8461538
845	8,8461538
845	12,8461538
845	-0,1538462
845	-8,1538462
846	-8,1538462
846	14,8461538
846	0,8461538
846	6,8461538
847	19,8461538
847	-5,1538462
847	9,8461538
847	12,8461538
848	3,8461538
848	-5,1538462
848	5,8461538
848	-3,1538462
849	-4,1538462
849	9,8461538
849	19,8461538
849	24,8461538
850	28,8461538
850	-9,1538462
850	5,8461538
850	27,8461538
851	-0,1538462
851	-2,1538462
851	32,8461538
851	-19,1538462
852	-28,1538462
852	-11,1538462
852	15,8461538
852	3,8461538
853	9,8461538
853	-14,1538462
853	-23,1538462
853	-22,1538462
854	-27,1538462
854	15,8461538
854	-4,1538462
854	19,8461538
855	-6,1538462
855	8,8461538
855	15,8461538
855	-0,1538462
856	-8,1538462
856	22,8461538
856	12,8461538
856	-2,1538462
857	-32,1538462
857	14,8461538
857	-2,1538462
857	-7,1538462
858	31,8461538
858	9,8461538
858	12,8461538
858	-8,1538462
859	-13,1538462
859	-11,1538462
859	19,8461538
859	0,8461538
860	0,8461538
860	7,8461538
860	21,8461538
860	-0,1538462
861	18,8461538
861	5,8461538
861	-8,1538462
861	13,8461538
862	2,8461538
862	13,8461538
862	7,8461538
862	3,8461538
863	-2,1538462
863	2,8461538
863	-10,1538462
863	-2,1538462
864	25,8461538
864	-1,1538462
864	11,8461538
864	13,8461538
864	9,8461538
865	-13,1538462
865	6,8461538
865	18,8461538
865	7,8461538
866	5,8461538
866	5,8461538
866	24,8461538
866	30,8461538
867	1,8461538
867	-20,1538462
867	9,8461538
867	29,8461538
868	2,8461538
868	-20,1538462
868	4,8461538
868	35,8461538
869	15,8461538
869	11,8461538
869	1,8461538
869	6,8461538
870	40,8461538
870	-4,1538462
870	5,8461538
870	10,8461538
871	-17,1538462
871	-1,1538462
871	-0,1538462
871	-6,1538462
872	14,8461538
872	-11,1538462
872	14,8461538
872	14,8461538
873	-8,1538462
873	1,8461538
873	-15,1538462
873	29,8461538
874	5,8461538
874	11,8461538
874	13,8461538
874	-9,1538462
875	0,8461538
875	-9,1538462
875	0,8461538
875	13,8461538
876	0,8461538
876	5,8461538
876	6,8461538
876	-9,1538462
877	8,8461538
877	5,8461538
877	10,8461538
877	7,8461538
878	11,8461538
878	-23,1538462
878	-0,1538462
878	32,8461538
879	19,8461538
879	2,8461538
879	6,8461538
879	6,8461538
880	3,8461538
880	2,8461538
880	26,8461538
880	-12,1538462
880	-9,1538462
881	23,8461538
881	20,8461538
881	-8,1538462
881	2,8461538
882	8,8461538
882	-12,1538462
882	-3,1538462
882	-6,1538462
883	-15,1538462
883	-15,1538462
883	-2,1538462
883	12,8461538
884	13,8461538
884	-1,1538462
884	5,8461538
884	23,8461538
885	-0,1538462
885	17,8461538
885	19,8461538
885	5,8461538
886	7,8461538
886	-1,1538462
886	-10,1538462
886	14,8461538
887	28,8461538
887	-5,1538462
887	-24,1538462
887	-10,1538462
888	-4,1538462
888	5,8461538
888	7,8461538
888	-14,1538462
889	-26,1538462
889	7,8461538
889	3,8461538
889	3,8461538
890	7,8461538
890	-29,1538462
890	23,8461538
890	3,8461538
891	-1,1538462
891	29,8461538
891	-7,1538462
891	8,8461538
892	-19,1538462
892	3,8461538
892	-29,1538462
892	32,8461538
893	16,8461538
893	15,8461538
893	-19,1538462
893	-4,1538462
894	21,8461538
894	-2,1538462
894	2,8461538
894	4,8461538
894	-14,1538462
895	8,8461538
895	4,8461538
895	12,8461538
895	1,8461538
896	45,8461538
896	0,8461538
896	20,8461538
896	12,8461538
897	17,8461538
897	12,8461538
897	22,8461538
897	15,8461538
898	18,8461538
898	14,8461538
898	-11,1538462
898	-6,1538462
899	7,8461538
899	3,8461538
899	16,8461538
899	-11,1538462
900	11,8461538
900	7,8461538
900	8,8461538
900	29,8461538
901	26,8461538
901	10,8461538
901	12,8461538
901	16,8461538
902	7,8461538
902	-1,1538462
902	6,8461538
902	-6,1538462
903	3,8461538
903	12,8461538
903	-4,1538462
903	30,8461538
904	14,8461538
904	12,8461538
904	9,8461538
904	19,8461538
905	-2,1538462
905	13,8461538
905	14,8461538
905	19,8461538
906	18,8461538
906	14,8461538
906	13,8461538
906	9,8461538
906	0,8461538
907	6,8461538
907	4,8461538
907	9,8461538
907	29,8461538
908	4,8461538
908	3,8461538
908	21,8461538
908	-13,1538462
909	14,8461538
909	-18,1538462
909	-10,1538462
909	12,8461538
910	-20,1538462
910	-23,1538462
910	-3,1538462
910	-18,1538462
911	-7,1538462
911	-5,1538462
911	9,8461538
911	20,8461538
912	6,8461538
912	10,8461538
912	20,8461538
912	15,8461538
913	-22,1538462
913	-12,1538462
913	-1,1538462
913	5,8461538
914	9,8461538
914	-2,1538462
914	7,8461538
914	5,8461538
915	-20,1538462
915	-14,1538462
915	23,8461538
915	5,8461538
916	10,8461538
916	9,8461538
916	25,8461538
916	17,8461538
917	-5,1538462
917	20,8461538
917	-7,1538462
917	4,8461538
917	-17,1538462
918	4,8461538
918	18,8461538
918	7,8461538
918	16,8461538
919	-12,1538462
919	2,8461538
919	31,8461538
919	-20,1538462
920	-3,1538462
920	-0,1538462
920	16,8461538
920	15,8461538
921	-0,1538462
921	11,8461538
921	-2,1538462
921	-18,1538462
922	2,8461538
922	0,8461538
922	6,8461538
922	-28,1538462
923	-7,1538462
923	9,8461538
923	0,8461538
923	-2,1538462
924	4,8461538
924	-20,1538462
924	-24,1538462
924	-7,1538462
925	-4,1538462
925	-3,1538462
925	5,8461538
925	21,8461538
926	8,8461538
926	21,8461538
926	26,8461538
926	-2,1538462
927	-11,1538462
927	11,8461538
927	7,8461538
927	-3,1538462
928	-15,1538462
928	-12,1538462
928	-20,1538462
928	-16,1538462
928	41,8461538
929	23,8461538
929	12,8461538
929	5,8461538
929	-2,1538462
930	1,8461538
930	-6,1538462
930	-23,1538462
930	23,8461538
931	7,8461538
931	8,8461538
931	26,8461538
931	14,8461538
932	7,8461538
932	10,8461538
932	-0,1538462
932	-10,1538462
933	5,8461538
933	2,8461538
933	19,8461538
933	-0,1538462
934	-11,1538462
934	5,8461538
934	11,8461538
934	21,8461538
935	14,8461538
935	22,8461538
935	-5,1538462
935	22,8461538
936	0,8461538
936	7,8461538
936	-16,1538462
936	-5,1538462
937	12,8461538
937	24,8461538
937	15,8461538
937	5,8461538
938	6,8461538
938	24,8461538
938	12,8461538
938	25,8461538
938	15,8461538
939	7,8461538
939	-9,1538462
939	37,8461538
939	11,8461538
940	13,8461538
940	16,8461538
940	-15,1538462
940	-0,1538462
941	-14,1538462
941	-10,1538462
941	-2,1538462
941	10,8461538
942	-15,1538462
942	13,8461538
942	14,8461538
942	4,8461538
943	10,8461538
943	2,8461538
943	4,8461538
943	16,8461538
944	-7,1538462
944	12,8461538
944	31,8461538
944	6,8461538
945	8,8461538
945	9,8461538
945	-4,1538462
945	-6,1538462
946	4,8461538
946	3,8461538
946	2,8461538
946	-13,1538462
947	16,8461538
947	13,8461538
947	4,8461538
947	6,8461538
947	8,8461538
948	-0,1538462
948	-10,1538462
948	-4,1538462
948	11,8461538
949	8,8461538
949	-20,1538462
949	6,8461538
949	-0,1538462
950	12,8461538
950	-9,1538462
950	2,8461538
950	-28,1538462
951	1,8461538
951	18,8461538
951	18,8461538
951	-24,1538462
952	4,8461538
952	4,8461538
952	13,8461538
952	50,8461538
953	-25,1538462
953	7,8461538
953	7,8461538
953	-21,1538462
954	-26,1538462
954	-2,1538462
954	-12,1538462
954	-0,1538462
955	-6,1538462
955	-0,1538462
955	-21,1538462
955	-28,1538462
956	29,8461538
956	8,8461538
956	-8,1538462
956	6,8461538
956	-16,1538462
957	23,8461538
957	21,8461538
957	13,8461538
957	1,8461538
958	23,8461538
958	-7,1538462
958	-1,1538462
958	9,8461538
959	0,8461538
959	5,8461538
959	15,8461538
959	-0,1538462
960	55,8461538
960	31,8461538
960	-9,1538462
960	-5,1538462
961	6,8461538
961	-5,1538462
961	-9,1538462
961	2,8461538
962	18,8461538
962	-5,1538462
962	6,8461538
962	-0,1538462
963	-13,1538462
963	12,8461538
963	16,8461538
963	-16,1538462
964	-12,1538462
964	5,8461538
964	-4,1538462
964	-6,1538462
964	-1,1538462
965	26,8461538
965	-13,1538462
965	5,8461538
965	14,8461538
966	37,8461538
966	12,8461538
966	-3,1538462
966	18,8461538
967	-6,1538462
967	-0,1538462
967	18,8461538
967	-5,1538462
968	15,8461538
968	17,8461538
968	1,8461538
968	18,8461538
969	17,8461538
969	-16,1538462
969	4,8461538
969	3,8461538
970	9,8461538
970	-11,1538462
970	10,8461538
970	-6,1538462
971	6,8461538
971	11,8461538
971	-0,1538462
971	20,8461538
972	12,8461538
972	-16,1538462
972	19,8461538
972	13,8461538
972	-12,1538462
973	-12,1538462
973	17,8461538
973	10,8461538
973	-15,1538462
974	-8,1538462
974	5,8461538
974	31,8461538
974	-5,1538462
975	12,8461538
975	5,8461538
975	6,8461538
975	10,8461538
976	-6,1538462
976	-14,1538462
976	26,8461538
976	-1,1538462
977	-0,1538462
977	2,8461538
977	2,8461538
977	10,8461538
978	3,8461538
978	26,8461538
978	-11,1538462
978	14,8461538
979	6,8461538
979	11,8461538
979	33,8461538
979	27,8461538
980	-10,1538462
980	4,8461538
980	2,8461538
980	2,8461538
980	-4,1538462
981	-14,1538462
981	1,8461538
981	-1,1538462
981	-20,1538462
982	-1,1538462
982	-0,1538462
982	9,8461538
982	21,8461538
983	1,8461538
983	-11,1538462
983	-24,1538462
983	15,8461538
984	6,8461538
984	32,8461538
984	-0,1538462
984	8,8461538
985	-4,1538462
985	15,8461538
985	16,8461538
985	6,8461538
986	0,8461538
986	2,8461538
986	7,8461538
986	1,8461538
987	-14,1538462
987	-1,1538462
987	4,8461538
987	-9,1538462
988	17,8461538
988	12,8461538
988	-21,1538462
988	10,8461538
988	21,8461538
989	-2,1538462
989	-4,1538462
989	-9,1538462
989	20,8461538
990	0,8461538
990	-20,1538462
990	-12,1538462
990	-6,1538462
991	2,8461538
991	-5,1538462
991	-26,1538462
991	16,8461538
992	12,8461538
992	11,8461538
992	25,8461538
992	-13,1538462
993	-0,1538462
993	10,8461538
993	-7,1538462
993	-8,1538462
994	15,8461538
994	2,8461538
994	3,8461538
994	-13,1538462
995	2,8461538
995	-1,1538462
995	16,8461538
995	35,8461538
995	36,8461538
996	13,8461538
996	16,8461538
996	4,8461538
996	5,8461538
997	14,8461538
997	-23,1538462
997	16,8461538
997	31,8461538
998	-13,1538462
998	12,8461538
998	10,8461538
998	25,8461538
999	5,8461538
999	-16,1538462
999	-4,1538462
999	12,8461538
1000	1,8461538
1000	20,8461538
1000	12,8461538
1000	-7,1538462
1001	-12,1538462
1001	-17,1538462
1001	7,8461538
1001	0,8461538
1002	-3,1538462
1002	36,8461538
1002	29,8461538
1002	17,8461538
1002	12,8461538
1003	2,8461538
1003	10,8461538
1003	20,8461538
1003	-5,1538462
1004	11,8461538
1004	-21,1538462
1004	4,8461538
1004	37,8461538
1005	-14,1538462
1005	3,8461538
1005	14,8461538
1005	11,8461538
1006	5,8461538
1006	-13,1538462
1006	2,8461538
1006	28,8461538
1007	-17,1538462
1007	-8,1538462
1007	-7,1538462
1007	-10,1538462
1008	-9,1538462
1008	18,8461538
1008	6,8461538
1008	2,8461538
1008	4,8461538
1009	-2,1538462
1009	4,8461538
1009	17,8461538
1009	23,8461538
1010	8,8461538
1010	-1,1538462
1010	3,8461538
1010	2,8461538
1011	-3,1538462
1011	-3,1538462
1011	-2,1538462
1011	-5,1538462
1012	-6,1538462
1012	3,8461538
1012	10,8461538
1012	-4,1538462
1013	-15,1538462
1013	6,8461538
1013	4,8461538
1013	-1,1538462
1014	14,8461538
1014	5,8461538
1014	8,8461538
1014	7,8461538
1015	-7,1538462
1015	5,8461538
1015	-6,1538462
1015	-1,1538462
1015	25,8461538
1016	19,8461538
1016	10,8461538
1016	16,8461538
1016	4,8461538
1017	1,8461538
1017	-6,1538462
1017	3,8461538
1017	6,8461538
1018	-6,1538462
1018	10,8461538
1018	5,8461538
1018	-10,1538462
1019	-2,1538462
1019	41,8461538
1019	4,8461538
1019	9,8461538
1020	10,8461538
1020	15,8461538
1020	-4,1538462
1020	0,8461538
1021	-19,1538462
1021	9,8461538
1021	17,8461538
1021	-1,1538462
1021	22,8461538
1022	5,8461538
1022	8,8461538
1022	-0,1538462
1022	8,8461538
1023	-15,1538462
1023	1,8461538
1023	-14,1538462
1023	-3,1538462
1024	7,8461538
1024	-26,1538462
1024	9,8461538
1024	22,8461538
1025	13,8461538
1025	-19,1538462
1025	-12,1538462
1025	-2,1538462
1026	15,8461538
1026	14,8461538
1026	19,8461538
1026	17,8461538
1027	15,8461538
1027	-3,1538462
1027	12,8461538
1027	35,8461538
1027	-6,1538462
1028	-0,1538462
1028	9,8461538
1028	20,8461538
1028	9,8461538
1029	-11,1538462
1029	19,8461538
1029	4,8461538
1029	11,8461538
1030	25,8461538
1030	5,8461538
1030	-8,1538462
1030	1,8461538
1031	7,8461538
1031	1,8461538
1031	24,8461538
1031	-8,1538462
1032	10,8461538
1032	19,8461538
1032	-8,1538462
1032	22,8461538
1033	3,8461538
1033	-8,1538462
1033	14,8461538
1033	13,8461538
1034	22,8461538
1034	14,8461538
1034	-5,1538462
1034	-11,1538462
1034	-10,1538462
1035	1,8461538
1035	-1,1538462
1035	20,8461538
1035	7,8461538
1036	29,8461538
1036	10,8461538
1036	9,8461538
1036	-0,1538462
1037	-9,1538462
1037	-12,1538462
1037	2,8461538
1037	35,8461538
1038	9,8461538
1038	3,8461538
1038	-14,1538462
1038	-7,1538462
1039	26,8461538
1039	5,8461538
1039	13,8461538
1039	-5,1538462
1039	21,8461538
1040	-3,1538462
1040	15,8461538
1040	7,8461538
1040	-5,1538462
1041	21,8461538
1041	0,8461538
1041	12,8461538
1041	12,8461538
1042	23,8461538
1042	15,8461538
1042	4,8461538
1042	9,8461538
1043	31,8461538
1043	35,8461538
1043	9,8461538
1043	-4,1538462
1044	12,8461538
1044	-34,1538462
1044	5,8461538
1044	-2,1538462
1045	5,8461538
1045	-5,1538462
1045	32,8461538
1045	-18,1538462
1045	-1,1538462
1046	-20,1538462
1046	-4,1538462
1046	-4,1538462
1046	-3,1538462
1047	-20,1538462
1047	12,8461538
1047	3,8461538
1047	1,8461538
1048	21,8461538
1048	16,8461538
1048	21,8461538
1048	0,8461538
1049	-16,1538462
1049	8,8461538
1049	7,8461538
1049	39,8461538
1050	-2,1538462
1050	-4,1538462
1050	-17,1538462
1050	5,8461538
1051	13,8461538
1051	5,8461538
1051	-15,1538462
1051	-9,1538462
1051	5,8461538
1052	-0,1538462
1052	-9,1538462
1052	-6,1538462
1052	-14,1538462
1053	-18,1538462
1053	-7,1538462
1053	0,8461538
1053	1,8461538
1054	7,8461538
1054	-11,1538462
1054	6,8461538
1054	22,8461538
1055	18,8461538
1055	-1,1538462
1055	-5,1538462
1055	0,8461538
1056	18,8461538
1056	24,8461538
1056	-8,1538462
1056	-3,1538462
1056	-13,1538462
1057	-1,1538462
1057	14,8461538
1057	29,8461538
1057	28,8461538
1058	-13,1538462
1058	-18,1538462
1058	6,8461538
1058	46,8461538
1059	30,8461538
1059	-7,1538462
1059	-23,1538462
1059	-9,1538462
1060	22,8461538
1060	8,8461538
1060	17,8461538
1060	11,8461538
1061	19,8461538
1061	17,8461538
1061	4,8461538
1061	33,8461538
1062	-0,1538462
1062	27,8461538
1062	-0,1538462
1062	20,8461538
1062	20,8461538
1063	4,8461538
1063	-0,1538462
1063	0,8461538
1063	17,8461538
1064	-12,1538462
1064	-22,1538462
1064	-5,1538462
1064	-36,1538462
1065	14,8461538
1065	-2,1538462
1065	-14,1538462
1065	6,8461538
1066	7,8461538
1066	13,8461538
1066	-16,1538462
1066	24,8461538
1067	3,8461538
1067	20,8461538
1067	12,8461538
1067	17,8461538
1067	-6,1538462
1068	9,8461538
1068	5,8461538
1068	21,8461538
1068	26,8461538
1069	13,8461538
1069	4,8461538
1069	-6,1538462
1069	-6,1538462
1070	-2,1538462
1070	8,8461538
1070	27,8461538
1070	5,8461538
1071	-16,1538462
1071	21,8461538
1071	34,8461538
1071	13,8461538
1072	11,8461538
1072	23,8461538
1072	9,8461538
1072	1,8461538
1072	20,8461538
1073	-5,1538462
1073	-14,1538462
1073	-12,1538462
1073	4,8461538
1074	-0,1538462
1074	18,8461538
1074	5,8461538
1074	1,8461538
1075	11,8461538
1075	-9,1538462
1075	20,8461538
1075	7,8461538
1076	2,8461538
1076	2,8461538
1076	5,8461538
1076	10,8461538
1077	21,8461538
1077	-8,1538462
1077	-0,1538462
1077	-2,1538462
1077	36,8461538
1078	-18,1538462
1078	3,8461538
1078	-3,1538462
1078	-11,1538462
1079	22,8461538
1079	11,8461538
1079	-11,1538462
1079	30,8461538
1080	29,8461538
1080	-5,1538462
1080	10,8461538
1080	26,8461538
1081	-9,1538462
1081	7,8461538
1081	11,8461538
1081	2,8461538
1082	6,8461538
1082	-6,1538462
1082	2,8461538
1082	-13,1538462
1082	-7,1538462
1083	-5,1538462
1083	25,8461538
1083	20,8461538
1083	3,8461538
1084	11,8461538
1084	3,8461538
1084	18,8461538
1084	23,8461538
1085	11,8461538
1085	14,8461538
1085	16,8461538
1085	21,8461538
1086	12,8461538
1086	-0,1538462
1086	-17,1538462
1086	9,8461538
1087	5,8461538
1087	-5,1538462
1087	-1,1538462
1087	9,8461538
1087	5,8461538
1088	-0,1538462
1088	1,8461538
1088	-13,1538462
1088	-5,1538462
1089	8,8461538
1089	-1,1538462
1089	-21,1538462
1089	15,8461538
1090	-3,1538462
1090	3,8461538
1090	22,8461538
1090	6,8461538
1091	-0,1538462
1091	1,8461538
1091	10,8461538
1091	10,8461538
1092	46,8461538
1092	1,8461538
1092	-21,1538462
1092	-9,1538462
1092	7,8461538
1093	-8,1538462
1093	18,8461538
1093	-17,1538462
1093	-6,1538462
1094	10,8461538
1094	-36,1538462
1094	18,8461538
1094	3,8461538
1095	5,8461538
1095	18,8461538
1095	16,8461538
1095	1,8461538
1096	7,8461538
1096	-8,1538462
1096	-2,1538462
1096	13,8461538
1097	-11,1538462
1097	-1,1538462
1097	-4,1538462
1097	25,8461538
1097	-0,1538462
1098	14,8461538
1098	16,8461538
1098	-20,1538462
1098	-4,1538462
1099	13,8461538
1099	9,8461538
1099	14,8461538
1099	-5,1538462
1100	-9,1538462
1100	-9,1538462
1100	7,8461538
1100	-10,1538462
1101	3,8461538
1101	-8,1538462
1101	32,8461538
1101	-10,1538462
1101	-8,1538462
1102	0,8461538
1102	16,8461538
1102	1,8461538
1102	23,8461538
1103	14,8461538
1103	-5,1538462
1103	13,8461538
1103	6,8461538
1104	-9,1538462
1104	-8,1538462
1104	17,8461538
1104	15,8461538
1105	11,8461538
1105	7,8461538
1105	9,8461538
1105	33,8461538
1106	28,8461538
1106	-18,1538462
1106	-17,1538462
1106	-10,1538462
1106	-7,1538462
1107	3,8461538
1107	29,8461538
1107	27,8461538
1107	13,8461538
1108	9,8461538
1108	15,8461538
1108	32,8461538
1108	-3,1538462
1109	-5,1538462
1109	15,8461538
1109	-18,1538462
1109	8,8461538
1110	22,8461538
1110	7,8461538
1110	2,8461538
1110	12,8461538
1110	-2,1538462
1111	-4,1538462
1111	26,8461538
1111	-2,1538462
1111	-17,1538462
1112	-2,1538462
1112	-12,1538462
1112	17,8461538
1112	-0,1538462
1113	-13,1538462
1113	-31,1538462
1113	-0,1538462
1113	26,8461538
1114	41,8461538
1114	12,8461538
1114	-8,1538462
1114	12,8461538
1115	-1,1538462
1115	3,8461538
1115	-13,1538462
1115	-16,1538462
1115	-6,1538462
1116	2,8461538
1116	4,8461538
1116	-12,1538462
1116	-10,1538462
1117	3,8461538
1117	-6,1538462
1117	7,8461538
1117	11,8461538
1118	13,8461538
