196	-28,3076923
196	-28,3076923
196	-28,3076923
197	1,6923077
197	8,6923077
197	26,6923077
197	30,6923077
198	8,6923077
198	8,6923077
198	-24,3076923
199	13,6923077
199	6,6923077
199	3,6923077
199	-1,3076923
200	51,6923077
200	29,6923077
200	39,6923077
200	-0,3076923
201	13,6923077
201	-10,3076923
201	9,6923077
201	2,6923077
202	27,6923077
202	2,6923077
202	-15,3076923
203	16,6923077
203	19,6923077
203	35,6923077
203	-5,3076923
204	19,6923077
204	14,6923077
204	-3,3076923
204	16,6923077
205	-14,3076923
205	-10,3076923
205	0,6923077
205	30,6923077
206	7,6923077
206	13,6923077
206	24,6923077
207	0,6923077
207	3,6923077
207	-4,3076923
207	7,6923077
208	3,6923077
208	4,6923077
208	-2,3076923
208	-7,3076923
209	3,6923077
209	10,6923077
209	20,6923077
209	-22,3076923
210	14,6923077
210	11,6923077
210	1,6923077
211	6,6923077
211	16,6923077
211	-6,3076923
211	18,6923077
212	-18,3076923
212	-24,3076923
212	6,6923077
212	-2,3076923
213	10,6923077
213	-26,3076923
213	10,6923077
213	3,6923077
214	-10,3076923
214	-4,3076923
214	4,6923077
215	10,6923077
215	-11,3076923
215	-9,3076923
215	-3,3076923
216	11,6923077
216	9,6923077
216	27,6923077
216	4,6923077
217	13,6923077
217	-6,3076923
217	7,6923077
217	4,6923077
218	-5,3076923
218	-19,3076923
218	6,6923077
219	18,6923077
219	-1,3076923
219	28,6923077
219	16,6923077
220	16,6923077
220	7,6923077
220	1,6923077
220	0,6923077
221	-10,3076923
221	6,6923077
221	-11,3076923
221	-2,3076923
222	8,6923077
222	26,6923077
222	1,6923077
223	26,6923077
223	1,6923077
223	-1,3076923
223	-22,3076923
224	-0,3076923
224	-17,3076923
224	12,6923077
224	-9,3076923
225	4,6923077
225	8,6923077
225	-5,3076923
225	-3,3076923
226	2,6923077
226	-25,3076923
226	19,6923077
227	22,6923077
227	-6,3076923
227	8,6923077
227	15,6923077
228	-9,3076923
228	10,6923077
228	23,6923077
228	45,6923077
229	-6,3076923
229	-13,3076923
229	-6,3076923
229	6,6923077
230	17,6923077
230	-3,3076923
230	2,6923077
231	17,6923077
231	19,6923077
231	-25,3076923
231	18,6923077
232	25,6923077
232	-3,3076923
232	13,6923077
232	-12,3076923
233	-18,3076923
233	13,6923077
233	4,6923077
233	-17,3076923
234	-14,3076923
234	10,6923077
234	1,6923077
235	16,6923077
235	17,6923077
235	22,6923077
235	13,6923077
236	1,6923077
236	12,6923077
236	-0,3076923
236	-1,3076923
237	24,6923077
237	-8,3076923
237	7,6923077
237	35,6923077
238	23,6923077
238	-5,3076923
238	4,6923077
239	-4,3076923
239	-32,3076923
239	-5,3076923
239	-9,3076923
240	-2,3076923
240	-3,3076923
240	-0,3076923
240	17,6923077
241	14,6923077
241	12,6923077
241	8,6923077
241	-11,3076923
242	-10,3076923
242	-14,3076923
242	-0,3076923
243	6,6923077
243	8,6923077
243	-12,3076923
243	12,6923077
244	-4,3076923
244	-14,3076923
244	-9,3076923
244	8,6923077
245	27,6923077
245	28,6923077
245	18,6923077
245	18,6923077
246	-5,3076923
246	24,6923077
246	-4,3076923
247	12,6923077
247	7,6923077
247	8,6923077
247	28,6923077
248	17,6923077
248	6,6923077
248	-11,3076923
248	30,6923077
249	31,6923077
249	-0,3076923
249	-8,3076923
249	-2,3076923
250	8,6923077
250	34,6923077
250	11,6923077
251	1,6923077
251	18,6923077
251	18,6923077
251	-26,3076923
252	-18,3076923
252	6,6923077
252	45,6923077
252	20,6923077
253	11,6923077
253	8,6923077
253	-15,3076923
253	26,6923077
254	-7,3076923
254	3,6923077
254	6,6923077
254	-2,3076923
255	-27,3076923
255	1,6923077
255	-21,3076923
256	-12,3076923
256	-21,3076923
256	-10,3076923
256	9,6923077
257	-3,3076923
257	6,6923077
257	17,6923077
257	11,6923077
258	11,6923077
258	-1,3076923
258	-5,3076923
258	2,6923077
259	11,6923077
259	24,6923077
259	5,6923077
260	-5,3076923
260	-4,3076923
260	-20,3076923
260	-8,3076923
261	14,6923077
261	27,6923077
261	0,6923077
261	4,6923077
262	21,6923077
262	18,6923077
262	-1,3076923
262	-35,3076923
263	27,6923077
263	4,6923077
263	20,6923077
264	13,6923077
264	8,6923077
264	6,6923077
264	-4,3076923
265	2,6923077
265	-5,3076923
265	-2,3076923
265	4,6923077
266	14,6923077
266	0,6923077
266	-6,3076923
266	-4,3076923
267	3,6923077
267	-1,3076923
267	12,6923077
268	4,6923077
268	17,6923077
268	-0,3076923
268	51,6923077
269	2,6923077
269	23,6923077
269	-2,3076923
269	8,6923077
270	29,6923077
270	6,6923077
270	-0,3076923
270	13,6923077
271	5,6923077
271	9,6923077
271	12,6923077
271	-10,3076923
272	10,6923077
272	-23,3076923
272	-24,3076923
273	16,6923077
273	30,6923077
273	-3,3076923
273	14,6923077
274	-5,3076923
274	-11,3076923
274	-7,3076923
274	8,6923077
275	33,6923077
275	-2,3076923
275	0,6923077
275	-15,3076923
276	32,6923077
276	5,6923077
276	-11,3076923
277	-6,3076923
277	24,6923077
277	17,6923077
277	0,6923077
278	-9,3076923
278	25,6923077
278	15,6923077
278	-27,3076923
279	0,6923077
279	-7,3076923
279	21,6923077
279	35,6923077
280	5,6923077
280	6,6923077
280	-24,3076923
280	-14,3076923
281	-14,3076923
281	13,6923077
281	13,6923077
282	-17,3076923
282	20,6923077
282	-10,3076923
282	-15,3076923
283	-16,3076923
283	-26,3076923
283	-23,3076923
283	0,6923077
284	22,6923077
284	-9,3076923
284	-19,3076923
284	10,6923077
285	-6,3076923
285	9,6923077
285	5,6923077
286	32,6923077
286	7,6923077
286	-6,3076923
286	16,6923077
287	29,6923077
287	23,6923077
287	-5,3076923
287	25,6923077
288	6,6923077
288	11,6923077
288	5,6923077
288	13,6923077
289	17,6923077
289	-3,3076923
289	13,6923077
290	-3,3076923
290	-6,3076923
290	-2,3076923
290	-9,3076923
291	4,6923077
291	13,6923077
291	-5,3076923
291	3,6923077
292	7,6923077
292	-9,3076923
292	-13,3076923
292	-2,3076923
293	9,6923077
293	2,6923077
293	28,6923077
293	24,6923077
294	12,6923077
294	-0,3076923
294	-1,3076923
295	8,6923077
295	30,6923077
295	6,6923077
295	-5,3076923
296	-19,3076923
296	15,6923077
296	-12,3076923
296	0,6923077
297	-39,3076923
297	26,6923077
297	4,6923077
297	-0,3076923
298	42,6923077
298	-8,3076923
298	0,6923077
299	-10,3076923
299	34,6923077
299	20,6923077
299	9,6923077
300	0,6923077
300	24,6923077
300	-1,3076923
300	23,6923077
301	-22,3076923
301	17,6923077
301	-16,3076923
301	6,6923077
302	4,6923077
302	12,6923077
302	14,6923077
302	24,6923077
303	16,6923077
303	-0,3076923
303	-7,3076923
304	5,6923077
304	16,6923077
304	15,6923077
304	2,6923077
305	8,6923077
305	27,6923077
305	0,6923077
305	-5,3076923
306	14,6923077
306	-9,3076923
306	-4,3076923
306	10,6923077
307	7,6923077
307	21,6923077
307	-10,3076923
307	5,6923077
308	8,6923077
308	6,6923077
308	-1,3076923
309	13,6923077
309	19,6923077
309	28,6923077
309	11,6923077
310	6,6923077
310	4,6923077
310	-0,3076923
310	-4,3076923
311	37,6923077
311	46,6923077
311	57,6923077
311	27,6923077
312	45,6923077
312	44,6923077
312	34,6923077
313	39,6923077
313	57,6923077
313	41,6923077
313	24,6923077
314	29,6923077
314	39,6923077
314	37,6923077
314	40,6923077
315	55,6923077
315	36,6923077
315	33,6923077
315	28,6923077
316	46,6923077
316	29,6923077
316	47,6923077
316	39,6923077
317	39,6923077
317	25,6923077
317	25,6923077
318	39,6923077
318	18,6923077
318	29,6923077
318	39,6923077
319	32,6923077
319	14,6923077
319	33,6923077
319	13,6923077
320	9,6923077
320	3,6923077
320	21,6923077
320	-11,3076923
321	4,6923077
321	6,6923077
321	-8,3076923
321	-4,3076923
322	12,6923077
322	20,6923077
322	-23,3076923
323	1,6923077
323	14,6923077
323	0,6923077
323	4,6923077
324	-5,3076923
324	0,6923077
324	-16,3076923
324	20,6923077
325	-14,3076923
325	-12,3076923
325	5,6923077
325	10,6923077
326	3,6923077
326	-3,3076923
326	13,6923077
327	4,6923077
327	15,6923077
327	15,6923077
327	-7,3076923
328	1,6923077
328	-13,3076923
328	13,6923077
328	16,6923077
329	0,6923077
329	5,6923077
329	0,6923077
329	21,6923077
330	14,6923077
330	6,6923077
330	26,6923077
330	22,6923077
331	-15,3076923
331	4,6923077
331	39,6923077
332	42,6923077
332	41,6923077
332	59,6923077
332	21,6923077
333	49,6923077
333	46,6923077
333	49,6923077
333	32,6923077
334	44,6923077
334	48,6923077
334	73,6923077
334	87,6923077
335	51,6923077
335	66,6923077
335	33,6923077
335	71,6923077
336	65,6923077
336	77,6923077
336	49,6923077
337	49,6923077
337	74,6923077
337	68,6923077
337	74,6923077
338	63,6923077
338	46,6923077
338	38,6923077
338	67,6923077
339	60,6923077
339	46,6923077
339	64,6923077
339	65,6923077
340	34,6923077
340	46,6923077
340	16,6923077
340	4,6923077
341	18,6923077
341	15,6923077
341	24,6923077
342	11,6923077
342	39,6923077
342	31,6923077
342	18,6923077
343	42,6923077
343	25,6923077
343	-18,3076923
343	32,6923077
344	23,6923077
344	10,6923077
344	29,6923077
344	-0,3076923
345	-20,3076923
345	24,6923077
345	-15,3076923
345	27,6923077
346	16,6923077
346	31,6923077
346	1,6923077
347	5,6923077
347	9,6923077
347	1,6923077
347	1,6923077
348	10,6923077
348	11,6923077
348	22,6923077
348	1,6923077
349	10,6923077
349	3,6923077
349	32,6923077
349	28,6923077
350	20,6923077
350	22,6923077
350	26,6923077
350	17,6923077
351	15,6923077
351	0,6923077
351	-0,3076923
352	5,6923077
352	47,6923077
352	51,6923077
352	42,6923077
353	42,6923077
353	60,6923077
353	40,6923077
353	47,6923077
354	34,6923077
354	53,6923077
354	87,6923077
354	48,6923077
355	43,6923077
355	69,6923077
355	38,6923077
355	50,6923077
356	55,6923077
356	45,6923077
356	71,6923077
357	50,6923077
357	51,6923077
357	66,6923077
357	59,6923077
358	73,6923077
358	71,6923077
358	51,6923077
358	61,6923077
359	21,6923077
359	49,6923077
359	44,6923077
359	32,6923077
360	61,6923077
360	28,6923077
360	25,6923077
360	51,6923077
361	28,6923077
361	10,6923077
361	24,6923077
362	44,6923077
362	51,6923077
362	47,6923077
362	30,6923077
363	11,6923077
363	17,6923077
363	8,6923077
363	15,6923077
364	22,6923077
364	14,6923077
364	11,6923077
364	26,6923077
365	21,6923077
365	24,6923077
365	-3,3076923
365	4,6923077
366	-1,3076923
366	7,6923077
366	-5,3076923
367	6,6923077
367	22,6923077
367	45,6923077
367	-2,3076923
368	-18,3076923
368	-14,3076923
368	20,6923077
368	8,6923077
369	-19,3076923
369	1,6923077
369	-8,3076923
369	-17,3076923
370	25,6923077
370	4,6923077
370	-12,3076923
370	40,6923077
371	30,6923077
371	5,6923077
371	16,6923077
371	29,6923077
372	24,6923077
372	-0,3076923
372	-0,3076923
373	14,6923077
373	3,6923077
373	-7,3076923
373	11,6923077
374	15,6923077
374	36,6923077
374	17,6923077
374	32,6923077
375	35,6923077
375	51,6923077
375	32,6923077
375	27,6923077
376	20,6923077
376	41,6923077
376	40,6923077
376	17,6923077
377	12,6923077
377	49,6923077
377	56,6923077
378	43,6923077
378	44,6923077
378	39,6923077
378	39,6923077
379	33,6923077
379	2,6923077
379	31,6923077
379	35,6923077
380	15,6923077
380	16,6923077
380	28,6923077
380	18,6923077
381	51,6923077
381	20,6923077
381	25,6923077
381	31,6923077
382	31,6923077
382	19,6923077
382	33,6923077
383	29,6923077
383	8,6923077
383	40,6923077
383	40,6923077
384	33,6923077
384	11,6923077
384	20,6923077
384	44,6923077
385	30,6923077
385	37,6923077
385	21,6923077
385	23,6923077
386	10,6923077
386	9,6923077
386	5,6923077
386	23,6923077
387	19,6923077
387	8,6923077
387	2,6923077
387	0,6923077
388	-5,3076923
388	17,6923077
388	27,6923077
389	-22,3076923
389	-31,3076923
389	-1,3076923
389	22,6923077
390	19,6923077
390	27,6923077
390	21,6923077
390	4,6923077
391	15,6923077
391	18,6923077
391	15,6923077
391	-13,3076923
392	25,6923077
392	-3,3076923
392	12,6923077
392	12,6923077
393	-13,3076923
393	12,6923077
393	31,6923077
394	10,6923077
394	17,6923077
394	29,6923077
394	39,6923077
395	-0,3076923
395	-6,3076923
395	12,6923077
395	20,6923077
396	-1,3076923
396	7,6923077
396	17,6923077
396	31,6923077
397	-1,3076923
397	12,6923077
397	20,6923077
397	22,6923077
398	23,6923077
398	17,6923077
398	-14,3076923
398	6,6923077
399	20,6923077
399	18,6923077
399	28,6923077
400	20,6923077
400	-4,3076923
400	27,6923077
400	11,6923077
401	16,6923077
401	39,6923077
401	-3,3076923
401	10,6923077
402	33,6923077
402	17,6923077
402	35,6923077
402	2,6923077
403	10,6923077
403	38,6923077
403	21,6923077
403	7,6923077
404	-5,3076923
404	27,6923077
404	8,6923077
405	-12,3076923
405	21,6923077
405	17,6923077
405	10,6923077
406	32,6923077
406	14,6923077
406	16,6923077
406	22,6923077
407	12,6923077
407	-4,3076923
407	-11,3076923
407	-3,3076923
408	9,6923077
408	6,6923077
408	14,6923077
408	7,6923077
409	23,6923077
409	15,6923077
409	1,6923077
409	8,6923077
410	2,6923077
410	-0,3076923
410	25,6923077
411	11,6923077
411	11,6923077
411	7,6923077
411	-15,3076923
412	20,6923077
412	15,6923077
412	-3,3076923
412	1,6923077
413	-3,3076923
413	1,6923077
413	11,6923077
413	0,6923077
414	-12,3076923
414	14,6923077
414	-1,3076923
414	11,6923077
415	22,6923077
415	1,6923077
415	0,6923077
415	-10,3076923
416	5,6923077
416	-6,3076923
416	-9,3076923
417	35,6923077
417	17,6923077
417	9,6923077
417	18,6923077
418	16,6923077
418	12,6923077
418	4,6923077
418	-15,3076923
419	10,6923077
419	-5,3076923
419	22,6923077
419	-1,3076923
420	24,6923077
420	15,6923077
420	15,6923077
420	17,6923077
421	20,6923077
421	25,6923077
421	23,6923077
421	28,6923077
422	-6,3076923
422	42,6923077
422	-5,3076923
423	-7,3076923
423	5,6923077
423	31,6923077
423	17,6923077
424	16,6923077
424	-10,3076923
424	11,6923077
424	32,6923077
425	9,6923077
425	7,6923077
425	-12,3076923
425	3,6923077
426	-1,3076923
426	-5,3076923
426	9,6923077
426	15,6923077
427	23,6923077
427	-0,3076923
427	15,6923077
427	18,6923077
428	17,6923077
428	36,6923077
428	17,6923077
429	29,6923077
429	29,6923077
429	13,6923077
429	43,6923077
430	7,6923077
430	18,6923077
430	10,6923077
430	9,6923077
431	20,6923077
431	10,6923077
431	21,6923077
431	33,6923077
432	0,6923077
432	3,6923077
432	23,6923077
432	20,6923077
433	14,6923077
433	20,6923077
433	13,6923077
433	-12,3076923
434	7,6923077
434	0,6923077
434	8,6923077
435	-19,3076923
435	4,6923077
435	-1,3076923
435	-6,3076923
436	16,6923077
436	20,6923077
436	13,6923077
436	9,6923077
437	6,6923077
437	-3,3076923
437	12,6923077
437	-2,3076923
438	20,6923077
438	27,6923077
438	32,6923077
438	-3,3076923
439	14,6923077
439	-3,3076923
439	2,6923077
439	22,6923077
440	10,6923077
440	11,6923077
440	0,6923077
441	-2,3076923
441	-0,3076923
441	-6,3076923
441	14,6923077
442	7,6923077
442	10,6923077
442	20,6923077
442	11,6923077
443	13,6923077
443	18,6923077
443	14,6923077
443	-6,3076923
444	-15,3076923
444	-13,3076923
444	9,6923077
444	13,6923077
445	-5,3076923
445	21,6923077
445	42,6923077
445	32,6923077
446	-0,3076923
446	-8,3076923
446	-7,3076923
447	13,6923077
447	12,6923077
447	16,6923077
447	9,6923077
448	25,6923077
448	-7,3076923
448	-12,3076923
448	-24,3076923
449	32,6923077
449	-1,3076923
449	4,6923077
449	12,6923077
450	16,6923077
450	0,6923077
450	-5,3076923
450	1,6923077
451	-0,3076923
451	-16,3076923
451	-3,3076923
451	26,6923077
452	0,6923077
452	-20,3076923
452	2,6923077
452	13,6923077
453	6,6923077
453	8,6923077
453	9,6923077
454	8,6923077
454	8,6923077
454	17,6923077
454	12,6923077
455	-17,3076923
455	0,6923077
455	-0,3076923
455	-0,3076923
456	15,6923077
456	10,6923077
456	-13,3076923
456	18,6923077
457	-11,3076923
457	-14,3076923
457	-12,3076923
457	8,6923077
458	15,6923077
458	2,6923077
458	-22,3076923
458	-7,3076923
459	-15,3076923
459	-2,3076923
459	20,6923077
460	29,6923077
460	7,6923077
460	27,6923077
460	12,6923077
461	13,6923077
461	11,6923077
461	9,6923077
461	12,6923077
462	16,6923077
462	6,6923077
462	-8,3076923
462	11,6923077
463	-5,3076923
463	-9,3076923
463	12,6923077
463	4,6923077
464	-0,3076923
464	-6,3076923
464	-20,3076923
464	-24,3076923
465	4,6923077
465	22,6923077
465	6,6923077
465	4,6923077
466	-7,3076923
466	8,6923077
466	3,6923077
467	17,6923077
467	29,6923077
467	10,6923077
467	4,6923077
468	1,6923077
468	45,6923077
468	15,6923077
468	-0,3076923
469	20,6923077
469	-1,3076923
469	-18,3076923
469	11,6923077
470	22,6923077
470	-4,3076923
470	0,6923077
470	13,6923077
471	24,6923077
471	11,6923077
471	29,6923077
471	14,6923077
472	12,6923077
472	4,6923077
472	9,6923077
472	27,6923077
473	-8,3076923
473	26,6923077
473	-9,3076923
474	18,6923077
474	11,6923077
474	33,6923077
474	-25,3076923
475	-4,3076923
475	-4,3076923
475	17,6923077
475	14,6923077
476	-6,3076923
476	19,6923077
476	8,6923077
476	3,6923077
477	22,6923077
477	-5,3076923
477	8,6923077
477	12,6923077
478	13,6923077
478	-14,3076923
478	-2,3076923
478	-0,3076923
479	10,6923077
479	4,6923077
479	5,6923077
479	7,6923077
480	29,6923077
480	18,6923077
480	-6,3076923
481	1,6923077
481	4,6923077
481	9,6923077
481	6,6923077
482	40,6923077
482	7,6923077
482	-13,3076923
482	17,6923077
483	-2,3076923
483	16,6923077
483	-8,3076923
483	-0,3076923
484	-1,3076923
484	16,6923077
484	16,6923077
484	-17,3076923
485	3,6923077
485	6,6923077
485	4,6923077
485	9,6923077
486	-15,3076923
486	3,6923077
486	19,6923077
486	-4,3076923
487	-4,3076923
487	29,6923077
487	-1,3076923
488	5,6923077
488	8,6923077
488	6,6923077
488	-7,3076923
489	8,6923077
489	18,6923077
489	37,6923077
489	13,6923077
490	16,6923077
490	9,6923077
490	-9,3076923
490	15,6923077
491	-6,3076923
491	2,6923077
491	-13,3076923
491	23,6923077
492	-19,3076923
492	11,6923077
492	4,6923077
492	0,6923077
493	9,6923077
493	4,6923077
493	-7,3076923
493	-4,3076923
494	10,6923077
494	11,6923077
494	8,6923077
495	-4,3076923
495	-12,3076923
495	13,6923077
495	-3,3076923
496	28,6923077
496	12,6923077
496	18,6923077
496	17,6923077
497	-1,3076923
497	28,6923077
497	12,6923077
497	6,6923077
498	2,6923077
498	-12,3076923
498	9,6923077
498	8,6923077
499	26,6923077
499	5,6923077
499	4,6923077
499	28,6923077
500	37,6923077
500	14,6923077
500	-8,3076923
500	19,6923077
501	11,6923077
501	-7,3076923
501	18,6923077
502	-7,3076923
502	2,6923077
502	3,6923077
502	16,6923077
503	15,6923077
503	0,6923077
503	10,6923077
503	-27,3076923
504	-5,3076923
504	19,6923077
504	19,6923077
504	2,6923077
505	0,6923077
505	-7,3076923
505	-12,3076923
505	15,6923077
506	6,6923077
506	10,6923077
506	-11,3076923
506	-5,3076923
507	0,6923077
507	26,6923077
507	5,6923077
507	-13,3076923
508	14,6923077
508	14,6923077
508	5,6923077
508	14,6923077
509	3,6923077
509	12,6923077
509	-2,3076923
510	0,6923077
510	2,6923077
510	-25,3076923
510	15,6923077
511	12,6923077
511	20,6923077
511	-9,3076923
511	-7,3076923
512	-0,3076923
512	14,6923077
512	7,6923077
512	0,6923077
513	-8,3076923
513	17,6923077
513	21,6923077
513	-20,3076923
514	4,6923077
514	-1,3076923
514	23,6923077
514	-10,3076923
515	-3,3076923
515	-7,3076923
515	-3,3076923
515	13,6923077
516	14,6923077
516	31,6923077
516	-1,3076923
516	-10,3076923
517	-9,3076923
517	-10,3076923
517	14,6923077
518	6,6923077
518	19,6923077
518	15,6923077
518	-7,3076923
519	28,6923077
519	16,6923077
519	9,6923077
519	24,6923077
520	-5,3076923
520	-7,3076923
520	15,6923077
520	22,6923077
521	20,6923077
521	33,6923077
521	3,6923077
521	25,6923077
522	27,6923077
522	29,6923077
522	1,6923077
522	3,6923077
523	14,6923077
523	11,6923077
523	11,6923077
523	-4,3076923
524	-2,3076923
524	-11,3076923
524	2,6923077
524	8,6923077
525	13,6923077
525	5,6923077
525	5,6923077
526	13,6923077
526	37,6923077
526	30,6923077
526	23,6923077
527	3,6923077
527	8,6923077
527	14,6923077
527	8,6923077
528	6,6923077
528	3,6923077
528	-5,3076923
528	22,6923077
529	22,6923077
529	19,6923077
529	-26,3076923
529	30,6923077
530	31,6923077
530	-2,3076923
530	1,6923077
530	-4,3076923
531	16,6923077
531	9,6923077
531	26,6923077
531	4,6923077
532	11,6923077
532	-1,3076923
532	12,6923077
532	2,6923077
533	-1,3076923
533	-7,3076923
533	18,6923077
534	5,6923077
534	11,6923077
534	-12,3076923
534	-10,3076923
535	3,6923077
535	-28,3076923
535	11,6923077
535	20,6923077
536	30,6923077
536	34,6923077
536	1,6923077
536	-5,3076923
537	-5,3076923
537	-5,3076923
537	13,6923077
537	-19,3076923
538	-5,3076923
538	-3,3076923
538	4,6923077
538	-16,3076923
539	6,6923077
539	8,6923077
539	-11,3076923
539	17,6923077
540	17,6923077
540	-30,3076923
540	-3,3076923
540	10,6923077
541	8,6923077
541	-21,3076923
541	-25,3076923
541	-15,3076923
542	16,6923077
542	-17,3076923
542	11,6923077
543	-8,3076923
543	-9,3076923
543	-2,3076923
543	30,6923077
544	-13,3076923
544	-6,3076923
544	-9,3076923
544	1,6923077
545	-12,3076923
545	10,6923077
545	-8,3076923
545	-13,3076923
546	36,6923077
546	4,6923077
546	14,6923077
546	-5,3076923
547	-21,3076923
547	-2,3076923
547	18,6923077
547	-5,3076923
548	1,6923077
548	28,6923077
548	13,6923077
548	-6,3076923
549	4,6923077
549	40,6923077
549	26,6923077
549	6,6923077
550	34,6923077
550	3,6923077
550	19,6923077
550	20,6923077
551	-27,3076923
551	0,6923077
551	11,6923077
552	-10,3076923
552	-20,3076923
552	-6,3076923
552	32,6923077
553	25,6923077
553	-8,3076923
553	10,6923077
553	28,6923077
554	-0,3076923
554	-6,3076923
554	7,6923077
554	-15,3076923
555	24,6923077
555	17,6923077
555	7,6923077
555	4,6923077
556	13,6923077
556	9,6923077
556	-17,3076923
556	25,6923077
557	20,6923077
557	19,6923077
557	-10,3076923
557	0,6923077
558	9,6923077
558	-5,3076923
558	6,6923077
558	2,6923077
559	20,6923077
559	-0,3076923
559	-3,3076923
559	-3,3076923
560	19,6923077
560	40,6923077
560	-4,3076923
561	33,6923077
561	9,6923077
561	-5,3076923
561	6,6923077
562	9,6923077
562	-0,3076923
562	11,6923077
562	2,6923077
563	0,6923077
563	-1,3076923
563	-2,3076923
563	-5,3076923
564	-3,3076923
564	-12,3076923
564	-12,3076923
564	18,6923077
565	26,6923077
565	0,6923077
565	13,6923077
565	0,6923077
566	17,6923077
566	-2,3076923
566	9,6923077
566	17,6923077
567	4,6923077
567	-11,3076923
567	-5,3076923
567	-21,3076923
568	-9,3076923
568	25,6923077
568	17,6923077
568	12,6923077
569	4,6923077
569	26,6923077
569	4,6923077
569	-2,3076923
570	-12,3076923
570	-6,3076923
570	-5,3076923
571	0,6923077
571	9,6923077
571	5,6923077
571	14,6923077
572	-4,3076923
572	-6,3076923
572	4,6923077
572	-11,3076923
573	-2,3076923
573	-5,3076923
573	-5,3076923
573	-12,3076923
574	4,6923077
574	-16,3076923
574	-14,3076923
574	10,6923077
575	13,6923077
575	1,6923077
575	-7,3076923
575	3,6923077
576	4,6923077
576	2,6923077
576	50,6923077
576	-11,3076923
577	-7,3076923
577	16,6923077
577	4,6923077
577	6,6923077
578	12,6923077
578	17,6923077
578	-2,3076923
578	-0,3076923
579	20,6923077
579	-20,3076923
579	-27,3076923
579	-10,3076923
580	-2,3076923
580	3,6923077
580	-2,3076923
581	22,6923077
581	-3,3076923
581	8,6923077
581	-7,3076923
582	2,6923077
582	-10,3076923
582	35,6923077
582	23,6923077
583	-1,3076923
583	-3,3076923
583	-0,3076923
583	14,6923077
584	15,6923077
584	0,6923077
584	0,6923077
584	38,6923077
585	13,6923077
585	16,6923077
585	35,6923077
585	10,6923077
586	6,6923077
586	18,6923077
586	17,6923077
586	22,6923077
587	7,6923077
587	-29,3076923
587	-11,3076923
587	-21,3076923
588	-7,3076923
588	6,6923077
588	20,6923077
588	0,6923077
589	26,6923077
589	-3,3076923
589	9,6923077
589	-12,3076923
590	5,6923077
590	0,6923077
590	-27,3076923
590	16,6923077
591	-5,3076923
591	25,6923077
591	10,6923077
592	12,6923077
592	-9,3076923
592	0,6923077
592	7,6923077
593	4,6923077
593	-1,3076923
593	3,6923077
593	22,6923077
594	44,6923077
594	-11,3076923
594	17,6923077
594	9,6923077
595	-12,3076923
595	-19,3076923
595	11,6923077
595	4,6923077
596	-1,3076923
596	10,6923077
596	-12,3076923
596	17,6923077
597	15,6923077
597	6,6923077
597	-5,3076923
597	-2,3076923
598	19,6923077
598	3,6923077
598	-12,3076923
598	2,6923077
599	10,6923077
599	-3,3076923
599	4,6923077
599	-0,3076923
600	-4,3076923
600	3,6923077
600	-10,3076923
600	-9,3076923
601	-24,3076923
601	-11,3076923
601	19,6923077
601	-8,3076923
602	7,6923077
602	-5,3076923
602	13,6923077
603	16,6923077
603	-2,3076923
603	40,6923077
603	6,6923077
604	3,6923077
604	17,6923077
604	6,6923077
604	19,6923077
605	15,6923077
605	-0,3076923
605	5,6923077
605	5,6923077
606	35,6923077
606	-1,3076923
606	8,6923077
606	31,6923077
607	-7,3076923
607	13,6923077
607	15,6923077
607	29,6923077
608	-11,3076923
608	26,6923077
608	12,6923077
608	4,6923077
609	10,6923077
609	13,6923077
609	11,6923077
609	-31,3076923
610	-25,3076923
610	0,6923077
610	2,6923077
610	11,6923077
611	-5,3076923
611	14,6923077
611	-0,3076923
611	-4,3076923
612	-6,3076923
612	13,6923077
612	25,6923077
612	28,6923077
613	-1,3076923
613	34,6923077
613	20,6923077
613	2,6923077
614	24,6923077
614	11,6923077
614	-6,3076923
614	-3,3076923
615	-3,3076923
615	17,6923077
615	-3,3076923
616	-15,3076923
616	-10,3076923
616	1,6923077
616	-4,3076923
617	11,6923077
617	10,6923077
617	-4,3076923
617	-20,3076923
618	-5,3076923
618	8,6923077
618	10,6923077
618	28,6923077
619	5,6923077
619	0,6923077
619	6,6923077
619	-10,3076923
620	15,6923077
620	3,6923077
620	-14,3076923
620	-5,3076923
621	-7,3076923
621	14,6923077
621	-0,3076923
621	5,6923077
622	-1,3076923
622	-2,3076923
622	18,6923077
622	11,6923077
623	-31,3076923
623	22,6923077
623	5,6923077
623	2,6923077
624	-5,3076923
624	0,6923077
624	21,6923077
624	0,6923077
625	-3,3076923
625	7,6923077
625	-2,3076923
625	-1,3076923
626	28,6923077
626	8,6923077
626	5,6923077
626	28,6923077
627	9,6923077
627	-12,3076923
627	8,6923077
627	3,6923077
628	-11,3076923
628	7,6923077
628	17,6923077
629	14,6923077
629	2,6923077
629	5,6923077
629	2,6923077
630	20,6923077
630	13,6923077
630	18,6923077
630	17,6923077
631	-4,3076923
631	13,6923077
631	-7,3076923
631	23,6923077
632	13,6923077
632	17,6923077
632	-0,3076923
632	-0,3076923
633	15,6923077
633	20,6923077
633	-14,3076923
633	-5,3076923
634	7,6923077
634	-21,3076923
634	-0,3076923
634	-6,3076923
635	11,6923077
635	10,6923077
635	-11,3076923
635	26,6923077
636	9,6923077
636	11,6923077
636	-1,3076923
636	-2,3076923
637	-8,3076923
637	13,6923077
637	5,6923077
637	-10,3076923
638	11,6923077
638	13,6923077
638	6,6923077
638	17,6923077
639	4,6923077
639	-2,3076923
639	4,6923077
639	14,6923077
640	-15,3076923
640	24,6923077
640	-26,3076923
640	19,6923077
641	0,6923077
641	15,6923077
641	-4,3076923
641	-6,3076923
642	14,6923077
642	-3,3076923
642	-0,3076923
642	-10,3076923
643	8,6923077
643	-6,3076923
643	4,6923077
644	13,6923077
644	2,6923077
644	4,6923077
644	12,6923077
645	-0,3076923
645	4,6923077
645	5,6923077
645	-11,3076923
646	-25,3076923
646	15,6923077
646	7,6923077
646	20,6923077
647	5,6923077
647	12,6923077
647	-2,3076923
647	9,6923077
648	25,6923077
648	14,6923077
648	18,6923077
648	29,6923077
649	5,6923077
649	15,6923077
649	7,6923077
649	-0,3076923
650	10,6923077
650	3,6923077
650	18,6923077
650	-8,3076923
651	-5,3076923
651	28,6923077
651	-7,3076923
651	8,6923077
652	-4,3076923
652	0,6923077
652	4,6923077
652	-1,3076923
653	11,6923077
653	25,6923077
653	5,6923077
653	12,6923077
654	-0,3076923
654	6,6923077
654	26,6923077
654	21,6923077
655	14,6923077
655	20,6923077
655	4,6923077
655	9,6923077
656	7,6923077
656	14,6923077
656	-15,3076923
656	3,6923077
657	21,6923077
657	-0,3076923
657	23,6923077
657	12,6923077
658	-2,3076923
658	-0,3076923
658	-0,3076923
658	-6,3076923
659	5,6923077
659	27,6923077
659	7,6923077
660	15,6923077
660	6,6923077
660	18,6923077
660	18,6923077
661	1,6923077
661	9,6923077
661	-6,3076923
661	-0,3076923
662	16,6923077
662	32,6923077
662	18,6923077
662	21,6923077
663	-8,3076923
663	19,6923077
663	2,6923077
663	24,6923077
664	13,6923077
664	13,6923077
664	20,6923077
664	-9,3076923
665	19,6923077
665	-4,3076923
665	30,6923077
665	-4,3076923
666	2,6923077
666	16,6923077
666	34,6923077
666	11,6923077
667	11,6923077
667	4,6923077
667	17,6923077
667	-7,3076923
668	-18,3076923
668	-7,3076923
668	10,6923077
668	11,6923077
669	-3,3076923
669	-16,3076923
669	2,6923077
669	2,6923077
670	2,6923077
670	20,6923077
670	15,6923077
670	3,6923077
671	-1,3076923
671	34,6923077
671	3,6923077
671	11,6923077
672	3,6923077
672	11,6923077
672	27,6923077
672	19,6923077
673	29,6923077
673	-6,3076923
673	12,6923077
673	5,6923077
674	18,6923077
674	10,6923077
674	6,6923077
674	12,6923077
675	-19,3076923
675	2,6923077
675	-8,3076923
675	6,6923077
676	1,6923077
676	-6,3076923
676	-2,3076923
676	19,6923077
677	10,6923077
677	-8,3076923
677	-11,3076923
677	-9,3076923
678	22,6923077
678	2,6923077
678	13,6923077
678	11,6923077
679	13,6923077
679	5,6923077
679	15,6923077
680	20,6923077
680	-9,3076923
680	7,6923077
680	0,6923077
681	27,6923077
681	-6,3076923
681	-11,3076923
681	-5,3076923
682	18,6923077
682	8,6923077
682	14,6923077
682	-10,3076923
683	-20,3076923
683	11,6923077
683	0,6923077
683	19,6923077
684	-3,3076923
684	7,6923077
684	0,6923077
684	-6,3076923
685	15,6923077
685	-13,3076923
685	12,6923077
685	-1,3076923
686	14,6923077
686	9,6923077
686	9,6923077
686	20,6923077
687	17,6923077
687	2,6923077
687	6,6923077
687	13,6923077
688	-10,3076923
688	17,6923077
688	-17,3076923
688	1,6923077
689	5,6923077
689	-7,3076923
689	18,6923077
689	0,6923077
690	-14,3076923
690	-9,3076923
690	-16,3076923
690	-5,3076923
691	-2,3076923
691	9,6923077
691	10,6923077
691	28,6923077
692	5,6923077
692	-0,3076923
692	8,6923077
692	5,6923077
693	8,6923077
693	-11,3076923
693	5,6923077
693	-20,3076923
694	7,6923077
694	17,6923077
694	12,6923077
694	21,6923077
695	-19,3076923
695	16,6923077
695	2,6923077
695	-11,3076923
696	-1,3076923
696	7,6923077
696	-1,3076923
696	0,6923077
697	1,6923077
697	26,6923077
697	2,6923077
697	21,6923077
698	-14,3076923
698	13,6923077
698	-0,3076923
698	13,6923077
699	15,6923077
699	-21,3076923
699	10,6923077
699	-0,3076923
700	11,6923077
700	-8,3076923
700	-11,3076923
700	-13,3076923
701	20,6923077
701	-12,3076923
701	5,6923077
701	10,6923077
702	3,6923077
702	9,6923077
702	1,6923077
702	5,6923077
703	-5,3076923
703	3,6923077
703	15,6923077
703	-1,3076923
704	0,6923077
704	0,6923077
704	8,6923077
704	33,6923077
705	2,6923077
705	6,6923077
705	35,6923077
706	12,6923077
706	11,6923077
706	0,6923077
706	3,6923077
707	4,6923077
707	-9,3076923
707	11,6923077
707	1,6923077
708	8,6923077
708	15,6923077
708	-0,3076923
708	-6,3076923
709	7,6923077
709	16,6923077
709	5,6923077
709	-30,3076923
710	1,6923077
710	-0,3076923
710	5,6923077
710	13,6923077
711	-17,3076923
711	-4,3076923
711	3,6923077
711	-9,3076923
712	15,6923077
712	-1,3076923
712	-8,3076923
712	4,6923077
713	-10,3076923
713	12,6923077
713	13,6923077
713	2,6923077
714	30,6923077
714	10,6923077
714	3,6923077
714	12,6923077
715	6,6923077
715	-0,3076923
715	-6,3076923
715	-7,3076923
716	11,6923077
716	8,6923077
716	4,6923077
716	21,6923077
717	0,6923077
717	7,6923077
717	8,6923077
717	9,6923077
718	11,6923077
718	20,6923077
718	-20,3076923
718	-10,3076923
719	-5,3076923
719	-4,3076923
719	29,6923077
719	3,6923077
720	-8,3076923
720	-3,3076923
720	6,6923077
720	13,6923077
721	25,6923077
721	28,6923077
721	14,6923077
721	-15,3076923
722	15,6923077
722	2,6923077
722	-9,3076923
722	-13,3076923
723	30,6923077
723	0,6923077
723	-15,3076923
723	22,6923077
724	3,6923077
724	27,6923077
724	2,6923077
724	-12,3076923
725	-2,3076923
725	24,6923077
725	13,6923077
725	18,6923077
726	-13,3076923
726	9,6923077
726	27,6923077
726	27,6923077
727	8,6923077
727	-7,3076923
727	-3,3076923
727	-1,3076923
728	-7,3076923
728	-11,3076923
728	6,6923077
728	7,6923077
729	-5,3076923
729	17,6923077
729	8,6923077
729	12,6923077
730	6,6923077
730	-19,3076923
730	-0,3076923
730	-3,3076923
731	14,6923077
731	9,6923077
731	3,6923077
731	25,6923077
732	-9,3076923
732	5,6923077
732	3,6923077
732	29,6923077
733	27,6923077
733	-9,3076923
733	19,6923077
733	19,6923077
734	0,6923077
734	-14,3076923
734	-4,3076923
734	4,6923077
735	-15,3076923
735	7,6923077
735	44,6923077
735	22,6923077
736	-13,3076923
736	13,6923077
736	-8,3076923
736	12,6923077
737	23,6923077
737	-6,3076923
737	-4,3076923
737	6,6923077
738	2,6923077
738	7,6923077
738	-5,3076923
738	20,6923077
739	-6,3076923
739	3,6923077
739	-27,3076923
739	23,6923077
740	1,6923077
740	-2,3076923
740	1,6923077
740	-9,3076923
741	-24,3076923
741	-22,3076923
741	-19,3076923
741	11,6923077
742	3,6923077
742	13,6923077
742	-6,3076923
742	-27,3076923
743	1,6923077
743	32,6923077
743	-8,3076923
743	-5,3076923
744	8,6923077
744	11,6923077
744	24,6923077
744	-10,3076923
745	-17,3076923
745	-2,3076923
745	17,6923077
745	-0,3076923
746	-8,3076923
746	9,6923077
746	0,6923077
746	-0,3076923
747	6,6923077
747	17,6923077
747	4,6923077
747	-3,3076923
748	17,6923077
748	2,6923077
748	1,6923077
748	-1,3076923
749	-17,3076923
749	7,6923077
749	21,6923077
749	-16,3076923
750	7,6923077
750	-11,3076923
750	8,6923077
750	16,6923077
751	23,6923077
751	10,6923077
751	-2,3076923
751	8,6923077
752	22,6923077
752	-0,3076923
752	16,6923077
752	-0,3076923
753	-36,3076923
753	-11,3076923
753	-38,3076923
753	-7,3076923
754	14,6923077
754	-2,3076923
754	-16,3076923
754	12,6923077
755	1,6923077
755	-12,3076923
755	10,6923077
755	-5,3076923
756	-21,3076923
756	7,6923077
756	13,6923077
756	18,6923077
757	-18,3076923
757	12,6923077
757	0,6923077
757	-11,3076923
758	16,6923077
758	15,6923077
758	-8,3076923
758	34,6923077
759	14,6923077
759	25,6923077
759	11,6923077
759	-1,3076923
760	3,6923077
760	3,6923077
760	1,6923077
760	2,6923077
761	16,6923077
761	-0,3076923
761	-5,3076923
761	5,6923077
762	28,6923077
762	24,6923077
762	20,6923077
762	-7,3076923
763	5,6923077
763	0,6923077
763	4,6923077
763	35,6923077
764	8,6923077
764	9,6923077
764	8,6923077
764	-3,3076923
765	21,6923077
765	9,6923077
765	12,6923077
765	22,6923077
766	-2,3076923
766	9,6923077
766	13,6923077
766	7,6923077
767	-4,3076923
767	-3,3076923
767	1,6923077
767	1,6923077
768	18,6923077
768	-6,3076923
768	5,6923077
768	38,6923077
769	-8,3076923
769	-3,3076923
769	-18,3076923
769	-10,3076923
770	17,6923077
770	-4,3076923
770	-4,3076923
770	-11,3076923
771	-13,3076923
771	0,6923077
771	15,6923077
771	19,6923077
772	5,6923077
772	7,6923077
772	24,6923077
772	19,6923077
773	-23,3076923
773	-9,3076923
773	-3,3076923
773	-3,3076923
774	21,6923077
774	-9,3076923
774	-21,3076923
774	-0,3076923
775	-7,3076923
775	-10,3076923
775	11,6923077
775	10,6923077
776	-10,3076923
776	-4,3076923
776	34,6923077
776	-12,3076923
777	0,6923077
777	-2,3076923
777	-3,3076923
777	-7,3076923
778	20,6923077
778	12,6923077
778	27,6923077
778	-3,3076923
779	-2,3076923
779	20,6923077
779	18,6923077
779	29,6923077
780	39,6923077
780	-12,3076923
780	10,6923077
780	13,6923077
781	-9,3076923
781	-15,3076923
781	31,6923077
781	17,6923077
782	5,6923077
782	6,6923077
782	2,6923077
782	29,6923077
783	-3,3076923
783	3,6923077
783	-13,3076923
783	3,6923077
784	-1,3076923
784	21,6923077
784	4,6923077
784	-11,3076923
785	-4,3076923
785	31,6923077
785	-9,3076923
785	-3,3076923
786	-5,3076923
786	-19,3076923
786	-1,3076923
786	6,6923077
787	-9,3076923
787	-3,3076923
787	-7,3076923
787	-11,3076923
788	-26,3076923
788	13,6923077
788	-5,3076923
788	11,6923077
789	15,6923077
789	7,6923077
789	22,6923077
789	-5,3076923
790	-11,3076923
790	-10,3076923
790	5,6923077
790	25,6923077
791	14,6923077
791	-0,3076923
791	-3,3076923
791	-29,3076923
792	12,6923077
792	10,6923077
792	15,6923077
792	-7,3076923
793	12,6923077
793	7,6923077
793	-12,3076923
793	10,6923077
794	18,6923077
794	-5,3076923
794	-1,3076923
794	-20,3076923
795	2,6923077
795	5,6923077
795	4,6923077
795	15,6923077
796	3,6923077
796	23,6923077
796	-10,3076923
796	-2,3076923
797	-0,3076923
797	-18,3076923
797	19,6923077
797	15,6923077
798	-0,3076923
798	3,6923077
798	26,6923077
798	44,6923077
799	-12,3076923
799	2,6923077
799	4,6923077
799	-11,3076923
800	-0,3076923
800	16,6923077
800	14,6923077
800	-9,3076923
801	16,6923077
801	16,6923077
801	18,6923077
801	-6,3076923
802	3,6923077
802	8,6923077
802	20,6923077
802	4,6923077
803	1,6923077
803	-5,3076923
803	2,6923077
803	2,6923077
804	26,6923077
804	-13,3076923
804	-18,3076923
804	17,6923077
805	-6,3076923
805	-35,3076923
805	35,6923077
805	2,6923077
806	-2,3076923
806	19,6923077
806	35,6923077
806	0,6923077
807	-4,3076923
807	11,6923077
807	2,6923077
807	33,6923077
808	11,6923077
808	9,6923077
808	17,6923077
808	-10,3076923
809	-0,3076923
809	17,6923077
809	8,6923077
809	-7,3076923
810	0,6923077
810	-4,3076923
810	-5,3076923
810	8,6923077
811	2,6923077
811	-3,3076923
811	-7,3076923
811	17,6923077
812	11,6923077
812	9,6923077
812	-4,3076923
812	-2,3076923
813	-11,3076923
813	26,6923077
813	20,6923077
813	21,6923077
814	15,6923077
814	6,6923077
814	5,6923077
814	13,6923077
815	44,6923077
815	6,6923077
815	25,6923077
815	8,6923077
816	22,6923077
816	14,6923077
816	-2,3076923
816	-1,3076923
817	-0,3076923
817	20,6923077
817	-4,3076923
817	20,6923077
818	-20,3076923
818	3,6923077
818	-13,3076923
818	3,6923077
819	13,6923077
819	3,6923077
819	11,6923077
819	8,6923077
820	3,6923077
820	2,6923077
820	3,6923077
820	7,6923077
820	-27,3076923
821	-24,3076923
821	-20,3076923
821	-1,3076923
821	7,6923077
822	12,6923077
822	0,6923077
822	-15,3076923
822	0,6923077
823	-9,3076923
823	15,6923077
823	4,6923077
823	-0,3076923
824	2,6923077
824	26,6923077
824	17,6923077
824	15,6923077
825	3,6923077
825	2,6923077
825	-7,3076923
825	24,6923077
826	3,6923077
826	-6,3076923
826	-7,3076923
826	-13,3076923
827	-2,3076923
827	-6,3076923
827	6,6923077
827	-21,3076923
828	0,6923077
828	-14,3076923
828	-9,3076923
828	-0,3076923
829	14,6923077
829	14,6923077
829	25,6923077
829	3,6923077
830	12,6923077
830	29,6923077
830	3,6923077
830	14,6923077
831	16,6923077
831	11,6923077
831	-2,3076923
831	8,6923077
832	3,6923077
832	6,6923077
832	9,6923077
832	0,6923077
833	25,6923077
833	5,6923077
833	-18,3076923
833	17,6923077
834	39,6923077
834	30,6923077
834	6,6923077
834	8,6923077
835	-1,3076923
835	-2,3076923
835	4,6923077
835	24,6923077
836	9,6923077
836	-7,3076923
836	7,6923077
836	28,6923077
837	9,6923077
837	2,6923077
837	8,6923077
837	14,6923077
838	4,6923077
838	37,6923077
838	-0,3076923
838	8,6923077
839	24,6923077
839	-9,3076923
839	-3,3076923
839	17,6923077
840	9,6923077
840	-17,3076923
840	-14,3076923
840	3,6923077
841	11,6923077
841	34,6923077
841	25,6923077
841	-3,3076923
842	17,6923077
842	28,6923077
842	-18,3076923
842	8,6923077
843	5,6923077
843	11,6923077
843	22,6923077
843	11,6923077
844	-9,3076923
844	6,6923077
844	11,6923077
844	-21,3076923
845	-0,3076923
845	4,6923077
845	7,6923077
845	3,6923077
845	5,6923077
846	-30,3076923
846	17,6923077
846	19,6923077
846	-2,3076923
847	-13,3076923
847	-10,3076923
847	9,6923077
847	1,6923077
848	-6,3076923
848	-22,3076923
848	-2,3076923
848	8,6923077
849	16,6923077
849	4,6923077
849	-6,3076923
849	15,6923077
850	13,6923077
850	0,6923077
850	4,6923077
850	44,6923077
851	33,6923077
851	-9,3076923
851	5,6923077
851	-12,3076923
852	-30,3076923
852	-11,3076923
852	24,6923077
852	-9,3076923
853	-6,3076923
853	-11,3076923
853	-18,3076923
853	-14,3076923
854	-11,3076923
854	7,6923077
854	-9,3076923
854	-10,3076923
855	0,6923077
855	1,6923077
855	-0,3076923
855	3,6923077
856	-1,3076923
856	29,6923077
856	21,6923077
856	-0,3076923
857	-4,3076923
857	21,6923077
857	12,6923077
857	0,6923077
858	33,6923077
858	17,6923077
858	18,6923077
858	4,6923077
859	17,6923077
859	-14,3076923
859	22,6923077
859	6,6923077
860	4,6923077
860	-14,3076923
860	32,6923077
860	-3,3076923
861	7,6923077
861	15,6923077
861	14,6923077
861	0,6923077
862	-2,3076923
862	20,6923077
862	0,6923077
862	-8,3076923
863	-2,3076923
863	2,6923077
863	-2,3076923
863	23,6923077
864	6,6923077
864	-16,3076923
864	-8,3076923
864	5,6923077
864	0,6923077
865	13,6923077
865	-1,3076923
865	6,6923077
865	37,6923077
866	26,6923077
866	5,6923077
866	16,6923077
866	8,6923077
867	7,6923077
867	-2,3076923
867	-3,3076923
867	22,6923077
868	-5,3076923
868	-20,3076923
868	5,6923077
868	5,6923077
869	27,6923077
869	-1,3076923
869	-10,3076923
869	-3,3076923
870	33,6923077
870	-19,3076923
870	5,6923077
870	17,6923077
871	-2,3076923
871	-18,3076923
871	-10,3076923
871	-15,3076923
872	0,6923077
872	-24,3076923
872	-12,3076923
872	16,6923077
873	-2,3076923
873	-18,3076923
873	-17,3076923
873	12,6923077
874	10,6923077
874	12,6923077
874	-5,3076923
874	-18,3076923
875	4,6923077
875	-25,3076923
875	-15,3076923
875	17,6923077
876	-19,3076923
876	-10,3076923
876	8,6923077
876	-1,3076923
877	25,6923077
877	-2,3076923
877	16,6923077
877	3,6923077
878	-7,3076923
878	-18,3076923
878	34,6923077
878	48,6923077
879	21,6923077
879	-5,3076923
879	0,6923077
879	-7,3076923
880	-7,3076923
880	6,6923077
880	9,6923077
880	12,6923077
880	11,6923077
881	32,6923077
881	6,6923077
881	4,6923077
881	-4,3076923
882	-5,3076923
882	1,6923077
882	1,6923077
882	-15,3076923
883	4,6923077
883	-3,3076923
883	-4,3076923
883	-12,3076923
884	16,6923077
884	13,6923077
884	-6,3076923
884	4,6923077
885	11,6923077
885	3,6923077
885	6,6923077
885	-3,3076923
886	-0,3076923
886	-8,3076923
886	3,6923077
886	-2,3076923
887	-3,3076923
887	-1,3076923
887	-21,3076923
887	-23,3076923
888	13,6923077
888	-10,3076923
888	9,6923077
888	-7,3076923
889	-6,3076923
889	17,6923077
889	-18,3076923
889	6,6923077
890	9,6923077
890	-24,3076923
890	15,6923077
890	8,6923077
891	11,6923077
891	0,6923077
891	11,6923077
891	22,6923077
892	8,6923077
892	-8,3076923
892	-25,3076923
892	30,6923077
893	-9,3076923
893	-20,3076923
893	-15,3076923
893	20,6923077
894	1,6923077
894	-0,3076923
894	5,6923077
894	-6,3076923
894	-6,3076923
895	4,6923077
895	21,6923077
895	-8,3076923
895	6,6923077
896	23,6923077
896	6,6923077
896	14,6923077
896	27,6923077
897	41,6923077
897	35,6923077
897	42,6923077
897	26,6923077
898	-6,3076923
898	0,6923077
898	-2,3076923
898	17,6923077
899	17,6923077
899	-5,3076923
899	4,6923077
899	-9,3076923
900	15,6923077
900	28,6923077
900	8,6923077
900	15,6923077
901	24,6923077
901	19,6923077
901	7,6923077
901	-7,3076923
902	-6,3076923
902	3,6923077
902	3,6923077
902	-23,3076923
903	-1,3076923
903	4,6923077
903	-6,3076923
903	17,6923077
904	-0,3076923
904	-4,3076923
904	3,6923077
904	33,6923077
905	0,6923077
905	21,6923077
905	0,6923077
905	31,6923077
906	14,6923077
906	1,6923077
906	7,6923077
906	18,6923077
906	0,6923077
907	18,6923077
907	22,6923077
907	3,6923077
907	18,6923077
908	16,6923077
908	20,6923077
908	39,6923077
908	-23,3076923
909	-10,3076923
909	-10,3076923
909	-1,3076923
909	-6,3076923
910	-0,3076923
910	-21,3076923
910	2,6923077
910	0,6923077
911	-8,3076923
911	-12,3076923
911	18,6923077
911	11,6923077
912	-2,3076923
912	12,6923077
912	2,6923077
912	27,6923077
913	-3,3076923
913	-16,3076923
913	6,6923077
913	3,6923077
914	9,6923077
914	-4,3076923
914	22,6923077
914	-12,3076923
915	-14,3076923
915	-23,3076923
915	14,6923077
915	31,6923077
916	0,6923077
916	21,6923077
916	5,6923077
916	17,6923077
917	-2,3076923
917	16,6923077
917	6,6923077
917	-4,3076923
917	-5,3076923
918	12,6923077
918	27,6923077
918	-9,3076923
918	9,6923077
919	-6,3076923
919	-1,3076923
919	36,6923077
919	-0,3076923
920	7,6923077
920	8,6923077
920	8,6923077
920	31,6923077
921	12,6923077
921	18,6923077
921	2,6923077
921	-7,3076923
922	-22,3076923
922	4,6923077
922	4,6923077
922	3,6923077
923	-4,3076923
923	19,6923077
923	-10,3076923
923	5,6923077
924	-5,3076923
924	25,6923077
924	-11,3076923
924	1,6923077
925	-5,3076923
925	14,6923077
925	15,6923077
925	18,6923077
926	20,6923077
926	3,6923077
926	9,6923077
926	22,6923077
927	2,6923077
927	15,6923077
927	3,6923077
927	-4,3076923
928	-19,3076923
928	-12,3076923
928	-4,3076923
928	2,6923077
928	18,6923077
929	23,6923077
929	-3,3076923
929	0,6923077
929	-33,3076923
930	-7,3076923
930	8,6923077
930	2,6923077
930	-2,3076923
931	-3,3076923
931	4,6923077
931	23,6923077
931	19,6923077
932	2,6923077
932	-25,3076923
932	-11,3076923
932	2,6923077
933	32,6923077
933	4,6923077
933	32,6923077
933	4,6923077
934	3,6923077
934	38,6923077
934	3,6923077
934	0,6923077
935	51,6923077
935	-3,3076923
935	-6,3076923
935	4,6923077
936	0,6923077
936	5,6923077
936	-6,3076923
936	1,6923077
937	13,6923077
937	22,6923077
937	11,6923077
937	14,6923077
938	7,6923077
938	14,6923077
938	12,6923077
938	30,6923077
938	12,6923077
939	24,6923077
939	11,6923077
939	22,6923077
939	18,6923077
940	9,6923077
940	10,6923077
940	-15,3076923
940	3,6923077
941	-1,3076923
941	-11,3076923
941	-8,3076923
941	-5,3076923
942	-0,3076923
942	-10,3076923
942	5,6923077
942	15,6923077
943	6,6923077
943	1,6923077
943	3,6923077
943	-2,3076923
944	-24,3076923
944	12,6923077
944	7,6923077
944	-7,3076923
945	-20,3076923
945	-0,3076923
945	6,6923077
945	2,6923077
946	13,6923077
946	23,6923077
946	4,6923077
946	1,6923077
947	21,6923077
947	7,6923077
947	8,6923077
947	3,6923077
947	1,6923077
948	0,6923077
948	3,6923077
948	22,6923077
948	19,6923077
949	17,6923077
949	-6,3076923
949	28,6923077
949	22,6923077
950	16,6923077
950	-2,3076923
950	-13,3076923
950	7,6923077
951	7,6923077
951	12,6923077
951	-1,3076923
951	-2,3076923
952	3,6923077
952	21,6923077
952	6,6923077
952	44,6923077
953	-9,3076923
953	24,6923077
953	15,6923077
953	1,6923077
954	-32,3076923
954	9,6923077
954	6,6923077
954	6,6923077
955	11,6923077
955	17,6923077
955	3,6923077
955	-32,3076923
956	3,6923077
956	27,6923077
956	-1,3076923
956	-1,3076923
956	-3,3076923
957	31,6923077
957	7,6923077
957	5,6923077
957	-3,3076923
958	14,6923077
958	-8,3076923
958	-1,3076923
958	36,6923077
959	14,6923077
959	11,6923077
959	-2,3076923
959	-13,3076923
960	6,6923077
960	16,6923077
960	5,6923077
960	11,6923077
961	14,6923077
961	-3,3076923
961	-10,3076923
961	-6,3076923
962	15,6923077
962	-13,3076923
962	10,6923077
962	33,6923077
963	5,6923077
963	2,6923077
963	25,6923077
963	5,6923077
964	-3,3076923
964	12,6923077
964	6,6923077
964	-14,3076923
964	-14,3076923
965	3,6923077
965	-4,3076923
965	19,6923077
965	-22,3076923
966	4,6923077
966	1,6923077
966	1,6923077
966	25,6923077
967	9,6923077
967	-1,3076923
967	22,6923077
967	-9,3076923
968	12,6923077
968	7,6923077
968	11,6923077
968	24,6923077
969	9,6923077
969	-14,3076923
969	14,6923077
969	8,6923077
970	7,6923077
970	-15,3076923
970	27,6923077
970	9,6923077
971	1,6923077
971	0,6923077
971	-14,3076923
971	21,6923077
972	8,6923077
972	10,6923077
972	8,6923077
972	18,6923077
972	-3,3076923
973	-21,3076923
973	-4,3076923
973	0,6923077
973	-14,3076923
974	-11,3076923
974	0,6923077
974	17,6923077
974	2,6923077
975	1,6923077
975	3,6923077
975	22,6923077
975	-0,3076923
976	-6,3076923
976	-14,3076923
976	2,6923077
976	4,6923077
977	15,6923077
977	-8,3076923
977	-2,3076923
977	20,6923077
978	41,6923077
978	22,6923077
978	-3,3076923
978	8,6923077
979	3,6923077
979	7,6923077
979	14,6923077
979	22,6923077
980	-8,3076923
980	15,6923077
980	-11,3076923
980	-2,3076923
980	-19,3076923
981	-10,3076923
981	5,6923077
981	28,6923077
981	-3,3076923
982	4,6923077
982	13,6923077
982	22,6923077
982	17,6923077
983	-5,3076923
983	2,6923077
983	-4,3076923
983	6,6923077
984	20,6923077
984	-5,3076923
984	6,6923077
984	-11,3076923
985	18,6923077
985	15,6923077
985	0,6923077
985	1,6923077
986	-1,3076923
986	-9,3076923
986	19,6923077
986	11,6923077
987	-5,3076923
987	16,6923077
987	20,6923077
987	-30,3076923
988	-10,3076923
988	-18,3076923
988	-28,3076923
988	23,6923077
988	-1,3076923
989	3,6923077
989	8,6923077
989	4,6923077
989	-14,3076923
990	0,6923077
990	-6,3076923
990	-15,3076923
990	-13,3076923
991	-13,3076923
991	9,6923077
991	-2,3076923
991	2,6923077
992	-3,3076923
992	-0,3076923
992	3,6923077
992	22,6923077
993	7,6923077
993	12,6923077
993	-16,3076923
993	9,6923077
994	11,6923077
994	3,6923077
994	8,6923077
994	-13,3076923
995	8,6923077
995	-5,3076923
995	9,6923077
995	33,6923077
995	19,6923077
996	-3,3076923
996	19,6923077
996	11,6923077
996	1,6923077
997	12,6923077
997	-23,3076923
997	-6,3076923
997	38,6923077
998	9,6923077
998	8,6923077
998	12,6923077
998	30,6923077
999	21,6923077
999	-10,3076923
999	11,6923077
999	-17,3076923
1000	1,6923077
1000	33,6923077
1000	17,6923077
1000	-3,3076923
1001	-0,3076923
1001	28,6923077
1001	29,6923077
1001	-6,3076923
1002	-0,3076923
1002	12,6923077
1002	17,6923077
1002	31,6923077
1002	0,6923077
1003	-2,3076923
1003	2,6923077
1003	28,6923077
1003	13,6923077
1004	9,6923077
1004	11,6923077
1004	15,6923077
1004	21,6923077
1005	-6,3076923
1005	5,6923077
1005	8,6923077
1005	4,6923077
1006	-13,3076923
1006	34,6923077
1006	25,6923077
1006	19,6923077
1007	-1,3076923
1007	12,6923077
1007	-23,3076923
1007	0,6923077
1008	-26,3076923
1008	27,6923077
1008	14,6923077
1008	17,6923077
1008	3,6923077
1009	25,6923077
1009	9,6923077
1009	27,6923077
1009	-1,3076923
1010	-4,3076923
1010	-8,3076923
1010	1,6923077
1010	7,6923077
1011	14,6923077
1011	-0,3076923
1011	12,6923077
1011	16,6923077
1012	-3,3076923
1012	-0,3076923
1012	8,6923077
1012	10,6923077
1013	7,6923077
1013	7,6923077
1013	32,6923077
1013	-19,3076923
1014	2,6923077
1014	10,6923077
1014	37,6923077
1014	4,6923077
1015	5,6923077
1015	3,6923077
1015	2,6923077
1015	15,6923077
1015	23,6923077
1016	11,6923077
1016	20,6923077
1016	1,6923077
1016	-14,3076923
1017	33,6923077
1017	3,6923077
1017	-6,3076923
1017	4,6923077
1018	13,6923077
1018	23,6923077
1018	-18,3076923
1018	6,6923077
1019	-29,3076923
1019	16,6923077
1019	3,6923077
1019	9,6923077
1020	-12,3076923
1020	-4,3076923
1020	2,6923077
1020	13,6923077
1021	25,6923077
1021	12,6923077
1021	21,6923077
1021	9,6923077
1021	-10,3076923
1022	-2,3076923
1022	6,6923077
1022	-7,3076923
1022	10,6923077
1023	-23,3076923
1023	12,6923077
1023	9,6923077
1023	-0,3076923
1024	8,6923077
1024	-23,3076923
1024	1,6923077
1024	14,6923077
1025	2,6923077
1025	-11,3076923
1025	-29,3076923
1025	7,6923077
1026	6,6923077
1026	18,6923077
1026	4,6923077
1026	25,6923077
1027	11,6923077
1027	4,6923077
1027	5,6923077
1027	27,6923077
1027	-7,3076923
1028	-20,3076923
1028	-11,3076923
1028	-2,3076923
1028	9,6923077
1029	-7,3076923
1029	3,6923077
1029	13,6923077
1029	13,6923077
1030	35,6923077
1030	18,6923077
1030	3,6923077
1030	11,6923077
1031	32,6923077
1031	31,6923077
1031	37,6923077
1031	-14,3076923
1032	6,6923077
1032	22,6923077
1032	3,6923077
1032	8,6923077
1033	1,6923077
1033	6,6923077
1033	12,6923077
1033	1,6923077
1034	21,6923077
1034	6,6923077
1034	-18,3076923
1034	-15,3076923
1034	6,6923077
1035	21,6923077
1035	-22,3076923
1035	3,6923077
1035	13,6923077
1036	19,6923077
1036	10,6923077
1036	3,6923077
1036	4,6923077
1037	4,6923077
1037	28,6923077
1037	1,6923077
1037	29,6923077
1038	19,6923077
1038	-1,3076923
1038	-1,3076923
1038	11,6923077
1039	-0,3076923
1039	12,6923077
1039	4,6923077
1039	-12,3076923
1039	-8,3076923
1040	-8,3076923
1040	25,6923077
1040	5,6923077
1040	8,6923077
1041	8,6923077
1041	-18,3076923
1041	10,6923077
1041	21,6923077
1042	26,6923077
1042	10,6923077
1042	18,6923077
1042	15,6923077
1043	7,6923077
1043	25,6923077
1043	9,6923077
1043	-8,3076923
1044	-1,3076923
1044	-37,3076923
1044	13,6923077
1044	-6,3076923
1045	2,6923077
1045	-9,3076923
1045	15,6923077
1045	-6,3076923
1045	-4,3076923
1046	-7,3076923
1046	10,6923077
1046	9,6923077
1046	6,6923077
1047	3,6923077
1047	19,6923077
1047	-17,3076923
1047	17,6923077
1048	10,6923077
1048	18,6923077
1048	2,6923077
1048	-4,3076923
1049	-3,3076923
1049	8,6923077
1049	8,6923077
1049	-0,3076923
1050	-33,3076923
1050	-14,3076923
1050	6,6923077
1050	-0,3076923
1051	3,6923077
1051	2,6923077
1051	-19,3076923
1051	-11,3076923
1051	-0,3076923
1052	12,6923077
1052	-4,3076923
1052	-3,3076923
1052	-12,3076923
1053	8,6923077
1053	14,6923077
1053	2,6923077
1053	22,6923077
1054	10,6923077
1054	-4,3076923
1054	-0,3076923
1054	-6,3076923
1055	15,6923077
1055	-0,3076923
1055	0,6923077
1055	-6,3076923
1056	-0,3076923
1056	-8,3076923
1056	-2,3076923
1056	-1,3076923
1056	1,6923077
1057	30,6923077
1057	10,6923077
1057	5,6923077
1057	32,6923077
1058	-2,3076923
1058	-0,3076923
1058	0,6923077
1058	21,6923077
1059	24,6923077
1059	-29,3076923
1059	-14,3076923
1059	11,6923077
1060	11,6923077
1060	29,6923077
1060	4,6923077
1060	40,6923077
1061	14,6923077
1061	8,6923077
1061	10,6923077
1061	14,6923077
1062	19,6923077
1062	4,6923077
1062	4,6923077
1062	20,6923077
1062	15,6923077
1063	10,6923077
1063	-9,3076923
1063	20,6923077
1063	11,6923077
1064	-6,3076923
1064	6,6923077
1064	-0,3076923
1064	-13,3076923
1065	3,6923077
1065	-13,3076923
1065	-18,3076923
1065	3,6923077
1066	22,6923077
1066	5,6923077
1066	-5,3076923
1066	27,6923077
1067	-9,3076923
1067	4,6923077
1067	15,6923077
1067	0,6923077
1067	15,6923077
1068	0,6923077
1068	13,6923077
1068	9,6923077
1068	-11,3076923
1069	10,6923077
1069	-10,3076923
1069	10,6923077
1069	19,6923077
1070	3,6923077
1070	0,6923077
1070	-19,3076923
1070	9,6923077
1071	3,6923077
1071	9,6923077
1071	1,6923077
1071	9,6923077
1072	25,6923077
1072	22,6923077
1072	8,6923077
1072	-7,3076923
1072	14,6923077
1073	3,6923077
1073	-1,3076923
1073	-19,3076923
1073	-15,3076923
1074	16,6923077
1074	17,6923077
1074	5,6923077
1074	15,6923077
1075	8,6923077
1075	10,6923077
1075	9,6923077
1075	-3,3076923
1076	29,6923077
1076	19,6923077
1076	3,6923077
1076	13,6923077
1077	23,6923077
1077	19,6923077
1077	4,6923077
1077	-19,3076923
1077	5,6923077
1078	-8,3076923
1078	8,6923077
1078	10,6923077
1078	9,6923077
1079	14,6923077
1079	21,6923077
1079	15,6923077
1079	22,6923077
1080	-1,3076923
1080	-22,3076923
1080	-17,3076923
1080	3,6923077
1081	-13,3076923
1081	-8,3076923
1081	20,6923077
1081	19,6923077
1082	24,6923077
1082	-2,3076923
1082	18,6923077
1082	9,6923077
1082	-2,3076923
1083	-2,3076923
1083	10,6923077
1083	-2,3076923
1083	-7,3076923
1084	-0,3076923
1084	-0,3076923
1084	21,6923077
1084	25,6923077
1085	-7,3076923
1085	-3,3076923
1085	45,6923077
1085	16,6923077
1086	-11,3076923
1086	-26,3076923
1086	-6,3076923
1086	14,6923077
1087	11,6923077
1087	8,6923077
1087	-4,3076923
1087	-7,3076923
1087	8,6923077
1088	7,6923077
1088	21,6923077
1088	-19,3076923
1088	9,6923077
1089	17,6923077
1089	20,6923077
1089	-20,3076923
1089	22,6923077
1090	17,6923077
1090	-1,3076923
1090	1,6923077
1090	19,6923077
1091	-8,3076923
1091	9,6923077
1091	13,6923077
1091	4,6923077
1092	31,6923077
1092	15,6923077
1092	-4,3076923
1092	2,6923077
1092	6,6923077
1093	-11,3076923
1093	10,6923077
1093	13,6923077
1093	0,6923077
1094	-6,3076923
1094	-16,3076923
1094	5,6923077
1094	27,6923077
1095	4,6923077
1095	35,6923077
1095	17,6923077
1095	-1,3076923
1096	1,6923077
1096	-27,3076923
1096	-18,3076923
1096	5,6923077
1097	16,6923077
1097	-24,3076923
1097	-9,3076923
1097	8,6923077
1097	22,6923077
1098	-2,3076923
1098	15,6923077
1098	4,6923077
1098	-10,3076923
1099	7,6923077
1099	7,6923077
1099	25,6923077
1099	16,6923077
1100	-2,3076923
1100	-23,3076923
1100	20,6923077
1100	6,6923077
1101	-5,3076923
1101	14,6923077
1101	22,6923077
1101	-13,3076923
1101	13,6923077
1102	5,6923077
1102	1,6923077
1102	-14,3076923
1102	-8,3076923
1103	12,6923077
1103	-17,3076923
1103	-6,3076923
1103	-1,3076923
1104	-1,3076923
1104	-17,3076923
1104	14,6923077
1104	-1,3076923
1105	19,6923077
1105	15,6923077
1105	19,6923077
1105	37,6923077
1106	33,6923077
1106	-20,3076923
1106	6,6923077
1106	3,6923077
1106	-4,3076923
1107	15,6923077
1107	26,6923077
1107	25,6923077
1107	20,6923077
1108	3,6923077
1108	-10,3076923
1108	10,6923077
1108	-18,3076923
1109	14,6923077
1109	15,6923077
1109	-21,3076923
1109	0,6923077
1110	6,6923077
1110	29,6923077
1110	10,6923077
1110	-3,3076923
1110	-7,3076923
1111	6,6923077
1111	32,6923077
1111	-21,3076923
1111	-6,3076923
1112	-9,3076923
1112	-0,3076923
1112	8,6923077
1112	-0,3076923
1113	-17,3076923
1113	-31,3076923
1113	-15,3076923
1113	25,6923077
1114	21,6923077
1114	7,6923077
1114	18,6923077
1114	13,6923077
1115	11,6923077
1115	-0,3076923
1115	0,6923077
1115	-2,3076923
1115	11,6923077
1116	-5,3076923
1116	6,6923077
1116	0,6923077
1116	-2,3076923
1117	18,6923077
1117	-9,3076923
1117	9,6923077
1117	13,6923077
1118	13,6923077
