196	-28,4615385
196	-28,4615385
196	-28,4615385
197	-10,4615385
197	-12,4615385
197	33,5384615
197	5,5384615
198	20,5384615
198	19,5384615
198	-7,4615385
199	9,5384615
199	18,5384615
199	8,5384615
199	-9,4615385
200	22,5384615
200	9,5384615
200	10,5384615
200	19,5384615
201	-6,4615385
201	8,5384615
201	26,5384615
201	17,5384615
202	40,5384615
202	26,5384615
202	-26,4615385
203	9,5384615
203	12,5384615
203	-7,4615385
203	-3,4615385
204	37,5384615
204	34,5384615
204	-20,4615385
204	11,5384615
205	-2,4615385
205	-15,4615385
205	-2,4615385
205	15,5384615
206	-7,4615385
206	15,5384615
206	27,5384615
207	8,5384615
207	-4,4615385
207	7,5384615
207	-7,4615385
208	9,5384615
208	6,5384615
208	4,5384615
208	11,5384615
209	-1,4615385
209	9,5384615
209	4,5384615
209	-24,4615385
210	21,5384615
210	11,5384615
210	13,5384615
211	-0,4615385
211	23,5384615
211	-15,4615385
211	-5,4615385
212	8,5384615
212	12,5384615
212	1,5384615
212	5,5384615
213	20,5384615
213	-7,4615385
213	-1,4615385
213	33,5384615
214	15,5384615
214	-4,4615385
214	-0,4615385
215	-1,4615385
215	-10,4615385
215	-15,4615385
215	-1,4615385
216	14,5384615
216	14,5384615
216	34,5384615
216	15,5384615
217	15,5384615
217	5,5384615
217	-2,4615385
217	0,5384615
218	-6,4615385
218	-10,4615385
218	-9,4615385
219	14,5384615
219	8,5384615
219	14,5384615
219	20,5384615
220	9,5384615
220	14,5384615
220	-1,4615385
220	2,5384615
221	7,5384615
221	5,5384615
221	21,5384615
221	6,5384615
222	15,5384615
222	17,5384615
222	24,5384615
223	35,5384615
223	-0,4615385
223	-3,4615385
223	-31,4615385
224	3,5384615
224	-16,4615385
224	0,5384615
224	2,5384615
225	13,5384615
225	-7,4615385
225	14,5384615
225	18,5384615
226	20,5384615
226	-3,4615385
226	30,5384615
227	9,5384615
227	-24,4615385
227	18,5384615
227	41,5384615
228	9,5384615
228	-9,4615385
228	15,5384615
228	25,5384615
229	13,5384615
229	-15,4615385
229	-6,4615385
229	24,5384615
230	32,5384615
230	7,5384615
230	15,5384615
231	-1,4615385
231	3,5384615
231	-13,4615385
231	23,5384615
232	25,5384615
232	27,5384615
232	15,5384615
232	13,5384615
233	-8,4615385
233	26,5384615
233	26,5384615
233	16,5384615
234	-14,4615385
234	-0,4615385
234	8,5384615
235	18,5384615
235	15,5384615
235	-3,4615385
235	7,5384615
236	15,5384615
236	17,5384615
236	-3,4615385
236	-7,4615385
237	24,5384615
237	-0,4615385
237	23,5384615
237	7,5384615
238	29,5384615
238	0,5384615
238	10,5384615
239	13,5384615
239	-13,4615385
239	-6,4615385
239	-5,4615385
240	-4,4615385
240	7,5384615
240	-13,4615385
240	20,5384615
241	3,5384615
241	17,5384615
241	-9,4615385
241	19,5384615
242	-13,4615385
242	-8,4615385
242	-17,4615385
243	9,5384615
243	26,5384615
243	-13,4615385
243	-19,4615385
244	-30,4615385
244	-17,4615385
244	-9,4615385
244	-13,4615385
245	4,5384615
245	21,5384615
245	-14,4615385
245	-5,4615385
246	-8,4615385
246	17,5384615
246	-14,4615385
247	-23,4615385
247	16,5384615
247	19,5384615
247	31,5384615
248	13,5384615
248	21,5384615
248	-3,4615385
248	22,5384615
249	5,5384615
249	-6,4615385
249	-13,4615385
249	6,5384615
250	18,5384615
250	18,5384615
250	5,5384615
251	5,5384615
251	16,5384615
251	21,5384615
251	-30,4615385
252	-19,4615385
252	29,5384615
252	45,5384615
252	7,5384615
253	1,5384615
253	36,5384615
253	-2,4615385
253	36,5384615
254	16,5384615
254	21,5384615
254	17,5384615
254	14,5384615
255	-11,4615385
255	-1,4615385
255	-9,4615385
256	-3,4615385
256	-4,4615385
256	12,5384615
256	5,5384615
257	13,5384615
257	5,5384615
257	10,5384615
257	12,5384615
258	17,5384615
258	1,5384615
258	4,5384615
258	-3,4615385
259	15,5384615
259	18,5384615
259	12,5384615
260	-11,4615385
260	-18,4615385
260	-3,4615385
260	-7,4615385
261	4,5384615
261	18,5384615
261	1,5384615
261	-2,4615385
262	9,5384615
262	23,5384615
262	12,5384615
262	-5,4615385
263	51,5384615
263	18,5384615
263	27,5384615
264	18,5384615
264	21,5384615
264	8,5384615
264	1,5384615
265	-2,4615385
265	8,5384615
265	19,5384615
265	-22,4615385
266	8,5384615
266	11,5384615
266	0,5384615
266	-17,4615385
267	23,5384615
267	8,5384615
267	28,5384615
268	25,5384615
268	28,5384615
268	26,5384615
268	39,5384615
269	26,5384615
269	17,5384615
269	-6,4615385
269	12,5384615
270	11,5384615
270	-4,4615385
270	11,5384615
270	17,5384615
271	31,5384615
271	24,5384615
271	26,5384615
271	-5,4615385
272	12,5384615
272	12,5384615
272	0,5384615
273	9,5384615
273	19,5384615
273	-16,4615385
273	5,5384615
274	17,5384615
274	6,5384615
274	23,5384615
274	4,5384615
275	18,5384615
275	-0,4615385
275	0,5384615
275	-0,4615385
276	34,5384615
276	20,5384615
276	-25,4615385
277	17,5384615
277	28,5384615
277	25,5384615
277	9,5384615
278	9,5384615
278	31,5384615
278	9,5384615
278	0,5384615
279	-3,4615385
279	-3,4615385
279	24,5384615
279	27,5384615
280	-0,4615385
280	3,5384615
280	11,5384615
280	0,5384615
281	21,5384615
281	20,5384615
281	-9,4615385
282	35,5384615
282	36,5384615
282	1,5384615
282	6,5384615
283	-20,4615385
283	-33,4615385
283	-3,4615385
283	28,5384615
284	9,5384615
284	-1,4615385
284	-2,4615385
284	16,5384615
285	8,5384615
285	1,5384615
285	-24,4615385
286	11,5384615
286	0,5384615
286	-7,4615385
286	-9,4615385
287	13,5384615
287	-5,4615385
287	0,5384615
287	26,5384615
288	18,5384615
288	23,5384615
288	6,5384615
288	7,5384615
289	31,5384615
289	-7,4615385
289	-12,4615385
290	6,5384615
290	-2,4615385
290	21,5384615
290	-5,4615385
291	13,5384615
291	20,5384615
291	9,5384615
291	-6,4615385
292	34,5384615
292	14,5384615
292	-1,4615385
292	35,5384615
293	11,5384615
293	14,5384615
293	33,5384615
293	27,5384615
294	-7,4615385
294	-1,4615385
294	16,5384615
295	3,5384615
295	14,5384615
295	-9,4615385
295	6,5384615
296	0,5384615
296	2,5384615
296	0,5384615
296	-0,4615385
297	-0,4615385
297	26,5384615
297	10,5384615
297	2,5384615
298	13,5384615
298	-2,4615385
298	4,5384615
299	-23,4615385
299	32,5384615
299	11,5384615
299	0,5384615
300	-2,4615385
300	-3,4615385
300	-5,4615385
300	5,5384615
301	-3,4615385
301	8,5384615
301	-20,4615385
301	-12,4615385
302	-2,4615385
302	0,5384615
302	15,5384615
302	31,5384615
303	9,5384615
303	12,5384615
303	7,5384615
304	12,5384615
304	13,5384615
304	25,5384615
304	17,5384615
305	24,5384615
305	35,5384615
305	4,5384615
305	-5,4615385
306	3,5384615
306	-27,4615385
306	9,5384615
306	31,5384615
307	17,5384615
307	37,5384615
307	8,5384615
307	15,5384615
308	-0,4615385
308	18,5384615
308	5,5384615
309	23,5384615
309	14,5384615
309	28,5384615
309	18,5384615
310	-2,4615385
310	-3,4615385
310	-1,4615385
310	-8,4615385
311	20,5384615
311	33,5384615
311	38,5384615
311	2,5384615
312	6,5384615
312	12,5384615
312	-2,4615385
313	5,5384615
313	3,5384615
313	-1,4615385
313	20,5384615
314	5,5384615
314	-14,4615385
314	0,5384615
314	11,5384615
315	4,5384615
315	24,5384615
315	13,5384615
315	11,5384615
316	14,5384615
316	13,5384615
316	-5,4615385
316	4,5384615
317	3,5384615
317	4,5384615
317	4,5384615
318	2,5384615
318	-13,4615385
318	-4,4615385
318	27,5384615
319	16,5384615
319	9,5384615
319	6,5384615
319	17,5384615
320	20,5384615
320	5,5384615
320	19,5384615
320	2,5384615
321	11,5384615
321	0,5384615
321	-3,4615385
321	12,5384615
322	27,5384615
322	11,5384615
322	22,5384615
323	1,5384615
323	8,5384615
323	-7,4615385
323	22,5384615
324	6,5384615
324	-6,4615385
324	-22,4615385
324	6,5384615
325	6,5384615
325	-17,4615385
325	-5,4615385
325	9,5384615
326	22,5384615
326	-10,4615385
326	-4,4615385
327	3,5384615
327	42,5384615
327	6,5384615
327	-7,4615385
328	4,5384615
328	1,5384615
328	1,5384615
328	10,5384615
329	-8,4615385
329	-3,4615385
329	9,5384615
329	20,5384615
330	16,5384615
330	0,5384615
330	24,5384615
330	13,5384615
331	-6,4615385
331	-22,4615385
331	26,5384615
332	9,5384615
332	35,5384615
332	12,5384615
332	16,5384615
333	15,5384615
333	8,5384615
333	17,5384615
333	6,5384615
334	18,5384615
334	14,5384615
334	37,5384615
334	22,5384615
335	6,5384615
335	9,5384615
335	15,5384615
335	31,5384615
336	-5,4615385
336	58,5384615
336	9,5384615
337	1,5384615
337	17,5384615
337	10,5384615
337	28,5384615
338	15,5384615
338	31,5384615
338	0,5384615
338	29,5384615
339	32,5384615
339	32,5384615
339	22,5384615
339	27,5384615
340	31,5384615
340	8,5384615
340	-5,4615385
340	22,5384615
341	7,5384615
341	14,5384615
341	17,5384615
342	-20,4615385
342	17,5384615
342	49,5384615
342	0,5384615
343	3,5384615
343	7,5384615
343	3,5384615
343	18,5384615
344	25,5384615
344	6,5384615
344	30,5384615
344	20,5384615
345	0,5384615
345	16,5384615
345	-4,4615385
345	26,5384615
346	-1,4615385
346	35,5384615
346	34,5384615
347	18,5384615
347	8,5384615
347	5,5384615
347	5,5384615
348	9,5384615
348	4,5384615
348	34,5384615
348	3,5384615
349	9,5384615
349	2,5384615
349	5,5384615
349	-0,4615385
350	-15,4615385
350	13,5384615
350	10,5384615
350	22,5384615
351	15,5384615
351	-17,4615385
351	-1,4615385
352	10,5384615
352	3,5384615
352	31,5384615
352	13,5384615
353	28,5384615
353	23,5384615
353	-1,4615385
353	36,5384615
354	15,5384615
354	32,5384615
354	49,5384615
354	21,5384615
355	6,5384615
355	31,5384615
355	5,5384615
355	0,5384615
356	7,5384615
356	7,5384615
356	26,5384615
357	19,5384615
357	1,5384615
357	37,5384615
357	8,5384615
358	23,5384615
358	33,5384615
358	21,5384615
358	5,5384615
359	-3,4615385
359	0,5384615
359	-3,4615385
359	22,5384615
360	12,5384615
360	18,5384615
360	22,5384615
360	8,5384615
361	13,5384615
361	10,5384615
361	30,5384615
362	28,5384615
362	34,5384615
362	30,5384615
362	21,5384615
363	2,5384615
363	-13,4615385
363	-7,4615385
363	17,5384615
364	31,5384615
364	-0,4615385
364	10,5384615
364	24,5384615
365	13,5384615
365	18,5384615
365	6,5384615
365	30,5384615
366	-4,4615385
366	3,5384615
366	4,5384615
367	12,5384615
367	27,5384615
367	28,5384615
367	19,5384615
368	-3,4615385
368	14,5384615
368	-3,4615385
368	-6,4615385
369	-0,4615385
369	-2,4615385
369	11,5384615
369	1,5384615
370	16,5384615
370	24,5384615
370	-0,4615385
370	5,5384615
371	-6,4615385
371	4,5384615
371	9,5384615
371	28,5384615
372	0,5384615
372	15,5384615
372	4,5384615
373	14,5384615
373	6,5384615
373	5,5384615
373	16,5384615
374	-6,4615385
374	8,5384615
374	26,5384615
374	8,5384615
375	4,5384615
375	30,5384615
375	26,5384615
375	20,5384615
376	28,5384615
376	16,5384615
376	19,5384615
376	9,5384615
377	11,5384615
377	22,5384615
377	34,5384615
378	20,5384615
378	22,5384615
378	35,5384615
378	10,5384615
379	16,5384615
379	-4,4615385
379	14,5384615
379	-9,4615385
380	1,5384615
380	-30,4615385
380	-5,4615385
380	-2,4615385
381	19,5384615
381	1,5384615
381	38,5384615
381	15,5384615
382	5,5384615
382	7,5384615
382	10,5384615
383	2,5384615
383	-5,4615385
383	15,5384615
383	-4,4615385
384	-10,4615385
384	12,5384615
384	21,5384615
384	1,5384615
385	-2,4615385
385	0,5384615
385	33,5384615
385	15,5384615
386	24,5384615
386	15,5384615
386	3,5384615
386	11,5384615
387	15,5384615
387	11,5384615
387	15,5384615
387	-13,4615385
388	10,5384615
388	24,5384615
388	15,5384615
389	-1,4615385
389	-29,4615385
389	-6,4615385
389	-5,4615385
390	-0,4615385
390	12,5384615
390	16,5384615
390	-9,4615385
391	10,5384615
391	-3,4615385
391	10,5384615
391	7,5384615
392	15,5384615
392	9,5384615
392	-2,4615385
392	23,5384615
393	28,5384615
393	0,5384615
393	24,5384615
394	7,5384615
394	12,5384615
394	21,5384615
394	7,5384615
395	-17,4615385
395	-19,4615385
395	14,5384615
395	1,5384615
396	-19,4615385
396	11,5384615
396	6,5384615
396	29,5384615
397	-8,4615385
397	16,5384615
397	4,5384615
397	29,5384615
398	34,5384615
398	13,5384615
398	3,5384615
398	15,5384615
399	0,5384615
399	15,5384615
399	29,5384615
400	-2,4615385
400	-1,4615385
400	8,5384615
400	30,5384615
401	-2,4615385
401	15,5384615
401	1,5384615
401	4,5384615
402	20,5384615
402	5,5384615
402	24,5384615
402	-1,4615385
403	11,5384615
403	47,5384615
403	6,5384615
403	24,5384615
404	-13,4615385
404	20,5384615
404	19,5384615
405	9,5384615
405	-0,4615385
405	15,5384615
405	32,5384615
406	32,5384615
406	16,5384615
406	11,5384615
406	4,5384615
407	17,5384615
407	2,5384615
407	-16,4615385
407	-8,4615385
408	-1,4615385
408	0,5384615
408	-14,4615385
408	13,5384615
409	13,5384615
409	-0,4615385
409	22,5384615
409	9,5384615
410	-0,4615385
410	8,5384615
410	31,5384615
411	24,5384615
411	22,5384615
411	16,5384615
411	1,5384615
412	19,5384615
412	10,5384615
412	4,5384615
412	18,5384615
413	12,5384615
413	6,5384615
413	19,5384615
413	-0,4615385
414	0,5384615
414	-8,4615385
414	-8,4615385
414	2,5384615
415	28,5384615
415	15,5384615
415	9,5384615
415	0,5384615
416	-4,4615385
416	-0,4615385
416	-6,4615385
417	15,5384615
417	3,5384615
417	3,5384615
417	15,5384615
418	30,5384615
418	-8,4615385
418	-1,4615385
418	5,5384615
419	9,5384615
419	12,5384615
419	15,5384615
419	4,5384615
420	35,5384615
420	5,5384615
420	29,5384615
420	31,5384615
421	37,5384615
421	29,5384615
421	6,5384615
421	5,5384615
422	18,5384615
422	35,5384615
422	13,5384615
423	18,5384615
423	-0,4615385
423	44,5384615
423	12,5384615
424	11,5384615
424	-26,4615385
424	-3,4615385
424	16,5384615
425	24,5384615
425	-6,4615385
425	23,5384615
425	13,5384615
426	0,5384615
426	20,5384615
426	15,5384615
426	29,5384615
427	17,5384615
427	-8,4615385
427	20,5384615
427	5,5384615
428	13,5384615
428	35,5384615
428	9,5384615
429	15,5384615
429	24,5384615
429	2,5384615
429	32,5384615
430	45,5384615
430	19,5384615
430	-5,4615385
430	-10,4615385
431	21,5384615
431	-18,4615385
431	1,5384615
431	21,5384615
432	5,5384615
432	-1,4615385
432	12,5384615
432	38,5384615
433	3,5384615
433	1,5384615
433	13,5384615
433	-0,4615385
434	1,5384615
434	18,5384615
434	-1,4615385
435	-21,4615385
435	-8,4615385
435	24,5384615
435	-6,4615385
436	22,5384615
436	30,5384615
436	11,5384615
436	13,5384615
437	14,5384615
437	13,5384615
437	4,5384615
437	20,5384615
438	23,5384615
438	24,5384615
438	35,5384615
438	18,5384615
439	23,5384615
439	9,5384615
439	-12,4615385
439	20,5384615
440	19,5384615
440	21,5384615
440	12,5384615
441	-23,4615385
441	-6,4615385
441	13,5384615
441	13,5384615
442	9,5384615
442	12,5384615
442	17,5384615
442	16,5384615
443	35,5384615
443	31,5384615
443	19,5384615
443	4,5384615
444	-9,4615385
444	17,5384615
444	6,5384615
444	8,5384615
445	-18,4615385
445	8,5384615
445	41,5384615
445	18,5384615
446	-24,4615385
446	-5,4615385
446	4,5384615
447	39,5384615
447	20,5384615
447	30,5384615
447	17,5384615
448	20,5384615
448	13,5384615
448	9,5384615
448	-13,4615385
449	10,5384615
449	17,5384615
449	4,5384615
449	10,5384615
450	4,5384615
450	6,5384615
450	-4,4615385
450	7,5384615
451	9,5384615
451	-9,4615385
451	-0,4615385
451	13,5384615
452	21,5384615
452	-10,4615385
452	19,5384615
452	24,5384615
453	23,5384615
453	11,5384615
453	-1,4615385
454	1,5384615
454	9,5384615
454	21,5384615
454	22,5384615
455	7,5384615
455	12,5384615
455	0,5384615
455	-29,4615385
456	7,5384615
456	15,5384615
456	12,5384615
456	15,5384615
457	-1,4615385
457	14,5384615
457	25,5384615
457	5,5384615
458	4,5384615
458	13,5384615
458	13,5384615
458	25,5384615
459	-9,4615385
459	-2,4615385
459	23,5384615
460	36,5384615
460	7,5384615
460	34,5384615
460	6,5384615
461	-1,4615385
461	-11,4615385
461	7,5384615
461	27,5384615
462	-10,4615385
462	-8,4615385
462	1,5384615
462	4,5384615
463	3,5384615
463	-16,4615385
463	-9,4615385
463	-3,4615385
464	-6,4615385
464	-2,4615385
464	-11,4615385
464	-45,4615385
465	6,5384615
465	25,5384615
465	15,5384615
465	3,5384615
466	0,5384615
466	-7,4615385
466	3,5384615
467	25,5384615
467	15,5384615
467	8,5384615
467	6,5384615
468	24,5384615
468	30,5384615
468	-15,4615385
468	-14,4615385
469	32,5384615
469	16,5384615
469	-1,4615385
469	12,5384615
470	7,5384615
470	-7,4615385
470	6,5384615
470	-8,4615385
471	14,5384615
471	-8,4615385
471	24,5384615
471	7,5384615
472	34,5384615
472	30,5384615
472	4,5384615
472	41,5384615
473	7,5384615
473	36,5384615
473	-5,4615385
474	15,5384615
474	1,5384615
474	42,5384615
474	-4,4615385
475	2,5384615
475	4,5384615
475	8,5384615
475	9,5384615
476	-9,4615385
476	4,5384615
476	9,5384615
476	27,5384615
477	36,5384615
477	1,5384615
477	-10,4615385
477	3,5384615
478	12,5384615
478	11,5384615
478	-25,4615385
478	-14,4615385
479	-6,4615385
479	25,5384615
479	10,5384615
479	-2,4615385
480	13,5384615
480	-10,4615385
480	-10,4615385
481	20,5384615
481	7,5384615
481	17,5384615
481	13,5384615
482	31,5384615
482	-9,4615385
482	-21,4615385
482	6,5384615
483	-18,4615385
483	0,5384615
483	6,5384615
483	1,5384615
484	23,5384615
484	22,5384615
484	7,5384615
484	-7,4615385
485	3,5384615
485	3,5384615
485	7,5384615
485	7,5384615
486	0,5384615
486	10,5384615
486	7,5384615
486	4,5384615
487	-12,4615385
487	30,5384615
487	28,5384615
488	9,5384615
488	9,5384615
488	-2,4615385
488	7,5384615
489	28,5384615
489	8,5384615
489	6,5384615
489	8,5384615
490	14,5384615
490	17,5384615
490	16,5384615
490	22,5384615
491	5,5384615
491	2,5384615
491	-12,4615385
491	15,5384615
492	-9,4615385
492	10,5384615
492	15,5384615
492	-7,4615385
493	-4,4615385
493	-19,4615385
493	17,5384615
493	-2,4615385
494	10,5384615
494	-9,4615385
494	20,5384615
495	18,5384615
495	-9,4615385
495	23,5384615
495	12,5384615
496	19,5384615
496	3,5384615
496	1,5384615
496	2,5384615
497	-2,4615385
497	20,5384615
497	0,5384615
497	29,5384615
498	-0,4615385
498	-8,4615385
498	1,5384615
498	-4,4615385
499	2,5384615
499	14,5384615
499	9,5384615
499	55,5384615
500	36,5384615
500	19,5384615
500	-11,4615385
500	14,5384615
501	9,5384615
501	-2,4615385
501	-4,4615385
502	14,5384615
502	30,5384615
502	20,5384615
502	-7,4615385
503	27,5384615
503	6,5384615
503	20,5384615
503	-1,4615385
504	11,5384615
504	8,5384615
504	13,5384615
504	26,5384615
505	-1,4615385
505	-0,4615385
505	-3,4615385
505	-2,4615385
506	12,5384615
506	3,5384615
506	-13,4615385
506	6,5384615
507	1,5384615
507	0,5384615
507	12,5384615
507	-4,4615385
508	8,5384615
508	2,5384615
508	11,5384615
508	23,5384615
509	9,5384615
509	10,5384615
509	14,5384615
510	2,5384615
510	-21,4615385
510	0,5384615
510	9,5384615
511	21,5384615
511	50,5384615
511	-5,4615385
511	-24,4615385
512	26,5384615
512	2,5384615
512	0,5384615
512	-2,4615385
513	-28,4615385
513	10,5384615
513	29,5384615
513	-25,4615385
514	-8,4615385
514	14,5384615
514	18,5384615
514	-4,4615385
515	-0,4615385
515	-2,4615385
515	-1,4615385
515	14,5384615
516	19,5384615
516	18,5384615
516	5,5384615
516	-22,4615385
517	1,5384615
517	-5,4615385
517	5,5384615
518	-9,4615385
518	0,5384615
518	5,5384615
518	0,5384615
519	27,5384615
519	25,5384615
519	21,5384615
519	35,5384615
520	0,5384615
520	8,5384615
520	29,5384615
520	18,5384615
521	-5,4615385
521	15,5384615
521	14,5384615
521	10,5384615
522	39,5384615
522	46,5384615
522	17,5384615
522	23,5384615
523	26,5384615
523	14,5384615
523	2,5384615
523	-12,4615385
524	18,5384615
524	1,5384615
524	13,5384615
524	29,5384615
525	16,5384615
525	2,5384615
525	11,5384615
526	19,5384615
526	20,5384615
526	46,5384615
526	23,5384615
527	36,5384615
527	24,5384615
527	10,5384615
527	6,5384615
528	17,5384615
528	3,5384615
528	10,5384615
528	26,5384615
529	24,5384615
529	-7,4615385
529	2,5384615
529	21,5384615
530	41,5384615
530	-8,4615385
530	12,5384615
530	-5,4615385
531	19,5384615
531	5,5384615
531	16,5384615
531	2,5384615
532	15,5384615
532	-5,4615385
532	32,5384615
532	2,5384615
533	-10,4615385
533	-28,4615385
533	-0,4615385
534	4,5384615
534	32,5384615
534	20,5384615
534	21,5384615
535	5,5384615
535	-0,4615385
535	18,5384615
535	27,5384615
536	22,5384615
536	6,5384615
536	6,5384615
536	-6,4615385
537	-1,4615385
537	1,5384615
537	5,5384615
537	-15,4615385
538	-14,4615385
538	-6,4615385
538	33,5384615
538	22,5384615
539	33,5384615
539	-8,4615385
539	-14,4615385
539	1,5384615
540	12,5384615
540	2,5384615
540	29,5384615
540	-13,4615385
541	14,5384615
541	-23,4615385
541	1,5384615
541	-13,4615385
542	17,5384615
542	-1,4615385
542	9,5384615
543	7,5384615
543	-17,4615385
543	0,5384615
543	46,5384615
544	22,5384615
544	18,5384615
544	-1,4615385
544	13,5384615
545	-36,4615385
545	24,5384615
545	-4,4615385
545	-5,4615385
546	39,5384615
546	14,5384615
546	6,5384615
546	20,5384615
547	-3,4615385
547	13,5384615
547	9,5384615
547	-9,4615385
548	12,5384615
548	20,5384615
548	19,5384615
548	5,5384615
549	16,5384615
549	45,5384615
549	5,5384615
549	1,5384615
550	13,5384615
550	0,5384615
550	12,5384615
550	2,5384615
551	-9,4615385
551	2,5384615
551	7,5384615
552	-19,4615385
552	-6,4615385
552	4,5384615
552	11,5384615
553	6,5384615
553	2,5384615
553	17,5384615
553	27,5384615
554	25,5384615
554	-2,4615385
554	25,5384615
554	-8,4615385
555	15,5384615
555	45,5384615
555	7,5384615
555	-0,4615385
556	33,5384615
556	15,5384615
556	-6,4615385
556	26,5384615
557	40,5384615
557	28,5384615
557	-9,4615385
557	3,5384615
558	5,5384615
558	-9,4615385
558	17,5384615
558	-3,4615385
559	11,5384615
559	25,5384615
559	-1,4615385
559	-20,4615385
560	18,5384615
560	27,5384615
560	13,5384615
561	16,5384615
561	-8,4615385
561	2,5384615
561	19,5384615
562	11,5384615
562	17,5384615
562	37,5384615
562	24,5384615
563	1,5384615
563	16,5384615
563	9,5384615
563	-2,4615385
564	-0,4615385
564	0,5384615
564	8,5384615
564	26,5384615
565	24,5384615
565	5,5384615
565	7,5384615
565	-9,4615385
566	17,5384615
566	-28,4615385
566	-0,4615385
566	21,5384615
567	-11,4615385
567	1,5384615
567	-23,4615385
567	0,5384615
568	-13,4615385
568	8,5384615
568	29,5384615
568	8,5384615
569	-1,4615385
569	14,5384615
569	-18,4615385
569	4,5384615
570	13,5384615
570	10,5384615
570	10,5384615
571	1,5384615
571	25,5384615
571	10,5384615
571	14,5384615
572	7,5384615
572	6,5384615
572	3,5384615
572	5,5384615
573	21,5384615
573	4,5384615
573	3,5384615
573	7,5384615
574	14,5384615
574	12,5384615
574	-10,4615385
574	17,5384615
575	8,5384615
575	6,5384615
575	30,5384615
575	4,5384615
576	19,5384615
576	6,5384615
576	52,5384615
576	-25,4615385
577	-7,4615385
577	20,5384615
577	26,5384615
577	7,5384615
578	17,5384615
578	14,5384615
578	4,5384615
578	5,5384615
579	8,5384615
579	3,5384615
579	-10,4615385
579	-25,4615385
580	14,5384615
580	26,5384615
580	8,5384615
581	31,5384615
581	7,5384615
581	25,5384615
581	1,5384615
582	-6,4615385
582	-11,4615385
582	10,5384615
582	23,5384615
583	3,5384615
583	-0,4615385
583	20,5384615
583	-4,4615385
584	21,5384615
584	34,5384615
584	31,5384615
584	38,5384615
585	6,5384615
585	13,5384615
585	20,5384615
585	18,5384615
586	7,5384615
586	21,5384615
586	16,5384615
586	16,5384615
587	19,5384615
587	1,5384615
587	-15,4615385
587	-15,4615385
588	-5,4615385
588	1,5384615
588	12,5384615
588	1,5384615
589	0,5384615
589	-1,4615385
589	-2,4615385
589	0,5384615
590	-21,4615385
590	18,5384615
590	-14,4615385
590	1,5384615
591	13,5384615
591	25,5384615
591	2,5384615
592	-6,4615385
592	-17,4615385
592	15,5384615
592	9,5384615
593	6,5384615
593	-21,4615385
593	-2,4615385
593	17,5384615
594	62,5384615
594	0,5384615
594	16,5384615
594	13,5384615
595	15,5384615
595	-6,4615385
595	15,5384615
595	21,5384615
596	25,5384615
596	14,5384615
596	-20,4615385
596	17,5384615
597	30,5384615
597	12,5384615
597	11,5384615
597	-219,4615385
598	-29,4615385
598	-5,4615385
598	-3,4615385
598	7,5384615
599	-0,4615385
599	6,5384615
599	-22,4615385
599	-20,4615385
600	15,5384615
600	7,5384615
600	0,5384615
600	7,5384615
601	3,5384615
601	-1,4615385
601	-10,4615385
601	-9,4615385
602	9,5384615
602	0,5384615
602	2,5384615
603	5,5384615
603	-1,4615385
603	39,5384615
603	1,5384615
604	-16,4615385
604	32,5384615
604	32,5384615
604	13,5384615
605	15,5384615
605	2,5384615
605	13,5384615
605	21,5384615
606	8,5384615
606	7,5384615
606	34,5384615
606	34,5384615
607	-3,4615385
607	14,5384615
607	32,5384615
607	22,5384615
608	11,5384615
608	7,5384615
608	17,5384615
608	10,5384615
609	1,5384615
609	15,5384615
609	10,5384615
609	17,5384615
610	9,5384615
610	4,5384615
610	20,5384615
610	-4,4615385
611	9,5384615
611	9,5384615
611	2,5384615
611	4,5384615
612	6,5384615
612	23,5384615
612	39,5384615
612	14,5384615
613	7,5384615
613	20,5384615
613	14,5384615
613	-8,4615385
614	30,5384615
614	-3,4615385
614	-7,4615385
614	12,5384615
615	10,5384615
615	20,5384615
615	4,5384615
616	-7,4615385
616	-13,4615385
616	7,5384615
616	-9,4615385
617	-0,4615385
617	21,5384615
617	17,5384615
617	-5,4615385
618	-6,4615385
618	14,5384615
618	-0,4615385
618	7,5384615
619	16,5384615
619	1,5384615
619	-3,4615385
619	0,5384615
620	26,5384615
620	17,5384615
620	2,5384615
620	14,5384615
621	21,5384615
621	21,5384615
621	6,5384615
621	-1,4615385
622	-15,4615385
622	13,5384615
622	24,5384615
622	-10,4615385
623	-27,4615385
623	12,5384615
623	6,5384615
623	16,5384615
624	7,5384615
624	8,5384615
624	28,5384615
624	0,5384615
625	4,5384615
625	36,5384615
625	8,5384615
625	-7,4615385
626	-1,4615385
626	14,5384615
626	-13,4615385
626	7,5384615
627	9,5384615
627	-4,4615385
627	28,5384615
627	26,5384615
628	9,5384615
628	-0,4615385
628	16,5384615
629	-2,4615385
629	-9,4615385
629	-16,4615385
629	10,5384615
630	-1,4615385
630	14,5384615
630	14,5384615
630	8,5384615
631	-15,4615385
631	8,5384615
631	9,5384615
631	3,5384615
632	33,5384615
632	4,5384615
632	20,5384615
632	6,5384615
633	-0,4615385
633	15,5384615
633	2,5384615
633	-8,4615385
634	4,5384615
634	-14,4615385
634	-25,4615385
634	3,5384615
635	2,5384615
635	-19,4615385
635	-25,4615385
635	25,5384615
636	15,5384615
636	-12,4615385
636	-2,4615385
636	-1,4615385
637	-5,4615385
637	0,5384615
637	3,5384615
637	-10,4615385
638	4,5384615
638	-3,4615385
638	6,5384615
638	12,5384615
639	-4,4615385
639	-18,4615385
639	3,5384615
639	10,5384615
640	-1,4615385
640	13,5384615
640	-2,4615385
640	22,5384615
641	-3,4615385
641	1,5384615
641	3,5384615
641	7,5384615
642	20,5384615
642	15,5384615
642	8,5384615
642	-6,4615385
643	13,5384615
643	15,5384615
643	23,5384615
644	9,5384615
644	8,5384615
644	5,5384615
644	20,5384615
645	17,5384615
645	2,5384615
645	8,5384615
645	8,5384615
646	10,5384615
646	-13,4615385
646	1,5384615
646	8,5384615
647	2,5384615
647	23,5384615
647	-2,4615385
647	14,5384615
648	16,5384615
648	-3,4615385
648	-7,4615385
648	-3,4615385
649	15,5384615
649	36,5384615
649	25,5384615
649	14,5384615
650	39,5384615
650	25,5384615
650	7,5384615
650	-1,4615385
651	12,5384615
651	30,5384615
651	15,5384615
651	22,5384615
652	6,5384615
652	-6,4615385
652	22,5384615
652	-0,4615385
653	19,5384615
653	12,5384615
653	5,5384615
653	-0,4615385
654	-20,4615385
654	12,5384615
654	27,5384615
654	6,5384615
655	26,5384615
655	41,5384615
655	6,5384615
655	7,5384615
656	27,5384615
656	14,5384615
656	-26,4615385
656	2,5384615
657	28,5384615
657	-3,4615385
657	8,5384615
657	5,5384615
658	20,5384615
658	6,5384615
658	-1,4615385
658	10,5384615
659	4,5384615
659	14,5384615
659	19,5384615
660	4,5384615
660	12,5384615
660	28,5384615
660	18,5384615
661	-1,4615385
661	26,5384615
661	19,5384615
661	-3,4615385
662	30,5384615
662	30,5384615
662	12,5384615
662	13,5384615
663	12,5384615
663	-4,4615385
663	18,5384615
663	26,5384615
664	51,5384615
664	16,5384615
664	18,5384615
664	22,5384615
665	36,5384615
665	7,5384615
665	19,5384615
665	-12,4615385
666	4,5384615
666	10,5384615
666	22,5384615
666	14,5384615
667	28,5384615
667	6,5384615
667	33,5384615
667	9,5384615
668	12,5384615
668	-15,4615385
668	37,5384615
668	23,5384615
669	3,5384615
669	-0,4615385
669	5,5384615
669	-0,4615385
670	-7,4615385
670	14,5384615
670	-2,4615385
670	6,5384615
671	10,5384615
671	22,5384615
671	8,5384615
671	7,5384615
672	2,5384615
672	7,5384615
672	22,5384615
672	41,5384615
673	6,5384615
673	-11,4615385
673	5,5384615
673	18,5384615
674	-14,4615385
674	15,5384615
674	12,5384615
674	11,5384615
675	-25,4615385
675	9,5384615
675	-11,4615385
675	21,5384615
676	11,5384615
676	16,5384615
676	17,5384615
676	47,5384615
677	9,5384615
677	15,5384615
677	-22,4615385
677	-10,4615385
678	17,5384615
678	28,5384615
678	22,5384615
678	-2,4615385
679	1,5384615
679	11,5384615
679	24,5384615
680	21,5384615
680	-17,4615385
680	23,5384615
680	31,5384615
681	34,5384615
681	0,5384615
681	-7,4615385
681	8,5384615
682	-0,4615385
682	7,5384615
682	11,5384615
682	25,5384615
683	-12,4615385
683	-1,4615385
683	20,5384615
683	7,5384615
684	-5,4615385
684	27,5384615
684	17,5384615
684	10,5384615
685	10,5384615
685	14,5384615
685	26,5384615
685	-4,4615385
686	5,5384615
686	-7,4615385
686	-9,4615385
686	4,5384615
687	31,5384615
687	20,5384615
687	2,5384615
687	17,5384615
688	15,5384615
688	24,5384615
688	0,5384615
688	-13,4615385
689	4,5384615
689	16,5384615
689	2,5384615
689	1,5384615
690	-17,4615385
690	17,5384615
690	-5,4615385
690	8,5384615
691	28,5384615
691	-0,4615385
691	19,5384615
691	15,5384615
692	1,5384615
692	9,5384615
692	-3,4615385
692	15,5384615
693	6,5384615
693	5,5384615
693	-1,4615385
693	-19,4615385
694	-11,4615385
694	41,5384615
694	3,5384615
694	21,5384615
695	14,5384615
695	20,5384615
695	10,5384615
695	-1,4615385
696	-9,4615385
696	-14,4615385
696	0,5384615
696	5,5384615
697	5,5384615
697	6,5384615
697	3,5384615
697	-6,4615385
698	3,5384615
698	-11,4615385
698	8,5384615
698	38,5384615
699	15,5384615
699	3,5384615
699	2,5384615
699	13,5384615
700	21,5384615
700	-8,4615385
700	7,5384615
700	16,5384615
701	12,5384615
701	-20,4615385
701	26,5384615
701	0,5384615
702	-2,4615385
702	6,5384615
702	3,5384615
702	-7,4615385
703	-3,4615385
703	33,5384615
703	9,5384615
703	26,5384615
704	20,5384615
704	-0,4615385
704	9,5384615
704	25,5384615
705	31,5384615
705	24,5384615
705	27,5384615
706	9,5384615
706	39,5384615
706	9,5384615
706	8,5384615
707	16,5384615
707	-13,4615385
707	28,5384615
707	12,5384615
708	6,5384615
708	19,5384615
708	-13,4615385
708	35,5384615
709	-1,4615385
709	11,5384615
709	7,5384615
709	13,5384615
710	11,5384615
710	12,5384615
710	-3,4615385
710	25,5384615
711	8,5384615
711	28,5384615
711	8,5384615
711	11,5384615
712	46,5384615
712	-8,4615385
712	3,5384615
712	-8,4615385
713	-17,4615385
713	7,5384615
713	11,5384615
713	21,5384615
714	18,5384615
714	13,5384615
714	6,5384615
714	2,5384615
715	2,5384615
715	-13,4615385
715	20,5384615
715	19,5384615
716	10,5384615
716	7,5384615
716	17,5384615
716	-3,4615385
717	-0,4615385
717	15,5384615
717	57,5384615
717	19,5384615
718	22,5384615
718	10,5384615
718	-1,4615385
718	29,5384615
719	11,5384615
719	-1,4615385
719	13,5384615
719	-17,4615385
720	5,5384615
720	-17,4615385
720	-9,4615385
720	26,5384615
721	21,5384615
721	5,5384615
721	11,5384615
721	-4,4615385
722	24,5384615
722	8,5384615
722	-0,4615385
722	3,5384615
723	33,5384615
723	7,5384615
723	-5,4615385
723	11,5384615
724	6,5384615
724	2,5384615
724	1,5384615
724	-17,4615385
725	-6,4615385
725	47,5384615
725	18,5384615
725	-19,4615385
726	-25,4615385
726	10,5384615
726	9,5384615
726	20,5384615
727	13,5384615
727	-20,4615385
727	21,5384615
727	2,5384615
728	-1,4615385
728	5,5384615
728	-4,4615385
728	-11,4615385
729	3,5384615
729	-1,4615385
729	16,5384615
729	-1,4615385
730	18,5384615
730	-21,4615385
730	-12,4615385
730	-18,4615385
731	29,5384615
731	13,5384615
731	-11,4615385
731	15,5384615
732	-3,4615385
732	-4,4615385
732	17,5384615
732	17,5384615
733	31,5384615
733	-12,4615385
733	13,5384615
733	19,5384615
734	13,5384615
734	-15,4615385
734	12,5384615
734	20,5384615
735	-10,4615385
735	5,5384615
735	20,5384615
735	3,5384615
736	-29,4615385
736	15,5384615
736	5,5384615
736	47,5384615
737	1,5384615
737	-4,4615385
737	-11,4615385
737	3,5384615
738	-1,4615385
738	14,5384615
738	-7,4615385
738	-2,4615385
739	5,5384615
739	4,5384615
739	-19,4615385
739	15,5384615
740	12,5384615
740	-12,4615385
740	25,5384615
740	-9,4615385
741	-3,4615385
741	-10,4615385
741	14,5384615
741	4,5384615
742	25,5384615
742	34,5384615
742	-10,4615385
742	-22,4615385
743	-3,4615385
743	47,5384615
743	29,5384615
743	1,5384615
744	16,5384615
744	6,5384615
744	-3,4615385
744	12,5384615
745	-1,4615385
745	-10,4615385
745	2,5384615
745	-12,4615385
746	-1,4615385
746	0,5384615
746	-8,4615385
746	24,5384615
747	16,5384615
747	6,5384615
747	27,5384615
747	-6,4615385
748	1,5384615
748	5,5384615
748	22,5384615
748	13,5384615
749	7,5384615
749	-3,4615385
749	3,5384615
749	-19,4615385
750	-1,4615385
750	11,5384615
750	1,5384615
750	-5,4615385
751	-5,4615385
751	14,5384615
751	3,5384615
751	13,5384615
752	24,5384615
752	5,5384615
752	29,5384615
752	20,5384615
753	2,5384615
753	-21,4615385
753	-4,4615385
753	15,5384615
754	-11,4615385
754	-20,4615385
754	-17,4615385
754	15,5384615
755	-16,4615385
755	-15,4615385
755	11,5384615
755	-0,4615385
756	-3,4615385
756	-0,4615385
756	9,5384615
756	40,5384615
757	-15,4615385
757	-10,4615385
757	-1,4615385
757	3,5384615
758	3,5384615
758	-10,4615385
758	21,5384615
758	43,5384615
759	13,5384615
759	47,5384615
759	-5,4615385
759	-4,4615385
760	13,5384615
760	20,5384615
760	10,5384615
760	-5,4615385
761	7,5384615
761	22,5384615
761	2,5384615
761	3,5384615
762	21,5384615
762	3,5384615
762	10,5384615
762	-0,4615385
763	-14,4615385
763	13,5384615
763	16,5384615
763	11,5384615
764	18,5384615
764	22,5384615
764	9,5384615
764	5,5384615
765	22,5384615
765	-18,4615385
765	-3,4615385
765	22,5384615
766	-6,4615385
766	-1,4615385
766	15,5384615
766	23,5384615
767	3,5384615
767	-1,4615385
767	-4,4615385
767	-26,4615385
768	3,5384615
768	11,5384615
768	-2,4615385
768	22,5384615
769	13,5384615
769	18,5384615
769	12,5384615
769	-31,4615385
770	39,5384615
770	-3,4615385
770	14,5384615
770	-16,4615385
771	-3,4615385
771	4,5384615
771	21,5384615
771	19,5384615
772	26,5384615
772	-13,4615385
772	12,5384615
772	14,5384615
773	3,5384615
773	1,5384615
773	9,5384615
773	-13,4615385
774	-10,4615385
774	3,5384615
774	5,5384615
774	-12,4615385
775	-0,4615385
775	0,5384615
775	-2,4615385
775	8,5384615
776	-9,4615385
776	10,5384615
776	26,5384615
776	-10,4615385
777	1,5384615
777	2,5384615
777	38,5384615
777	16,5384615
778	3,5384615
778	-10,4615385
778	15,5384615
778	-0,4615385
779	14,5384615
779	27,5384615
779	-4,4615385
779	22,5384615
780	21,5384615
780	1,5384615
780	1,5384615
780	0,5384615
781	28,5384615
781	17,5384615
781	27,5384615
781	-3,4615385
782	32,5384615
782	15,5384615
782	13,5384615
782	61,5384615
783	8,5384615
783	8,5384615
783	7,5384615
783	1,5384615
784	12,5384615
784	11,5384615
784	34,5384615
784	-5,4615385
785	4,5384615
785	16,5384615
785	15,5384615
785	-7,4615385
786	6,5384615
786	4,5384615
786	33,5384615
786	18,5384615
787	2,5384615
787	0,5384615
787	-12,4615385
787	1,5384615
788	-25,4615385
788	-7,4615385
788	9,5384615
788	15,5384615
789	22,5384615
789	-17,4615385
789	0,5384615
789	-9,4615385
790	8,5384615
790	-16,4615385
790	0,5384615
790	22,5384615
791	1,5384615
791	-3,4615385
791	-6,4615385
791	-24,4615385
792	5,5384615
792	-0,4615385
792	33,5384615
792	16,5384615
793	25,5384615
793	30,5384615
793	-6,4615385
793	11,5384615
794	28,5384615
794	-12,4615385
794	5,5384615
794	-21,4615385
795	13,5384615
795	0,5384615
795	1,5384615
795	28,5384615
796	2,5384615
796	15,5384615
796	4,5384615
796	-9,4615385
797	6,5384615
797	-12,4615385
797	46,5384615
797	1,5384615
798	-8,4615385
798	13,5384615
798	35,5384615
798	23,5384615
799	-8,4615385
799	-13,4615385
799	5,5384615
799	-12,4615385
800	25,5384615
800	39,5384615
800	13,5384615
800	-1,4615385
801	8,5384615
801	12,5384615
801	12,5384615
801	1,5384615
802	16,5384615
802	15,5384615
802	2,5384615
802	0,5384615
803	17,5384615
803	3,5384615
803	-12,4615385
803	15,5384615
804	12,5384615
804	3,5384615
804	-10,4615385
804	22,5384615
805	-5,4615385
805	-38,4615385
805	25,5384615
805	-7,4615385
806	-7,4615385
806	-2,4615385
806	35,5384615
806	30,5384615
807	-13,4615385
807	15,5384615
807	4,5384615
807	31,5384615
808	-2,4615385
808	-6,4615385
808	-1,4615385
808	1,5384615
809	2,5384615
809	11,5384615
809	24,5384615
809	-1,4615385
810	-34,4615385
810	-1,4615385
810	-7,4615385
810	21,5384615
811	37,5384615
811	-9,4615385
811	-5,4615385
811	8,5384615
812	10,5384615
812	39,5384615
812	14,5384615
812	-16,4615385
813	-18,4615385
813	22,5384615
813	15,5384615
813	5,5384615
814	6,5384615
814	-3,4615385
814	4,5384615
814	17,5384615
815	31,5384615
815	11,5384615
815	7,5384615
815	-0,4615385
816	35,5384615
816	30,5384615
816	2,5384615
816	17,5384615
817	21,5384615
817	12,5384615
817	2,5384615
817	29,5384615
818	-1,4615385
818	15,5384615
818	-12,4615385
818	-11,4615385
819	-8,4615385
819	30,5384615
819	25,5384615
819	31,5384615
820	8,5384615
820	17,5384615
820	0,5384615
820	9,5384615
820	14,5384615
821	1,5384615
821	-3,4615385
821	-11,4615385
821	8,5384615
822	13,5384615
822	5,5384615
822	-35,4615385
822	13,5384615
823	0,5384615
823	22,5384615
823	17,5384615
823	2,5384615
824	10,5384615
824	39,5384615
824	21,5384615
824	20,5384615
825	25,5384615
825	26,5384615
825	13,5384615
825	30,5384615
826	13,5384615
826	5,5384615
826	-3,4615385
826	5,5384615
827	9,5384615
827	6,5384615
827	3,5384615
827	-9,4615385
828	0,5384615
828	-6,4615385
828	3,5384615
828	-14,4615385
829	35,5384615
829	13,5384615
829	12,5384615
829	-1,4615385
830	14,5384615
830	24,5384615
830	-9,4615385
830	2,5384615
831	25,5384615
831	13,5384615
831	13,5384615
831	12,5384615
832	25,5384615
832	12,5384615
832	9,5384615
832	11,5384615
833	35,5384615
833	-2,4615385
833	-28,4615385
833	15,5384615
834	50,5384615
834	16,5384615
834	19,5384615
834	-6,4615385
835	-2,4615385
835	31,5384615
835	-0,4615385
835	27,5384615
836	23,5384615
836	-5,4615385
836	19,5384615
836	34,5384615
837	-1,4615385
837	-16,4615385
837	3,5384615
837	4,5384615
838	-2,4615385
838	3,5384615
838	16,5384615
838	9,5384615
839	12,5384615
839	15,5384615
839	11,5384615
839	27,5384615
840	5,5384615
840	21,5384615
840	4,5384615
840	6,5384615
841	8,5384615
841	21,5384615
841	14,5384615
841	-6,4615385
842	13,5384615
842	35,5384615
842	1,5384615
842	46,5384615
843	33,5384615
843	5,5384615
843	22,5384615
843	2,5384615
844	-2,4615385
844	5,5384615
844	50,5384615
844	-11,4615385
845	-8,4615385
845	28,5384615
845	25,5384615
845	31,5384615
845	6,5384615
846	-0,4615385
846	20,5384615
846	6,5384615
846	19,5384615
847	26,5384615
847	-9,4615385
847	19,5384615
847	3,5384615
848	-0,4615385
848	-7,4615385
848	4,5384615
848	-8,4615385
849	7,5384615
849	11,5384615
849	41,5384615
849	-2,4615385
850	31,5384615
850	8,5384615
850	9,5384615
850	34,5384615
851	14,5384615
851	-16,4615385
851	11,5384615
851	4,5384615
852	-30,4615385
852	-3,4615385
852	15,5384615
852	0,5384615
853	2,5384615
853	2,5384615
853	-0,4615385
853	3,5384615
854	3,5384615
854	18,5384615
854	1,5384615
854	19,5384615
855	12,5384615
855	15,5384615
855	8,5384615
855	-6,4615385
856	-15,4615385
856	23,5384615
856	12,5384615
856	14,5384615
857	-12,4615385
857	7,5384615
857	12,5384615
857	4,5384615
858	22,5384615
858	14,5384615
858	18,5384615
858	19,5384615
859	20,5384615
859	13,5384615
859	27,5384615
859	6,5384615
860	16,5384615
860	5,5384615
860	27,5384615
860	11,5384615
861	19,5384615
861	-3,4615385
861	29,5384615
861	38,5384615
862	-2,4615385
862	9,5384615
862	4,5384615
862	-0,4615385
863	6,5384615
863	20,5384615
863	-4,4615385
863	13,5384615
864	28,5384615
864	-14,4615385
864	-10,4615385
864	7,5384615
864	11,5384615
865	10,5384615
865	12,5384615
865	-2,4615385
865	-7,4615385
866	-10,4615385
866	-15,4615385
866	30,5384615
866	26,5384615
867	7,5384615
867	6,5384615
867	5,5384615
867	18,5384615
868	24,5384615
868	-13,4615385
868	21,5384615
868	10,5384615
869	18,5384615
869	12,5384615
869	-12,4615385
869	-1,4615385
870	28,5384615
870	10,5384615
870	18,5384615
870	23,5384615
871	19,5384615
871	-9,4615385
871	-5,4615385
871	1,5384615
872	7,5384615
872	-10,4615385
872	-6,4615385
872	16,5384615
873	-23,4615385
873	-12,4615385
873	-16,4615385
873	23,5384615
874	21,5384615
874	1,5384615
874	-6,4615385
874	2,5384615
875	2,5384615
875	-2,4615385
875	5,5384615
875	13,5384615
876	-12,4615385
876	15,5384615
876	13,5384615
876	9,5384615
877	8,5384615
877	24,5384615
877	14,5384615
877	-8,4615385
878	-0,4615385
878	-13,4615385
878	22,5384615
878	28,5384615
879	4,5384615
879	-27,4615385
879	8,5384615
879	2,5384615
880	8,5384615
880	9,5384615
880	31,5384615
880	0,5384615
880	-14,4615385
881	24,5384615
881	31,5384615
881	10,5384615
881	15,5384615
882	9,5384615
882	12,5384615
882	1,5384615
882	-9,4615385
883	-2,4615385
883	-2,4615385
883	11,5384615
883	-3,4615385
884	9,5384615
884	0,5384615
884	-0,4615385
884	12,5384615
885	-8,4615385
885	18,5384615
885	7,5384615
885	12,5384615
886	7,5384615
886	-0,4615385
886	-7,4615385
886	-3,4615385
887	25,5384615
887	17,5384615
887	-9,4615385
887	5,5384615
888	21,5384615
888	-8,4615385
888	22,5384615
888	5,5384615
889	7,5384615
889	22,5384615
889	-8,4615385
889	12,5384615
890	34,5384615
890	-14,4615385
890	31,5384615
890	-2,4615385
891	-18,4615385
891	7,5384615
891	22,5384615
891	16,5384615
892	-9,4615385
892	-1,4615385
892	-13,4615385
892	50,5384615
893	15,5384615
893	-23,4615385
893	-7,4615385
893	5,5384615
894	20,5384615
894	34,5384615
894	14,5384615
894	5,5384615
894	16,5384615
895	-1,4615385
895	18,5384615
895	27,5384615
895	23,5384615
896	31,5384615
896	4,5384615
896	8,5384615
896	30,5384615
897	23,5384615
897	24,5384615
897	37,5384615
897	10,5384615
898	4,5384615
898	8,5384615
898	-17,4615385
898	5,5384615
899	4,5384615
899	-8,4615385
899	17,5384615
899	7,5384615
900	28,5384615
900	28,5384615
900	22,5384615
900	29,5384615
901	49,5384615
901	1,5384615
901	16,5384615
901	12,5384615
902	19,5384615
902	12,5384615
902	6,5384615
902	4,5384615
903	9,5384615
903	8,5384615
903	6,5384615
903	23,5384615
904	9,5384615
904	6,5384615
904	15,5384615
904	33,5384615
905	21,5384615
905	24,5384615
905	13,5384615
905	24,5384615
906	25,5384615
906	20,5384615
906	29,5384615
906	6,5384615
906	-3,4615385
907	5,5384615
907	20,5384615
907	-3,4615385
907	20,5384615
908	9,5384615
908	6,5384615
908	10,5384615
908	3,5384615
909	-4,4615385
909	-5,4615385
909	8,5384615
909	-6,4615385
910	16,5384615
910	5,5384615
910	8,5384615
910	-4,4615385
911	0,5384615
911	-8,4615385
911	12,5384615
911	10,5384615
912	6,5384615
912	9,5384615
912	1,5384615
912	20,5384615
913	12,5384615
913	-22,4615385
913	12,5384615
913	-17,4615385
914	20,5384615
914	17,5384615
914	-11,4615385
914	0,5384615
915	-18,4615385
915	-5,4615385
915	25,5384615
915	19,5384615
916	24,5384615
916	18,5384615
916	22,5384615
916	26,5384615
917	9,5384615
917	22,5384615
917	-10,4615385
917	12,5384615
917	-7,4615385
918	9,5384615
918	21,5384615
918	1,5384615
918	15,5384615
919	-0,4615385
919	2,5384615
919	25,5384615
919	-20,4615385
920	3,5384615
920	19,5384615
920	22,5384615
920	21,5384615
921	12,5384615
921	6,5384615
921	-30,4615385
921	4,5384615
922	-4,4615385
922	15,5384615
922	-9,4615385
922	-22,4615385
923	-17,4615385
923	9,5384615
923	-5,4615385
923	3,5384615
924	-4,4615385
924	-1,4615385
924	6,5384615
924	-12,4615385
925	-10,4615385
925	8,5384615
925	7,5384615
925	23,5384615
926	33,5384615
926	20,5384615
926	23,5384615
926	-1,4615385
927	-9,4615385
927	-12,4615385
927	7,5384615
927	10,5384615
928	3,5384615
928	3,5384615
928	-13,4615385
928	8,5384615
928	42,5384615
929	39,5384615
929	7,5384615
929	16,5384615
929	-15,4615385
930	10,5384615
930	8,5384615
930	1,5384615
930	10,5384615
931	7,5384615
931	-3,4615385
931	6,5384615
931	25,5384615
932	0,5384615
932	-4,4615385
932	21,5384615
932	-1,4615385
933	18,5384615
933	-11,4615385
933	2,5384615
933	2,5384615
934	13,5384615
934	25,5384615
934	4,5384615
934	1,5384615
935	19,5384615
935	-3,4615385
935	-7,4615385
935	-4,4615385
936	-15,4615385
936	21,5384615
936	4,5384615
936	3,5384615
937	15,5384615
937	21,5384615
937	2,5384615
937	19,5384615
938	20,5384615
938	14,5384615
938	3,5384615
938	30,5384615
938	31,5384615
939	8,5384615
939	-0,4615385
939	22,5384615
939	10,5384615
940	13,5384615
940	4,5384615
940	2,5384615
940	-24,4615385
941	9,5384615
941	8,5384615
941	-14,4615385
941	-0,4615385
942	-0,4615385
942	13,5384615
942	6,5384615
942	-0,4615385
943	17,5384615
943	5,5384615
943	7,5384615
943	21,5384615
944	7,5384615
944	13,5384615
944	-4,4615385
944	28,5384615
945	14,5384615
945	18,5384615
945	-16,4615385
945	3,5384615
946	4,5384615
946	22,5384615
946	13,5384615
946	2,5384615
947	34,5384615
947	26,5384615
947	23,5384615
947	16,5384615
947	16,5384615
948	22,5384615
948	1,5384615
948	-0,4615385
948	24,5384615
949	21,5384615
949	-0,4615385
949	15,5384615
949	13,5384615
950	21,5384615
950	-3,4615385
950	-10,4615385
950	3,5384615
951	21,5384615
951	3,5384615
951	9,5384615
951	-7,4615385
952	4,5384615
952	18,5384615
952	12,5384615
952	36,5384615
953	0,5384615
953	10,5384615
953	22,5384615
953	1,5384615
954	-8,4615385
954	7,5384615
954	0,5384615
954	5,5384615
955	14,5384615
955	8,5384615
955	3,5384615
955	-17,4615385
956	7,5384615
956	10,5384615
956	-15,4615385
956	-14,4615385
956	-13,4615385
957	35,5384615
957	36,5384615
957	29,5384615
957	0,5384615
958	4,5384615
958	-14,4615385
958	11,5384615
958	26,5384615
959	4,5384615
959	-3,4615385
959	-1,4615385
959	1,5384615
960	49,5384615
960	28,5384615
960	3,5384615
960	13,5384615
961	7,5384615
961	32,5384615
961	16,5384615
961	-0,4615385
962	-3,4615385
962	-2,4615385
962	3,5384615
962	17,5384615
963	0,5384615
963	1,5384615
963	42,5384615
963	-10,4615385
964	10,5384615
964	34,5384615
964	7,5384615
964	-8,4615385
964	5,5384615
965	1,5384615
965	-6,4615385
965	6,5384615
965	-3,4615385
966	24,5384615
966	17,5384615
966	4,5384615
966	15,5384615
967	12,5384615
967	-3,4615385
967	-0,4615385
967	-12,4615385
968	2,5384615
968	3,5384615
968	5,5384615
968	23,5384615
969	14,5384615
969	-1,4615385
969	-4,4615385
969	-2,4615385
970	17,5384615
970	-2,4615385
970	8,5384615
970	22,5384615
971	15,5384615
971	-4,4615385
971	26,5384615
971	15,5384615
972	31,5384615
972	-9,4615385
972	4,5384615
972	-4,4615385
972	-7,4615385
973	-36,4615385
973	0,5384615
973	21,5384615
973	8,5384615
974	2,5384615
974	9,5384615
974	14,5384615
974	12,5384615
975	12,5384615
975	-2,4615385
975	1,5384615
975	2,5384615
976	-17,4615385
976	-10,4615385
976	-5,4615385
976	-1,4615385
977	11,5384615
977	-15,4615385
977	-8,4615385
977	17,5384615
978	28,5384615
978	14,5384615
978	13,5384615
978	34,5384615
979	1,5384615
979	18,5384615
979	21,5384615
979	43,5384615
980	11,5384615
980	2,5384615
980	6,5384615
980	-7,4615385
980	9,5384615
981	-10,4615385
981	1,5384615
981	27,5384615
981	-7,4615385
982	-11,4615385
982	0,5384615
982	25,5384615
982	24,5384615
983	10,5384615
983	4,5384615
983	5,5384615
983	5,5384615
984	29,5384615
984	39,5384615
984	-6,4615385
984	-5,4615385
985	-0,4615385
985	14,5384615
985	4,5384615
985	22,5384615
986	9,5384615
986	6,5384615
986	25,5384615
986	6,5384615
987	-10,4615385
987	10,5384615
987	14,5384615
987	-12,4615385
988	23,5384615
988	10,5384615
988	6,5384615
988	34,5384615
988	3,5384615
989	14,5384615
989	12,5384615
989	5,5384615
989	41,5384615
990	12,5384615
990	8,5384615
990	-14,4615385
990	14,5384615
991	2,5384615
991	21,5384615
991	8,5384615
991	12,5384615
992	20,5384615
992	8,5384615
992	6,5384615
992	4,5384615
993	6,5384615
993	-5,4615385
993	-14,4615385
993	27,5384615
994	23,5384615
994	17,5384615
994	28,5384615
994	10,5384615
995	1,5384615
995	7,5384615
995	13,5384615
995	35,5384615
995	26,5384615
996	0,5384615
996	36,5384615
996	12,5384615
996	11,5384615
997	35,5384615
997	-21,4615385
997	-1,4615385
997	32,5384615
998	-11,4615385
998	17,5384615
998	30,5384615
998	16,5384615
999	25,5384615
999	2,5384615
999	13,5384615
999	-3,4615385
1000	12,5384615
1000	34,5384615
1000	-8,4615385
1000	-2,4615385
1001	24,5384615
1001	21,5384615
1001	19,5384615
1001	8,5384615
1002	11,5384615
1002	32,5384615
1002	20,5384615
1002	29,5384615
1002	-1,4615385
1003	-1,4615385
1003	22,5384615
1003	24,5384615
1003	17,5384615
1004	3,5384615
1004	17,5384615
1004	8,5384615
1004	16,5384615
1005	-8,4615385
1005	8,5384615
1005	12,5384615
1005	-2,4615385
1006	-9,4615385
1006	4,5384615
1006	33,5384615
1006	2,5384615
1007	13,5384615
1007	19,5384615
1007	-0,4615385
1007	-1,4615385
1008	-21,4615385
1008	23,5384615
1008	18,5384615
1008	20,5384615
1008	-1,4615385
1009	7,5384615
1009	-3,4615385
1009	15,5384615
1009	29,5384615
1010	-3,4615385
1010	-20,4615385
1010	-6,4615385
1010	5,5384615
1011	-9,4615385
1011	18,5384615
1011	34,5384615
1011	9,5384615
1012	28,5384615
1012	8,5384615
1012	5,5384615
1012	0,5384615
1013	-2,4615385
1013	0,5384615
1013	32,5384615
1013	9,5384615
1014	17,5384615
1014	6,5384615
1014	24,5384615
1014	12,5384615
1015	3,5384615
1015	9,5384615
1015	-0,4615385
1015	11,5384615
1015	24,5384615
1016	20,5384615
1016	37,5384615
1016	8,5384615
1016	9,5384615
1017	18,5384615
1017	13,5384615
1017	12,5384615
1017	9,5384615
1018	18,5384615
1018	13,5384615
1018	4,5384615
1018	6,5384615
1019	-14,4615385
1019	25,5384615
1019	41,5384615
1019	7,5384615
1020	-21,4615385
1020	0,5384615
1020	15,5384615
1020	14,5384615
1021	16,5384615
1021	25,5384615
1021	11,5384615
1021	-3,4615385
1021	14,5384615
1022	-2,4615385
1022	11,5384615
1022	22,5384615
1022	0,5384615
1023	-18,4615385
1023	-9,4615385
1023	7,5384615
1023	-15,4615385
1024	12,5384615
1024	-0,4615385
1024	19,5384615
1024	32,5384615
1025	5,5384615
1025	4,5384615
1025	-1,4615385
1025	29,5384615
1026	23,5384615
1026	-3,4615385
1026	7,5384615
1026	21,5384615
1027	29,5384615
1027	9,5384615
1027	35,5384615
1027	37,5384615
1027	-13,4615385
1028	-3,4615385
1028	-10,4615385
1028	12,5384615
1028	34,5384615
1029	-15,4615385
1029	3,5384615
1029	-1,4615385
1029	3,5384615
1030	28,5384615
1030	6,5384615
1030	12,5384615
1030	-16,4615385
1031	34,5384615
1031	16,5384615
1031	16,5384615
1031	-8,4615385
1032	-15,4615385
1032	25,5384615
1032	-9,4615385
1032	27,5384615
1033	32,5384615
1033	4,5384615
1033	18,5384615
1033	16,5384615
1034	16,5384615
1034	-0,4615385
1034	-19,4615385
1034	-10,4615385
1034	-14,4615385
1035	33,5384615
1035	-0,4615385
1035	-14,4615385
1035	14,5384615
1036	27,5384615
1036	4,5384615
1036	-0,4615385
1036	1,5384615
1037	-20,4615385
1037	17,5384615
1037	21,5384615
1037	38,5384615
1038	20,5384615
1038	20,5384615
1038	16,5384615
1038	23,5384615
1039	29,5384615
1039	6,5384615
1039	7,5384615
1039	10,5384615
1039	-2,4615385
1040	-0,4615385
1040	11,5384615
1040	28,5384615
1040	41,5384615
1041	20,5384615
1041	-15,4615385
1041	11,5384615
1041	17,5384615
1042	22,5384615
1042	12,5384615
1042	7,5384615
1042	31,5384615
1043	28,5384615
1043	55,5384615
1043	13,5384615
1043	6,5384615
1044	3,5384615
1044	-6,4615385
1044	6,5384615
1044	-9,4615385
1045	12,5384615
1045	-0,4615385
1045	16,5384615
1045	-8,4615385
1045	-0,4615385
1046	17,5384615
1046	4,5384615
1046	-4,4615385
1046	22,5384615
1047	5,5384615
1047	36,5384615
1047	-10,4615385
1047	10,5384615
1048	7,5384615
1048	20,5384615
1048	27,5384615
1048	6,5384615
1049	-9,4615385
1049	9,5384615
1049	4,5384615
1049	22,5384615
1050	-5,4615385
1050	6,5384615
1050	5,5384615
1050	6,5384615
1051	7,5384615
1051	20,5384615
1051	8,5384615
1051	2,5384615
1051	-37,4615385
1052	3,5384615
1052	9,5384615
1052	-30,4615385
1052	-14,4615385
1053	11,5384615
1053	9,5384615
1053	8,5384615
1053	15,5384615
1054	5,5384615
1054	15,5384615
1054	-5,4615385
1054	-5,4615385
1055	19,5384615
1055	7,5384615
1055	14,5384615
1055	3,5384615
1056	10,5384615
1056	8,5384615
1056	-15,4615385
1056	4,5384615
1056	-3,4615385
1057	11,5384615
1057	3,5384615
1057	37,5384615
1057	13,5384615
1058	3,5384615
1058	-0,4615385
1058	19,5384615
1058	26,5384615
1059	28,5384615
1059	-10,4615385
1059	-2,4615385
1059	-4,4615385
1060	19,5384615
1060	2,5384615
1060	-6,4615385
1060	22,5384615
1061	16,5384615
1061	0,5384615
1061	1,5384615
1061	25,5384615
1062	-4,4615385
1062	10,5384615
1062	1,5384615
1062	16,5384615
1062	33,5384615
1063	18,5384615
1063	-5,4615385
1063	34,5384615
1063	17,5384615
1064	-13,4615385
1064	12,5384615
1064	26,5384615
1064	5,5384615
1065	34,5384615
1065	19,5384615
1065	-6,4615385
1065	-4,4615385
1066	8,5384615
1066	4,5384615
1066	-16,4615385
1066	13,5384615
1067	31,5384615
1067	21,5384615
1067	12,5384615
1067	0,5384615
1067	-6,4615385
1068	20,5384615
1068	11,5384615
1068	9,5384615
1068	15,5384615
1069	15,5384615
1069	9,5384615
1069	11,5384615
1069	25,5384615
1070	20,5384615
1070	7,5384615
1070	15,5384615
1070	-2,4615385
1071	0,5384615
1071	37,5384615
1071	14,5384615
1071	-0,4615385
1072	7,5384615
1072	7,5384615
1072	-6,4615385
1072	9,5384615
1072	15,5384615
1073	-4,4615385
1073	8,5384615
1073	-4,4615385
1073	0,5384615
1074	8,5384615
1074	13,5384615
1074	10,5384615
1074	3,5384615
1075	23,5384615
1075	41,5384615
1075	-2,4615385
1075	8,5384615
1076	-6,4615385
1076	-1,4615385
1076	6,5384615
1076	19,5384615
1077	30,5384615
1077	6,5384615
1077	8,5384615
1077	-7,4615385
1077	47,5384615
1078	3,5384615
1078	27,5384615
1078	10,5384615
1078	-6,4615385
1079	24,5384615
1079	9,5384615
1079	2,5384615
1079	20,5384615
1080	25,5384615
1080	15,5384615
1080	-1,4615385
1080	1,5384615
1081	-13,4615385
1081	10,5384615
1081	32,5384615
1081	13,5384615
1082	14,5384615
1082	-14,4615385
1082	-10,4615385
1082	-12,4615385
1082	8,5384615
1083	20,5384615
1083	8,5384615
1083	13,5384615
1083	-3,4615385
1084	11,5384615
1084	20,5384615
1084	33,5384615
1084	6,5384615
1085	20,5384615
1085	8,5384615
1085	32,5384615
1085	20,5384615
1086	28,5384615
1086	0,5384615
1086	7,5384615
1086	4,5384615
1087	-7,4615385
1087	9,5384615
1087	-0,4615385
1087	4,5384615
1087	11,5384615
1088	0,5384615
1088	15,5384615
1088	-5,4615385
1088	6,5384615
1089	31,5384615
1089	17,5384615
1089	-21,4615385
1089	-3,4615385
1090	17,5384615
1090	7,5384615
1090	7,5384615
1090	19,5384615
1091	16,5384615
1091	22,5384615
1091	18,5384615
1091	5,5384615
1092	18,5384615
1092	31,5384615
1092	-1,4615385
1092	18,5384615
1092	0,5384615
1093	4,5384615
1093	10,5384615
1093	-0,4615385
1093	15,5384615
1094	11,5384615
1094	-21,4615385
1094	13,5384615
1094	23,5384615
1095	16,5384615
1095	28,5384615
1095	4,5384615
1095	14,5384615
1096	30,5384615
1096	-22,4615385
1096	-20,4615385
1096	6,5384615
1097	4,5384615
1097	-0,4615385
1097	4,5384615
1097	27,5384615
1097	-23,4615385
1098	36,5384615
1098	51,5384615
1098	6,5384615
1098	-3,4615385
1099	12,5384615
1099	26,5384615
1099	9,5384615
1099	18,5384615
1100	17,5384615
1100	-24,4615385
1100	31,5384615
1100	0,5384615
1101	29,5384615
1101	6,5384615
1101	26,5384615
1101	4,5384615
1101	2,5384615
1102	26,5384615
1102	18,5384615
1102	-0,4615385
1102	27,5384615
1103	6,5384615
1103	-11,4615385
1103	17,5384615
1103	-0,4615385
1104	-6,4615385
1104	-7,4615385
1104	-17,4615385
1104	20,5384615
1105	23,5384615
1105	15,5384615
1105	10,5384615
1105	20,5384615
1106	33,5384615
1106	0,5384615
1106	-15,4615385
1106	-8,4615385
1106	-3,4615385
1107	13,5384615
1107	38,5384615
1107	52,5384615
1107	5,5384615
1108	-5,4615385
1108	9,5384615
1108	22,5384615
1108	2,5384615
1109	8,5384615
1109	-15,4615385
1109	4,5384615
1109	-0,4615385
1110	14,5384615
1110	34,5384615
1110	2,5384615
1110	10,5384615
1110	12,5384615
1111	-8,4615385
1111	14,5384615
1111	3,5384615
1111	10,5384615
1112	0,5384615
1112	-6,4615385
1112	13,5384615
1112	17,5384615
1113	0,5384615
1113	-12,4615385
1113	-5,4615385
1113	31,5384615
1114	11,5384615
1114	8,5384615
1114	28,5384615
1114	14,5384615
1115	-4,4615385
1115	1,5384615
1115	20,5384615
1115	11,5384615
1115	24,5384615
1116	0,5384615
1116	-1,4615385
1116	0,5384615
1116	2,5384615
1117	14,5384615
1117	18,5384615
1117	17,5384615
1117	27,5384615
1118	11,5384615
