196	-12,3846154
196	-12,3846154
196	-12,3846154
197	-5,3846154
197	24,6153846
197	29,6153846
197	4,6153846
198	8,6153846
198	-11,3846154
198	-14,3846154
199	-15,3846154
199	17,6153846
199	-1,3846154
199	-14,3846154
200	40,6153846
200	17,6153846
200	40,6153846
200	-16,3846154
201	11,6153846
201	-12,3846154
201	14,6153846
201	0,6153846
202	41,6153846
202	16,6153846
202	-23,3846154
203	12,6153846
203	9,6153846
203	30,6153846
203	-6,3846154
204	23,6153846
204	24,6153846
204	-6,3846154
204	24,6153846
205	13,6153846
205	-12,3846154
205	-8,3846154
205	17,6153846
206	-7,3846154
206	29,6153846
206	19,6153846
207	2,6153846
207	-6,3846154
207	8,6153846
207	-23,3846154
208	7,6153846
208	13,6153846
208	3,6153846
208	7,6153846
209	-2,3846154
209	3,6153846
209	1,6153846
209	-6,3846154
210	9,6153846
210	16,6153846
210	19,6153846
211	-5,3846154
211	9,6153846
211	-11,3846154
211	-2,3846154
212	-7,3846154
212	-8,3846154
212	-2,3846154
212	-15,3846154
213	19,6153846
213	-7,3846154
213	12,6153846
213	21,6153846
214	-17,3846154
214	-20,3846154
214	10,6153846
215	11,6153846
215	-13,3846154
215	-7,3846154
215	23,6153846
216	2,6153846
216	-8,3846154
216	37,6153846
216	-3,3846154
217	-10,3846154
217	7,6153846
217	5,6153846
217	-9,3846154
218	1,6153846
218	-14,3846154
218	-2,3846154
219	-4,3846154
219	-17,3846154
219	0,6153846
219	-5,3846154
220	3,6153846
220	1,6153846
220	10,6153846
220	-3,3846154
221	-2,3846154
221	-8,3846154
221	11,6153846
221	6,6153846
222	16,6153846
222	22,6153846
222	4,6153846
223	32,6153846
223	-12,3846154
223	-5,3846154
223	-37,3846154
224	10,6153846
224	-9,3846154
224	20,6153846
224	-5,3846154
225	-2,3846154
225	-0,3846154
225	17,6153846
225	15,6153846
226	2,6153846
226	-8,3846154
226	22,6153846
227	3,6153846
227	23,6153846
227	1,6153846
227	27,6153846
228	-1,3846154
228	6,6153846
228	16,6153846
228	12,6153846
229	20,6153846
229	-4,3846154
229	-11,3846154
229	-2,3846154
230	9,6153846
230	9,6153846
230	-19,3846154
231	-13,3846154
231	24,6153846
231	-5,3846154
231	34,6153846
232	4,6153846
232	-2,3846154
232	32,6153846
232	5,6153846
233	6,6153846
233	7,6153846
233	4,6153846
233	18,6153846
234	-13,3846154
234	12,6153846
234	-16,3846154
235	10,6153846
235	19,6153846
235	-16,3846154
235	-14,3846154
236	-1,3846154
236	8,6153846
236	13,6153846
236	-21,3846154
237	28,6153846
237	7,6153846
237	25,6153846
237	8,6153846
238	10,6153846
238	-17,3846154
238	-10,3846154
239	-17,3846154
239	-25,3846154
239	1,6153846
239	-0,3846154
240	-8,3846154
240	3,6153846
240	-16,3846154
240	6,6153846
241	13,6153846
241	-0,3846154
241	1,6153846
241	3,6153846
242	-0,3846154
242	-26,3846154
242	-4,3846154
243	-6,3846154
243	-9,3846154
243	-23,3846154
243	-16,3846154
244	-8,3846154
244	3,6153846
244	-1,3846154
244	-7,3846154
245	-10,3846154
245	8,6153846
245	-15,3846154
245	-8,3846154
246	6,6153846
246	4,6153846
246	-22,3846154
247	-0,3846154
247	12,6153846
247	21,6153846
247	18,6153846
248	5,6153846
248	18,6153846
248	18,6153846
248	36,6153846
249	23,6153846
249	3,6153846
249	-32,3846154
249	17,6153846
250	16,6153846
250	19,6153846
250	1,6153846
251	6,6153846
251	12,6153846
251	-0,3846154
251	2,6153846
252	-23,3846154
252	12,6153846
252	8,6153846
252	1,6153846
253	-3,3846154
253	-10,3846154
253	-4,3846154
253	20,6153846
254	1,6153846
254	28,6153846
254	-7,3846154
254	-1,3846154
255	-48,3846154
255	-13,3846154
255	-23,3846154
256	-9,3846154
256	-7,3846154
256	-5,3846154
256	11,6153846
257	21,6153846
257	-5,3846154
257	3,6153846
257	14,6153846
258	32,6153846
258	-6,3846154
258	-10,3846154
258	5,6153846
259	6,6153846
259	4,6153846
259	-3,3846154
260	1,6153846
260	-12,3846154
260	-22,3846154
260	-9,3846154
261	21,6153846
261	7,6153846
261	16,6153846
261	-1,3846154
262	16,6153846
262	12,6153846
262	0,6153846
262	-18,3846154
263	37,6153846
263	11,6153846
263	2,6153846
264	11,6153846
264	25,6153846
264	5,6153846
264	4,6153846
265	2,6153846
265	-3,3846154
265	-6,3846154
265	4,6153846
266	8,6153846
266	-33,3846154
266	-3,3846154
266	-14,3846154
267	20,6153846
267	5,6153846
267	23,6153846
268	9,6153846
268	17,6153846
268	2,6153846
268	25,6153846
269	1,6153846
269	6,6153846
269	-26,3846154
269	4,6153846
270	-6,3846154
270	-0,3846154
270	-18,3846154
270	5,6153846
271	-8,3846154
271	13,6153846
271	34,6153846
271	-6,3846154
272	2,6153846
272	-4,3846154
272	-26,3846154
273	-2,3846154
273	14,6153846
273	14,6153846
273	1,6153846
274	11,6153846
274	3,6153846
274	16,6153846
274	8,6153846
275	42,6153846
275	18,6153846
275	3,6153846
275	16,6153846
276	22,6153846
276	7,6153846
276	-0,3846154
277	-11,3846154
277	25,6153846
277	14,6153846
277	12,6153846
278	-8,3846154
278	28,6153846
278	3,6153846
278	-18,3846154
279	-3,3846154
279	-17,3846154
279	14,6153846
279	24,6153846
280	-11,3846154
280	3,6153846
280	-10,3846154
280	6,6153846
281	6,6153846
281	18,6153846
281	5,6153846
282	-6,3846154
282	9,6153846
282	0,6153846
282	3,6153846
283	-35,3846154
283	-2,3846154
283	2,6153846
283	7,6153846
284	15,6153846
284	4,6153846
284	-10,3846154
284	6,6153846
285	-0,3846154
285	10,6153846
285	-17,3846154
286	1,6153846
286	7,6153846
286	-23,3846154
286	0,6153846
287	5,6153846
287	-6,3846154
287	1,6153846
287	7,6153846
288	-13,3846154
288	-7,3846154
288	-0,3846154
288	11,6153846
289	3,6153846
289	-13,3846154
289	17,6153846
290	14,6153846
290	-7,3846154
290	14,6153846
290	-17,3846154
291	39,6153846
291	-2,3846154
291	-3,3846154
291	16,6153846
292	21,6153846
292	-4,3846154
292	3,6153846
292	10,6153846
293	9,6153846
293	11,6153846
293	26,6153846
293	4,6153846
294	1,6153846
294	-9,3846154
294	12,6153846
295	23,6153846
295	21,6153846
295	17,6153846
295	13,6153846
296	-10,3846154
296	-1,3846154
296	12,6153846
296	3,6153846
297	-15,3846154
297	18,6153846
297	-5,3846154
297	27,6153846
298	49,6153846
298	-17,3846154
298	25,6153846
299	0,6153846
299	40,6153846
299	28,6153846
299	4,6153846
300	-16,3846154
300	-17,3846154
300	-10,3846154
300	26,6153846
301	-8,3846154
301	13,6153846
301	-12,3846154
301	-6,3846154
302	3,6153846
302	-0,3846154
302	11,6153846
302	25,6153846
303	36,6153846
303	-11,3846154
303	-36,3846154
304	-17,3846154
304	3,6153846
304	23,6153846
304	10,6153846
305	19,6153846
305	22,6153846
305	-13,3846154
305	-16,3846154
306	-4,3846154
306	-2,3846154
306	15,6153846
306	-1,3846154
307	19,6153846
307	41,6153846
307	22,6153846
307	4,6153846
308	11,6153846
308	-2,3846154
308	28,6153846
309	36,6153846
309	33,6153846
309	25,6153846
309	18,6153846
310	16,6153846
310	-7,3846154
310	28,6153846
310	9,6153846
311	24,6153846
311	56,6153846
311	80,6153846
311	51,6153846
312	46,6153846
312	69,6153846
312	65,6153846
313	58,6153846
313	58,6153846
313	41,6153846
313	45,6153846
314	49,6153846
314	53,6153846
314	62,6153846
314	47,6153846
315	71,6153846
315	72,6153846
315	44,6153846
315	62,6153846
316	61,6153846
316	75,6153846
316	69,6153846
316	69,6153846
317	65,6153846
317	34,6153846
317	50,6153846
318	61,6153846
318	46,6153846
318	57,6153846
318	41,6153846
319	35,6153846
319	17,6153846
319	16,6153846
319	27,6153846
320	33,6153846
320	15,6153846
320	28,6153846
320	4,6153846
321	35,6153846
321	12,6153846
321	7,6153846
321	-6,3846154
322	2,6153846
322	9,6153846
322	21,6153846
323	16,6153846
323	12,6153846
323	8,6153846
323	34,6153846
324	-1,3846154
324	16,6153846
324	-11,3846154
324	31,6153846
325	-14,3846154
325	1,6153846
325	1,6153846
325	1,6153846
326	9,6153846
326	-0,3846154
326	11,6153846
327	1,6153846
327	33,6153846
327	5,6153846
327	-5,3846154
328	-22,3846154
328	11,6153846
328	22,6153846
328	17,6153846
329	-20,3846154
329	-3,3846154
329	22,6153846
329	21,6153846
330	17,6153846
330	-0,3846154
330	45,6153846
330	37,6153846
331	8,6153846
331	26,6153846
331	39,6153846
332	58,6153846
332	70,6153846
332	72,6153846
332	80,6153846
333	85,6153846
333	80,6153846
333	94,6153846
333	104,6153846
334	86,6153846
334	93,6153846
334	99,6153846
334	118,6153846
335	83,6153846
335	82,6153846
335	83,6153846
335	109,6153846
336	112,6153846
336	133,6153846
336	100,6153846
337	76,6153846
337	112,6153846
337	136,6153846
337	121,6153846
338	118,6153846
338	94,6153846
338	103,6153846
338	94,6153846
339	94,6153846
339	97,6153846
339	86,6153846
339	99,6153846
340	67,6153846
340	54,6153846
340	61,6153846
340	41,6153846
341	37,6153846
341	50,6153846
341	64,6153846
342	42,6153846
342	32,6153846
342	57,6153846
342	46,6153846
343	38,6153846
343	29,6153846
343	23,6153846
343	21,6153846
344	17,6153846
344	38,6153846
344	28,6153846
344	12,6153846
345	9,6153846
345	-6,3846154
345	10,6153846
345	13,6153846
346	-8,3846154
346	16,6153846
346	4,6153846
347	27,6153846
347	6,6153846
347	1,6153846
347	8,6153846
348	26,6153846
348	22,6153846
348	39,6153846
348	38,6153846
349	24,6153846
349	13,6153846
349	22,6153846
349	8,6153846
350	22,6153846
350	31,6153846
350	46,6153846
350	38,6153846
351	49,6153846
351	35,6153846
351	14,6153846
352	11,6153846
352	66,6153846
352	59,6153846
352	69,6153846
353	70,6153846
353	80,6153846
353	65,6153846
353	84,6153846
354	64,6153846
354	102,6153846
354	119,6153846
354	86,6153846
355	96,6153846
355	68,6153846
355	76,6153846
355	78,6153846
356	95,6153846
356	71,6153846
356	103,6153846
357	81,6153846
357	83,6153846
357	108,6153846
357	86,6153846
358	112,6153846
358	118,6153846
358	110,6153846
358	87,6153846
359	38,6153846
359	68,6153846
359	46,6153846
359	75,6153846
360	78,6153846
360	77,6153846
360	66,6153846
360	58,6153846
361	63,6153846
361	56,6153846
361	71,6153846
362	96,6153846
362	91,6153846
362	78,6153846
362	45,6153846
363	31,6153846
363	37,6153846
363	2,6153846
363	31,6153846
364	29,6153846
364	19,6153846
364	1,6153846
364	22,6153846
365	32,6153846
365	38,6153846
365	8,6153846
365	32,6153846
366	11,6153846
366	7,6153846
366	-0,3846154
367	6,6153846
367	29,6153846
367	35,6153846
367	29,6153846
368	-0,3846154
368	16,6153846
368	31,6153846
368	23,6153846
369	-13,3846154
369	9,6153846
369	-6,3846154
369	-6,3846154
370	33,6153846
370	14,6153846
370	-9,3846154
370	29,6153846
371	31,6153846
371	20,6153846
371	20,6153846
371	36,6153846
372	18,6153846
372	16,6153846
372	24,6153846
373	34,6153846
373	44,6153846
373	22,6153846
373	30,6153846
374	33,6153846
374	48,6153846
374	63,6153846
374	44,6153846
375	47,6153846
375	65,6153846
375	49,6153846
375	55,6153846
376	68,6153846
376	40,6153846
376	63,6153846
376	54,6153846
377	27,6153846
377	30,6153846
377	78,6153846
378	51,6153846
378	31,6153846
378	65,6153846
378	53,6153846
379	72,6153846
379	34,6153846
379	62,6153846
379	39,6153846
380	59,6153846
380	56,6153846
380	55,6153846
380	23,6153846
381	67,6153846
381	66,6153846
381	82,6153846
381	38,6153846
382	53,6153846
382	23,6153846
382	40,6153846
383	26,6153846
383	19,6153846
383	66,6153846
383	31,6153846
384	24,6153846
384	32,6153846
384	25,6153846
384	45,6153846
385	29,6153846
385	36,6153846
385	34,6153846
385	39,6153846
386	18,6153846
386	17,6153846
386	17,6153846
386	22,6153846
387	22,6153846
387	37,6153846
387	20,6153846
387	-4,3846154
388	-1,3846154
388	39,6153846
388	36,6153846
389	-13,3846154
389	-30,3846154
389	0,6153846
389	21,6153846
390	26,6153846
390	12,6153846
390	17,6153846
390	-1,3846154
391	22,6153846
391	39,6153846
391	13,6153846
391	25,6153846
392	20,6153846
392	11,6153846
392	5,6153846
392	19,6153846
393	11,6153846
393	16,6153846
393	34,6153846
394	31,6153846
394	19,6153846
394	14,6153846
394	42,6153846
395	15,6153846
395	17,6153846
395	15,6153846
395	30,6153846
396	26,6153846
396	29,6153846
396	9,6153846
396	29,6153846
397	8,6153846
397	17,6153846
397	4,6153846
397	45,6153846
398	49,6153846
398	39,6153846
398	14,6153846
398	23,6153846
399	33,6153846
399	20,6153846
399	22,6153846
400	37,6153846
400	35,6153846
400	38,6153846
400	38,6153846
401	38,6153846
401	39,6153846
401	20,6153846
401	20,6153846
402	31,6153846
402	22,6153846
402	14,6153846
402	18,6153846
403	35,6153846
403	55,6153846
403	30,6153846
403	22,6153846
404	8,6153846
404	45,6153846
404	28,6153846
405	22,6153846
405	43,6153846
405	47,6153846
405	32,6153846
406	50,6153846
406	18,6153846
406	19,6153846
406	37,6153846
407	32,6153846
407	10,6153846
407	12,6153846
407	29,6153846
408	20,6153846
408	11,6153846
408	-11,3846154
408	16,6153846
409	20,6153846
409	15,6153846
409	11,6153846
409	32,6153846
410	15,6153846
410	14,6153846
410	38,6153846
411	29,6153846
411	8,6153846
411	17,6153846
411	12,6153846
412	19,6153846
412	14,6153846
412	-10,3846154
412	17,6153846
413	-7,3846154
413	-22,3846154
413	14,6153846
413	3,6153846
414	1,6153846
414	21,6153846
414	10,6153846
414	8,6153846
415	26,6153846
415	31,6153846
415	22,6153846
415	17,6153846
416	-5,3846154
416	-15,3846154
416	14,6153846
417	29,6153846
417	9,6153846
417	19,6153846
417	20,6153846
418	6,6153846
418	8,6153846
418	4,6153846
418	-9,3846154
419	24,6153846
419	30,6153846
419	35,6153846
419	-1,3846154
420	15,6153846
420	4,6153846
420	31,6153846
420	19,6153846
421	27,6153846
421	26,6153846
421	30,6153846
421	8,6153846
422	34,6153846
422	21,6153846
422	-3,3846154
423	19,6153846
423	7,6153846
423	44,6153846
423	22,6153846
424	39,6153846
424	-10,3846154
424	-5,3846154
424	24,6153846
425	37,6153846
425	-4,3846154
425	15,6153846
425	18,6153846
426	8,6153846
426	15,6153846
426	34,6153846
426	19,6153846
427	25,6153846
427	4,6153846
427	23,6153846
427	41,6153846
428	25,6153846
428	35,6153846
428	32,6153846
429	35,6153846
429	31,6153846
429	10,6153846
429	40,6153846
430	28,6153846
430	3,6153846
430	1,6153846
430	12,6153846
431	18,6153846
431	11,6153846
431	9,6153846
431	41,6153846
432	25,6153846
432	15,6153846
432	6,6153846
432	12,6153846
433	-3,3846154
433	14,6153846
433	14,6153846
433	-7,3846154
434	0,6153846
434	9,6153846
434	38,6153846
435	3,6153846
435	14,6153846
435	16,6153846
435	3,6153846
436	10,6153846
436	39,6153846
436	10,6153846
436	4,6153846
437	27,6153846
437	19,6153846
437	7,6153846
437	0,6153846
438	7,6153846
438	26,6153846
438	51,6153846
438	22,6153846
439	-4,3846154
439	1,6153846
439	14,6153846
439	10,6153846
440	27,6153846
440	1,6153846
440	17,6153846
441	-1,3846154
441	-27,3846154
441	29,6153846
441	22,6153846
442	14,6153846
442	6,6153846
442	23,6153846
442	16,6153846
443	21,6153846
443	13,6153846
443	8,6153846
443	-13,3846154
444	-39,3846154
444	6,6153846
444	9,6153846
444	16,6153846
445	-13,3846154
445	-2,3846154
445	1,6153846
445	25,6153846
446	-17,3846154
446	-9,3846154
446	2,6153846
447	-2,3846154
447	11,6153846
447	31,6153846
447	9,6153846
448	25,6153846
448	2,6153846
448	-7,3846154
448	-23,3846154
449	-10,3846154
449	6,6153846
449	3,6153846
449	22,6153846
450	22,6153846
450	-1,3846154
450	16,6153846
450	5,6153846
451	14,6153846
451	-5,3846154
451	-28,3846154
451	5,6153846
452	-9,3846154
452	-1,3846154
452	9,6153846
452	28,6153846
453	12,6153846
453	12,6153846
453	-6,3846154
454	3,6153846
454	29,6153846
454	18,6153846
454	19,6153846
455	-4,3846154
455	-3,3846154
455	3,6153846
455	-12,3846154
456	6,6153846
456	3,6153846
456	-3,3846154
456	10,6153846
457	-17,3846154
457	4,6153846
457	-8,3846154
457	-3,3846154
458	-6,3846154
458	-15,3846154
458	-3,3846154
458	17,6153846
459	-15,3846154
459	5,6153846
459	15,6153846
460	23,6153846
460	8,6153846
460	27,6153846
460	18,6153846
461	15,6153846
461	4,6153846
461	-2,3846154
461	19,6153846
462	12,6153846
462	-20,3846154
462	1,6153846
462	-16,3846154
463	-20,3846154
463	-18,3846154
463	-29,3846154
463	-21,3846154
464	3,6153846
464	20,6153846
464	-2,3846154
464	-34,3846154
465	7,6153846
465	20,6153846
465	13,6153846
465	7,6153846
466	2,6153846
466	-1,3846154
466	8,6153846
467	-8,3846154
467	-14,3846154
467	28,6153846
467	-15,3846154
468	4,6153846
468	33,6153846
468	0,6153846
468	-14,3846154
469	21,6153846
469	19,6153846
469	-29,3846154
469	-4,3846154
470	5,6153846
470	-15,3846154
470	5,6153846
470	-2,3846154
471	24,6153846
471	-14,3846154
471	17,6153846
471	7,6153846
472	17,6153846
472	25,6153846
472	-11,3846154
472	20,6153846
473	4,6153846
473	13,6153846
473	-10,3846154
474	3,6153846
474	-16,3846154
474	23,6153846
474	2,6153846
475	-17,3846154
475	2,6153846
475	16,6153846
475	7,6153846
476	11,6153846
476	3,6153846
476	11,6153846
476	28,6153846
477	4,6153846
477	2,6153846
477	-17,3846154
477	6,6153846
478	16,6153846
478	-5,3846154
478	-17,3846154
478	-13,3846154
479	-1,3846154
479	0,6153846
479	-2,3846154
479	-6,3846154
480	11,6153846
480	8,6153846
480	-0,3846154
481	7,6153846
481	8,6153846
481	16,6153846
481	7,6153846
482	33,6153846
482	-7,3846154
482	3,6153846
482	24,6153846
483	-12,3846154
483	22,6153846
483	15,6153846
483	-2,3846154
484	0,6153846
484	22,6153846
484	4,6153846
484	-6,3846154
485	-3,3846154
485	24,6153846
485	12,6153846
485	-4,3846154
486	-7,3846154
486	2,6153846
486	11,6153846
486	3,6153846
487	-23,3846154
487	17,6153846
487	11,6153846
488	2,6153846
488	-14,3846154
488	-13,3846154
488	8,6153846
489	-6,3846154
489	4,6153846
489	6,6153846
489	11,6153846
490	30,6153846
490	19,6153846
490	-6,3846154
490	-3,3846154
491	-5,3846154
491	13,6153846
491	-9,3846154
491	1,6153846
492	-19,3846154
492	4,6153846
492	2,6153846
492	-6,3846154
493	-4,3846154
493	10,6153846
493	-2,3846154
493	-11,3846154
494	-13,3846154
494	-2,3846154
494	8,6153846
495	8,6153846
495	-6,3846154
495	15,6153846
495	4,6153846
496	18,6153846
496	4,6153846
496	-6,3846154
496	13,6153846
497	-3,3846154
497	27,6153846
497	2,6153846
497	11,6153846
498	24,6153846
498	-9,3846154
498	2,6153846
498	-18,3846154
499	-9,3846154
499	25,6153846
499	19,6153846
499	39,6153846
500	36,6153846
500	4,6153846
500	-5,3846154
500	11,6153846
501	13,6153846
501	2,6153846
501	-20,3846154
502	7,6153846
502	3,6153846
502	13,6153846
502	-24,3846154
503	7,6153846
503	13,6153846
503	22,6153846
503	-16,3846154
504	-6,3846154
504	4,6153846
504	23,6153846
504	4,6153846
505	5,6153846
505	-13,3846154
505	3,6153846
505	1,6153846
506	12,6153846
506	31,6153846
506	-7,3846154
506	-3,3846154
507	19,6153846
507	24,6153846
507	24,6153846
507	-15,3846154
508	13,6153846
508	24,6153846
508	7,6153846
508	24,6153846
509	7,6153846
509	6,6153846
509	22,6153846
510	33,6153846
510	10,6153846
510	-3,3846154
510	-2,3846154
511	13,6153846
511	19,6153846
511	-1,3846154
511	-8,3846154
512	10,6153846
512	3,6153846
512	3,6153846
512	-6,3846154
513	-3,3846154
513	21,6153846
513	15,6153846
513	-4,3846154
514	-9,3846154
514	21,6153846
514	-23,3846154
514	7,6153846
515	20,6153846
515	-1,3846154
515	-6,3846154
515	12,6153846
516	15,6153846
516	37,6153846
516	21,6153846
516	-20,3846154
517	-0,3846154
517	7,6153846
517	-6,3846154
518	-3,3846154
518	1,6153846
518	7,6153846
518	-11,3846154
519	6,6153846
519	20,6153846
519	10,6153846
519	49,6153846
520	3,6153846
520	-5,3846154
520	26,6153846
520	13,6153846
521	-5,3846154
521	12,6153846
521	0,6153846
521	12,6153846
522	33,6153846
522	27,6153846
522	8,6153846
522	12,6153846
523	-4,3846154
523	-9,3846154
523	-6,3846154
523	-5,3846154
524	-5,3846154
524	-30,3846154
524	14,6153846
524	3,6153846
525	9,6153846
525	4,6153846
525	38,6153846
526	27,6153846
526	29,6153846
526	20,6153846
526	21,6153846
527	7,6153846
527	4,6153846
527	22,6153846
527	-0,3846154
528	21,6153846
528	23,6153846
528	5,6153846
528	10,6153846
529	38,6153846
529	-11,3846154
529	2,6153846
529	5,6153846
530	15,6153846
530	-8,3846154
530	-10,3846154
530	-9,3846154
531	24,6153846
531	14,6153846
531	17,6153846
531	19,6153846
532	1,6153846
532	4,6153846
532	2,6153846
532	14,6153846
533	-7,3846154
533	13,6153846
533	21,6153846
534	14,6153846
534	8,6153846
534	6,6153846
534	7,6153846
535	19,6153846
535	4,6153846
535	10,6153846
535	17,6153846
536	38,6153846
536	15,6153846
536	-11,3846154
536	-4,3846154
537	-4,3846154
537	-23,3846154
537	5,6153846
537	-11,3846154
538	-10,3846154
538	0,6153846
538	14,6153846
538	10,6153846
539	12,6153846
539	2,6153846
539	14,6153846
539	20,6153846
540	16,6153846
540	-14,3846154
540	13,6153846
540	0,6153846
541	-3,3846154
541	-13,3846154
541	2,6153846
541	-4,3846154
542	16,6153846
542	-4,3846154
542	10,6153846
543	6,6153846
543	-18,3846154
543	-5,3846154
543	37,6153846
544	-6,3846154
544	16,6153846
544	8,6153846
544	24,6153846
545	-27,3846154
545	14,6153846
545	10,6153846
545	-16,3846154
546	22,6153846
546	7,6153846
546	-2,3846154
546	19,6153846
547	8,6153846
547	12,6153846
547	27,6153846
547	-4,3846154
548	6,6153846
548	18,6153846
548	-9,3846154
548	-6,3846154
549	-8,3846154
549	48,6153846
549	20,6153846
549	3,6153846
550	5,6153846
550	1,6153846
550	15,6153846
550	-15,3846154
551	-15,3846154
551	2,6153846
551	19,6153846
552	-18,3846154
552	8,6153846
552	11,6153846
552	14,6153846
553	6,6153846
553	6,6153846
553	3,6153846
553	8,6153846
554	2,6153846
554	-13,3846154
554	-3,3846154
554	-15,3846154
555	26,6153846
555	13,6153846
555	2,6153846
555	12,6153846
556	17,6153846
556	29,6153846
556	-2,3846154
556	-0,3846154
557	26,6153846
557	5,6153846
557	-16,3846154
557	4,6153846
558	-2,3846154
558	-25,3846154
558	-0,3846154
558	2,6153846
559	1,6153846
559	-1,3846154
559	6,6153846
559	8,6153846
560	32,6153846
560	18,6153846
560	16,6153846
561	5,6153846
561	6,6153846
561	-17,3846154
561	15,6153846
562	10,6153846
562	6,6153846
562	25,6153846
562	1,6153846
563	-5,3846154
563	23,6153846
563	7,6153846
563	-0,3846154
564	5,6153846
564	-16,3846154
564	12,6153846
564	28,6153846
565	25,6153846
565	-3,3846154
565	11,6153846
565	13,6153846
566	25,6153846
566	2,6153846
566	-3,3846154
566	24,6153846
567	-2,3846154
567	-10,3846154
567	-21,3846154
567	-20,3846154
568	-5,3846154
568	-9,3846154
568	-20,3846154
568	-8,3846154
569	-2,3846154
569	9,6153846
569	2,6153846
569	-1,3846154
570	-9,3846154
570	-0,3846154
570	14,6153846
571	14,6153846
571	21,6153846
571	-2,3846154
571	-2,3846154
572	-10,3846154
572	19,6153846
572	3,6153846
572	11,6153846
573	29,6153846
573	-2,3846154
573	-12,3846154
573	-9,3846154
574	0,6153846
574	1,6153846
574	-23,3846154
574	3,6153846
575	2,6153846
575	8,6153846
575	13,6153846
575	-6,3846154
576	2,6153846
576	1,6153846
576	24,6153846
576	5,6153846
577	3,6153846
577	12,6153846
577	3,6153846
577	-5,3846154
578	0,6153846
578	-3,3846154
578	-26,3846154
578	6,6153846
579	9,6153846
579	-9,3846154
579	-7,3846154
579	-11,3846154
580	24,6153846
580	-7,3846154
580	23,6153846
581	23,6153846
581	5,6153846
581	24,6153846
581	0,6153846
582	-8,3846154
582	-12,3846154
582	22,6153846
582	13,6153846
583	-1,3846154
583	-4,3846154
583	1,6153846
583	-10,3846154
584	10,6153846
584	26,6153846
584	1,6153846
584	42,6153846
585	2,6153846
585	4,6153846
585	6,6153846
585	20,6153846
586	-3,3846154
586	19,6153846
586	19,6153846
586	15,6153846
587	21,6153846
587	-31,3846154
587	-9,3846154
587	-17,3846154
588	17,6153846
588	24,6153846
588	3,6153846
588	-3,3846154
589	-0,3846154
589	-0,3846154
589	7,6153846
589	-13,3846154
590	2,6153846
590	26,6153846
590	-8,3846154
590	18,6153846
591	-1,3846154
591	33,6153846
591	-2,3846154
592	15,6153846
592	-12,3846154
592	20,6153846
592	5,6153846
593	29,6153846
593	1,6153846
593	-3,3846154
593	5,6153846
594	54,6153846
594	-3,3846154
594	20,6153846
594	15,6153846
595	8,6153846
595	-31,3846154
595	11,6153846
595	0,6153846
596	4,6153846
596	10,6153846
596	-29,3846154
596	14,6153846
597	9,6153846
597	5,6153846
597	-2,3846154
597	-225,3846154
598	-47,3846154
598	1,6153846
598	-7,3846154
598	8,6153846
599	0,6153846
599	5,6153846
599	-14,3846154
599	-19,3846154
600	6,6153846
600	12,6153846
600	3,6153846
600	14,6153846
601	-31,3846154
601	-11,3846154
601	31,6153846
601	19,6153846
602	-4,3846154
602	-7,3846154
602	17,6153846
603	19,6153846
603	-13,3846154
603	45,6153846
603	26,6153846
604	-9,3846154
604	5,6153846
604	-1,3846154
604	-15,3846154
605	33,6153846
605	-5,3846154
605	-5,3846154
605	5,6153846
606	-16,3846154
606	-5,3846154
606	8,6153846
606	32,6153846
607	-4,3846154
607	-12,3846154
607	21,6153846
607	-19,3846154
608	11,6153846
608	29,6153846
608	24,6153846
608	8,6153846
609	-7,3846154
609	10,6153846
609	0,6153846
609	-8,3846154
610	-2,3846154
610	6,6153846
610	-9,3846154
610	-5,3846154
611	17,6153846
611	-5,3846154
611	-6,3846154
611	-3,3846154
612	1,6153846
612	21,6153846
612	11,6153846
612	11,6153846
613	22,6153846
613	14,6153846
613	3,6153846
613	18,6153846
614	19,6153846
614	-8,3846154
614	0,6153846
614	-0,3846154
615	-0,3846154
615	13,6153846
615	6,6153846
616	-12,3846154
616	5,6153846
616	22,6153846
616	-10,3846154
617	9,6153846
617	9,6153846
617	13,6153846
617	3,6153846
618	0,6153846
618	12,6153846
618	1,6153846
618	9,6153846
619	10,6153846
619	26,6153846
619	-7,3846154
619	-7,3846154
620	5,6153846
620	14,6153846
620	-15,3846154
620	6,6153846
621	1,6153846
621	37,6153846
621	-3,3846154
621	-33,3846154
622	5,6153846
622	12,6153846
622	20,6153846
622	-2,3846154
623	-15,3846154
623	7,6153846
623	-2,3846154
623	10,6153846
624	-10,3846154
624	4,6153846
624	6,6153846
624	1,6153846
625	0,6153846
625	24,6153846
625	-12,3846154
625	-25,3846154
626	10,6153846
626	-24,3846154
626	9,6153846
626	8,6153846
627	11,6153846
627	-10,3846154
627	10,6153846
627	22,6153846
628	-3,3846154
628	28,6153846
628	19,6153846
629	-3,3846154
629	9,6153846
629	-31,3846154
629	-7,3846154
630	9,6153846
630	12,6153846
630	-14,3846154
630	-6,3846154
631	-4,3846154
631	9,6153846
631	-8,3846154
631	-27,3846154
632	12,6153846
632	15,6153846
632	18,6153846
632	-12,3846154
633	17,6153846
633	21,6153846
633	-2,3846154
633	-7,3846154
634	2,6153846
634	-3,3846154
634	15,6153846
634	-12,3846154
635	21,6153846
635	8,6153846
635	-8,3846154
635	14,6153846
636	23,6153846
636	16,6153846
636	2,6153846
636	-9,3846154
637	-10,3846154
637	38,6153846
637	4,6153846
637	7,6153846
638	15,6153846
638	9,6153846
638	-9,3846154
638	-0,3846154
639	-4,3846154
639	-9,3846154
639	-7,3846154
639	10,6153846
640	-6,3846154
640	12,6153846
640	-12,3846154
640	2,6153846
641	-4,3846154
641	1,6153846
641	13,6153846
641	26,6153846
642	0,6153846
642	-0,3846154
642	2,6153846
642	21,6153846
643	7,6153846
643	7,6153846
643	-3,3846154
644	8,6153846
644	11,6153846
644	8,6153846
644	19,6153846
645	22,6153846
645	0,6153846
645	17,6153846
645	8,6153846
646	-19,3846154
646	11,6153846
646	-6,3846154
646	12,6153846
647	1,6153846
647	11,6153846
647	-8,3846154
647	10,6153846
648	15,6153846
648	16,6153846
648	-19,3846154
648	12,6153846
649	11,6153846
649	16,6153846
649	-3,3846154
649	18,6153846
650	28,6153846
650	-3,3846154
650	-4,3846154
650	-12,3846154
651	7,6153846
651	22,6153846
651	17,6153846
651	13,6153846
652	-4,3846154
652	5,6153846
652	18,6153846
652	-8,3846154
653	4,6153846
653	18,6153846
653	10,6153846
653	-14,3846154
654	-13,3846154
654	17,6153846
654	19,6153846
654	22,6153846
655	5,6153846
655	36,6153846
655	17,6153846
655	5,6153846
656	12,6153846
656	5,6153846
656	-22,3846154
656	3,6153846
657	0,6153846
657	-12,3846154
657	-1,3846154
657	5,6153846
658	-14,3846154
658	-2,3846154
658	26,6153846
658	16,6153846
659	4,6153846
659	13,6153846
659	12,6153846
660	0,6153846
660	-15,3846154
660	22,6153846
660	8,6153846
661	4,6153846
661	56,6153846
661	22,6153846
661	-11,3846154
662	38,6153846
662	6,6153846
662	10,6153846
662	-0,3846154
663	4,6153846
663	18,6153846
663	18,6153846
663	24,6153846
664	11,6153846
664	5,6153846
664	38,6153846
664	4,6153846
665	28,6153846
665	18,6153846
665	8,6153846
665	-13,3846154
666	10,6153846
666	22,6153846
666	17,6153846
666	4,6153846
667	24,6153846
667	-0,3846154
667	9,6153846
667	-22,3846154
668	-8,3846154
668	5,6153846
668	26,6153846
668	32,6153846
669	-2,3846154
669	-1,3846154
669	20,6153846
669	0,6153846
670	12,6153846
670	21,6153846
670	1,6153846
670	10,6153846
671	-11,3846154
671	23,6153846
671	22,6153846
671	24,6153846
672	21,6153846
672	10,6153846
672	25,6153846
672	26,6153846
673	9,6153846
673	-12,3846154
673	-1,3846154
673	21,6153846
674	18,6153846
674	36,6153846
674	0,6153846
674	18,6153846
675	-2,3846154
675	13,6153846
675	0,6153846
675	21,6153846
676	3,6153846
676	12,6153846
676	-4,3846154
676	29,6153846
677	6,6153846
677	-15,3846154
677	-1,3846154
677	11,6153846
678	31,6153846
678	19,6153846
678	-11,3846154
678	-5,3846154
679	-2,3846154
679	-11,3846154
679	17,6153846
680	16,6153846
680	-12,3846154
680	4,6153846
680	4,6153846
681	14,6153846
681	-1,3846154
681	-4,3846154
681	11,6153846
682	13,6153846
682	-10,3846154
682	4,6153846
682	22,6153846
683	-0,3846154
683	27,6153846
683	20,6153846
683	18,6153846
684	-2,3846154
684	-12,3846154
684	10,6153846
684	5,6153846
685	3,6153846
685	9,6153846
685	22,6153846
685	-11,3846154
686	4,6153846
686	-3,3846154
686	20,6153846
686	11,6153846
687	26,6153846
687	31,6153846
687	8,6153846
687	-8,3846154
688	-18,3846154
688	-19,3846154
688	1,6153846
688	-7,3846154
689	22,6153846
689	-3,3846154
689	11,6153846
689	-7,3846154
690	-16,3846154
690	-5,3846154
690	-15,3846154
690	-1,3846154
691	16,6153846
691	-12,3846154
691	-4,3846154
691	19,6153846
692	-9,3846154
692	-3,3846154
692	23,6153846
692	0,6153846
693	20,6153846
693	0,6153846
693	-10,3846154
693	-26,3846154
694	-9,3846154
694	17,6153846
694	8,6153846
694	4,6153846
695	-18,3846154
695	10,6153846
695	-7,3846154
695	-24,3846154
696	-17,3846154
696	4,6153846
696	16,6153846
696	2,6153846
697	-12,3846154
697	-29,3846154
697	-8,3846154
697	0,6153846
698	-16,3846154
698	-15,3846154
698	-14,3846154
698	9,6153846
699	7,6153846
699	-20,3846154
699	9,6153846
699	11,6153846
700	6,6153846
700	-7,3846154
700	-2,3846154
700	-4,3846154
701	7,6153846
701	-31,3846154
701	-0,3846154
701	0,6153846
702	-26,3846154
702	0,6153846
702	5,6153846
702	3,6153846
703	-2,3846154
703	0,6153846
703	-14,3846154
703	-11,3846154
704	-1,3846154
704	19,6153846
704	3,6153846
704	35,6153846
705	17,6153846
705	12,6153846
705	18,6153846
706	8,6153846
706	17,6153846
706	18,6153846
706	-1,3846154
707	17,6153846
707	-15,3846154
707	9,6153846
707	-4,3846154
708	3,6153846
708	11,6153846
708	1,6153846
708	18,6153846
709	-0,3846154
709	-5,3846154
709	11,6153846
709	-0,3846154
710	5,6153846
710	-0,3846154
710	1,6153846
710	-0,3846154
711	-15,3846154
711	-12,3846154
711	2,6153846
711	12,6153846
712	36,6153846
712	-2,3846154
712	-6,3846154
712	-4,3846154
713	4,6153846
713	17,6153846
713	6,6153846
713	14,6153846
714	25,6153846
714	16,6153846
714	0,6153846
714	-16,3846154
715	10,6153846
715	-8,3846154
715	-2,3846154
715	-12,3846154
716	-6,3846154
716	23,6153846
716	-6,3846154
716	8,6153846
717	2,6153846
717	19,6153846
717	26,6153846
717	-2,3846154
718	-11,3846154
718	6,6153846
718	-12,3846154
718	6,6153846
719	6,6153846
719	-4,3846154
719	1,6153846
719	-15,3846154
720	-7,3846154
720	-4,3846154
720	8,6153846
720	12,6153846
721	30,6153846
721	9,6153846
721	5,6153846
721	13,6153846
722	19,6153846
722	-5,3846154
722	9,6153846
722	-37,3846154
723	15,6153846
723	10,6153846
723	1,6153846
723	10,6153846
724	9,6153846
724	6,6153846
724	11,6153846
724	-23,3846154
725	-5,3846154
725	22,6153846
725	9,6153846
725	-6,3846154
726	-6,3846154
726	22,6153846
726	18,6153846
726	2,6153846
727	5,6153846
727	-14,3846154
727	17,6153846
727	-2,3846154
728	-10,3846154
728	-10,3846154
728	-8,3846154
728	-1,3846154
729	-3,3846154
729	4,6153846
729	14,6153846
729	4,6153846
730	19,6153846
730	-28,3846154
730	-12,3846154
730	-17,3846154
731	33,6153846
731	10,6153846
731	-11,3846154
731	24,6153846
732	10,6153846
732	-2,3846154
732	-9,3846154
732	21,6153846
733	37,6153846
733	-7,3846154
733	5,6153846
733	11,6153846
734	-13,3846154
734	-8,3846154
734	-21,3846154
734	7,6153846
735	-17,3846154
735	13,6153846
735	20,6153846
735	25,6153846
736	-4,3846154
736	-0,3846154
736	-22,3846154
736	26,6153846
737	18,6153846
737	-6,3846154
737	-22,3846154
737	26,6153846
738	18,6153846
738	11,6153846
738	-1,3846154
738	-5,3846154
739	22,6153846
739	32,6153846
739	-8,3846154
739	18,6153846
740	14,6153846
740	-12,3846154
740	5,6153846
740	-9,3846154
741	-18,3846154
741	-13,3846154
741	8,6153846
741	-16,3846154
742	26,6153846
742	24,6153846
742	-4,3846154
742	-10,3846154
743	-21,3846154
743	35,6153846
743	15,6153846
743	8,6153846
744	13,6153846
744	17,6153846
744	4,6153846
744	-12,3846154
745	-3,3846154
745	-8,3846154
745	-8,3846154
745	-22,3846154
746	8,6153846
746	-0,3846154
746	0,6153846
746	19,6153846
747	36,6153846
747	4,6153846
747	3,6153846
747	5,6153846
748	-6,3846154
748	7,6153846
748	-16,3846154
748	3,6153846
749	11,6153846
749	9,6153846
749	8,6153846
749	-29,3846154
750	8,6153846
750	-1,3846154
750	17,6153846
750	-2,3846154
751	15,6153846
751	12,6153846
751	-2,3846154
751	-10,3846154
752	8,6153846
752	17,6153846
752	19,6153846
752	18,6153846
753	-4,3846154
753	-4,3846154
753	-11,3846154
753	-2,3846154
754	6,6153846
754	-2,3846154
754	-33,3846154
754	9,6153846
755	3,6153846
755	-12,3846154
755	9,6153846
755	3,6153846
756	-9,3846154
756	-0,3846154
756	12,6153846
756	15,6153846
757	-7,3846154
757	10,6153846
757	10,6153846
757	27,6153846
758	-0,3846154
758	6,6153846
758	16,6153846
758	16,6153846
759	15,6153846
759	46,6153846
759	2,6153846
759	-0,3846154
760	21,6153846
760	18,6153846
760	7,6153846
760	4,6153846
761	14,6153846
761	15,6153846
761	-11,3846154
761	5,6153846
762	-0,3846154
762	3,6153846
762	11,6153846
762	-9,3846154
763	-6,3846154
763	15,6153846
763	11,6153846
763	29,6153846
764	13,6153846
764	6,6153846
764	47,6153846
764	18,6153846
765	-4,3846154
765	8,6153846
765	-3,3846154
765	5,6153846
766	-19,3846154
766	8,6153846
766	22,6153846
766	16,6153846
767	7,6153846
767	4,6153846
767	21,6153846
767	-2,3846154
768	-3,3846154
768	4,6153846
768	3,6153846
768	51,6153846
769	-11,3846154
769	24,6153846
769	15,6153846
769	-1,3846154
770	5,6153846
770	-8,3846154
770	11,6153846
770	-2,3846154
771	-5,3846154
771	-12,3846154
771	16,6153846
771	25,6153846
772	43,6153846
772	19,6153846
772	20,6153846
772	-2,3846154
773	-13,3846154
773	0,6153846
773	-0,3846154
773	-6,3846154
774	19,6153846
774	18,6153846
774	-20,3846154
774	12,6153846
775	1,6153846
775	-8,3846154
775	-6,3846154
775	21,6153846
776	-1,3846154
776	15,6153846
776	29,6153846
776	-4,3846154
777	25,6153846
777	18,6153846
777	15,6153846
777	11,6153846
778	-7,3846154
778	1,6153846
778	16,6153846
778	-5,3846154
779	4,6153846
779	11,6153846
779	10,6153846
779	32,6153846
780	29,6153846
780	6,6153846
780	6,6153846
780	2,6153846
781	3,6153846
781	14,6153846
781	22,6153846
781	-2,3846154
782	14,6153846
782	6,6153846
782	2,6153846
782	46,6153846
783	2,6153846
783	-12,3846154
783	5,6153846
783	4,6153846
784	11,6153846
784	4,6153846
784	25,6153846
784	3,6153846
785	-4,3846154
785	-1,3846154
785	23,6153846
785	-10,3846154
786	-3,3846154
786	0,6153846
786	4,6153846
786	45,6153846
787	12,6153846
787	-6,3846154
787	-4,3846154
787	-2,3846154
788	-25,3846154
788	0,6153846
788	4,6153846
788	-6,3846154
789	23,6153846
789	13,6153846
789	-2,3846154
789	-22,3846154
790	-12,3846154
790	-2,3846154
790	3,6153846
790	14,6153846
791	-5,3846154
791	-5,3846154
791	-16,3846154
791	-7,3846154
792	0,6153846
792	-2,3846154
792	38,6153846
792	-6,3846154
793	-3,3846154
793	8,6153846
793	-14,3846154
793	22,6153846
794	14,6153846
794	-1,3846154
794	7,6153846
794	-21,3846154
795	-2,3846154
795	23,6153846
795	-1,3846154
795	6,6153846
796	4,6153846
796	17,6153846
796	-13,3846154
796	2,6153846
797	-22,3846154
797	-19,3846154
797	28,6153846
797	-8,3846154
798	8,6153846
798	23,6153846
798	28,6153846
798	35,6153846
799	-18,3846154
799	-0,3846154
799	-11,3846154
799	-16,3846154
800	-1,3846154
800	22,6153846
800	4,6153846
800	-15,3846154
801	3,6153846
801	-1,3846154
801	13,6153846
801	-12,3846154
802	14,6153846
802	10,6153846
802	10,6153846
802	-18,3846154
803	-18,3846154
803	-18,3846154
803	5,6153846
803	7,6153846
804	8,6153846
804	-3,3846154
804	-10,3846154
804	18,6153846
805	-21,3846154
805	-41,3846154
805	29,6153846
805	-6,3846154
806	-35,3846154
806	-20,3846154
806	25,6153846
806	28,6153846
807	13,6153846
807	32,6153846
807	13,6153846
807	40,6153846
808	-9,3846154
808	-0,3846154
808	-10,3846154
808	-7,3846154
809	4,6153846
809	21,6153846
809	-9,3846154
809	0,6153846
810	-6,3846154
810	-5,3846154
810	-7,3846154
810	1,6153846
811	5,6153846
811	2,6153846
811	-16,3846154
811	3,6153846
812	-2,3846154
812	26,6153846
812	22,6153846
812	20,6153846
813	-1,3846154
813	5,6153846
813	7,6153846
813	-16,3846154
814	-4,3846154
814	6,6153846
814	3,6153846
814	23,6153846
815	44,6153846
815	9,6153846
815	16,6153846
815	-12,3846154
816	39,6153846
816	9,6153846
816	-11,3846154
816	7,6153846
817	11,6153846
817	3,6153846
817	1,6153846
817	6,6153846
818	2,6153846
818	8,6153846
818	1,6153846
818	0,6153846
819	7,6153846
819	16,6153846
819	-5,3846154
819	4,6153846
820	-7,3846154
820	-22,3846154
820	-9,3846154
820	-6,3846154
820	12,6153846
821	-6,3846154
821	-1,3846154
821	0,6153846
821	-11,3846154
822	32,6153846
822	8,6153846
822	-16,3846154
822	27,6153846
823	-13,3846154
823	-1,3846154
823	-5,3846154
823	4,6153846
824	0,6153846
824	20,6153846
824	-1,3846154
824	2,6153846
825	21,6153846
825	24,6153846
825	-21,3846154
825	16,6153846
826	-8,3846154
826	-4,3846154
826	1,6153846
826	0,6153846
827	-16,3846154
827	3,6153846
827	6,6153846
827	-14,3846154
828	-8,3846154
828	-13,3846154
828	-2,3846154
828	-3,3846154
829	16,6153846
829	20,6153846
829	9,6153846
829	-6,3846154
830	1,6153846
830	30,6153846
830	7,6153846
830	6,6153846
831	21,6153846
831	7,6153846
831	0,6153846
831	10,6153846
832	12,6153846
832	18,6153846
832	8,6153846
832	-1,3846154
833	19,6153846
833	-0,3846154
833	-34,3846154
833	-7,3846154
834	44,6153846
834	9,6153846
834	15,6153846
834	-23,3846154
835	-14,3846154
835	26,6153846
835	-4,3846154
835	24,6153846
836	4,6153846
836	-13,3846154
836	11,6153846
836	25,6153846
837	13,6153846
837	-16,3846154
837	-9,3846154
837	-4,3846154
838	-17,3846154
838	20,6153846
838	18,6153846
838	1,6153846
839	-6,3846154
839	-6,3846154
839	20,6153846
839	29,6153846
840	18,6153846
840	2,6153846
840	5,6153846
840	-4,3846154
841	-8,3846154
841	30,6153846
841	15,6153846
841	4,6153846
842	-4,3846154
842	9,6153846
842	-6,3846154
842	8,6153846
843	13,6153846
843	10,6153846
843	20,6153846
843	8,6153846
844	-0,3846154
844	12,6153846
844	12,6153846
844	-4,3846154
845	2,6153846
845	4,6153846
845	-3,3846154
845	-10,3846154
845	3,6153846
846	-10,3846154
846	7,6153846
846	-7,3846154
846	23,6153846
847	-4,3846154
847	4,6153846
847	0,6153846
847	-4,3846154
848	-0,3846154
848	-7,3846154
848	13,6153846
848	12,6153846
849	17,6153846
849	-3,3846154
849	5,6153846
849	10,6153846
850	8,6153846
850	13,6153846
850	4,6153846
850	22,6153846
851	9,6153846
851	-6,3846154
851	4,6153846
851	8,6153846
852	-22,3846154
852	-4,3846154
852	13,6153846
852	-31,3846154
853	-13,3846154
853	-19,3846154
853	-31,3846154
853	-1,3846154
854	-6,3846154
854	0,6153846
854	-14,3846154
854	16,6153846
855	-20,3846154
855	1,6153846
855	10,6153846
855	-10,3846154
856	-0,3846154
856	12,6153846
856	10,6153846
856	-4,3846154
857	-1,3846154
857	18,6153846
857	12,6153846
857	4,6153846
858	25,6153846
858	7,6153846
858	1,6153846
858	9,6153846
859	17,6153846
859	-16,3846154
859	20,6153846
859	18,6153846
860	7,6153846
860	8,6153846
860	22,6153846
860	-3,3846154
861	5,6153846
861	2,6153846
861	25,6153846
861	0,6153846
862	6,6153846
862	14,6153846
862	-7,3846154
862	4,6153846
863	-17,3846154
863	7,6153846
863	18,6153846
863	-10,3846154
864	22,6153846
864	-19,3846154
864	-24,3846154
864	6,6153846
864	3,6153846
865	1,6153846
865	-2,3846154
865	-6,3846154
865	6,6153846
866	16,6153846
866	-11,3846154
866	15,6153846
866	15,6153846
867	5,6153846
867	-19,3846154
867	3,6153846
867	19,6153846
868	10,6153846
868	-12,3846154
868	-2,3846154
868	14,6153846
869	0,6153846
869	7,6153846
869	-20,3846154
869	-13,3846154
870	22,6153846
870	1,6153846
870	-3,3846154
870	9,6153846
871	-5,3846154
871	1,6153846
871	2,6153846
871	-13,3846154
872	9,6153846
872	-23,3846154
872	-13,3846154
872	13,6153846
873	-6,3846154
873	-12,3846154
873	-13,3846154
873	13,6153846
874	2,6153846
874	-11,3846154
874	4,6153846
874	-1,3846154
875	10,6153846
875	-37,3846154
875	-33,3846154
875	5,6153846
876	-11,3846154
876	10,6153846
876	-5,3846154
876	-9,3846154
877	16,6153846
877	-18,3846154
877	5,6153846
877	11,6153846
878	9,6153846
878	-33,3846154
878	18,6153846
878	23,6153846
879	-0,3846154
879	-13,3846154
879	3,6153846
879	11,6153846
880	0,6153846
880	13,6153846
880	26,6153846
880	15,6153846
880	-5,3846154
881	18,6153846
881	6,6153846
881	2,6153846
881	-20,3846154
882	-16,3846154
882	-8,3846154
882	-8,3846154
882	6,6153846
883	-9,3846154
883	-3,3846154
883	15,6153846
883	-10,3846154
884	5,6153846
884	-22,3846154
884	-21,3846154
884	5,6153846
885	-20,3846154
885	-1,3846154
885	8,6153846
885	11,6153846
886	15,6153846
886	0,6153846
886	7,6153846
886	-16,3846154
887	-0,3846154
887	14,6153846
887	-26,3846154
887	6,6153846
888	12,6153846
888	-19,3846154
888	-7,3846154
888	-14,3846154
889	-6,3846154
889	28,6153846
889	-9,3846154
889	28,6153846
890	2,6153846
890	-21,3846154
890	19,6153846
890	5,6153846
891	9,6153846
891	-6,3846154
891	14,6153846
891	19,6153846
892	-12,3846154
892	-10,3846154
892	-10,3846154
892	24,6153846
893	8,6153846
893	-18,3846154
893	3,6153846
893	12,6153846
894	16,6153846
894	15,6153846
894	17,6153846
894	5,6153846
894	-13,3846154
895	-6,3846154
895	-3,3846154
895	11,6153846
895	7,6153846
896	24,6153846
896	21,6153846
896	16,6153846
896	43,6153846
897	19,6153846
897	6,6153846
897	47,6153846
897	29,6153846
898	3,6153846
898	-2,3846154
898	2,6153846
898	-3,3846154
899	-12,3846154
899	-20,3846154
899	-8,3846154
899	-5,3846154
900	15,6153846
900	3,6153846
900	-1,3846154
900	16,6153846
901	25,6153846
901	4,6153846
901	-14,3846154
901	14,6153846
902	18,6153846
902	3,6153846
902	11,6153846
902	-7,3846154
903	-2,3846154
903	-9,3846154
903	-28,3846154
903	5,6153846
904	0,6153846
904	9,6153846
904	13,6153846
904	22,6153846
905	-2,3846154
905	22,6153846
905	-7,3846154
905	1,6153846
906	14,6153846
906	2,6153846
906	26,6153846
906	4,6153846
906	0,6153846
907	18,6153846
907	15,6153846
907	16,6153846
907	15,6153846
908	-2,3846154
908	10,6153846
908	22,6153846
908	-5,3846154
909	-8,3846154
909	-27,3846154
909	-3,3846154
909	17,6153846
910	3,6153846
910	-5,3846154
910	24,6153846
910	6,6153846
911	-6,3846154
911	-10,3846154
911	-8,3846154
911	16,6153846
912	0,6153846
912	13,6153846
912	-3,3846154
912	27,6153846
913	17,6153846
913	-4,3846154
913	-9,3846154
913	-10,3846154
914	-0,3846154
914	-2,3846154
914	4,6153846
914	-5,3846154
915	1,6153846
915	0,6153846
915	17,6153846
915	13,6153846
916	12,6153846
916	2,6153846
916	27,6153846
916	3,6153846
917	-0,3846154
917	17,6153846
917	-0,3846154
917	-1,3846154
917	-13,3846154
918	0,6153846
918	8,6153846
918	-10,3846154
918	8,6153846
919	17,6153846
919	7,6153846
919	28,6153846
919	-18,3846154
920	-19,3846154
920	-6,3846154
920	25,6153846
920	18,6153846
921	16,6153846
921	11,6153846
921	-13,3846154
921	-11,3846154
922	-4,3846154
922	-22,3846154
922	8,6153846
922	-7,3846154
923	7,6153846
923	5,6153846
923	-11,3846154
923	-6,3846154
924	12,6153846
924	-7,3846154
924	-2,3846154
924	5,6153846
925	8,6153846
925	-2,3846154
925	8,6153846
925	26,6153846
926	-11,3846154
926	20,6153846
926	3,6153846
926	-7,3846154
927	-13,3846154
927	-7,3846154
927	-0,3846154
927	5,6153846
928	-31,3846154
928	-16,3846154
928	-11,3846154
928	6,6153846
928	20,6153846
929	1,6153846
929	-3,3846154
929	2,6153846
929	-25,3846154
930	-8,3846154
930	-0,3846154
930	-14,3846154
930	-4,3846154
931	8,6153846
931	6,6153846
931	2,6153846
931	2,6153846
932	-24,3846154
932	-0,3846154
932	5,6153846
932	-11,3846154
933	26,6153846
933	-2,3846154
933	3,6153846
933	29,6153846
934	9,6153846
934	42,6153846
934	-0,3846154
934	11,6153846
935	26,6153846
935	-2,3846154
935	5,6153846
935	17,6153846
936	-3,3846154
936	1,6153846
936	0,6153846
936	5,6153846
937	24,6153846
937	17,6153846
937	10,6153846
937	5,6153846
938	-4,3846154
938	24,6153846
938	0,6153846
938	9,6153846
938	25,6153846
939	5,6153846
939	-2,3846154
939	33,6153846
939	32,6153846
940	-3,3846154
940	4,6153846
940	-23,3846154
940	-0,3846154
941	2,6153846
941	5,6153846
941	-21,3846154
941	6,6153846
942	-0,3846154
942	22,6153846
942	10,6153846
942	-1,3846154
943	6,6153846
943	22,6153846
943	3,6153846
943	0,6153846
944	12,6153846
944	7,6153846
944	6,6153846
944	2,6153846
945	-2,3846154
945	-8,3846154
945	-23,3846154
945	7,6153846
946	-4,3846154
946	2,6153846
946	2,6153846
946	-19,3846154
947	20,6153846
947	5,6153846
947	-4,3846154
947	8,6153846
947	23,6153846
948	-11,3846154
948	-1,3846154
948	-0,3846154
948	-3,3846154
949	2,6153846
949	-19,3846154
949	13,6153846
949	2,6153846
950	-3,3846154
950	-18,3846154
950	9,6153846
950	3,6153846
951	13,6153846
951	-8,3846154
951	12,6153846
951	-16,3846154
952	2,6153846
952	3,6153846
952	11,6153846
952	44,6153846
953	-2,3846154
953	-1,3846154
953	3,6153846
953	-9,3846154
954	-29,3846154
954	3,6153846
954	-9,3846154
954	2,6153846
955	-1,3846154
955	-3,3846154
955	-44,3846154
955	-38,3846154
956	11,6153846
956	0,6153846
956	-10,3846154
956	4,6153846
956	0,6153846
957	33,6153846
957	19,6153846
957	-3,3846154
957	-2,3846154
958	8,6153846
958	-16,3846154
958	6,6153846
958	10,6153846
959	-11,3846154
959	3,6153846
959	-19,3846154
959	2,6153846
960	30,6153846
960	-3,3846154
960	-3,3846154
960	-2,3846154
961	14,6153846
961	4,6153846
961	-7,3846154
961	-15,3846154
962	9,6153846
962	-16,3846154
962	-26,3846154
962	-10,3846154
963	-15,3846154
963	15,6153846
963	12,6153846
963	-25,3846154
964	-24,3846154
964	6,6153846
964	-17,3846154
964	-7,3846154
964	-10,3846154
965	1,6153846
965	-18,3846154
965	-25,3846154
965	-7,3846154
966	27,6153846
966	19,6153846
966	8,6153846
966	-5,3846154
967	-3,3846154
967	-5,3846154
967	-11,3846154
967	-8,3846154
968	-6,3846154
968	4,6153846
968	-2,3846154
968	3,6153846
969	3,6153846
969	-2,3846154
969	7,6153846
969	-13,3846154
970	1,6153846
970	-15,3846154
970	6,6153846
970	-6,3846154
971	-10,3846154
971	2,6153846
971	13,6153846
971	-1,3846154
972	20,6153846
972	-6,3846154
972	31,6153846
972	-2,3846154
972	12,6153846
973	-15,3846154
973	5,6153846
973	13,6153846
973	-5,3846154
974	11,6153846
974	2,6153846
974	16,6153846
974	-6,3846154
975	3,6153846
975	14,6153846
975	17,6153846
975	2,6153846
976	-19,3846154
976	0,6153846
976	-4,3846154
976	-8,3846154
977	6,6153846
977	-22,3846154
977	3,6153846
977	12,6153846
978	26,6153846
978	0,6153846
978	-8,3846154
978	16,6153846
979	-0,3846154
979	12,6153846
979	23,6153846
979	21,6153846
980	4,6153846
980	21,6153846
980	-6,3846154
980	1,6153846
980	2,6153846
981	4,6153846
981	-2,3846154
981	12,6153846
981	-19,3846154
982	-11,3846154
982	4,6153846
982	14,6153846
982	9,6153846
983	0,6153846
983	-0,3846154
983	-17,3846154
983	15,6153846
984	17,6153846
984	-1,3846154
984	5,6153846
984	0,6153846
985	12,6153846
985	27,6153846
985	29,6153846
985	13,6153846
986	-2,3846154
986	-2,3846154
986	-14,3846154
986	0,6153846
987	-19,3846154
987	-2,3846154
987	6,6153846
987	-15,3846154
988	6,6153846
988	4,6153846
988	-1,3846154
988	14,6153846
988	21,6153846
989	9,6153846
989	5,6153846
989	5,6153846
989	16,6153846
990	-8,3846154
990	-14,3846154
990	8,6153846
990	-3,3846154
991	-0,3846154
991	17,6153846
991	9,6153846
991	8,6153846
992	2,6153846
992	-6,3846154
992	-3,3846154
992	6,6153846
993	-21,3846154
993	-1,3846154
993	8,6153846
993	10,6153846
994	20,6153846
994	12,6153846
994	8,6153846
994	-2,3846154
995	-0,3846154
995	-1,3846154
995	-2,3846154
995	15,6153846
995	21,6153846
996	22,6153846
996	12,6153846
996	4,6153846
996	12,6153846
997	33,6153846
997	-4,3846154
997	1,6153846
997	40,6153846
998	3,6153846
998	-1,3846154
998	-0,3846154
998	9,6153846
999	11,6153846
999	-0,3846154
999	3,6153846
999	-8,3846154
1000	-8,3846154
1000	15,6153846
1000	8,6153846
1000	-4,3846154
1001	-5,3846154
1001	1,6153846
1001	-5,3846154
1001	-6,3846154
1002	7,6153846
1002	31,6153846
1002	6,6153846
1002	15,6153846
1002	-5,3846154
1003	-3,3846154
1003	27,6153846
1003	30,6153846
1003	12,6153846
1004	28,6153846
1004	-19,3846154
1004	12,6153846
1004	37,6153846
1005	-2,3846154
1005	-1,3846154
1005	5,6153846
1005	6,6153846
1006	-23,3846154
1006	9,6153846
1006	15,6153846
1006	14,6153846
1007	20,6153846
1007	2,6153846
1007	-11,3846154
1007	-35,3846154
1008	-13,3846154
1008	23,6153846
1008	-5,3846154
1008	-5,3846154
1008	5,6153846
1009	-11,3846154
1009	-6,3846154
1009	20,6153846
1009	11,6153846
1010	6,6153846
1010	1,6153846
1010	-11,3846154
1010	4,6153846
1011	1,6153846
1011	23,6153846
1011	11,6153846
1011	22,6153846
1012	7,6153846
1012	6,6153846
1012	12,6153846
1012	12,6153846
1013	-9,3846154
1013	11,6153846
1013	7,6153846
1013	11,6153846
1014	33,6153846
1014	6,6153846
1014	19,6153846
1014	-0,3846154
1015	-9,3846154
1015	-16,3846154
1015	-6,3846154
1015	-4,3846154
1015	0,6153846
1016	32,6153846
1016	6,6153846
1016	-5,3846154
1016	12,6153846
1017	6,6153846
1017	-0,3846154
1017	-1,3846154
1017	-4,3846154
1018	8,6153846
1018	9,6153846
1018	-12,3846154
1018	2,6153846
1019	-0,3846154
1019	17,6153846
1019	17,6153846
1019	-12,3846154
1020	-15,3846154
1020	3,6153846
1020	21,6153846
1020	1,6153846
1021	12,6153846
1021	-1,3846154
1021	-4,3846154
1021	8,6153846
1021	-10,3846154
1022	13,6153846
1022	12,6153846
1022	12,6153846
1022	6,6153846
1023	-14,3846154
1023	-7,3846154
1023	17,6153846
1023	14,6153846
1024	1,6153846
1024	-37,3846154
1024	4,6153846
1024	25,6153846
1025	-5,3846154
1025	-21,3846154
1025	-3,3846154
1025	5,6153846
1026	4,6153846
1026	11,6153846
1026	1,6153846
1026	12,6153846
1027	6,6153846
1027	-10,3846154
1027	28,6153846
1027	27,6153846
1027	7,6153846
1028	1,6153846
1028	2,6153846
1028	17,6153846
1028	8,6153846
1029	-32,3846154
1029	12,6153846
1029	11,6153846
1029	7,6153846
1030	37,6153846
1030	0,6153846
1030	9,6153846
1030	-0,3846154
1031	14,6153846
1031	5,6153846
1031	40,6153846
1031	-4,3846154
1032	-8,3846154
1032	21,6153846
1032	-4,3846154
1032	18,6153846
1033	8,6153846
1033	2,6153846
1033	26,6153846
1033	16,6153846
1034	9,6153846
1034	11,6153846
1034	-24,3846154
1034	-29,3846154
1034	-7,3846154
1035	20,6153846
1035	-13,3846154
1035	-10,3846154
1035	-1,3846154
1036	19,6153846
1036	-4,3846154
1036	5,6153846
1036	-5,3846154
1037	-18,3846154
1037	-18,3846154
1037	-2,3846154
1037	35,6153846
1038	14,6153846
1038	22,6153846
1038	8,6153846
1038	-2,3846154
1039	-9,3846154
1039	27,6153846
1039	31,6153846
1039	14,6153846
1039	-5,3846154
1040	4,6153846
1040	47,6153846
1040	20,6153846
1040	23,6153846
1041	4,6153846
1041	-6,3846154
1041	-4,3846154
1041	0,6153846
1042	24,6153846
1042	11,6153846
1042	20,6153846
1042	28,6153846
1043	5,6153846
1043	30,6153846
1043	11,6153846
1043	8,6153846
1044	6,6153846
1044	-6,3846154
1044	13,6153846
1044	12,6153846
1045	-27,3846154
1045	3,6153846
1045	2,6153846
1045	-17,3846154
1045	-18,3846154
1046	4,6153846
1046	-8,3846154
1046	-20,3846154
1046	-11,3846154
1047	4,6153846
1047	6,6153846
1047	-16,3846154
1047	14,6153846
1048	22,6153846
1048	24,6153846
1048	13,6153846
1048	-0,3846154
1049	-7,3846154
1049	5,6153846
1049	0,6153846
1049	12,6153846
1050	-5,3846154
1050	-0,3846154
1050	18,6153846
1050	-0,3846154
1051	-1,3846154
1051	14,6153846
1051	-13,3846154
1051	0,6153846
1051	-16,3846154
1052	14,6153846
1052	10,6153846
1052	7,6153846
1052	-33,3846154
1053	1,6153846
1053	16,6153846
1053	15,6153846
1053	-6,3846154
1054	6,6153846
1054	1,6153846
1054	18,6153846
1054	20,6153846
1055	1,6153846
1055	8,6153846
1055	-3,3846154
1055	15,6153846
1056	1,6153846
1056	2,6153846
1056	-18,3846154
1056	-2,3846154
1056	-11,3846154
1057	4,6153846
1057	9,6153846
1057	7,6153846
1057	26,6153846
1058	-23,3846154
1058	-1,3846154
1058	-9,3846154
1058	12,6153846
1059	28,6153846
1059	-18,3846154
1059	-2,3846154
1059	6,6153846
1060	52,6153846
1060	10,6153846
1060	21,6153846
1060	33,6153846
1061	17,6153846
1061	21,6153846
1061	-11,3846154
1061	10,6153846
1062	-2,3846154
1062	22,6153846
1062	13,6153846
1062	-0,3846154
1062	25,6153846
1063	5,6153846
1063	4,6153846
1063	4,6153846
1063	11,6153846
1064	-16,3846154
1064	4,6153846
1064	13,6153846
1064	-11,3846154
1065	19,6153846
1065	18,6153846
1065	-6,3846154
1065	-0,3846154
1066	-1,3846154
1066	0,6153846
1066	-3,3846154
1066	9,6153846
1067	-6,3846154
1067	20,6153846
1067	21,6153846
1067	-6,3846154
1067	-9,3846154
1068	-14,3846154
1068	6,6153846
1068	7,6153846
1068	10,6153846
1069	17,6153846
1069	9,6153846
1069	-4,3846154
1069	4,6153846
1070	-17,3846154
1070	-4,3846154
1070	1,6153846
1070	13,6153846
1071	-2,3846154
1071	4,6153846
1071	5,6153846
1071	-10,3846154
1072	10,6153846
1072	24,6153846
1072	3,6153846
1072	-12,3846154
1072	9,6153846
1073	-0,3846154
1073	-4,3846154
1073	-23,3846154
1073	-1,3846154
1074	7,6153846
1074	-1,3846154
1074	18,6153846
1074	2,6153846
1075	4,6153846
1075	13,6153846
1075	16,6153846
1075	13,6153846
1076	-3,3846154
1076	8,6153846
1076	-3,3846154
1076	-5,3846154
1077	35,6153846
1077	-29,3846154
1077	-2,3846154
1077	-4,3846154
1077	8,6153846
1078	-9,3846154
1078	-15,3846154
1078	4,6153846
1078	-10,3846154
1079	-5,3846154
1079	13,6153846
1079	-10,3846154
1079	25,6153846
1080	6,6153846
1080	-36,3846154
1080	-10,3846154
1080	8,6153846
1081	-7,3846154
1081	12,6153846
1081	7,6153846
1081	20,6153846
1082	25,6153846
1082	-27,3846154
1082	-1,3846154
1082	12,6153846
1082	-0,3846154
1083	18,6153846
1083	6,6153846
1083	12,6153846
1083	-1,3846154
1084	13,6153846
1084	23,6153846
1084	18,6153846
1084	22,6153846
1085	4,6153846
1085	4,6153846
1085	21,6153846
1085	2,6153846
1086	5,6153846
1086	1,6153846
1086	3,6153846
1086	8,6153846
1087	1,6153846
1087	0,6153846
1087	12,6153846
1087	-9,3846154
1087	3,6153846
1088	1,6153846
1088	-16,3846154
1088	12,6153846
1088	-7,3846154
1089	-6,3846154
1089	-7,3846154
1089	-12,3846154
1089	21,6153846
1090	18,6153846
1090	6,6153846
1090	25,6153846
1090	-2,3846154
1091	2,6153846
1091	20,6153846
1091	7,6153846
1091	3,6153846
1092	51,6153846
1092	10,6153846
1092	-13,3846154
1092	6,6153846
1092	-28,3846154
1093	10,6153846
1093	19,6153846
1093	-11,3846154
1093	-8,3846154
1094	8,6153846
1094	-4,3846154
1094	-16,3846154
1094	15,6153846
1095	8,6153846
1095	10,6153846
1095	-7,3846154
1095	18,6153846
1096	7,6153846
1096	-26,3846154
1096	-18,3846154
1096	1,6153846
1097	-2,3846154
1097	-8,3846154
1097	-9,3846154
1097	16,6153846
1097	-12,3846154
1098	20,6153846
1098	25,6153846
1098	4,6153846
1098	-9,3846154
1099	1,6153846
1099	6,6153846
1099	6,6153846
1099	6,6153846
1100	-14,3846154
1100	1,6153846
1100	2,6153846
1100	-13,3846154
1101	-18,3846154
1101	8,6153846
1101	34,6153846
1101	-2,3846154
1101	12,6153846
1102	-5,3846154
1102	-0,3846154
1102	1,6153846
1102	-27,3846154
1103	-6,3846154
1103	-11,3846154
1103	17,6153846
1103	22,6153846
1104	-19,3846154
1104	5,6153846
1104	16,6153846
1104	5,6153846
1105	5,6153846
1105	5,6153846
1105	-7,3846154
1105	27,6153846
1106	19,6153846
1106	-14,3846154
1106	-12,3846154
1106	-18,3846154
1106	-25,3846154
1107	-6,3846154
1107	38,6153846
1107	17,6153846
1107	-2,3846154
1108	-16,3846154
1108	-0,3846154
1108	6,6153846
1108	-4,3846154
1109	-10,3846154
1109	10,6153846
1109	-6,3846154
1109	8,6153846
1110	6,6153846
1110	26,6153846
1110	-13,3846154
1110	-15,3846154
1110	-15,3846154
1111	9,6153846
1111	21,6153846
1111	-16,3846154
1111	9,6153846
1112	7,6153846
1112	16,6153846
1112	9,6153846
1112	6,6153846
1113	6,6153846
1113	-50,3846154
1113	-27,3846154
1113	26,6153846
1114	13,6153846
1114	6,6153846
1114	11,6153846
1114	0,6153846
1115	0,6153846
1115	-11,3846154
1115	-41,3846154
1115	5,6153846
1115	8,6153846
1116	-11,3846154
1116	-20,3846154
1116	-36,3846154
1116	-4,3846154
1117	12,6153846
1117	15,6153846
1117	6,6153846
1117	7,6153846
1118	3,6153846
