196	-4,8461538
196	-4,8461538
196	-4,8461538
197	-2,8461538
197	2,1538462
197	-5,8461538
197	5,1538462
198	-3,8461538
198	13,1538462
198	-9,8461538
199	3,1538462
199	3,1538462
199	10,1538462
199	-0,8461538
200	26,1538462
200	16,1538462
200	8,1538462
200	-8,8461538
201	18,1538462
201	17,1538462
201	27,1538462
201	28,1538462
202	43,1538462
202	9,1538462
202	-24,8461538
203	6,1538462
203	13,1538462
203	36,1538462
203	-7,8461538
204	0,1538462
204	35,1538462
204	-10,8461538
204	12,1538462
205	-5,8461538
205	18,1538462
205	-10,8461538
205	7,1538462
206	-11,8461538
206	18,1538462
206	14,1538462
207	-8,8461538
207	11,1538462
207	-12,8461538
207	-14,8461538
208	3,1538462
208	14,1538462
208	0,1538462
208	8,1538462
209	-3,8461538
209	36,1538462
209	7,1538462
209	-1,8461538
210	36,1538462
210	3,1538462
210	2,1538462
211	5,1538462
211	8,1538462
211	-7,8461538
211	-11,8461538
212	5,1538462
212	-22,8461538
212	13,1538462
212	-13,8461538
213	6,1538462
213	3,1538462
213	4,1538462
213	12,1538462
214	15,1538462
214	-7,8461538
214	4,1538462
215	8,1538462
215	-5,8461538
215	5,1538462
215	21,1538462
216	21,1538462
216	13,1538462
216	37,1538462
216	9,1538462
217	1,1538462
217	-7,8461538
217	-1,8461538
217	20,1538462
218	-17,8461538
218	-8,8461538
218	5,1538462
219	1,1538462
219	-15,8461538
219	26,1538462
219	14,1538462
220	6,1538462
220	-12,8461538
220	12,1538462
220	0,1538462
221	11,1538462
221	5,1538462
221	30,1538462
221	3,1538462
222	21,1538462
222	4,1538462
222	6,1538462
223	11,1538462
223	1,1538462
223	-5,8461538
223	-23,8461538
224	10,1538462
224	-23,8461538
224	-9,8461538
224	-4,8461538
225	19,1538462
225	8,1538462
225	28,1538462
225	20,1538462
226	-0,8461538
226	-13,8461538
226	2,1538462
227	17,1538462
227	0,1538462
227	27,1538462
227	22,1538462
228	-5,8461538
228	13,1538462
228	24,1538462
228	20,1538462
229	0,1538462
229	-5,8461538
229	0,1538462
229	26,1538462
230	32,1538462
230	5,1538462
230	4,1538462
231	13,1538462
231	7,1538462
231	-5,8461538
231	23,1538462
232	5,1538462
232	-0,8461538
232	4,1538462
232	4,1538462
233	2,1538462
233	6,1538462
233	10,1538462
233	15,1538462
234	-24,8461538
234	3,1538462
234	0,1538462
235	24,1538462
235	12,1538462
235	-0,8461538
235	30,1538462
236	11,1538462
236	5,1538462
236	12,1538462
236	-0,8461538
237	31,1538462
237	12,1538462
237	5,1538462
237	7,1538462
238	9,1538462
238	3,1538462
238	19,1538462
239	20,1538462
239	-6,8461538
239	13,1538462
239	30,1538462
240	3,1538462
240	13,1538462
240	-16,8461538
240	17,1538462
241	10,1538462
241	15,1538462
241	0,1538462
241	14,1538462
242	8,1538462
242	-2,8461538
242	3,1538462
243	1,1538462
243	15,1538462
243	-20,8461538
243	3,1538462
244	1,1538462
244	-11,8461538
244	13,1538462
244	-3,8461538
245	0,1538462
245	13,1538462
245	17,1538462
245	-9,8461538
246	9,1538462
246	3,1538462
246	-12,8461538
247	-12,8461538
247	-4,8461538
247	21,1538462
247	32,1538462
248	7,1538462
248	-1,8461538
248	4,1538462
248	23,1538462
249	23,1538462
249	-16,8461538
249	-11,8461538
249	1,1538462
250	8,1538462
250	41,1538462
250	9,1538462
251	-15,8461538
251	19,1538462
251	15,1538462
251	-11,8461538
252	-21,8461538
252	18,1538462
252	19,1538462
252	12,1538462
253	16,1538462
253	1,1538462
253	2,1538462
253	14,1538462
254	2,1538462
254	-11,8461538
254	-1,8461538
254	2,1538462
255	-24,8461538
255	15,1538462
255	3,1538462
256	-5,8461538
256	-8,8461538
256	8,1538462
256	15,1538462
257	8,1538462
257	25,1538462
257	14,1538462
257	7,1538462
258	17,1538462
258	-0,8461538
258	1,1538462
258	-2,8461538
259	-1,8461538
259	16,1538462
259	8,1538462
260	-6,8461538
260	-18,8461538
260	-19,8461538
260	13,1538462
261	-3,8461538
261	40,1538462
261	16,1538462
261	28,1538462
262	5,1538462
262	8,1538462
262	6,1538462
262	-26,8461538
263	34,1538462
263	12,1538462
263	17,1538462
264	15,1538462
264	32,1538462
264	21,1538462
264	4,1538462
265	-8,8461538
265	-5,8461538
265	14,1538462
265	-10,8461538
266	16,1538462
266	-7,8461538
266	-11,8461538
266	-18,8461538
267	19,1538462
267	4,1538462
267	28,1538462
268	23,1538462
268	24,1538462
268	26,1538462
268	40,1538462
269	24,1538462
269	30,1538462
269	-22,8461538
269	-1,8461538
270	-1,8461538
270	3,1538462
270	5,1538462
270	-8,8461538
271	-3,8461538
271	27,1538462
271	13,1538462
271	-23,8461538
272	8,1538462
272	9,1538462
272	-16,8461538
273	21,1538462
273	-1,8461538
273	5,1538462
273	8,1538462
274	-4,8461538
274	-4,8461538
274	16,1538462
274	12,1538462
275	20,1538462
275	11,1538462
275	24,1538462
275	-1,8461538
276	6,1538462
276	22,1538462
276	-18,8461538
277	21,1538462
277	26,1538462
277	4,1538462
277	-0,8461538
278	3,1538462
278	20,1538462
278	23,1538462
278	9,1538462
279	2,1538462
279	4,1538462
279	14,1538462
279	16,1538462
280	-1,8461538
280	17,1538462
280	9,1538462
280	-2,8461538
281	-6,8461538
281	-1,8461538
281	-22,8461538
282	-13,8461538
282	4,1538462
282	20,1538462
282	-2,8461538
283	2,1538462
283	-20,8461538
283	-7,8461538
283	3,1538462
284	4,1538462
284	6,1538462
284	-6,8461538
284	0,1538462
285	-14,8461538
285	-13,8461538
285	1,1538462
286	42,1538462
286	7,1538462
286	-0,8461538
286	-1,8461538
287	26,1538462
287	0,1538462
287	0,1538462
287	4,1538462
288	-2,8461538
288	14,1538462
288	11,1538462
288	22,1538462
289	21,1538462
289	-12,8461538
289	17,1538462
290	7,1538462
290	17,1538462
290	18,1538462
290	-11,8461538
291	38,1538462
291	1,1538462
291	-9,8461538
291	-11,8461538
292	15,1538462
292	1,1538462
292	16,1538462
292	23,1538462
293	-3,8461538
293	11,1538462
293	29,1538462
293	27,1538462
294	8,1538462
294	6,1538462
294	-2,8461538
295	12,1538462
295	17,1538462
295	7,1538462
295	-2,8461538
296	-4,8461538
296	4,1538462
296	16,1538462
296	1,1538462
297	-27,8461538
297	24,1538462
297	-8,8461538
297	6,1538462
298	34,1538462
298	0,1538462
298	3,1538462
299	-8,8461538
299	20,1538462
299	40,1538462
299	24,1538462
300	-19,8461538
300	17,1538462
300	12,1538462
300	36,1538462
301	22,1538462
301	20,1538462
301	-19,8461538
301	3,1538462
302	-8,8461538
302	-16,8461538
302	31,1538462
302	22,1538462
303	30,1538462
303	-5,8461538
303	-13,8461538
304	-10,8461538
304	9,1538462
304	22,1538462
304	20,1538462
305	11,1538462
305	16,1538462
305	4,1538462
305	-11,8461538
306	22,1538462
306	-14,8461538
306	14,1538462
306	20,1538462
307	18,1538462
307	43,1538462
307	25,1538462
307	21,1538462
308	5,1538462
308	9,1538462
308	-10,8461538
309	3,1538462
309	-9,8461538
309	3,1538462
309	-14,8461538
310	8,1538462
310	-2,8461538
310	-4,8461538
310	-13,8461538
311	5,1538462
311	4,1538462
311	40,1538462
311	9,1538462
312	14,1538462
312	31,1538462
312	13,1538462
313	0,1538462
313	14,1538462
313	18,1538462
313	16,1538462
314	15,1538462
314	-12,8461538
314	-3,8461538
314	-0,8461538
315	-1,8461538
315	-0,8461538
315	-8,8461538
315	7,1538462
316	9,1538462
316	0,1538462
316	14,1538462
316	-0,8461538
317	2,1538462
317	4,1538462
317	-1,8461538
318	28,1538462
318	-7,8461538
318	11,1538462
318	3,1538462
319	19,1538462
319	16,1538462
319	9,1538462
319	31,1538462
320	1,1538462
320	11,1538462
320	-24,8461538
320	-10,8461538
321	5,1538462
321	-4,8461538
321	-2,8461538
321	-4,8461538
322	5,1538462
322	-3,8461538
322	-1,8461538
323	12,1538462
323	4,1538462
323	16,1538462
323	27,1538462
324	7,1538462
324	16,1538462
324	-18,8461538
324	18,1538462
325	-2,8461538
325	-5,8461538
325	-0,8461538
325	-4,8461538
326	-15,8461538
326	0,1538462
326	1,1538462
327	-4,8461538
327	23,1538462
327	14,1538462
327	4,1538462
328	18,1538462
328	-13,8461538
328	9,1538462
328	-0,8461538
329	-13,8461538
329	-29,8461538
329	2,1538462
329	25,1538462
330	-0,8461538
330	1,1538462
330	16,1538462
330	24,1538462
331	-6,8461538
331	11,1538462
331	22,1538462
332	0,1538462
332	10,1538462
332	26,1538462
332	5,1538462
333	-22,8461538
333	-9,8461538
333	17,1538462
333	-17,8461538
334	-14,8461538
334	14,1538462
334	36,1538462
334	29,1538462
335	1,1538462
335	-15,8461538
335	-7,8461538
335	20,1538462
336	27,1538462
336	47,1538462
336	20,1538462
337	-4,8461538
337	13,1538462
337	-11,8461538
337	-2,8461538
338	2,1538462
338	-1,8461538
338	-10,8461538
338	23,1538462
339	25,1538462
339	4,1538462
339	27,1538462
339	14,1538462
340	-11,8461538
340	17,1538462
340	1,1538462
340	-3,8461538
341	-11,8461538
341	19,1538462
341	13,1538462
342	-18,8461538
342	-3,8461538
342	4,1538462
342	-9,8461538
343	0,1538462
343	12,1538462
343	1,1538462
343	23,1538462
344	18,1538462
344	-2,8461538
344	32,1538462
344	13,1538462
345	-11,8461538
345	-5,8461538
345	-7,8461538
345	28,1538462
346	4,1538462
346	33,1538462
346	0,1538462
347	6,1538462
347	18,1538462
347	7,1538462
347	0,1538462
348	-2,8461538
348	2,1538462
348	13,1538462
348	13,1538462
349	14,1538462
349	1,1538462
349	14,1538462
349	18,1538462
350	25,1538462
350	-5,8461538
350	8,1538462
350	-3,8461538
351	4,1538462
351	-25,8461538
351	-11,8461538
352	-21,8461538
352	14,1538462
352	34,1538462
352	19,1538462
353	9,1538462
353	16,1538462
353	-7,8461538
353	16,1538462
354	-12,8461538
354	16,1538462
354	24,1538462
354	26,1538462
355	17,1538462
355	9,1538462
355	0,1538462
355	-6,8461538
356	-9,8461538
356	1,1538462
356	18,1538462
357	-4,8461538
357	3,1538462
357	23,1538462
357	15,1538462
358	20,1538462
358	18,1538462
358	6,1538462
358	3,1538462
359	-16,8461538
359	-10,8461538
359	-3,8461538
359	10,1538462
360	2,1538462
360	24,1538462
360	11,1538462
360	2,1538462
361	5,1538462
361	-7,8461538
361	10,1538462
362	41,1538462
362	41,1538462
362	10,1538462
362	-4,8461538
363	-5,8461538
363	-1,8461538
363	-10,8461538
363	5,1538462
364	20,1538462
364	5,1538462
364	8,1538462
364	-12,8461538
365	-0,8461538
365	28,1538462
365	-0,8461538
365	12,1538462
366	-23,8461538
366	12,1538462
366	-6,8461538
367	-14,8461538
367	19,1538462
367	22,1538462
367	-4,8461538
368	-1,8461538
368	-8,8461538
368	4,1538462
368	-21,8461538
369	-27,8461538
369	5,1538462
369	-20,8461538
369	-9,8461538
370	18,1538462
370	-27,8461538
370	-26,8461538
370	7,1538462
371	0,1538462
371	-2,8461538
371	1,1538462
371	-7,8461538
372	-3,8461538
372	6,1538462
372	-0,8461538
373	14,1538462
373	12,1538462
373	-4,8461538
373	2,1538462
374	-18,8461538
374	3,1538462
374	-8,8461538
374	4,1538462
375	10,1538462
375	21,1538462
375	-6,8461538
375	1,1538462
376	-4,8461538
376	-15,8461538
376	-1,8461538
376	-0,8461538
377	-9,8461538
377	4,1538462
377	-0,8461538
378	16,1538462
378	-4,8461538
378	16,1538462
378	23,1538462
379	27,1538462
379	12,1538462
379	-10,8461538
379	1,1538462
380	-20,8461538
380	-13,8461538
380	-4,8461538
380	-9,8461538
381	25,1538462
381	-0,8461538
381	13,1538462
381	5,1538462
382	7,1538462
382	11,1538462
382	35,1538462
383	-21,8461538
383	-30,8461538
383	10,1538462
383	-0,8461538
384	3,1538462
384	3,1538462
384	4,1538462
384	-4,8461538
385	7,1538462
385	-0,8461538
385	22,1538462
385	12,1538462
386	10,1538462
386	-2,8461538
386	-7,8461538
386	-13,8461538
387	1,1538462
387	-3,8461538
387	-3,8461538
387	-19,8461538
388	3,1538462
388	15,1538462
388	3,1538462
389	1,1538462
389	-32,8461538
389	-0,8461538
389	17,1538462
390	29,1538462
390	2,1538462
390	4,1538462
390	-2,8461538
391	-7,8461538
391	9,1538462
391	3,1538462
391	-5,8461538
392	38,1538462
392	-20,8461538
392	-1,8461538
392	-0,8461538
393	-7,8461538
393	10,1538462
393	30,1538462
394	1,1538462
394	16,1538462
394	16,1538462
394	24,1538462
395	1,1538462
395	8,1538462
395	-6,8461538
395	9,1538462
396	9,1538462
396	12,1538462
396	-20,8461538
396	6,1538462
397	-25,8461538
397	13,1538462
397	13,1538462
397	15,1538462
398	25,1538462
398	5,1538462
398	-0,8461538
398	13,1538462
399	14,1538462
399	11,1538462
399	12,1538462
400	7,1538462
400	9,1538462
400	6,1538462
400	20,1538462
401	6,1538462
401	17,1538462
401	8,1538462
401	19,1538462
402	15,1538462
402	-6,8461538
402	2,1538462
402	9,1538462
403	10,1538462
403	27,1538462
403	-2,8461538
403	-12,8461538
404	-0,8461538
404	31,1538462
404	4,1538462
405	6,1538462
405	-7,8461538
405	33,1538462
405	8,1538462
406	28,1538462
406	-0,8461538
406	1,1538462
406	-3,8461538
407	2,1538462
407	-21,8461538
407	-31,8461538
407	-6,8461538
408	15,1538462
408	2,1538462
408	-19,8461538
408	2,1538462
409	13,1538462
409	0,1538462
409	25,1538462
409	11,1538462
410	-11,8461538
410	9,1538462
410	8,1538462
411	-3,8461538
411	8,1538462
411	6,1538462
411	-4,8461538
412	7,1538462
412	27,1538462
412	9,1538462
412	27,1538462
413	-29,8461538
413	-6,8461538
413	8,1538462
413	-3,8461538
414	2,1538462
414	0,1538462
414	-9,8461538
414	5,1538462
415	38,1538462
415	18,1538462
415	5,1538462
415	3,1538462
416	-16,8461538
416	-12,8461538
416	-5,8461538
417	13,1538462
417	0,1538462
417	5,1538462
417	22,1538462
418	1,1538462
418	21,1538462
418	8,1538462
418	4,1538462
419	22,1538462
419	13,1538462
419	2,1538462
419	14,1538462
420	-2,8461538
420	20,1538462
420	15,1538462
420	-11,8461538
421	29,1538462
421	11,1538462
421	6,1538462
421	-2,8461538
422	-2,8461538
422	19,1538462
422	4,1538462
423	-2,8461538
423	-21,8461538
423	36,1538462
423	2,1538462
424	24,1538462
424	-23,8461538
424	-12,8461538
424	28,1538462
425	20,1538462
425	0,1538462
425	14,1538462
425	11,1538462
426	-5,8461538
426	-6,8461538
426	12,1538462
426	10,1538462
427	25,1538462
427	-3,8461538
427	-21,8461538
427	9,1538462
428	-1,8461538
428	38,1538462
428	0,1538462
429	21,1538462
429	26,1538462
429	8,1538462
429	25,1538462
430	42,1538462
430	8,1538462
430	-15,8461538
430	15,1538462
431	14,1538462
431	-6,8461538
431	4,1538462
431	9,1538462
432	3,1538462
432	4,1538462
432	-7,8461538
432	23,1538462
433	14,1538462
433	8,1538462
433	6,1538462
433	-9,8461538
434	8,1538462
434	15,1538462
434	1,1538462
435	-8,8461538
435	-5,8461538
435	6,1538462
435	-9,8461538
436	9,1538462
436	28,1538462
436	17,1538462
436	6,1538462
437	4,1538462
437	-1,8461538
437	-6,8461538
437	-8,8461538
438	12,1538462
438	29,1538462
438	35,1538462
438	31,1538462
439	2,1538462
439	13,1538462
439	17,1538462
439	24,1538462
440	12,1538462
440	11,1538462
440	26,1538462
441	1,1538462
441	-13,8461538
441	30,1538462
441	18,1538462
442	1,1538462
442	22,1538462
442	12,1538462
442	-7,8461538
443	22,1538462
443	27,1538462
443	29,1538462
443	8,1538462
444	-8,8461538
444	24,1538462
444	8,1538462
444	18,1538462
445	6,1538462
445	14,1538462
445	12,1538462
445	12,1538462
446	-14,8461538
446	7,1538462
446	-9,8461538
447	11,1538462
447	37,1538462
447	2,1538462
447	3,1538462
448	36,1538462
448	-4,8461538
448	17,1538462
448	6,1538462
449	14,1538462
449	30,1538462
449	-8,8461538
449	4,1538462
450	8,1538462
450	-20,8461538
450	-31,8461538
450	5,1538462
451	7,1538462
451	-1,8461538
451	-5,8461538
451	13,1538462
452	-8,8461538
452	-7,8461538
452	13,1538462
452	1,1538462
453	21,1538462
453	-0,8461538
453	12,1538462
454	-14,8461538
454	11,1538462
454	25,1538462
454	13,1538462
455	-0,8461538
455	5,1538462
455	6,1538462
455	-6,8461538
456	16,1538462
456	10,1538462
456	4,1538462
456	22,1538462
457	2,1538462
457	4,1538462
457	18,1538462
457	-10,8461538
458	1,1538462
458	3,1538462
458	-2,8461538
458	19,1538462
459	1,1538462
459	11,1538462
459	12,1538462
460	39,1538462
460	26,1538462
460	23,1538462
460	-0,8461538
461	-0,8461538
461	4,1538462
461	8,1538462
461	28,1538462
462	18,1538462
462	-5,8461538
462	-7,8461538
462	-7,8461538
463	-10,8461538
463	-12,8461538
463	-18,8461538
463	-8,8461538
464	-10,8461538
464	8,1538462
464	-2,8461538
464	-9,8461538
465	-8,8461538
465	22,1538462
465	29,1538462
465	17,1538462
466	-5,8461538
466	-2,8461538
466	6,1538462
467	-5,8461538
467	-2,8461538
467	15,1538462
467	-3,8461538
468	11,1538462
468	39,1538462
468	8,1538462
468	6,1538462
469	7,1538462
469	-2,8461538
469	-9,8461538
469	-6,8461538
470	20,1538462
470	6,1538462
470	13,1538462
470	20,1538462
471	8,1538462
471	-20,8461538
471	22,1538462
471	2,1538462
472	22,1538462
472	12,1538462
472	14,1538462
472	34,1538462
473	-0,8461538
473	21,1538462
473	26,1538462
474	19,1538462
474	-9,8461538
474	5,1538462
474	-9,8461538
475	24,1538462
475	18,1538462
475	24,1538462
475	6,1538462
476	-17,8461538
476	21,1538462
476	-15,8461538
476	12,1538462
477	33,1538462
477	-0,8461538
477	-13,8461538
477	15,1538462
478	12,1538462
478	-4,8461538
478	-8,8461538
478	-5,8461538
479	-13,8461538
479	13,1538462
479	8,1538462
479	-4,8461538
480	24,1538462
480	-15,8461538
480	-14,8461538
481	3,1538462
481	0,1538462
481	12,1538462
481	14,1538462
482	44,1538462
482	-10,8461538
482	-2,8461538
482	34,1538462
483	-7,8461538
483	18,1538462
483	-5,8461538
483	-13,8461538
484	-5,8461538
484	20,1538462
484	18,1538462
484	-2,8461538
485	-16,8461538
485	5,1538462
485	23,1538462
485	0,1538462
486	0,1538462
486	31,1538462
486	20,1538462
486	12,1538462
487	-1,8461538
487	10,1538462
487	35,1538462
488	10,1538462
488	8,1538462
488	-7,8461538
488	-6,8461538
489	7,1538462
489	0,1538462
489	10,1538462
489	2,1538462
490	1,1538462
490	32,1538462
490	0,1538462
490	18,1538462
491	12,1538462
491	13,1538462
491	-9,8461538
491	29,1538462
492	-20,8461538
492	-21,8461538
492	-8,8461538
492	-4,8461538
493	6,1538462
493	-2,8461538
493	-0,8461538
493	-3,8461538
494	-22,8461538
494	13,1538462
494	11,1538462
495	41,1538462
495	-26,8461538
495	18,1538462
495	-12,8461538
496	20,1538462
496	0,1538462
496	18,1538462
496	-3,8461538
497	-3,8461538
497	19,1538462
497	7,1538462
497	20,1538462
498	-1,8461538
498	-17,8461538
498	-7,8461538
498	-13,8461538
499	-5,8461538
499	7,1538462
499	-1,8461538
499	32,1538462
500	26,1538462
500	16,1538462
500	10,1538462
500	2,1538462
501	27,1538462
501	-6,8461538
501	10,1538462
502	-11,8461538
502	16,1538462
502	18,1538462
502	2,1538462
503	21,1538462
503	9,1538462
503	8,1538462
503	-9,8461538
504	-3,8461538
504	-15,8461538
504	11,1538462
504	4,1538462
505	9,1538462
505	13,1538462
505	2,1538462
505	-9,8461538
506	8,1538462
506	3,1538462
506	-6,8461538
506	-0,8461538
507	-3,8461538
507	16,1538462
507	10,1538462
507	10,1538462
508	18,1538462
508	11,1538462
508	33,1538462
508	21,1538462
509	-19,8461538
509	11,1538462
509	-7,8461538
510	1,1538462
510	4,1538462
510	-5,8461538
510	18,1538462
511	20,1538462
511	22,1538462
511	-9,8461538
511	-24,8461538
512	16,1538462
512	2,1538462
512	7,1538462
512	-1,8461538
513	-26,8461538
513	6,1538462
513	1,1538462
513	-1,8461538
514	-1,8461538
514	16,1538462
514	-4,8461538
514	-0,8461538
515	19,1538462
515	13,1538462
515	-8,8461538
515	11,1538462
516	19,1538462
516	26,1538462
516	5,1538462
516	-27,8461538
517	18,1538462
517	19,1538462
517	-3,8461538
518	-7,8461538
518	15,1538462
518	10,1538462
518	4,1538462
519	38,1538462
519	25,1538462
519	9,1538462
519	7,1538462
520	-2,8461538
520	-3,8461538
520	38,1538462
520	36,1538462
521	25,1538462
521	4,1538462
521	24,1538462
521	19,1538462
522	19,1538462
522	24,1538462
522	25,1538462
522	1,1538462
523	27,1538462
523	9,1538462
523	23,1538462
523	-7,8461538
524	19,1538462
524	13,1538462
524	18,1538462
524	6,1538462
525	-5,8461538
525	6,1538462
525	10,1538462
526	-3,8461538
526	5,1538462
526	29,1538462
526	3,1538462
527	9,1538462
527	26,1538462
527	7,1538462
527	8,1538462
528	29,1538462
528	14,1538462
528	-1,8461538
528	35,1538462
529	30,1538462
529	3,1538462
529	-16,8461538
529	17,1538462
530	6,1538462
530	-27,8461538
530	19,1538462
530	17,1538462
531	20,1538462
531	-4,8461538
531	6,1538462
531	25,1538462
532	-5,8461538
532	16,1538462
532	22,1538462
532	30,1538462
533	7,1538462
533	-9,8461538
533	13,1538462
534	16,1538462
534	23,1538462
534	23,1538462
534	12,1538462
535	6,1538462
535	-7,8461538
535	23,1538462
535	1,1538462
536	36,1538462
536	15,1538462
536	-17,8461538
536	-10,8461538
537	1,1538462
537	16,1538462
537	-1,8461538
537	0,1538462
538	-8,8461538
538	-23,8461538
538	24,1538462
538	-15,8461538
539	22,1538462
539	10,1538462
539	-12,8461538
539	16,1538462
540	20,1538462
540	14,1538462
540	2,1538462
540	17,1538462
541	16,1538462
541	-3,8461538
541	-0,8461538
541	3,1538462
542	10,1538462
542	-20,8461538
542	8,1538462
543	-4,8461538
543	7,1538462
543	11,1538462
543	50,1538462
544	0,1538462
544	12,1538462
544	1,1538462
544	5,1538462
545	-30,8461538
545	25,1538462
545	21,1538462
545	10,1538462
546	41,1538462
546	-8,8461538
546	21,1538462
546	4,1538462
547	-6,8461538
547	1,1538462
547	3,1538462
547	-15,8461538
548	7,1538462
548	-4,8461538
548	11,1538462
548	4,1538462
549	11,1538462
549	15,1538462
549	12,1538462
549	5,1538462
550	12,1538462
550	2,1538462
550	30,1538462
550	-11,8461538
551	-17,8461538
551	18,1538462
551	17,1538462
552	-15,8461538
552	17,1538462
552	2,1538462
552	9,1538462
553	13,1538462
553	-6,8461538
553	-6,8461538
553	26,1538462
554	1,1538462
554	8,1538462
554	18,1538462
554	-19,8461538
555	26,1538462
555	19,1538462
555	15,1538462
555	-8,8461538
556	6,1538462
556	19,1538462
556	-13,8461538
556	1,1538462
557	24,1538462
557	14,1538462
557	-7,8461538
557	26,1538462
558	-8,8461538
558	-0,8461538
558	21,1538462
558	23,1538462
559	34,1538462
559	14,1538462
559	24,1538462
559	1,1538462
560	23,1538462
560	34,1538462
560	5,1538462
561	21,1538462
561	27,1538462
561	-11,8461538
561	-6,8461538
562	12,1538462
562	3,1538462
562	27,1538462
562	18,1538462
563	15,1538462
563	-7,8461538
563	14,1538462
563	18,1538462
564	-9,8461538
564	1,1538462
564	-23,8461538
564	11,1538462
565	27,1538462
565	0,1538462
565	-13,8461538
565	-13,8461538
566	13,1538462
566	-0,8461538
566	1,1538462
566	3,1538462
567	1,1538462
567	-8,8461538
567	-2,8461538
567	-5,8461538
568	3,1538462
568	20,1538462
568	24,1538462
568	0,1538462
569	-2,8461538
569	40,1538462
569	11,1538462
569	14,1538462
570	29,1538462
570	-4,8461538
570	19,1538462
571	15,1538462
571	5,1538462
571	11,1538462
571	15,1538462
572	-19,8461538
572	9,1538462
572	-3,8461538
572	13,1538462
573	-11,8461538
573	-25,8461538
573	-1,8461538
573	-22,8461538
574	4,1538462
574	11,1538462
574	-8,8461538
574	25,1538462
575	29,1538462
575	10,1538462
575	1,1538462
575	-3,8461538
576	3,1538462
576	16,1538462
576	35,1538462
576	-10,8461538
577	12,1538462
577	31,1538462
577	-2,8461538
577	-3,8461538
578	2,1538462
578	-1,8461538
578	3,1538462
578	23,1538462
579	9,1538462
579	-10,8461538
579	-7,8461538
579	5,1538462
580	-2,8461538
580	7,1538462
580	-13,8461538
581	27,1538462
581	8,1538462
581	35,1538462
581	-8,8461538
582	-5,8461538
582	-11,8461538
582	10,1538462
582	1,1538462
583	-4,8461538
583	-9,8461538
583	2,1538462
583	3,1538462
584	19,1538462
584	22,1538462
584	6,1538462
584	32,1538462
585	8,1538462
585	14,1538462
585	25,1538462
585	14,1538462
586	3,1538462
586	11,1538462
586	16,1538462
586	19,1538462
587	10,1538462
587	-25,8461538
587	9,1538462
587	-23,8461538
588	-2,8461538
588	-4,8461538
588	23,1538462
588	9,1538462
589	8,1538462
589	8,1538462
589	-0,8461538
589	-26,8461538
590	19,1538462
590	8,1538462
590	-23,8461538
590	16,1538462
591	11,1538462
591	19,1538462
591	-12,8461538
592	-15,8461538
592	2,1538462
592	-0,8461538
592	7,1538462
593	5,1538462
593	-1,8461538
593	-4,8461538
593	11,1538462
594	46,1538462
594	-2,8461538
594	6,1538462
594	20,1538462
595	21,1538462
595	-40,8461538
595	14,1538462
595	8,1538462
596	13,1538462
596	2,1538462
596	-1,8461538
596	17,1538462
597	11,1538462
597	9,1538462
597	14,1538462
597	-220,8461538
598	-31,8461538
598	8,1538462
598	-6,8461538
598	1,1538462
599	1,1538462
599	8,1538462
599	-26,8461538
599	-7,8461538
600	10,1538462
600	12,1538462
600	15,1538462
600	21,1538462
601	-20,8461538
601	17,1538462
601	16,1538462
601	-6,8461538
602	8,1538462
602	7,1538462
602	15,1538462
603	14,1538462
603	19,1538462
603	32,1538462
603	5,1538462
604	7,1538462
604	31,1538462
604	-1,8461538
604	1,1538462
605	37,1538462
605	9,1538462
605	0,1538462
605	12,1538462
606	12,1538462
606	5,1538462
606	8,1538462
606	11,1538462
607	-14,8461538
607	-2,8461538
607	30,1538462
607	6,1538462
608	15,1538462
608	21,1538462
608	22,1538462
608	0,1538462
609	0,1538462
609	31,1538462
609	21,1538462
609	-15,8461538
610	-4,8461538
610	-2,8461538
610	2,1538462
610	8,1538462
611	2,1538462
611	6,1538462
611	-10,8461538
611	7,1538462
612	-4,8461538
612	2,1538462
612	19,1538462
612	29,1538462
613	7,1538462
613	22,1538462
613	2,1538462
613	4,1538462
614	16,1538462
614	-8,8461538
614	-5,8461538
614	-17,8461538
615	-7,8461538
615	0,1538462
615	-13,8461538
616	-13,8461538
616	-2,8461538
616	-5,8461538
616	-6,8461538
617	-0,8461538
617	-1,8461538
617	-13,8461538
617	-17,8461538
618	-6,8461538
618	-6,8461538
618	-2,8461538
618	21,1538462
619	8,1538462
619	24,1538462
619	7,1538462
619	-12,8461538
620	16,1538462
620	13,1538462
620	-7,8461538
620	-4,8461538
621	2,1538462
621	34,1538462
621	14,1538462
621	-7,8461538
622	-1,8461538
622	6,1538462
622	8,1538462
622	6,1538462
623	-12,8461538
623	22,1538462
623	6,1538462
623	11,1538462
624	6,1538462
624	3,1538462
624	5,1538462
624	7,1538462
625	7,1538462
625	39,1538462
625	-11,8461538
625	4,1538462
626	23,1538462
626	-20,8461538
626	-3,8461538
626	-7,8461538
627	7,1538462
627	-0,8461538
627	27,1538462
627	19,1538462
628	17,1538462
628	15,1538462
628	18,1538462
629	-25,8461538
629	14,1538462
629	1,1538462
629	12,1538462
630	-6,8461538
630	17,1538462
630	16,1538462
630	4,1538462
631	-8,8461538
631	8,1538462
631	-7,8461538
631	-8,8461538
632	0,1538462
632	32,1538462
632	22,1538462
632	8,1538462
633	1,1538462
633	16,1538462
633	-1,8461538
633	-2,8461538
634	23,1538462
634	-4,8461538
634	-2,8461538
634	1,1538462
635	1,1538462
635	-12,8461538
635	-30,8461538
635	18,1538462
636	16,1538462
636	5,1538462
636	20,1538462
636	28,1538462
637	0,1538462
637	27,1538462
637	7,1538462
637	-1,8461538
638	1,1538462
638	13,1538462
638	-3,8461538
638	4,1538462
639	-3,8461538
639	4,1538462
639	5,1538462
639	24,1538462
640	-6,8461538
640	30,1538462
640	-2,8461538
640	6,1538462
641	-9,8461538
641	29,1538462
641	3,1538462
641	22,1538462
642	7,1538462
642	7,1538462
642	9,1538462
642	17,1538462
643	7,1538462
643	1,1538462
643	-9,8461538
644	25,1538462
644	20,1538462
644	7,1538462
644	31,1538462
645	13,1538462
645	0,1538462
645	17,1538462
645	15,1538462
646	7,1538462
646	12,1538462
646	3,1538462
646	29,1538462
647	-2,8461538
647	30,1538462
647	5,1538462
647	20,1538462
648	23,1538462
648	10,1538462
648	16,1538462
648	3,1538462
649	5,1538462
649	16,1538462
649	-4,8461538
649	15,1538462
650	33,1538462
650	8,1538462
650	5,1538462
650	11,1538462
651	7,1538462
651	19,1538462
651	10,1538462
651	23,1538462
652	28,1538462
652	-1,8461538
652	4,1538462
652	-1,8461538
653	7,1538462
653	23,1538462
653	21,1538462
653	-9,8461538
654	-14,8461538
654	8,1538462
654	25,1538462
654	-3,8461538
655	-8,8461538
655	29,1538462
655	17,1538462
655	10,1538462
656	30,1538462
656	28,1538462
656	-2,8461538
656	5,1538462
657	32,1538462
657	13,1538462
657	24,1538462
657	10,1538462
658	3,1538462
658	3,1538462
658	8,1538462
658	8,1538462
659	7,1538462
659	3,1538462
659	12,1538462
660	-1,8461538
660	21,1538462
660	45,1538462
660	33,1538462
661	0,1538462
661	28,1538462
661	0,1538462
661	2,1538462
662	14,1538462
662	13,1538462
662	14,1538462
662	15,1538462
663	-14,8461538
663	11,1538462
663	19,1538462
663	24,1538462
664	39,1538462
664	40,1538462
664	13,1538462
664	11,1538462
665	17,1538462
665	19,1538462
665	27,1538462
665	-6,8461538
666	8,1538462
666	11,1538462
666	18,1538462
666	5,1538462
667	11,1538462
667	3,1538462
667	12,1538462
667	-22,8461538
668	12,1538462
668	5,1538462
668	2,1538462
668	4,1538462
669	-10,8461538
669	1,1538462
669	-0,8461538
669	-1,8461538
670	16,1538462
670	35,1538462
670	32,1538462
670	3,1538462
671	-6,8461538
671	24,1538462
671	26,1538462
671	2,1538462
672	-11,8461538
672	25,1538462
672	21,1538462
672	3,1538462
673	4,1538462
673	-2,8461538
673	16,1538462
673	9,1538462
674	-1,8461538
674	3,1538462
674	-3,8461538
674	13,1538462
675	-28,8461538
675	12,1538462
675	-5,8461538
675	19,1538462
676	9,1538462
676	30,1538462
676	-7,8461538
676	27,1538462
677	14,1538462
677	0,1538462
677	-4,8461538
677	-15,8461538
678	27,1538462
678	22,1538462
678	11,1538462
678	20,1538462
679	-3,8461538
679	-4,8461538
679	6,1538462
680	15,1538462
680	4,1538462
680	19,1538462
680	-11,8461538
681	-1,8461538
681	2,1538462
681	-12,8461538
681	-7,8461538
682	1,1538462
682	9,1538462
682	18,1538462
682	5,1538462
683	-9,8461538
683	11,1538462
683	17,1538462
683	16,1538462
684	27,1538462
684	4,1538462
684	17,1538462
684	0,1538462
685	-5,8461538
685	-14,8461538
685	-6,8461538
685	-21,8461538
686	-0,8461538
686	23,1538462
686	26,1538462
686	7,1538462
687	24,1538462
687	40,1538462
687	18,1538462
687	16,1538462
688	5,1538462
688	21,1538462
688	14,1538462
688	-12,8461538
689	19,1538462
689	14,1538462
689	11,1538462
689	-14,8461538
690	-12,8461538
690	0,1538462
690	-15,8461538
690	12,1538462
691	12,1538462
691	5,1538462
691	-0,8461538
691	28,1538462
692	11,1538462
692	22,1538462
692	12,1538462
692	5,1538462
693	2,1538462
693	-20,8461538
693	-2,8461538
693	-14,8461538
694	5,1538462
694	24,1538462
694	2,1538462
694	16,1538462
695	2,1538462
695	36,1538462
695	22,1538462
695	0,1538462
696	-16,8461538
696	0,1538462
696	3,1538462
696	-7,8461538
697	7,1538462
697	18,1538462
697	20,1538462
697	26,1538462
698	-12,8461538
698	-5,8461538
698	9,1538462
698	22,1538462
699	17,1538462
699	16,1538462
699	7,1538462
699	17,1538462
700	24,1538462
700	-4,8461538
700	15,1538462
700	2,1538462
701	4,1538462
701	-20,8461538
701	30,1538462
701	6,1538462
702	4,1538462
702	13,1538462
702	17,1538462
702	-2,8461538
703	-9,8461538
703	1,1538462
703	0,1538462
703	0,1538462
704	12,1538462
704	19,1538462
704	19,1538462
704	31,1538462
705	17,1538462
705	27,1538462
705	17,1538462
706	14,1538462
706	23,1538462
706	10,1538462
706	-5,8461538
707	5,1538462
707	-23,8461538
707	26,1538462
707	34,1538462
708	-6,8461538
708	13,1538462
708	25,1538462
708	11,1538462
709	-17,8461538
709	1,1538462
709	-6,8461538
709	-30,8461538
710	8,1538462
710	10,1538462
710	21,1538462
710	17,1538462
711	23,1538462
711	29,1538462
711	19,1538462
711	11,1538462
712	41,1538462
712	-4,8461538
712	8,1538462
712	-2,8461538
713	5,1538462
713	18,1538462
713	7,1538462
713	15,1538462
714	40,1538462
714	25,1538462
714	7,1538462
714	0,1538462
715	12,1538462
715	-15,8461538
715	7,1538462
715	1,1538462
716	-5,8461538
716	12,1538462
716	-0,8461538
716	29,1538462
717	16,1538462
717	14,1538462
717	14,1538462
717	19,1538462
718	13,1538462
718	19,1538462
718	-6,8461538
718	14,1538462
719	-0,8461538
719	-1,8461538
719	-0,8461538
719	-18,8461538
720	-4,8461538
720	-6,8461538
720	-24,8461538
720	-3,8461538
721	31,1538462
721	5,1538462
721	1,1538462
721	2,1538462
722	25,1538462
722	14,1538462
722	-12,8461538
722	-2,8461538
723	7,1538462
723	15,1538462
723	-8,8461538
723	15,1538462
724	22,1538462
724	35,1538462
724	-3,8461538
724	-21,8461538
725	-4,8461538
725	34,1538462
725	12,1538462
725	20,1538462
726	7,1538462
726	6,1538462
726	11,1538462
726	26,1538462
727	15,1538462
727	-13,8461538
727	12,1538462
727	7,1538462
728	14,1538462
728	-0,8461538
728	19,1538462
728	10,1538462
729	-2,8461538
729	1,1538462
729	10,1538462
729	9,1538462
730	26,1538462
730	-40,8461538
730	-24,8461538
730	-21,8461538
731	23,1538462
731	-1,8461538
731	-5,8461538
731	40,1538462
732	3,1538462
732	7,1538462
732	10,1538462
732	18,1538462
733	15,1538462
733	4,1538462
733	-6,8461538
733	29,1538462
734	4,1538462
734	12,1538462
734	-7,8461538
734	22,1538462
735	-5,8461538
735	-11,8461538
735	31,1538462
735	36,1538462
736	-12,8461538
736	12,1538462
736	-16,8461538
736	13,1538462
737	10,1538462
737	7,1538462
737	-1,8461538
737	16,1538462
738	-16,8461538
738	1,1538462
738	-9,8461538
738	-3,8461538
739	17,1538462
739	22,1538462
739	-8,8461538
739	10,1538462
740	13,1538462
740	2,1538462
740	-1,8461538
740	11,1538462
741	26,1538462
741	-0,8461538
741	6,1538462
741	-7,8461538
742	10,1538462
742	41,1538462
742	4,1538462
742	-1,8461538
743	-7,8461538
743	27,1538462
743	27,1538462
743	11,1538462
744	22,1538462
744	4,1538462
744	21,1538462
744	0,1538462
745	16,1538462
745	2,1538462
745	22,1538462
745	-39,8461538
746	-3,8461538
746	5,1538462
746	12,1538462
746	31,1538462
747	8,1538462
747	5,1538462
747	6,1538462
747	9,1538462
748	20,1538462
748	7,1538462
748	-5,8461538
748	12,1538462
749	-1,8461538
749	22,1538462
749	14,1538462
749	-5,8461538
750	-1,8461538
750	7,1538462
750	9,1538462
750	9,1538462
751	33,1538462
751	12,1538462
751	15,1538462
751	19,1538462
752	7,1538462
752	13,1538462
752	18,1538462
752	-3,8461538
753	-18,8461538
753	4,1538462
753	0,1538462
753	11,1538462
754	-6,8461538
754	-11,8461538
754	-11,8461538
754	7,1538462
755	-8,8461538
755	-12,8461538
755	15,1538462
755	4,1538462
756	-14,8461538
756	-1,8461538
756	-23,8461538
756	13,1538462
757	-17,8461538
757	20,1538462
757	-5,8461538
757	11,1538462
758	-9,8461538
758	-6,8461538
758	-27,8461538
758	37,1538462
759	11,1538462
759	32,1538462
759	13,1538462
759	17,1538462
760	2,1538462
760	-6,8461538
760	-4,8461538
760	18,1538462
761	28,1538462
761	25,1538462
761	8,1538462
761	2,1538462
762	15,1538462
762	5,1538462
762	5,1538462
762	-25,8461538
763	6,1538462
763	-2,8461538
763	1,1538462
763	-5,8461538
764	-3,8461538
764	-11,8461538
764	-6,8461538
764	7,1538462
765	5,1538462
765	4,1538462
765	4,1538462
765	31,1538462
766	2,1538462
766	-0,8461538
766	19,1538462
766	9,1538462
767	4,1538462
767	-2,8461538
767	8,1538462
767	-17,8461538
768	8,1538462
768	7,1538462
768	-6,8461538
768	21,1538462
769	-2,8461538
769	15,1538462
769	-11,8461538
769	-5,8461538
770	13,1538462
770	-9,8461538
770	-9,8461538
770	-0,8461538
771	0,1538462
771	24,1538462
771	29,1538462
771	15,1538462
772	8,1538462
772	-7,8461538
772	11,1538462
772	1,1538462
773	-10,8461538
773	-0,8461538
773	15,1538462
773	-1,8461538
774	-0,8461538
774	27,1538462
774	-5,8461538
774	-1,8461538
775	3,1538462
775	-5,8461538
775	0,1538462
775	12,1538462
776	-0,8461538
776	6,1538462
776	23,1538462
776	-20,8461538
777	23,1538462
777	8,1538462
777	19,1538462
777	14,1538462
778	-3,8461538
778	-15,8461538
778	2,1538462
778	0,1538462
779	1,1538462
779	3,1538462
779	-2,8461538
779	31,1538462
780	25,1538462
780	4,1538462
780	7,1538462
780	8,1538462
781	10,1538462
781	4,1538462
781	25,1538462
781	-14,8461538
782	6,1538462
782	9,1538462
782	-8,8461538
782	38,1538462
783	-4,8461538
783	7,1538462
783	13,1538462
783	3,1538462
784	9,1538462
784	17,1538462
784	22,1538462
784	5,1538462
785	-2,8461538
785	18,1538462
785	-1,8461538
785	-7,8461538
786	-7,8461538
786	-13,8461538
786	20,1538462
786	35,1538462
787	22,1538462
787	10,1538462
787	-0,8461538
787	-16,8461538
788	-22,8461538
788	-20,8461538
788	-2,8461538
788	-3,8461538
789	12,1538462
789	13,1538462
789	-12,8461538
789	11,1538462
790	19,1538462
790	-16,8461538
790	6,1538462
790	21,1538462
791	11,1538462
791	-1,8461538
791	-9,8461538
791	-1,8461538
792	21,1538462
792	13,1538462
792	25,1538462
792	-8,8461538
793	-0,8461538
793	25,1538462
793	1,1538462
793	24,1538462
794	18,1538462
794	-3,8461538
794	14,1538462
794	-32,8461538
795	-19,8461538
795	6,1538462
795	17,1538462
795	21,1538462
796	18,1538462
796	22,1538462
796	-11,8461538
796	-9,8461538
797	-5,8461538
797	-12,8461538
797	32,1538462
797	-13,8461538
798	2,1538462
798	2,1538462
798	7,1538462
798	30,1538462
799	-10,8461538
799	5,1538462
799	12,1538462
799	-26,8461538
800	4,1538462
800	34,1538462
800	11,1538462
800	-6,8461538
801	21,1538462
801	3,1538462
801	2,1538462
801	-13,8461538
802	13,1538462
802	23,1538462
802	2,1538462
802	3,1538462
803	-5,8461538
803	-19,8461538
803	14,1538462
803	3,1538462
804	-0,8461538
804	5,1538462
804	-10,8461538
804	25,1538462
805	-2,8461538
805	-18,8461538
805	24,1538462
805	-6,8461538
806	-4,8461538
806	0,1538462
806	51,1538462
806	20,1538462
807	-5,8461538
807	22,1538462
807	3,1538462
807	27,1538462
808	2,1538462
808	3,1538462
808	3,1538462
808	7,1538462
809	-1,8461538
809	24,1538462
809	12,1538462
809	-10,8461538
810	-2,8461538
810	-14,8461538
810	-6,8461538
810	23,1538462
811	10,1538462
811	-8,8461538
811	-11,8461538
811	16,1538462
812	-4,8461538
812	9,1538462
812	13,1538462
812	-11,8461538
813	-0,8461538
813	-0,8461538
813	10,1538462
813	3,1538462
814	4,1538462
814	-6,8461538
814	14,1538462
814	15,1538462
815	28,1538462
815	19,1538462
815	28,1538462
815	12,1538462
816	50,1538462
816	26,1538462
816	3,1538462
816	12,1538462
817	11,1538462
817	-5,8461538
817	8,1538462
817	5,1538462
818	10,1538462
818	17,1538462
818	-17,8461538
818	-13,8461538
819	-6,8461538
819	26,1538462
819	23,1538462
819	21,1538462
820	-1,8461538
820	10,1538462
820	5,1538462
820	31,1538462
820	-4,8461538
821	-17,8461538
821	-18,8461538
821	0,1538462
821	10,1538462
822	-10,8461538
822	7,1538462
822	-35,8461538
822	-9,8461538
823	15,1538462
823	8,1538462
823	-3,8461538
823	10,1538462
824	34,1538462
824	26,1538462
824	3,1538462
824	7,1538462
825	22,1538462
825	29,1538462
825	8,1538462
825	22,1538462
826	7,1538462
826	11,1538462
826	9,1538462
826	13,1538462
827	9,1538462
827	14,1538462
827	-3,8461538
827	-0,8461538
828	4,1538462
828	-0,8461538
828	5,1538462
828	-4,8461538
829	19,1538462
829	31,1538462
829	30,1538462
829	-3,8461538
830	12,1538462
830	22,1538462
830	11,1538462
830	-8,8461538
831	16,1538462
831	19,1538462
831	-8,8461538
831	19,1538462
832	22,1538462
832	19,1538462
832	15,1538462
832	-0,8461538
833	8,1538462
833	-3,8461538
833	-17,8461538
833	6,1538462
834	29,1538462
834	5,1538462
834	31,1538462
834	10,1538462
835	5,1538462
835	18,1538462
835	8,1538462
835	9,1538462
836	5,1538462
836	-2,8461538
836	25,1538462
836	31,1538462
837	13,1538462
837	-2,8461538
837	11,1538462
837	-4,8461538
838	-17,8461538
838	17,1538462
838	13,1538462
838	10,1538462
839	-14,8461538
839	-15,8461538
839	3,1538462
839	29,1538462
840	21,1538462
840	3,1538462
840	-3,8461538
840	-9,8461538
841	-15,8461538
841	45,1538462
841	11,1538462
841	-10,8461538
842	3,1538462
842	32,1538462
842	-20,8461538
842	9,1538462
843	14,1538462
843	1,1538462
843	25,1538462
843	0,1538462
844	1,1538462
844	15,1538462
844	8,1538462
844	1,1538462
845	-10,8461538
845	26,1538462
845	25,1538462
845	23,1538462
845	-0,8461538
846	-15,8461538
846	-8,8461538
846	3,1538462
846	26,1538462
847	21,1538462
847	-3,8461538
847	-5,8461538
847	-4,8461538
848	-2,8461538
848	-10,8461538
848	8,1538462
848	-5,8461538
849	6,1538462
849	-4,8461538
849	19,1538462
849	11,1538462
850	18,1538462
850	10,1538462
850	-3,8461538
850	30,1538462
851	-4,8461538
851	-31,8461538
851	6,1538462
851	-3,8461538
852	-27,8461538
852	-7,8461538
852	15,1538462
852	-23,8461538
853	3,1538462
853	-10,8461538
853	-44,8461538
853	-16,8461538
854	-1,8461538
854	0,1538462
854	-0,8461538
854	1,1538462
855	-8,8461538
855	10,1538462
855	-1,8461538
855	29,1538462
856	12,1538462
856	10,1538462
856	11,1538462
856	-18,8461538
857	1,1538462
857	28,1538462
857	8,1538462
857	-1,8461538
858	32,1538462
858	12,1538462
858	26,1538462
858	15,1538462
859	0,1538462
859	-7,8461538
859	7,1538462
859	-6,8461538
860	3,1538462
860	-10,8461538
860	38,1538462
860	9,1538462
861	8,1538462
861	10,1538462
861	12,1538462
861	-0,8461538
862	-5,8461538
862	12,1538462
862	3,1538462
862	5,1538462
863	14,1538462
863	8,1538462
863	4,1538462
863	1,1538462
864	21,1538462
864	-24,8461538
864	-0,8461538
864	16,1538462
864	-9,8461538
865	13,1538462
865	7,1538462
865	3,1538462
865	0,1538462
866	-3,8461538
866	-5,8461538
866	35,1538462
866	7,1538462
867	31,1538462
867	-19,8461538
867	-0,8461538
867	29,1538462
868	-0,8461538
868	-33,8461538
868	-8,8461538
868	19,1538462
869	18,1538462
869	20,1538462
869	-25,8461538
869	-9,8461538
870	18,1538462
870	-19,8461538
870	26,1538462
870	39,1538462
871	-16,8461538
871	-3,8461538
871	10,1538462
871	-26,8461538
872	8,1538462
872	-21,8461538
872	-7,8461538
872	-7,8461538
873	-8,8461538
873	-8,8461538
873	-15,8461538
873	4,1538462
874	-16,8461538
874	4,1538462
874	0,1538462
874	2,1538462
875	18,1538462
875	-9,8461538
875	5,1538462
875	24,1538462
876	-1,8461538
876	7,1538462
876	7,1538462
876	-5,8461538
877	-6,8461538
877	-20,8461538
877	14,1538462
877	-0,8461538
878	17,1538462
878	-3,8461538
878	15,1538462
878	40,1538462
879	26,1538462
879	-23,8461538
879	0,1538462
879	3,1538462
880	8,1538462
880	0,1538462
880	8,1538462
880	-0,8461538
880	4,1538462
881	19,1538462
881	3,1538462
881	-0,8461538
881	3,1538462
882	4,1538462
882	-7,8461538
882	-1,8461538
882	-7,8461538
883	5,1538462
883	-12,8461538
883	24,1538462
883	-0,8461538
884	18,1538462
884	23,1538462
884	-3,8461538
884	22,1538462
885	16,1538462
885	11,1538462
885	11,1538462
885	2,1538462
886	-2,8461538
886	-15,8461538
886	1,1538462
886	11,1538462
887	17,1538462
887	-1,8461538
887	-15,8461538
887	-12,8461538
888	28,1538462
888	0,1538462
888	-8,8461538
888	-4,8461538
889	-15,8461538
889	24,1538462
889	10,1538462
889	11,1538462
890	18,1538462
890	-13,8461538
890	32,1538462
890	13,1538462
891	2,1538462
891	23,1538462
891	37,1538462
891	29,1538462
892	7,1538462
892	-20,8461538
892	0,1538462
892	30,1538462
893	1,1538462
893	9,1538462
893	10,1538462
893	10,1538462
894	15,1538462
894	7,1538462
894	14,1538462
894	-1,8461538
894	13,1538462
895	-13,8461538
895	-4,8461538
895	15,1538462
895	14,1538462
896	37,1538462
896	23,1538462
896	15,1538462
896	43,1538462
897	21,1538462
897	9,1538462
897	21,1538462
897	30,1538462
898	21,1538462
898	14,1538462
898	-32,8461538
898	8,1538462
899	-3,8461538
899	-0,8461538
899	10,1538462
899	-4,8461538
900	24,1538462
900	34,1538462
900	-2,8461538
900	8,1538462
901	50,1538462
901	11,1538462
901	12,1538462
901	-26,8461538
902	-6,8461538
902	-6,8461538
902	5,1538462
902	-1,8461538
903	24,1538462
903	17,1538462
903	-6,8461538
903	7,1538462
904	10,1538462
904	15,1538462
904	7,1538462
904	13,1538462
905	7,1538462
905	32,1538462
905	15,1538462
905	23,1538462
906	24,1538462
906	17,1538462
906	7,1538462
906	6,1538462
906	-5,8461538
907	1,1538462
907	19,1538462
907	2,1538462
907	18,1538462
908	8,1538462
908	28,1538462
908	29,1538462
908	-19,8461538
909	7,1538462
909	-12,8461538
909	-0,8461538
909	12,1538462
910	13,1538462
910	1,1538462
910	30,1538462
910	0,1538462
911	0,1538462
911	-22,8461538
911	4,1538462
911	13,1538462
912	3,1538462
912	16,1538462
912	9,1538462
912	23,1538462
913	14,1538462
913	4,1538462
913	2,1538462
913	-3,8461538
914	0,1538462
914	-11,8461538
914	12,1538462
914	-9,8461538
915	-13,8461538
915	6,1538462
915	30,1538462
915	39,1538462
916	15,1538462
916	17,1538462
916	35,1538462
916	16,1538462
917	15,1538462
917	13,1538462
917	4,1538462
917	12,1538462
917	-5,8461538
918	14,1538462
918	33,1538462
918	-7,8461538
918	4,1538462
919	-9,8461538
919	2,1538462
919	33,1538462
919	-17,8461538
920	8,1538462
920	3,1538462
920	8,1538462
920	29,1538462
921	6,1538462
921	8,1538462
921	12,1538462
921	5,1538462
922	-33,8461538
922	-5,8461538
922	3,1538462
922	-7,8461538
923	-12,8461538
923	-12,8461538
923	-4,8461538
923	5,1538462
924	-0,8461538
924	-0,8461538
924	-18,8461538
924	-12,8461538
925	-5,8461538
925	-15,8461538
925	8,1538462
925	28,1538462
926	5,1538462
926	28,1538462
926	-0,8461538
926	27,1538462
927	-1,8461538
927	5,1538462
927	7,1538462
927	14,1538462
928	-14,8461538
928	1,1538462
928	13,1538462
928	6,1538462
928	8,1538462
929	5,1538462
929	2,1538462
929	25,1538462
929	-4,8461538
930	-2,8461538
930	-7,8461538
930	0,1538462
930	24,1538462
931	-13,8461538
931	-18,8461538
931	16,1538462
931	16,1538462
932	13,1538462
932	-2,8461538
932	18,1538462
932	-8,8461538
933	7,1538462
933	-9,8461538
933	12,1538462
933	16,1538462
934	11,1538462
934	28,1538462
934	-5,8461538
934	18,1538462
935	20,1538462
935	12,1538462
935	-7,8461538
935	-15,8461538
936	3,1538462
936	27,1538462
936	-4,8461538
936	0,1538462
937	17,1538462
937	35,1538462
937	3,1538462
937	5,1538462
938	-5,8461538
938	3,1538462
938	7,1538462
938	24,1538462
938	13,1538462
939	10,1538462
939	-10,8461538
939	35,1538462
939	12,1538462
940	6,1538462
940	16,1538462
940	-11,8461538
940	-10,8461538
941	-23,8461538
941	-3,8461538
941	-19,8461538
941	6,1538462
942	18,1538462
942	15,1538462
942	1,1538462
942	-5,8461538
943	2,1538462
943	-6,8461538
943	3,1538462
943	20,1538462
944	-1,8461538
944	-6,8461538
944	26,1538462
944	0,1538462
945	6,1538462
945	21,1538462
945	-10,8461538
945	-5,8461538
946	18,1538462
946	-4,8461538
946	1,1538462
946	22,1538462
947	32,1538462
947	10,1538462
947	17,1538462
947	1,1538462
947	14,1538462
948	11,1538462
948	-8,8461538
948	-22,8461538
948	-0,8461538
949	21,1538462
949	10,1538462
949	28,1538462
949	-0,8461538
950	21,1538462
950	0,1538462
950	8,1538462
950	2,1538462
951	8,1538462
951	14,1538462
951	12,1538462
951	15,1538462
952	25,1538462
952	6,1538462
952	15,1538462
952	57,1538462
953	-13,8461538
953	8,1538462
953	22,1538462
953	4,1538462
954	-26,8461538
954	12,1538462
954	22,1538462
954	-12,8461538
955	-9,8461538
955	13,1538462
955	-20,8461538
955	-13,8461538
956	16,1538462
956	5,1538462
956	3,1538462
956	5,1538462
956	1,1538462
957	39,1538462
957	28,1538462
957	22,1538462
957	16,1538462
958	-7,8461538
958	-3,8461538
958	17,1538462
958	24,1538462
959	-27,8461538
959	-10,8461538
959	-18,8461538
959	-0,8461538
960	37,1538462
960	17,1538462
960	-3,8461538
960	12,1538462
961	15,1538462
961	15,1538462
961	-3,8461538
961	1,1538462
962	21,1538462
962	-9,8461538
962	4,1538462
962	6,1538462
963	-20,8461538
963	5,1538462
963	18,1538462
963	-9,8461538
964	4,1538462
964	23,1538462
964	-11,8461538
964	-9,8461538
964	-9,8461538
965	20,1538462
965	-17,8461538
965	6,1538462
965	-16,8461538
966	23,1538462
966	9,1538462
966	5,1538462
966	10,1538462
967	-9,8461538
967	2,1538462
967	17,1538462
967	-12,8461538
968	-0,8461538
968	10,1538462
968	14,1538462
968	23,1538462
969	11,1538462
969	0,1538462
969	-1,8461538
969	-9,8461538
970	5,1538462
970	7,1538462
970	-1,8461538
970	6,1538462
971	-2,8461538
971	-24,8461538
971	18,1538462
971	31,1538462
972	37,1538462
972	-4,8461538
972	9,1538462
972	11,1538462
972	-6,8461538
973	-23,8461538
973	-14,8461538
973	10,1538462
973	-5,8461538
974	-0,8461538
974	12,1538462
974	20,1538462
974	-1,8461538
975	25,1538462
975	-7,8461538
975	18,1538462
975	21,1538462
976	-3,8461538
976	-16,8461538
976	3,1538462
976	7,1538462
977	9,1538462
977	7,1538462
977	-0,8461538
977	18,1538462
978	30,1538462
978	13,1538462
978	8,1538462
978	20,1538462
979	19,1538462
979	4,1538462
979	30,1538462
979	13,1538462
980	-4,8461538
980	28,1538462
980	3,1538462
980	0,1538462
980	20,1538462
981	13,1538462
981	26,1538462
981	31,1538462
981	-20,8461538
982	-5,8461538
982	12,1538462
982	20,1538462
982	8,1538462
983	27,1538462
983	-4,8461538
983	-12,8461538
983	8,1538462
984	16,1538462
984	23,1538462
984	7,1538462
984	0,1538462
985	2,1538462
985	-0,8461538
985	13,1538462
985	18,1538462
986	-2,8461538
986	0,1538462
986	12,1538462
986	-6,8461538
987	-2,8461538
987	24,1538462
987	17,1538462
987	2,1538462
988	-15,8461538
988	5,1538462
988	-9,8461538
988	3,1538462
988	1,1538462
989	0,1538462
989	13,1538462
989	7,1538462
989	-1,8461538
990	19,1538462
990	4,1538462
990	-14,8461538
990	2,1538462
991	-20,8461538
991	1,1538462
991	-6,8461538
991	8,1538462
992	-1,8461538
992	21,1538462
992	-4,8461538
992	-4,8461538
993	30,1538462
993	11,1538462
993	5,1538462
993	18,1538462
994	-6,8461538
994	15,1538462
994	0,1538462
994	11,1538462
995	5,1538462
995	1,1538462
995	-8,8461538
995	29,1538462
995	12,1538462
996	15,1538462
996	24,1538462
996	-6,8461538
996	-13,8461538
997	28,1538462
997	-24,8461538
997	-3,8461538
997	44,1538462
998	8,1538462
998	10,1538462
998	-8,8461538
998	4,1538462
999	21,1538462
999	6,1538462
999	14,1538462
999	10,1538462
1000	-5,8461538
1000	21,1538462
1000	6,1538462
1000	0,1538462
1001	16,1538462
1001	-2,8461538
1001	27,1538462
1001	14,1538462
1002	-7,8461538
1002	10,1538462
1002	27,1538462
1002	28,1538462
1002	6,1538462
1003	13,1538462
1003	4,1538462
1003	25,1538462
1003	25,1538462
1004	22,1538462
1004	13,1538462
1004	24,1538462
1004	27,1538462
1005	7,1538462
1005	-9,8461538
1005	14,1538462
1005	4,1538462
1006	-19,8461538
1006	-15,8461538
1006	-6,8461538
1006	15,1538462
1007	47,1538462
1007	-3,8461538
1007	-10,8461538
1007	-25,8461538
1008	-4,8461538
1008	30,1538462
1008	24,1538462
1008	16,1538462
1008	-1,8461538
1009	17,1538462
1009	1,1538462
1009	22,1538462
1009	30,1538462
1010	19,1538462
1010	3,1538462
1010	1,1538462
1010	10,1538462
1011	5,1538462
1011	18,1538462
1011	14,1538462
1011	33,1538462
1012	23,1538462
1012	8,1538462
1012	11,1538462
1012	-11,8461538
1013	-9,8461538
1013	11,1538462
1013	23,1538462
1013	5,1538462
1014	22,1538462
1014	22,1538462
1014	10,1538462
1014	6,1538462
1015	7,1538462
1015	13,1538462
1015	35,1538462
1015	-2,8461538
1015	8,1538462
1016	18,1538462
1016	24,1538462
1016	-7,8461538
1016	-7,8461538
1017	-8,8461538
1017	-7,8461538
1017	-2,8461538
1017	20,1538462
1018	2,1538462
1018	26,1538462
1018	20,1538462
1018	18,1538462
1019	5,1538462
1019	4,1538462
1019	6,1538462
1019	7,1538462
1020	-11,8461538
1020	-0,8461538
1020	-3,8461538
1020	2,1538462
1021	2,1538462
1021	9,1538462
1021	23,1538462
1021	4,1538462
1021	9,1538462
1022	-4,8461538
1022	8,1538462
1022	16,1538462
1022	9,1538462
1023	-13,8461538
1023	6,1538462
1023	1,1538462
1023	13,1538462
1024	13,1538462
1024	-3,8461538
1024	5,1538462
1024	9,1538462
1025	3,1538462
1025	-9,8461538
1025	5,1538462
1025	28,1538462
1026	27,1538462
1026	17,1538462
1026	3,1538462
1026	24,1538462
1027	25,1538462
1027	-5,8461538
1027	23,1538462
1027	31,1538462
1027	-0,8461538
1028	16,1538462
1028	4,1538462
1028	2,1538462
1028	10,1538462
1029	-20,8461538
1029	20,1538462
1029	17,1538462
1029	10,1538462
1030	11,1538462
1030	19,1538462
1030	2,1538462
1030	3,1538462
1031	37,1538462
1031	-0,8461538
1031	23,1538462
1031	-0,8461538
1032	24,1538462
1032	28,1538462
1032	-1,8461538
1032	16,1538462
1033	14,1538462
1033	17,1538462
1033	4,1538462
1033	-9,8461538
1034	18,1538462
1034	3,1538462
1034	-16,8461538
1034	-5,8461538
1034	7,1538462
1035	0,1538462
1035	-18,8461538
1035	-9,8461538
1035	10,1538462
1036	43,1538462
1036	12,1538462
1036	32,1538462
1036	21,1538462
1037	-4,8461538
1037	11,1538462
1037	-16,8461538
1037	45,1538462
1038	11,1538462
1038	4,1538462
1038	18,1538462
1038	26,1538462
1039	10,1538462
1039	-3,8461538
1039	4,1538462
1039	25,1538462
1039	-1,8461538
1040	-2,8461538
1040	29,1538462
1040	27,1538462
1040	25,1538462
1041	9,1538462
1041	-0,8461538
1041	15,1538462
1041	36,1538462
1042	26,1538462
1042	21,1538462
1042	15,1538462
1042	15,1538462
1043	35,1538462
1043	42,1538462
1043	6,1538462
1043	11,1538462
1044	11,1538462
1044	-14,8461538
1044	-4,8461538
1044	-11,8461538
1045	-13,8461538
1045	5,1538462
1045	10,1538462
1045	-2,8461538
1045	-10,8461538
1046	1,1538462
1046	-0,8461538
1046	11,1538462
1046	-11,8461538
1047	2,1538462
1047	21,1538462
1047	-4,8461538
1047	19,1538462
1048	18,1538462
1048	16,1538462
1048	6,1538462
1048	7,1538462
1049	-1,8461538
1049	10,1538462
1049	-1,8461538
1049	-7,8461538
1050	-2,8461538
1050	10,1538462
1050	24,1538462
1050	25,1538462
1051	-9,8461538
1051	17,1538462
1051	4,1538462
1051	13,1538462
1051	-4,8461538
1052	10,1538462
1052	-8,8461538
1052	-4,8461538
1052	-12,8461538
1053	-7,8461538
1053	24,1538462
1053	10,1538462
1053	-6,8461538
1054	-7,8461538
1054	2,1538462
1054	2,1538462
1054	10,1538462
1055	16,1538462
1055	-18,8461538
1055	0,1538462
1055	-9,8461538
1056	0,1538462
1056	9,1538462
1056	-6,8461538
1056	9,1538462
1056	-8,8461538
1057	12,1538462
1057	-0,8461538
1057	2,1538462
1057	9,1538462
1058	-2,8461538
1058	0,1538462
1058	-6,8461538
1058	13,1538462
1059	26,1538462
1059	-7,8461538
1059	-0,8461538
1059	11,1538462
1060	7,1538462
1060	6,1538462
1060	4,1538462
1060	33,1538462
1061	43,1538462
1061	13,1538462
1061	-2,8461538
1061	14,1538462
1062	14,1538462
1062	11,1538462
1062	17,1538462
1062	26,1538462
1062	34,1538462
1063	10,1538462
1063	12,1538462
1063	14,1538462
1063	20,1538462
1064	-22,8461538
1064	-2,8461538
1064	-2,8461538
1064	3,1538462
1065	16,1538462
1065	5,1538462
1065	15,1538462
1065	4,1538462
1066	14,1538462
1066	23,1538462
1066	9,1538462
1066	21,1538462
1067	-3,8461538
1067	31,1538462
1067	7,1538462
1067	3,1538462
1067	12,1538462
1068	16,1538462
1068	19,1538462
1068	11,1538462
1068	20,1538462
1069	8,1538462
1069	-0,8461538
1069	5,1538462
1069	16,1538462
1070	13,1538462
1070	25,1538462
1070	16,1538462
1070	3,1538462
1071	-17,8461538
1071	3,1538462
1071	34,1538462
1071	7,1538462
1072	28,1538462
1072	33,1538462
1072	-17,8461538
1072	-4,8461538
1072	30,1538462
1073	-3,8461538
1073	-6,8461538
1073	-4,8461538
1073	1,1538462
1074	-2,8461538
1074	11,1538462
1074	6,1538462
1074	7,1538462
1075	27,1538462
1075	8,1538462
1075	20,1538462
1075	10,1538462
1076	-4,8461538
1076	-7,8461538
1076	-0,8461538
1076	15,1538462
1077	10,1538462
1077	-5,8461538
1077	13,1538462
1077	9,1538462
1077	27,1538462
1078	5,1538462
1078	9,1538462
1078	19,1538462
1078	1,1538462
1079	24,1538462
1079	20,1538462
1079	-7,8461538
1079	24,1538462
1080	30,1538462
1080	-7,8461538
1080	27,1538462
1080	23,1538462
1081	6,1538462
1081	13,1538462
1081	2,1538462
1081	7,1538462
1082	18,1538462
1082	-5,8461538
1082	10,1538462
1082	7,1538462
1082	24,1538462
1083	14,1538462
1083	14,1538462
1083	15,1538462
1083	14,1538462
1084	2,1538462
1084	-14,8461538
1084	15,1538462
1084	4,1538462
1085	17,1538462
1085	11,1538462
1085	31,1538462
1085	16,1538462
1086	7,1538462
1086	10,1538462
1086	16,1538462
1086	17,1538462
1087	0,1538462
1087	-4,8461538
1087	0,1538462
1087	-11,8461538
1087	26,1538462
1088	-10,8461538
1088	21,1538462
1088	8,1538462
1088	-2,8461538
1089	14,1538462
1089	9,1538462
1089	-23,8461538
1089	33,1538462
1090	17,1538462
1090	-4,8461538
1090	12,1538462
1090	3,1538462
1091	7,1538462
1091	20,1538462
1091	23,1538462
1091	23,1538462
1092	32,1538462
1092	-17,8461538
1092	3,1538462
1092	21,1538462
1092	-5,8461538
1093	-6,8461538
1093	5,1538462
1093	-7,8461538
1093	-1,8461538
1094	-2,8461538
1094	-12,8461538
1094	-8,8461538
1094	14,1538462
1095	-1,8461538
1095	26,1538462
1095	14,1538462
1095	18,1538462
1096	25,1538462
1096	-32,8461538
1096	-10,8461538
1096	25,1538462
1097	-4,8461538
1097	-28,8461538
1097	17,1538462
1097	34,1538462
1097	7,1538462
1098	-6,8461538
1098	4,1538462
1098	2,1538462
1098	9,1538462
1099	22,1538462
1099	11,1538462
1099	18,1538462
1099	7,1538462
1100	1,1538462
1100	-21,8461538
1100	12,1538462
1100	12,1538462
1101	13,1538462
1101	7,1538462
1101	41,1538462
1101	-6,8461538
1101	16,1538462
1102	-10,8461538
1102	36,1538462
1102	6,1538462
1102	-2,8461538
1103	-7,8461538
1103	5,1538462
1103	26,1538462
1103	16,1538462
1104	-10,8461538
1104	-3,8461538
1104	14,1538462
1104	-0,8461538
1105	-5,8461538
1105	-4,8461538
1105	10,1538462
1105	35,1538462
1106	43,1538462
1106	-13,8461538
1106	2,1538462
1106	-3,8461538
1106	-7,8461538
1107	16,1538462
1107	38,1538462
1107	33,1538462
1107	-11,8461538
1108	-16,8461538
1108	-2,8461538
1108	11,1538462
1108	12,1538462
1109	-0,8461538
1109	-7,8461538
1109	-9,8461538
1109	0,1538462
1110	11,1538462
1110	17,1538462
1110	24,1538462
1110	-0,8461538
1110	-3,8461538
1111	-2,8461538
1111	25,1538462
1111	18,1538462
1111	13,1538462
1112	-2,8461538
1112	15,1538462
1112	30,1538462
1112	19,1538462
1113	-5,8461538
1113	-17,8461538
1113	-14,8461538
1113	38,1538462
1114	28,1538462
1114	15,1538462
1114	13,1538462
1114	-17,8461538
1115	13,1538462
1115	-1,8461538
1115	6,1538462
1115	-0,8461538
1115	28,1538462
1116	21,1538462
1116	14,1538462
1116	3,1538462
1116	1,1538462
1117	6,1538462
1117	6,1538462
1117	4,1538462
1117	6,1538462
1118	1,1538462
