196	-32,3846154
196	-32,3846154
196	-32,3846154
197	-9,3846154
197	1,6153846
197	26,6153846
197	22,6153846
198	5,6153846
198	18,6153846
198	-20,3846154
199	18,6153846
199	22,6153846
199	10,6153846
199	-3,3846154
200	28,6153846
200	6,6153846
200	34,6153846
200	-4,3846154
201	1,6153846
201	-1,3846154
201	13,6153846
201	9,6153846
202	15,6153846
202	9,6153846
202	-22,3846154
203	22,6153846
203	9,6153846
203	30,6153846
203	2,6153846
204	5,6153846
204	29,6153846
204	13,6153846
204	-0,3846154
205	2,6153846
205	-8,3846154
205	-2,3846154
205	32,6153846
206	9,6153846
206	0,6153846
206	25,6153846
207	-0,3846154
207	-10,3846154
207	5,6153846
207	5,6153846
208	-2,3846154
208	1,6153846
208	-19,3846154
208	-0,3846154
209	-0,3846154
209	21,6153846
209	8,6153846
209	-8,3846154
210	27,6153846
210	5,6153846
210	17,6153846
211	-17,3846154
211	20,6153846
211	-7,3846154
211	-2,3846154
212	0,6153846
212	-16,3846154
212	18,6153846
212	-4,3846154
213	15,6153846
213	-6,3846154
213	29,6153846
213	32,6153846
214	8,6153846
214	-0,3846154
214	-4,3846154
215	-9,3846154
215	-14,3846154
215	-23,3846154
215	11,6153846
216	31,6153846
216	-9,3846154
216	25,6153846
216	-8,3846154
217	-10,3846154
217	10,6153846
217	19,6153846
217	3,6153846
218	8,6153846
218	-19,3846154
218	-18,3846154
219	-5,3846154
219	-6,3846154
219	17,6153846
219	-3,3846154
220	21,6153846
220	2,6153846
220	1,6153846
220	-1,3846154
221	19,6153846
221	-3,3846154
221	-10,3846154
221	7,6153846
222	18,6153846
222	11,6153846
222	24,6153846
223	27,6153846
223	9,6153846
223	-17,3846154
223	-29,3846154
224	7,6153846
224	12,6153846
224	24,6153846
224	-21,3846154
225	6,6153846
225	11,6153846
225	14,6153846
225	28,6153846
226	7,6153846
226	3,6153846
226	22,6153846
227	23,6153846
227	18,6153846
227	11,6153846
227	19,6153846
228	10,6153846
228	-7,3846154
228	0,6153846
228	28,6153846
229	15,6153846
229	1,6153846
229	-7,3846154
229	-7,3846154
230	10,6153846
230	5,6153846
230	-0,3846154
231	-3,3846154
231	8,6153846
231	-28,3846154
231	32,6153846
232	31,6153846
232	8,6153846
232	38,6153846
232	-0,3846154
233	6,6153846
233	24,6153846
233	1,6153846
233	22,6153846
234	-14,3846154
234	24,6153846
234	7,6153846
235	23,6153846
235	24,6153846
235	8,6153846
235	25,6153846
236	-5,3846154
236	-9,3846154
236	-0,3846154
236	-15,3846154
237	16,6153846
237	3,6153846
237	-11,3846154
237	3,6153846
238	10,6153846
238	-10,3846154
238	15,6153846
239	9,6153846
239	-11,3846154
239	13,6153846
239	-3,3846154
240	0,6153846
240	-2,3846154
240	0,6153846
240	5,6153846
241	22,6153846
241	6,6153846
241	8,6153846
241	18,6153846
242	0,6153846
242	-17,3846154
242	20,6153846
243	32,6153846
243	17,6153846
243	-4,3846154
243	0,6153846
244	-2,3846154
244	-16,3846154
244	0,6153846
244	-7,3846154
245	13,6153846
245	16,6153846
245	-9,3846154
245	-17,3846154
246	-10,3846154
246	29,6153846
246	-1,3846154
247	-11,3846154
247	0,6153846
247	16,6153846
247	8,6153846
248	4,6153846
248	-13,3846154
248	9,6153846
248	23,6153846
249	13,6153846
249	7,6153846
249	-15,3846154
249	26,6153846
250	1,6153846
250	27,6153846
250	14,6153846
251	-15,3846154
251	10,6153846
251	13,6153846
251	-5,3846154
252	-2,3846154
252	10,6153846
252	20,6153846
252	10,6153846
253	11,6153846
253	1,6153846
253	-12,3846154
253	26,6153846
254	11,6153846
254	18,6153846
254	23,6153846
254	17,6153846
255	-26,3846154
255	-15,3846154
255	1,6153846
256	-10,3846154
256	8,6153846
256	10,6153846
256	23,6153846
257	1,6153846
257	10,6153846
257	19,6153846
257	24,6153846
258	38,6153846
258	-0,3846154
258	16,6153846
258	10,6153846
259	16,6153846
259	15,6153846
259	-9,3846154
260	1,6153846
260	-15,3846154
260	-18,3846154
260	-28,3846154
261	-0,3846154
261	14,6153846
261	2,6153846
261	2,6153846
262	6,6153846
262	9,6153846
262	-16,3846154
262	-0,3846154
263	29,6153846
263	-16,3846154
263	-6,3846154
264	6,6153846
264	19,6153846
264	17,6153846
264	20,6153846
265	-12,3846154
265	12,6153846
265	-13,3846154
265	9,6153846
266	32,6153846
266	1,6153846
266	-2,3846154
266	-16,3846154
267	25,6153846
267	21,6153846
267	16,6153846
268	5,6153846
268	5,6153846
268	17,6153846
268	45,6153846
269	21,6153846
269	15,6153846
269	-12,3846154
269	15,6153846
270	3,6153846
270	9,6153846
270	18,6153846
270	19,6153846
271	20,6153846
271	26,6153846
271	21,6153846
271	-20,3846154
272	3,6153846
272	7,6153846
272	-2,3846154
273	7,6153846
273	0,6153846
273	11,6153846
273	27,6153846
274	12,6153846
274	-5,3846154
274	-5,3846154
274	-0,3846154
275	24,6153846
275	2,6153846
275	-8,3846154
275	3,6153846
276	20,6153846
276	16,6153846
276	-4,3846154
277	24,6153846
277	36,6153846
277	33,6153846
277	-10,3846154
278	33,6153846
278	20,6153846
278	-4,3846154
278	-15,3846154
279	-3,3846154
279	-4,3846154
279	9,6153846
279	26,6153846
280	-4,3846154
280	6,6153846
280	9,6153846
280	-1,3846154
281	-5,3846154
281	36,6153846
281	20,6153846
282	-2,3846154
282	13,6153846
282	-21,3846154
282	-11,3846154
283	-11,3846154
283	-7,3846154
283	-10,3846154
283	24,6153846
284	30,6153846
284	-4,3846154
284	3,6153846
284	-1,3846154
285	0,6153846
285	0,6153846
285	3,6153846
286	4,6153846
286	15,6153846
286	1,6153846
286	15,6153846
287	27,6153846
287	8,6153846
287	5,6153846
287	20,6153846
288	25,6153846
288	15,6153846
288	-8,3846154
288	8,6153846
289	15,6153846
289	36,6153846
289	28,6153846
290	-2,3846154
290	-16,3846154
290	13,6153846
290	-13,3846154
291	31,6153846
291	29,6153846
291	0,6153846
291	3,6153846
292	20,6153846
292	14,6153846
292	-10,3846154
292	49,6153846
293	23,6153846
293	25,6153846
293	48,6153846
293	50,6153846
294	30,6153846
294	39,6153846
294	28,6153846
295	42,6153846
295	69,6153846
295	39,6153846
295	46,6153846
296	49,6153846
296	28,6153846
296	44,6153846
296	22,6153846
297	-16,3846154
297	41,6153846
297	34,6153846
297	27,6153846
298	84,6153846
298	27,6153846
298	33,6153846
299	25,6153846
299	53,6153846
299	26,6153846
299	16,6153846
300	18,6153846
300	19,6153846
300	17,6153846
300	22,6153846
301	13,6153846
301	18,6153846
301	-5,3846154
301	7,6153846
302	0,6153846
302	10,6153846
302	48,6153846
302	44,6153846
303	22,6153846
303	17,6153846
303	9,6153846
304	10,6153846
304	6,6153846
304	21,6153846
304	14,6153846
305	33,6153846
305	51,6153846
305	25,6153846
305	-2,3846154
306	24,6153846
306	12,6153846
306	29,6153846
306	49,6153846
307	71,6153846
307	65,6153846
307	65,6153846
307	68,6153846
308	38,6153846
308	48,6153846
308	64,6153846
309	70,6153846
309	58,6153846
309	81,6153846
309	67,6153846
310	97,6153846
310	104,6153846
310	101,6153846
310	108,6153846
311	136,6153846
311	171,6153846
311	212,6153846
311	233,6153846
312	219,6153846
312	238,6153846
312	260,6153846
313	223,6153846
313	267,6153846
313	255,6153846
313	267,6153846
314	267,6153846
314	282,6153846
314	244,6153846
314	233,6153846
315	239,6153846
315	261,6153846
315	279,6153846
315	261,6153846
316	285,6153846
316	298,6153846
316	295,6153846
316	214,6153846
317	199,6153846
317	205,6153846
317	166,6153846
318	226,6153846
318	188,6153846
318	183,6153846
318	155,6153846
319	100,6153846
319	87,6153846
319	82,6153846
319	75,6153846
320	77,6153846
320	87,6153846
320	86,6153846
320	52,6153846
321	42,6153846
321	15,6153846
321	23,6153846
321	22,6153846
322	22,6153846
322	20,6153846
322	20,6153846
323	4,6153846
323	19,6153846
323	5,6153846
323	34,6153846
324	0,6153846
324	28,6153846
324	-4,3846154
324	28,6153846
325	-7,3846154
325	-10,3846154
325	9,6153846
325	22,6153846
326	-1,3846154
326	6,6153846
326	32,6153846
327	31,6153846
327	50,6153846
327	26,6153846
327	13,6153846
328	36,6153846
328	21,6153846
328	46,6153846
328	41,6153846
329	29,6153846
329	36,6153846
329	44,6153846
329	69,6153846
330	83,6153846
330	67,6153846
330	79,6153846
330	100,6153846
331	128,6153846
331	142,6153846
331	186,6153846
332	226,6153846
332	249,6153846
332	321,6153846
332	314,6153846
333	363,6153846
333	379,6153846
333	371,6153846
333	384,6153846
334	364,6153846
334	431,6153846
334	427,6153846
334	446,6153846
335	422,6153846
335	423,6153846
335	410,6153846
335	460,6153846
336	479,6153846
336	495,6153846
336	478,6153846
337	480,6153846
337	547,6153846
337	558,6153846
337	582,6153846
338	557,6153846
338	480,6153846
338	453,6153846
338	435,6153846
339	402,6153846
339	349,6153846
339	345,6153846
339	320,6153846
340	263,6153846
340	197,6153846
340	194,6153846
340	151,6153846
341	185,6153846
341	208,6153846
341	237,6153846
342	250,6153846
342	216,6153846
342	200,6153846
342	106,6153846
343	107,6153846
343	83,6153846
343	32,6153846
343	71,6153846
344	56,6153846
344	32,6153846
344	44,6153846
344	33,6153846
345	-14,3846154
345	46,6153846
345	15,6153846
345	53,6153846
346	32,6153846
346	44,6153846
346	16,6153846
347	34,6153846
347	45,6153846
347	26,6153846
347	49,6153846
348	44,6153846
348	44,6153846
348	67,6153846
348	59,6153846
349	73,6153846
349	64,6153846
349	75,6153846
349	75,6153846
350	71,6153846
350	91,6153846
350	145,6153846
350	128,6153846
351	123,6153846
351	129,6153846
351	173,6153846
352	180,6153846
352	240,6153846
352	231,6153846
352	254,6153846
353	286,6153846
353	309,6153846
353	269,6153846
353	298,6153846
354	331,6153846
354	347,6153846
354	422,6153846
354	401,6153846
355	354,6153846
355	369,6153846
355	342,6153846
355	375,6153846
356	359,6153846
356	362,6153846
356	409,6153846
357	367,6153846
357	356,6153846
357	427,6153846
357	402,6153846
358	511,6153846
358	506,6153846
358	457,6153846
358	407,6153846
359	358,6153846
359	323,6153846
359	341,6153846
359	291,6153846
360	237,6153846
360	216,6153846
360	208,6153846
360	189,6153846
361	174,6153846
361	179,6153846
361	195,6153846
362	271,6153846
362	245,6153846
362	233,6153846
362	183,6153846
363	111,6153846
363	95,6153846
363	66,6153846
363	77,6153846
364	95,6153846
364	77,6153846
364	51,6153846
364	56,6153846
365	14,6153846
365	36,6153846
365	27,6153846
365	45,6153846
366	45,6153846
366	27,6153846
366	28,6153846
367	17,6153846
367	59,6153846
367	65,6153846
367	32,6153846
368	18,6153846
368	28,6153846
368	41,6153846
368	38,6153846
369	24,6153846
369	19,6153846
369	43,6153846
369	76,6153846
370	70,6153846
370	32,6153846
370	31,6153846
370	70,6153846
371	78,6153846
371	50,6153846
371	73,6153846
371	107,6153846
372	83,6153846
372	94,6153846
372	104,6153846
373	111,6153846
373	95,6153846
373	77,6153846
373	124,6153846
374	108,6153846
374	134,6153846
374	115,6153846
374	161,6153846
375	127,6153846
375	143,6153846
375	197,6153846
375	179,6153846
376	169,6153846
376	164,6153846
376	190,6153846
376	172,6153846
377	159,6153846
377	181,6153846
377	201,6153846
378	176,6153846
378	160,6153846
378	182,6153846
378	165,6153846
379	194,6153846
379	152,6153846
379	178,6153846
379	160,6153846
380	168,6153846
380	182,6153846
380	195,6153846
380	165,6153846
381	192,6153846
381	152,6153846
381	122,6153846
381	124,6153846
382	90,6153846
382	109,6153846
382	111,6153846
383	80,6153846
383	78,6153846
383	107,6153846
383	98,6153846
384	81,6153846
384	67,6153846
384	110,6153846
384	103,6153846
385	83,6153846
385	132,6153846
385	125,6153846
385	128,6153846
386	79,6153846
386	69,6153846
386	43,6153846
386	58,6153846
387	44,6153846
387	26,6153846
387	36,6153846
387	29,6153846
388	46,6153846
388	27,6153846
388	24,6153846
389	29,6153846
389	20,6153846
389	45,6153846
389	26,6153846
390	39,6153846
390	50,6153846
390	45,6153846
390	56,6153846
391	44,6153846
391	47,6153846
391	41,6153846
391	34,6153846
392	44,6153846
392	44,6153846
392	40,6153846
392	32,6153846
393	28,6153846
393	56,6153846
393	70,6153846
394	62,6153846
394	76,6153846
394	45,6153846
394	84,6153846
395	69,6153846
395	73,6153846
395	72,6153846
395	80,6153846
396	50,6153846
396	95,6153846
396	47,6153846
396	64,6153846
397	58,6153846
397	88,6153846
397	93,6153846
397	69,6153846
398	106,6153846
398	70,6153846
398	62,6153846
398	56,6153846
399	95,6153846
399	74,6153846
399	60,6153846
400	96,6153846
400	99,6153846
400	99,6153846
400	95,6153846
401	73,6153846
401	82,6153846
401	41,6153846
401	81,6153846
402	78,6153846
402	61,6153846
402	59,6153846
402	61,6153846
403	70,6153846
403	82,6153846
403	55,6153846
403	111,6153846
404	84,6153846
404	124,6153846
404	93,6153846
405	52,6153846
405	61,6153846
405	93,6153846
405	87,6153846
406	86,6153846
406	77,6153846
406	54,6153846
406	56,6153846
407	69,6153846
407	50,6153846
407	50,6153846
407	80,6153846
408	60,6153846
408	44,6153846
408	15,6153846
408	32,6153846
409	69,6153846
409	33,6153846
409	43,6153846
409	80,6153846
410	66,6153846
410	58,6153846
410	46,6153846
411	58,6153846
411	45,6153846
411	47,6153846
411	46,6153846
412	41,6153846
412	46,6153846
412	39,6153846
412	43,6153846
413	2,6153846
413	14,6153846
413	12,6153846
413	11,6153846
414	35,6153846
414	19,6153846
414	32,6153846
414	30,6153846
415	32,6153846
415	28,6153846
415	3,6153846
415	8,6153846
416	10,6153846
416	-2,3846154
416	27,6153846
417	46,6153846
417	25,6153846
417	27,6153846
417	51,6153846
418	29,6153846
418	45,6153846
418	29,6153846
418	24,6153846
419	43,6153846
419	44,6153846
419	56,6153846
419	32,6153846
420	40,6153846
420	27,6153846
420	63,6153846
420	42,6153846
421	68,6153846
421	52,6153846
421	34,6153846
421	38,6153846
422	28,6153846
422	39,6153846
422	34,6153846
423	39,6153846
423	12,6153846
423	53,6153846
423	31,6153846
424	41,6153846
424	15,6153846
424	50,6153846
424	39,6153846
425	53,6153846
425	39,6153846
425	36,6153846
425	35,6153846
426	14,6153846
426	16,6153846
426	37,6153846
426	27,6153846
427	41,6153846
427	18,6153846
427	42,6153846
427	53,6153846
428	38,6153846
428	56,6153846
428	50,6153846
429	51,6153846
429	46,6153846
429	12,6153846
429	60,6153846
430	58,6153846
430	55,6153846
430	16,6153846
430	24,6153846
431	56,6153846
431	34,6153846
431	45,6153846
431	64,6153846
432	43,6153846
432	33,6153846
432	56,6153846
432	54,6153846
433	32,6153846
433	37,6153846
433	18,6153846
433	-0,3846154
434	37,6153846
434	32,6153846
434	36,6153846
435	18,6153846
435	19,6153846
435	44,6153846
435	19,6153846
436	18,6153846
436	49,6153846
436	23,6153846
436	33,6153846
437	43,6153846
437	7,6153846
437	-3,3846154
437	-1,3846154
438	0,6153846
438	37,6153846
438	71,6153846
438	30,6153846
439	16,6153846
439	11,6153846
439	19,6153846
439	24,6153846
440	38,6153846
440	17,6153846
440	35,6153846
441	2,6153846
441	-1,3846154
441	26,6153846
441	24,6153846
442	18,6153846
442	34,6153846
442	28,6153846
442	-2,3846154
443	30,6153846
443	25,6153846
443	11,6153846
443	3,6153846
444	-1,3846154
444	22,6153846
444	10,6153846
444	13,6153846
445	-8,3846154
445	30,6153846
445	41,6153846
445	23,6153846
446	7,6153846
446	17,6153846
446	13,6153846
447	22,6153846
447	10,6153846
447	30,6153846
447	47,6153846
448	42,6153846
448	-11,3846154
448	4,6153846
448	-16,3846154
449	1,6153846
449	33,6153846
449	19,6153846
449	-6,3846154
450	20,6153846
450	-21,3846154
450	-41,3846154
450	1,6153846
451	1,6153846
451	1,6153846
451	14,6153846
451	28,6153846
452	-1,3846154
452	7,6153846
452	11,6153846
452	23,6153846
453	15,6153846
453	7,6153846
453	1,6153846
454	26,6153846
454	23,6153846
454	22,6153846
454	23,6153846
455	14,6153846
455	-5,3846154
455	24,6153846
455	14,6153846
456	18,6153846
456	13,6153846
456	7,6153846
456	19,6153846
457	0,6153846
457	3,6153846
457	4,6153846
457	18,6153846
458	13,6153846
458	-13,3846154
458	2,6153846
458	-12,3846154
459	-12,3846154
459	28,6153846
459	32,6153846
460	29,6153846
460	34,6153846
460	49,6153846
460	-2,3846154
461	3,6153846
461	16,6153846
461	19,6153846
461	29,6153846
462	2,6153846
462	-1,3846154
462	-17,3846154
462	20,6153846
463	8,6153846
463	5,6153846
463	4,6153846
463	-8,3846154
464	31,6153846
464	10,6153846
464	13,6153846
464	-13,3846154
465	25,6153846
465	45,6153846
465	30,6153846
465	2,6153846
466	10,6153846
466	7,6153846
466	4,6153846
467	7,6153846
467	-7,3846154
467	11,6153846
467	17,6153846
468	6,6153846
468	25,6153846
468	12,6153846
468	0,6153846
469	15,6153846
469	8,6153846
469	-10,3846154
469	22,6153846
470	31,6153846
470	16,6153846
470	10,6153846
470	14,6153846
471	25,6153846
471	2,6153846
471	29,6153846
471	13,6153846
472	15,6153846
472	17,6153846
472	23,6153846
472	29,6153846
473	11,6153846
473	32,6153846
473	10,6153846
474	14,6153846
474	-3,3846154
474	24,6153846
474	19,6153846
475	8,6153846
475	20,6153846
475	9,6153846
475	13,6153846
476	27,6153846
476	24,6153846
476	-1,3846154
476	17,6153846
477	17,6153846
477	-14,3846154
477	-2,3846154
477	18,6153846
478	-22,3846154
478	-7,3846154
478	-13,3846154
478	1,6153846
479	4,6153846
479	28,6153846
479	2,6153846
479	6,6153846
480	4,6153846
480	7,6153846
480	2,6153846
481	1,6153846
481	8,6153846
481	9,6153846
481	24,6153846
482	63,6153846
482	-8,3846154
482	-1,3846154
482	19,6153846
483	7,6153846
483	27,6153846
483	6,6153846
483	-2,3846154
484	18,6153846
484	25,6153846
484	31,6153846
484	-0,3846154
485	13,6153846
485	7,6153846
485	24,6153846
485	7,6153846
486	-5,3846154
486	14,6153846
486	9,6153846
486	3,6153846
487	14,6153846
487	26,6153846
487	29,6153846
488	22,6153846
488	19,6153846
488	-9,3846154
488	20,6153846
489	14,6153846
489	22,6153846
489	16,6153846
489	28,6153846
490	35,6153846
490	14,6153846
490	-2,3846154
490	12,6153846
491	10,6153846
491	9,6153846
491	-14,3846154
491	17,6153846
492	3,6153846
492	-8,3846154
492	23,6153846
492	9,6153846
493	-0,3846154
493	-0,3846154
493	2,6153846
493	10,6153846
494	12,6153846
494	23,6153846
494	23,6153846
495	20,6153846
495	2,6153846
495	5,6153846
495	5,6153846
496	34,6153846
496	21,6153846
496	4,6153846
496	10,6153846
497	11,6153846
497	33,6153846
497	10,6153846
497	17,6153846
498	19,6153846
498	-2,3846154
498	-2,3846154
498	-3,3846154
499	10,6153846
499	19,6153846
499	8,6153846
499	39,6153846
500	27,6153846
500	17,6153846
500	-10,3846154
500	12,6153846
501	16,6153846
501	9,6153846
501	25,6153846
502	-3,3846154
502	4,6153846
502	-3,3846154
502	-0,3846154
503	8,6153846
503	-8,3846154
503	21,6153846
503	-19,3846154
504	-0,3846154
504	3,6153846
504	16,6153846
504	25,6153846
505	18,6153846
505	21,6153846
505	14,6153846
505	19,6153846
506	25,6153846
506	33,6153846
506	1,6153846
506	8,6153846
507	-1,3846154
507	28,6153846
507	2,6153846
507	-4,3846154
508	24,6153846
508	16,6153846
508	6,6153846
508	17,6153846
509	-0,3846154
509	34,6153846
509	3,6153846
510	10,6153846
510	23,6153846
510	13,6153846
510	12,6153846
511	41,6153846
511	26,6153846
511	-21,3846154
511	-1,3846154
512	32,6153846
512	19,6153846
512	9,6153846
512	-1,3846154
513	-4,3846154
513	-2,3846154
513	15,6153846
513	-1,3846154
514	-17,3846154
514	32,6153846
514	19,6153846
514	8,6153846
515	12,6153846
515	-15,3846154
515	-13,3846154
515	15,6153846
516	27,6153846
516	45,6153846
516	13,6153846
516	2,6153846
517	7,6153846
517	11,6153846
517	7,6153846
518	-15,3846154
518	22,6153846
518	34,6153846
518	19,6153846
519	43,6153846
519	16,6153846
519	2,6153846
519	44,6153846
520	-12,3846154
520	10,6153846
520	16,6153846
520	19,6153846
521	-2,3846154
521	20,6153846
521	6,6153846
521	8,6153846
522	30,6153846
522	40,6153846
522	12,6153846
522	18,6153846
523	12,6153846
523	11,6153846
523	-7,3846154
523	-7,3846154
524	13,6153846
524	-15,3846154
524	21,6153846
524	29,6153846
525	19,6153846
525	-1,3846154
525	-2,3846154
526	7,6153846
526	26,6153846
526	16,6153846
526	21,6153846
527	10,6153846
527	13,6153846
527	7,6153846
527	7,6153846
528	20,6153846
528	17,6153846
528	21,6153846
528	29,6153846
529	15,6153846
529	-11,3846154
529	-8,3846154
529	7,6153846
530	22,6153846
530	2,6153846
530	2,6153846
530	25,6153846
531	28,6153846
531	20,6153846
531	53,6153846
531	20,6153846
532	13,6153846
532	-7,3846154
532	1,6153846
532	8,6153846
533	7,6153846
533	-12,3846154
533	7,6153846
534	1,6153846
534	20,6153846
534	16,6153846
534	19,6153846
535	16,6153846
535	10,6153846
535	27,6153846
535	25,6153846
536	42,6153846
536	39,6153846
536	2,6153846
536	-2,3846154
537	31,6153846
537	11,6153846
537	13,6153846
537	4,6153846
538	-7,3846154
538	-25,3846154
538	25,6153846
538	8,6153846
539	12,6153846
539	21,6153846
539	13,6153846
539	28,6153846
540	14,6153846
540	-11,3846154
540	9,6153846
540	13,6153846
541	27,6153846
541	-13,3846154
541	-11,3846154
541	24,6153846
542	15,6153846
542	-7,3846154
542	-1,3846154
543	9,6153846
543	-2,3846154
543	7,6153846
543	45,6153846
544	-1,3846154
544	15,6153846
544	-0,3846154
544	20,6153846
545	6,6153846
545	32,6153846
545	32,6153846
545	6,6153846
546	15,6153846
546	6,6153846
546	35,6153846
546	15,6153846
547	3,6153846
547	2,6153846
547	-4,3846154
547	-1,3846154
548	4,6153846
548	6,6153846
548	32,6153846
548	11,6153846
549	9,6153846
549	33,6153846
549	21,6153846
549	-7,3846154
550	25,6153846
550	-1,3846154
550	22,6153846
550	16,6153846
551	-15,3846154
551	-17,3846154
551	18,6153846
552	-3,3846154
552	-11,3846154
552	19,6153846
552	-3,3846154
553	22,6153846
553	-0,3846154
553	12,6153846
553	25,6153846
554	25,6153846
554	18,6153846
554	-6,3846154
554	-24,3846154
555	24,6153846
555	36,6153846
555	-0,3846154
555	-5,3846154
556	14,6153846
556	25,6153846
556	-0,3846154
556	5,6153846
557	44,6153846
557	36,6153846
557	9,6153846
557	-13,3846154
558	-1,3846154
558	-12,3846154
558	11,6153846
558	21,6153846
559	11,6153846
559	42,6153846
559	-0,3846154
559	3,6153846
560	19,6153846
560	26,6153846
560	-0,3846154
561	6,6153846
561	9,6153846
561	-8,3846154
561	19,6153846
562	11,6153846
562	23,6153846
562	18,6153846
562	22,6153846
563	18,6153846
563	32,6153846
563	-4,3846154
563	23,6153846
564	1,6153846
564	2,6153846
564	16,6153846
564	27,6153846
565	25,6153846
565	17,6153846
565	14,6153846
565	23,6153846
566	16,6153846
566	-1,3846154
566	-6,3846154
566	31,6153846
567	18,6153846
567	-9,3846154
567	-7,3846154
567	-17,3846154
568	2,6153846
568	9,6153846
568	15,6153846
568	1,6153846
569	-15,3846154
569	17,6153846
569	5,6153846
569	0,6153846
570	11,6153846
570	27,6153846
570	28,6153846
571	16,6153846
571	15,6153846
571	9,6153846
571	5,6153846
572	0,6153846
572	21,6153846
572	8,6153846
572	19,6153846
573	-3,3846154
573	-12,3846154
573	16,6153846
573	-13,3846154
574	19,6153846
574	20,6153846
574	-9,3846154
574	20,6153846
575	6,6153846
575	1,6153846
575	26,6153846
575	22,6153846
576	12,6153846
576	7,6153846
576	21,6153846
576	4,6153846
577	3,6153846
577	21,6153846
577	4,6153846
577	23,6153846
578	24,6153846
578	12,6153846
578	19,6153846
578	14,6153846
579	21,6153846
579	4,6153846
579	-9,3846154
579	-1,3846154
580	12,6153846
580	19,6153846
580	21,6153846
581	42,6153846
581	-11,3846154
581	13,6153846
581	7,6153846
582	-8,3846154
582	-19,3846154
582	29,6153846
582	22,6153846
583	-5,3846154
583	7,6153846
583	18,6153846
583	8,6153846
584	11,6153846
584	9,6153846
584	15,6153846
584	33,6153846
585	26,6153846
585	6,6153846
585	16,6153846
585	17,6153846
586	3,6153846
586	18,6153846
586	9,6153846
586	20,6153846
587	18,6153846
587	-20,3846154
587	15,6153846
587	-23,3846154
588	9,6153846
588	17,6153846
588	43,6153846
588	10,6153846
589	16,6153846
589	-1,3846154
589	8,6153846
589	-16,3846154
590	14,6153846
590	28,6153846
590	-4,3846154
590	21,6153846
591	20,6153846
591	26,6153846
591	1,6153846
592	14,6153846
592	13,6153846
592	12,6153846
592	13,6153846
593	11,6153846
593	18,6153846
593	3,6153846
593	11,6153846
594	38,6153846
594	-10,3846154
594	15,6153846
594	11,6153846
595	2,6153846
595	-6,3846154
595	32,6153846
595	15,6153846
596	26,6153846
596	21,6153846
596	-13,3846154
596	33,6153846
597	43,6153846
597	27,6153846
597	6,6153846
597	20,6153846
598	-2,3846154
598	-10,3846154
598	-2,3846154
598	6,6153846
599	19,6153846
599	9,6153846
599	1,6153846
599	25,6153846
600	4,6153846
600	12,6153846
600	1,6153846
600	30,6153846
601	-11,3846154
601	1,6153846
601	25,6153846
601	-10,3846154
602	10,6153846
602	0,6153846
602	34,6153846
603	22,6153846
603	21,6153846
603	22,6153846
603	22,6153846
604	11,6153846
604	28,6153846
604	5,6153846
604	30,6153846
605	23,6153846
605	11,6153846
605	31,6153846
605	23,6153846
606	29,6153846
606	9,6153846
606	18,6153846
606	28,6153846
607	-5,3846154
607	-13,3846154
607	33,6153846
607	6,6153846
608	22,6153846
608	33,6153846
608	16,6153846
608	9,6153846
609	13,6153846
609	20,6153846
609	1,6153846
609	-0,3846154
610	-5,3846154
610	7,6153846
610	18,6153846
610	9,6153846
611	8,6153846
611	9,6153846
611	-9,3846154
611	8,6153846
612	20,6153846
612	9,6153846
612	41,6153846
612	26,6153846
613	28,6153846
613	18,6153846
613	14,6153846
613	30,6153846
614	27,6153846
614	33,6153846
614	15,6153846
614	17,6153846
615	19,6153846
615	25,6153846
615	-2,3846154
616	-4,3846154
616	0,6153846
616	28,6153846
616	0,6153846
617	2,6153846
617	26,6153846
617	14,6153846
617	-15,3846154
618	-0,3846154
618	11,6153846
618	1,6153846
618	15,6153846
619	-4,3846154
619	12,6153846
619	-4,3846154
619	-6,3846154
620	24,6153846
620	25,6153846
620	-5,3846154
620	-6,3846154
621	17,6153846
621	19,6153846
621	-0,3846154
621	5,6153846
622	15,6153846
622	9,6153846
622	19,6153846
622	6,6153846
623	-13,3846154
623	15,6153846
623	-7,3846154
623	23,6153846
624	-14,3846154
624	5,6153846
624	15,6153846
624	9,6153846
625	31,6153846
625	18,6153846
625	-5,3846154
625	9,6153846
626	10,6153846
626	-6,3846154
626	12,6153846
626	18,6153846
627	14,6153846
627	18,6153846
627	30,6153846
627	16,6153846
628	11,6153846
628	28,6153846
628	13,6153846
629	5,6153846
629	28,6153846
629	6,6153846
629	4,6153846
630	25,6153846
630	39,6153846
630	16,6153846
630	15,6153846
631	-18,3846154
631	9,6153846
631	-6,3846154
631	-7,3846154
632	16,6153846
632	31,6153846
632	-2,3846154
632	12,6153846
633	16,6153846
633	2,6153846
633	-4,3846154
633	-0,3846154
634	-13,3846154
634	-15,3846154
634	-9,3846154
634	-0,3846154
635	4,6153846
635	28,6153846
635	-0,3846154
635	16,6153846
636	15,6153846
636	5,6153846
636	8,6153846
636	8,6153846
637	16,6153846
637	20,6153846
637	17,6153846
637	-9,3846154
638	39,6153846
638	9,6153846
638	20,6153846
638	9,6153846
639	6,6153846
639	0,6153846
639	4,6153846
639	15,6153846
640	5,6153846
640	26,6153846
640	-2,3846154
640	9,6153846
641	8,6153846
641	20,6153846
641	39,6153846
641	4,6153846
642	30,6153846
642	12,6153846
642	30,6153846
642	8,6153846
643	9,6153846
643	-0,3846154
643	14,6153846
644	6,6153846
644	1,6153846
644	18,6153846
644	22,6153846
645	23,6153846
645	4,6153846
645	25,6153846
645	15,6153846
646	3,6153846
646	12,6153846
646	4,6153846
646	22,6153846
647	11,6153846
647	5,6153846
647	22,6153846
647	27,6153846
648	24,6153846
648	3,6153846
648	-10,3846154
648	-1,3846154
649	28,6153846
649	41,6153846
649	25,6153846
649	12,6153846
650	22,6153846
650	20,6153846
650	35,6153846
650	29,6153846
651	14,6153846
651	24,6153846
651	36,6153846
651	17,6153846
652	22,6153846
652	3,6153846
652	31,6153846
652	0,6153846
653	26,6153846
653	-0,3846154
653	36,6153846
653	24,6153846
654	0,6153846
654	13,6153846
654	23,6153846
654	20,6153846
655	35,6153846
655	40,6153846
655	19,6153846
655	23,6153846
656	41,6153846
656	23,6153846
656	-4,3846154
656	24,6153846
657	31,6153846
657	17,6153846
657	42,6153846
657	26,6153846
658	15,6153846
658	12,6153846
658	9,6153846
658	2,6153846
659	47,6153846
659	34,6153846
659	43,6153846
660	19,6153846
660	23,6153846
660	26,6153846
660	28,6153846
661	15,6153846
661	29,6153846
661	12,6153846
661	-8,3846154
662	32,6153846
662	25,6153846
662	13,6153846
662	0,6153846
663	13,6153846
663	25,6153846
663	48,6153846
663	21,6153846
664	35,6153846
664	44,6153846
664	28,6153846
664	24,6153846
665	27,6153846
665	50,6153846
665	44,6153846
665	5,6153846
666	7,6153846
666	23,6153846
666	41,6153846
666	31,6153846
667	40,6153846
667	20,6153846
667	41,6153846
667	10,6153846
668	10,6153846
668	38,6153846
668	54,6153846
668	40,6153846
669	17,6153846
669	4,6153846
669	18,6153846
669	4,6153846
670	17,6153846
670	40,6153846
670	4,6153846
670	22,6153846
671	8,6153846
671	34,6153846
671	26,6153846
671	38,6153846
672	32,6153846
672	31,6153846
672	34,6153846
672	41,6153846
673	16,6153846
673	-9,3846154
673	25,6153846
673	25,6153846
674	31,6153846
674	49,6153846
674	3,6153846
674	23,6153846
675	12,6153846
675	32,6153846
675	14,6153846
675	34,6153846
676	42,6153846
676	30,6153846
676	13,6153846
676	25,6153846
677	24,6153846
677	42,6153846
677	22,6153846
677	14,6153846
678	20,6153846
678	27,6153846
678	10,6153846
678	27,6153846
679	12,6153846
679	25,6153846
679	8,6153846
680	20,6153846
680	-2,3846154
680	21,6153846
680	18,6153846
681	17,6153846
681	12,6153846
681	21,6153846
681	20,6153846
682	7,6153846
682	11,6153846
682	16,6153846
682	30,6153846
683	2,6153846
683	26,6153846
683	38,6153846
683	23,6153846
684	16,6153846
684	9,6153846
684	16,6153846
684	26,6153846
685	10,6153846
685	2,6153846
685	20,6153846
685	8,6153846
686	21,6153846
686	25,6153846
686	3,6153846
686	12,6153846
687	22,6153846
687	17,6153846
687	9,6153846
687	1,6153846
688	-8,3846154
688	37,6153846
688	6,6153846
688	1,6153846
689	23,6153846
689	37,6153846
689	26,6153846
689	26,6153846
690	9,6153846
690	2,6153846
690	0,6153846
690	16,6153846
691	30,6153846
691	18,6153846
691	1,6153846
691	38,6153846
692	30,6153846
692	26,6153846
692	-16,3846154
692	-9,3846154
693	27,6153846
693	-7,3846154
693	-6,3846154
693	-4,3846154
694	-0,3846154
694	32,6153846
694	32,6153846
694	7,6153846
695	5,6153846
695	13,6153846
695	-4,3846154
695	-3,3846154
696	-1,3846154
696	15,6153846
696	4,6153846
696	-3,3846154
697	-13,3846154
697	0,6153846
697	8,6153846
697	24,6153846
698	-3,3846154
698	-3,3846154
698	2,6153846
698	18,6153846
699	-9,3846154
699	-17,3846154
699	7,6153846
699	11,6153846
700	18,6153846
700	-1,3846154
700	7,6153846
700	1,6153846
701	23,6153846
701	-2,3846154
701	26,6153846
701	12,6153846
702	0,6153846
702	23,6153846
702	19,6153846
702	8,6153846
703	5,6153846
703	8,6153846
703	10,6153846
703	10,6153846
704	16,6153846
704	4,6153846
704	5,6153846
704	36,6153846
705	21,6153846
705	25,6153846
705	26,6153846
706	21,6153846
706	27,6153846
706	12,6153846
706	8,6153846
707	5,6153846
707	-1,3846154
707	15,6153846
707	11,6153846
708	-14,3846154
708	14,6153846
708	-2,3846154
708	-0,3846154
709	2,6153846
709	14,6153846
709	4,6153846
709	5,6153846
710	2,6153846
710	1,6153846
710	11,6153846
710	7,6153846
711	-8,3846154
711	15,6153846
711	14,6153846
711	11,6153846
712	19,6153846
712	5,6153846
712	6,6153846
712	15,6153846
713	16,6153846
713	32,6153846
713	7,6153846
713	17,6153846
714	14,6153846
714	30,6153846
714	11,6153846
714	26,6153846
715	23,6153846
715	-4,3846154
715	13,6153846
715	9,6153846
716	-1,3846154
716	15,6153846
716	-5,3846154
716	18,6153846
717	9,6153846
717	7,6153846
717	19,6153846
717	14,6153846
718	-7,3846154
718	-2,3846154
718	-11,3846154
718	-1,3846154
719	14,6153846
719	-16,3846154
719	15,6153846
719	-2,3846154
720	-10,3846154
720	-1,3846154
720	28,6153846
720	30,6153846
721	14,6153846
721	29,6153846
721	-5,3846154
721	2,6153846
722	23,6153846
722	3,6153846
722	28,6153846
722	-28,3846154
723	14,6153846
723	11,6153846
723	-0,3846154
723	20,6153846
724	17,6153846
724	24,6153846
724	12,6153846
724	-22,3846154
725	-8,3846154
725	18,6153846
725	9,6153846
725	28,6153846
726	0,6153846
726	19,6153846
726	35,6153846
726	17,6153846
727	11,6153846
727	-12,3846154
727	19,6153846
727	9,6153846
728	-9,3846154
728	8,6153846
728	25,6153846
728	-4,3846154
729	4,6153846
729	12,6153846
729	30,6153846
729	10,6153846
730	12,6153846
730	-9,3846154
730	7,6153846
730	-22,3846154
731	39,6153846
731	15,6153846
731	6,6153846
731	8,6153846
732	16,6153846
732	12,6153846
732	7,6153846
732	31,6153846
733	11,6153846
733	10,6153846
733	-3,3846154
733	3,6153846
734	-2,3846154
734	-4,3846154
734	5,6153846
734	27,6153846
735	-2,3846154
735	-5,3846154
735	22,6153846
735	29,6153846
736	-12,3846154
736	5,6153846
736	-9,3846154
736	24,6153846
737	-5,3846154
737	0,6153846
737	-18,3846154
737	16,6153846
738	3,6153846
738	25,6153846
738	6,6153846
738	6,6153846
739	27,6153846
739	23,6153846
739	-10,3846154
739	24,6153846
740	15,6153846
740	8,6153846
740	23,6153846
740	6,6153846
741	-9,3846154
741	-6,3846154
741	14,6153846
741	9,6153846
742	14,6153846
742	34,6153846
742	12,6153846
742	1,6153846
743	5,6153846
743	26,6153846
743	12,6153846
743	8,6153846
744	12,6153846
744	12,6153846
744	29,6153846
744	15,6153846
745	-0,3846154
745	23,6153846
745	0,6153846
745	-30,3846154
746	18,6153846
746	18,6153846
746	14,6153846
746	22,6153846
747	35,6153846
747	12,6153846
747	12,6153846
747	-1,3846154
748	11,6153846
748	2,6153846
748	4,6153846
748	15,6153846
749	24,6153846
749	19,6153846
749	25,6153846
749	13,6153846
750	15,6153846
750	4,6153846
750	-6,3846154
750	7,6153846
751	34,6153846
751	22,6153846
751	16,6153846
751	9,6153846
752	24,6153846
752	12,6153846
752	22,6153846
752	17,6153846
753	-14,3846154
753	0,6153846
753	-6,3846154
753	28,6153846
754	10,6153846
754	0,6153846
754	-24,3846154
754	50,6153846
755	-12,3846154
755	18,6153846
755	11,6153846
755	20,6153846
756	-10,3846154
756	10,6153846
756	8,6153846
756	44,6153846
757	-5,3846154
757	9,6153846
757	-7,3846154
757	8,6153846
758	4,6153846
758	17,6153846
758	6,6153846
758	22,6153846
759	40,6153846
759	42,6153846
759	5,6153846
759	1,6153846
760	17,6153846
760	12,6153846
760	8,6153846
760	10,6153846
761	9,6153846
761	7,6153846
761	-13,3846154
761	17,6153846
762	31,6153846
762	22,6153846
762	15,6153846
762	-3,3846154
763	23,6153846
763	27,6153846
763	15,6153846
763	14,6153846
764	21,6153846
764	13,6153846
764	26,6153846
764	27,6153846
765	23,6153846
765	7,6153846
765	10,6153846
765	38,6153846
766	15,6153846
766	5,6153846
766	19,6153846
766	22,6153846
767	5,6153846
767	18,6153846
767	30,6153846
767	12,6153846
768	-4,3846154
768	4,6153846
768	7,6153846
768	34,6153846
769	-5,3846154
769	34,6153846
769	5,6153846
769	13,6153846
770	27,6153846
770	12,6153846
770	14,6153846
770	2,6153846
771	14,6153846
771	1,6153846
771	14,6153846
771	21,6153846
772	1,6153846
772	27,6153846
772	29,6153846
772	29,6153846
773	1,6153846
773	22,6153846
773	15,6153846
773	29,6153846
774	22,6153846
774	11,6153846
774	19,6153846
774	10,6153846
775	11,6153846
775	10,6153846
775	29,6153846
775	27,6153846
776	3,6153846
776	7,6153846
776	39,6153846
776	-11,3846154
777	29,6153846
777	17,6153846
777	24,6153846
777	-1,3846154
778	4,6153846
778	28,6153846
778	26,6153846
778	-0,3846154
779	2,6153846
779	14,6153846
779	-2,3846154
779	43,6153846
780	28,6153846
780	13,6153846
780	15,6153846
780	8,6153846
781	11,6153846
781	24,6153846
781	32,6153846
781	16,6153846
782	23,6153846
782	17,6153846
782	21,6153846
782	50,6153846
783	22,6153846
783	5,6153846
783	-4,3846154
783	1,6153846
784	13,6153846
784	9,6153846
784	-9,3846154
784	-3,3846154
785	-3,3846154
785	26,6153846
785	-5,3846154
785	9,6153846
786	3,6153846
786	-22,3846154
786	-19,3846154
786	22,6153846
787	2,6153846
787	14,6153846
787	-8,3846154
787	5,6153846
788	-10,3846154
788	-11,3846154
788	-17,3846154
788	-4,3846154
789	30,6153846
789	-9,3846154
789	2,6153846
789	-2,3846154
790	-3,3846154
790	-7,3846154
790	23,6153846
790	19,6153846
791	-1,3846154
791	-11,3846154
791	-14,3846154
791	-5,3846154
792	3,6153846
792	3,6153846
792	8,6153846
792	6,6153846
793	-3,3846154
793	12,6153846
793	-9,3846154
793	-0,3846154
794	11,6153846
794	-8,3846154
794	20,6153846
794	-16,3846154
795	6,6153846
795	19,6153846
795	8,6153846
795	16,6153846
796	21,6153846
796	24,6153846
796	-12,3846154
796	11,6153846
797	16,6153846
797	-1,3846154
797	18,6153846
797	-1,3846154
798	15,6153846
798	16,6153846
798	28,6153846
798	56,6153846
799	10,6153846
799	-8,3846154
799	-1,3846154
799	-22,3846154
800	17,6153846
800	37,6153846
800	17,6153846
800	-16,3846154
801	1,6153846
801	17,6153846
801	22,6153846
801	-21,3846154
802	17,6153846
802	10,6153846
802	15,6153846
802	-4,3846154
803	-18,3846154
803	-5,3846154
803	19,6153846
803	5,6153846
804	26,6153846
804	-36,3846154
804	2,6153846
804	24,6153846
805	-1,3846154
805	-17,3846154
805	26,6153846
805	-9,3846154
806	9,6153846
806	-10,3846154
806	34,6153846
806	37,6153846
807	-12,3846154
807	29,6153846
807	-0,3846154
807	1,6153846
808	-30,3846154
808	-14,3846154
808	-13,3846154
808	-18,3846154
809	3,6153846
809	17,6153846
809	-6,3846154
809	-23,3846154
810	-13,3846154
810	-2,3846154
810	-5,3846154
810	14,6153846
811	15,6153846
811	-1,3846154
811	-16,3846154
811	-0,3846154
812	-5,3846154
812	14,6153846
812	13,6153846
812	-11,3846154
813	-11,3846154
813	23,6153846
813	23,6153846
813	-6,3846154
814	-12,3846154
814	-16,3846154
814	-0,3846154
814	0,6153846
815	28,6153846
815	9,6153846
815	22,6153846
815	8,6153846
816	28,6153846
816	12,6153846
816	9,6153846
816	2,6153846
817	5,6153846
817	9,6153846
817	7,6153846
817	14,6153846
818	1,6153846
818	37,6153846
818	-25,3846154
818	-15,3846154
819	-2,3846154
819	13,6153846
819	22,6153846
819	13,6153846
820	-3,3846154
820	17,6153846
820	-2,3846154
820	26,6153846
820	-2,3846154
821	12,6153846
821	5,6153846
821	9,6153846
821	10,6153846
822	25,6153846
822	28,6153846
822	-35,3846154
822	-20,3846154
823	-11,3846154
823	-5,3846154
823	6,6153846
823	1,6153846
824	8,6153846
824	35,6153846
824	7,6153846
824	11,6153846
825	18,6153846
825	20,6153846
825	9,6153846
825	42,6153846
826	13,6153846
826	8,6153846
826	21,6153846
826	7,6153846
827	-4,3846154
827	-7,3846154
827	4,6153846
827	-3,3846154
828	-5,3846154
828	-9,3846154
828	-7,3846154
828	-13,3846154
829	19,6153846
829	14,6153846
829	15,6153846
829	-11,3846154
830	21,6153846
830	20,6153846
830	-2,3846154
830	-2,3846154
831	24,6153846
831	24,6153846
831	9,6153846
831	13,6153846
832	14,6153846
832	18,6153846
832	14,6153846
832	2,6153846
833	23,6153846
833	-1,3846154
833	-30,3846154
833	10,6153846
834	45,6153846
834	21,6153846
834	30,6153846
834	4,6153846
835	-25,3846154
835	17,6153846
835	11,6153846
835	24,6153846
836	2,6153846
836	-11,3846154
836	27,6153846
836	31,6153846
837	24,6153846
837	-10,3846154
837	6,6153846
837	8,6153846
838	7,6153846
838	29,6153846
838	27,6153846
838	6,6153846
839	23,6153846
839	-12,3846154
839	13,6153846
839	47,6153846
840	18,6153846
840	15,6153846
840	27,6153846
840	-5,3846154
841	-0,3846154
841	39,6153846
841	9,6153846
841	16,6153846
842	11,6153846
842	18,6153846
842	-20,3846154
842	20,6153846
843	36,6153846
843	21,6153846
843	16,6153846
843	-0,3846154
844	12,6153846
844	14,6153846
844	11,6153846
844	-1,3846154
845	0,6153846
845	21,6153846
845	20,6153846
845	15,6153846
845	-0,3846154
846	-21,3846154
846	28,6153846
846	9,6153846
846	6,6153846
847	-0,3846154
847	-7,3846154
847	7,6153846
847	-3,3846154
848	-2,3846154
848	-13,3846154
848	19,6153846
848	17,6153846
849	1,6153846
849	-9,3846154
849	2,6153846
849	2,6153846
850	28,6153846
850	14,6153846
850	0,6153846
850	28,6153846
851	5,6153846
851	-14,3846154
851	23,6153846
851	2,6153846
852	-24,3846154
852	-2,3846154
852	19,6153846
852	9,6153846
853	-6,3846154
853	3,6153846
853	-32,3846154
853	-10,3846154
854	-0,3846154
854	4,6153846
854	10,6153846
854	25,6153846
855	-1,3846154
855	2,6153846
855	14,6153846
855	9,6153846
856	-2,3846154
856	11,6153846
856	9,6153846
856	-6,3846154
857	-0,3846154
857	15,6153846
857	15,6153846
857	-3,3846154
858	29,6153846
858	15,6153846
858	1,6153846
858	1,6153846
859	30,6153846
859	-7,3846154
859	25,6153846
859	-4,3846154
860	-4,3846154
860	13,6153846
860	20,6153846
860	1,6153846
861	24,6153846
861	-12,3846154
861	7,6153846
861	9,6153846
862	1,6153846
862	24,6153846
862	7,6153846
862	12,6153846
863	10,6153846
863	-4,3846154
863	-0,3846154
863	14,6153846
864	27,6153846
864	-13,3846154
864	-12,3846154
864	19,6153846
864	36,6153846
865	7,6153846
865	12,6153846
865	12,6153846
865	16,6153846
866	2,6153846
866	4,6153846
866	12,6153846
866	10,6153846
867	18,6153846
867	-7,3846154
867	-3,3846154
867	19,6153846
868	-11,3846154
868	-9,3846154
868	-7,3846154
868	12,6153846
869	7,6153846
869	-4,3846154
869	-11,3846154
869	-6,3846154
870	21,6153846
870	-2,3846154
870	-14,3846154
870	12,6153846
871	1,6153846
871	9,6153846
871	8,6153846
871	-22,3846154
872	7,6153846
872	-9,3846154
872	-13,3846154
872	5,6153846
873	4,6153846
873	-6,3846154
873	-19,3846154
873	22,6153846
874	1,6153846
874	5,6153846
874	10,6153846
874	18,6153846
875	10,6153846
875	-12,3846154
875	-8,3846154
875	12,6153846
876	-0,3846154
876	30,6153846
876	24,6153846
876	9,6153846
877	0,6153846
877	12,6153846
877	25,6153846
877	3,6153846
878	-9,3846154
878	16,6153846
878	50,6153846
878	55,6153846
879	16,6153846
879	-3,3846154
879	22,6153846
879	31,6153846
880	-2,3846154
880	-6,3846154
880	31,6153846
880	20,6153846
880	14,6153846
881	18,6153846
881	11,6153846
881	7,6153846
881	-10,3846154
882	8,6153846
882	-13,3846154
882	29,6153846
882	7,6153846
883	1,6153846
883	-26,3846154
883	4,6153846
883	-3,3846154
884	22,6153846
884	18,6153846
884	15,6153846
884	13,6153846
885	3,6153846
885	11,6153846
885	0,6153846
885	11,6153846
886	-2,3846154
886	-16,3846154
886	1,6153846
886	29,6153846
887	32,6153846
887	5,6153846
887	-3,3846154
887	-18,3846154
888	-2,3846154
888	-6,3846154
888	10,6153846
888	5,6153846
889	-12,3846154
889	3,6153846
889	2,6153846
889	-4,3846154
890	9,6153846
890	-37,3846154
890	9,6153846
890	0,6153846
891	0,6153846
891	8,6153846
891	11,6153846
891	17,6153846
892	-11,3846154
892	7,6153846
892	-12,3846154
892	32,6153846
893	-5,3846154
893	16,6153846
893	-11,3846154
893	15,6153846
894	22,6153846
894	9,6153846
894	19,6153846
894	21,6153846
894	-6,3846154
895	3,6153846
895	17,6153846
895	39,6153846
895	5,6153846
896	18,6153846
896	17,6153846
896	22,6153846
896	48,6153846
897	36,6153846
897	27,6153846
897	15,6153846
897	23,6153846
898	20,6153846
898	-10,3846154
898	0,6153846
898	14,6153846
899	-6,3846154
899	0,6153846
899	0,6153846
899	11,6153846
900	29,6153846
900	28,6153846
900	-3,3846154
900	45,6153846
901	30,6153846
901	12,6153846
901	10,6153846
901	2,6153846
902	8,6153846
902	1,6153846
902	7,6153846
902	-7,3846154
903	-10,3846154
903	10,6153846
903	-7,3846154
903	35,6153846
904	-5,3846154
904	27,6153846
904	30,6153846
904	13,6153846
905	16,6153846
905	40,6153846
905	9,6153846
905	19,6153846
906	12,6153846
906	0,6153846
906	-10,3846154
906	0,6153846
906	-13,3846154
907	0,6153846
907	1,6153846
907	7,6153846
907	15,6153846
908	5,6153846
908	26,6153846
908	32,6153846
908	-13,3846154
909	-0,3846154
909	-22,3846154
909	-1,3846154
909	-4,3846154
910	-15,3846154
910	-28,3846154
910	19,6153846
910	-8,3846154
911	7,6153846
911	21,6153846
911	36,6153846
911	21,6153846
912	10,6153846
912	7,6153846
912	14,6153846
912	13,6153846
913	-3,3846154
913	-11,3846154
913	-19,3846154
913	-4,3846154
914	17,6153846
914	-7,3846154
914	9,6153846
914	10,6153846
915	-1,3846154
915	-26,3846154
915	20,6153846
915	41,6153846
916	26,6153846
916	28,6153846
916	23,6153846
916	4,6153846
917	13,6153846
917	8,6153846
917	-17,3846154
917	-2,3846154
917	-23,3846154
918	20,6153846
918	15,6153846
918	-23,3846154
918	3,6153846
919	7,6153846
919	2,6153846
919	25,6153846
919	7,6153846
920	1,6153846
920	16,6153846
920	26,6153846
920	5,6153846
921	17,6153846
921	5,6153846
921	-22,3846154
921	0,6153846
922	7,6153846
922	-0,3846154
922	0,6153846
922	6,6153846
923	4,6153846
923	1,6153846
923	-18,3846154
923	13,6153846
924	11,6153846
924	-0,3846154
924	-11,3846154
924	-4,3846154
925	-7,3846154
925	0,6153846
925	4,6153846
925	29,6153846
926	-8,3846154
926	12,6153846
926	-7,3846154
926	15,6153846
927	-9,3846154
927	10,6153846
927	4,6153846
927	21,6153846
928	-16,3846154
928	-12,3846154
928	-12,3846154
928	-9,3846154
928	29,6153846
929	36,6153846
929	11,6153846
929	7,6153846
929	-22,3846154
930	15,6153846
930	9,6153846
930	-21,3846154
930	-1,3846154
931	6,6153846
931	8,6153846
931	32,6153846
931	11,6153846
932	10,6153846
932	16,6153846
932	-4,3846154
932	-7,3846154
933	14,6153846
933	-6,3846154
933	19,6153846
933	23,6153846
934	19,6153846
934	33,6153846
934	23,6153846
934	17,6153846
935	11,6153846
935	20,6153846
935	-10,3846154
935	17,6153846
936	2,6153846
936	4,6153846
936	-6,3846154
936	-16,3846154
937	3,6153846
937	17,6153846
937	14,6153846
937	-6,3846154
938	-16,3846154
938	5,6153846
938	25,6153846
938	50,6153846
938	7,6153846
939	4,6153846
939	6,6153846
939	37,6153846
939	15,6153846
940	3,6153846
940	15,6153846
940	-15,3846154
940	9,6153846
941	9,6153846
941	1,6153846
941	-12,3846154
941	18,6153846
942	-7,3846154
942	12,6153846
942	-0,3846154
942	6,6153846
943	8,6153846
943	11,6153846
943	16,6153846
943	16,6153846
944	18,6153846
944	7,6153846
944	11,6153846
944	2,6153846
945	8,6153846
945	24,6153846
945	20,6153846
945	-2,3846154
946	-6,3846154
946	34,6153846
946	6,6153846
946	21,6153846
947	11,6153846
947	16,6153846
947	11,6153846
947	-14,3846154
947	10,6153846
948	18,6153846
948	-1,3846154
948	-1,3846154
948	25,6153846
949	27,6153846
949	-7,3846154
949	5,6153846
949	7,6153846
950	21,6153846
950	-3,3846154
950	2,6153846
950	-3,3846154
951	26,6153846
951	12,6153846
951	11,6153846
951	-5,3846154
952	14,6153846
952	4,6153846
952	22,6153846
952	52,6153846
953	-20,3846154
953	33,6153846
953	23,6153846
953	13,6153846
954	-19,3846154
954	18,6153846
954	5,6153846
954	-3,3846154
955	-10,3846154
955	8,6153846
955	-22,3846154
955	-8,3846154
956	16,6153846
956	18,6153846
956	-0,3846154
956	-1,3846154
956	4,6153846
957	1,6153846
957	13,6153846
957	-1,3846154
957	18,6153846
958	6,6153846
958	-2,3846154
958	8,6153846
958	16,6153846
959	16,6153846
959	5,6153846
959	-9,3846154
959	-0,3846154
960	28,6153846
960	14,6153846
960	-6,3846154
960	20,6153846
961	28,6153846
961	-1,3846154
961	-1,3846154
961	-8,3846154
962	11,6153846
962	-5,3846154
962	16,6153846
962	7,6153846
963	-13,3846154
963	19,6153846
963	9,6153846
963	3,6153846
964	15,6153846
964	15,6153846
964	7,6153846
964	-7,3846154
964	-10,3846154
965	14,6153846
965	-26,3846154
965	5,6153846
965	-7,3846154
966	23,6153846
966	13,6153846
966	8,6153846
966	16,6153846
967	-2,3846154
967	-12,3846154
967	10,6153846
967	1,6153846
968	9,6153846
968	6,6153846
968	2,6153846
968	35,6153846
969	7,6153846
969	-2,3846154
969	18,6153846
969	17,6153846
970	19,6153846
970	-8,3846154
970	15,6153846
970	-4,3846154
971	4,6153846
971	8,6153846
971	5,6153846
971	23,6153846
972	31,6153846
972	-9,3846154
972	12,6153846
972	12,6153846
972	-0,3846154
973	-38,3846154
973	-6,3846154
973	22,6153846
973	14,6153846
974	-7,3846154
974	-5,3846154
974	36,6153846
974	9,6153846
975	10,6153846
975	-8,3846154
975	13,6153846
975	3,6153846
976	1,6153846
976	3,6153846
976	5,6153846
976	3,6153846
977	30,6153846
977	0,6153846
977	-2,3846154
977	5,6153846
978	7,6153846
978	1,6153846
978	-3,3846154
978	-7,3846154
979	9,6153846
979	12,6153846
979	24,6153846
979	6,6153846
980	-7,3846154
980	13,6153846
980	-1,3846154
980	7,6153846
980	3,6153846
981	-1,3846154
981	8,6153846
981	26,6153846
981	-23,3846154
982	1,6153846
982	-3,3846154
982	14,6153846
982	2,6153846
983	17,6153846
983	9,6153846
983	-14,3846154
983	9,6153846
984	22,6153846
984	26,6153846
984	-10,3846154
984	-11,3846154
985	-5,3846154
985	20,6153846
985	0,6153846
985	3,6153846
986	20,6153846
986	14,6153846
986	25,6153846
986	11,6153846
987	-8,3846154
987	22,6153846
987	19,6153846
987	-9,3846154
988	9,6153846
988	19,6153846
988	-22,3846154
988	36,6153846
988	20,6153846
989	4,6153846
989	5,6153846
989	15,6153846
989	3,6153846
990	6,6153846
990	1,6153846
990	7,6153846
990	-10,3846154
991	-1,3846154
991	15,6153846
991	17,6153846
991	5,6153846
992	12,6153846
992	24,6153846
992	20,6153846
992	-1,3846154
993	7,6153846
993	25,6153846
993	4,6153846
993	6,6153846
994	-8,3846154
994	1,6153846
994	28,6153846
994	27,6153846
995	15,6153846
995	7,6153846
995	5,6153846
995	15,6153846
995	17,6153846
996	7,6153846
996	32,6153846
996	16,6153846
996	-4,3846154
997	12,6153846
997	-20,3846154
997	-0,3846154
997	33,6153846
998	-3,3846154
998	5,6153846
998	2,6153846
998	8,6153846
999	-2,3846154
999	12,6153846
999	15,6153846
999	1,6153846
1000	-11,3846154
1000	21,6153846
1000	12,6153846
1000	-2,3846154
1001	2,6153846
1001	15,6153846
1001	22,6153846
1001	0,6153846
1002	-12,3846154
1002	7,6153846
1002	-4,3846154
1002	22,6153846
1002	-6,3846154
1003	14,6153846
1003	19,6153846
1003	0,6153846
1003	3,6153846
1004	19,6153846
1004	4,6153846
1004	33,6153846
1004	18,6153846
1005	-11,3846154
1005	0,6153846
1005	13,6153846
1005	6,6153846
1006	0,6153846
1006	28,6153846
1006	4,6153846
1006	22,6153846
1007	15,6153846
1007	-19,3846154
1007	-35,3846154
1007	-12,3846154
1008	4,6153846
1008	18,6153846
1008	3,6153846
1008	14,6153846
1008	25,6153846
1009	-5,3846154
1009	-5,3846154
1009	16,6153846
1009	28,6153846
1010	-2,3846154
1010	-5,3846154
1010	-3,3846154
1010	-20,3846154
1011	1,6153846
1011	14,6153846
1011	24,6153846
1011	10,6153846
1012	24,6153846
1012	-4,3846154
1012	7,6153846
1012	-17,3846154
1013	-9,3846154
1013	4,6153846
1013	12,6153846
1013	10,6153846
1014	40,6153846
1014	18,6153846
1014	16,6153846
1014	11,6153846
1015	-0,3846154
1015	0,6153846
1015	-6,3846154
1015	-10,3846154
1015	21,6153846
1016	19,6153846
1016	17,6153846
1016	-5,3846154
1016	-7,3846154
1017	10,6153846
1017	4,6153846
1017	-2,3846154
1017	-1,3846154
1018	2,6153846
1018	5,6153846
1018	14,6153846
1018	1,6153846
1019	-15,3846154
1019	25,6153846
1019	12,6153846
1019	0,6153846
1020	-21,3846154
1020	23,6153846
1020	18,6153846
1020	24,6153846
1021	4,6153846
1021	1,6153846
1021	-2,3846154
1021	16,6153846
1021	21,6153846
1022	-1,3846154
1022	16,6153846
1022	17,6153846
1022	1,6153846
1023	-19,3846154
1023	4,6153846
1023	2,6153846
1023	2,6153846
1024	-17,3846154
1024	-34,3846154
1024	12,6153846
1024	14,6153846
1025	22,6153846
1025	-16,3846154
1025	6,6153846
1025	13,6153846
1026	-2,3846154
1026	18,6153846
1026	20,6153846
1026	16,6153846
1027	7,6153846
1027	7,6153846
1027	20,6153846
1027	17,6153846
1027	3,6153846
1028	8,6153846
1028	3,6153846
1028	-5,3846154
1028	15,6153846
1029	-14,3846154
1029	-0,3846154
1029	14,6153846
1029	-8,3846154
1030	-1,3846154
1030	25,6153846
1030	24,6153846
1030	-4,3846154
1031	22,6153846
1031	9,6153846
1031	35,6153846
1031	-18,3846154
1032	-3,3846154
1032	2,6153846
1032	-27,3846154
1032	9,6153846
1033	20,6153846
1033	17,6153846
1033	11,6153846
1033	13,6153846
1034	10,6153846
1034	3,6153846
1034	-24,3846154
1034	-8,3846154
1034	-12,3846154
1035	21,6153846
1035	-7,3846154
1035	7,6153846
1035	10,6153846
1036	22,6153846
1036	4,6153846
1036	20,6153846
1036	3,6153846
1037	3,6153846
1037	-4,3846154
1037	-4,3846154
1037	39,6153846
1038	17,6153846
1038	9,6153846
1038	18,6153846
1038	26,6153846
1039	13,6153846
1039	10,6153846
1039	-2,3846154
1039	9,6153846
1039	6,6153846
1040	4,6153846
1040	16,6153846
1040	26,6153846
1040	15,6153846
1041	11,6153846
1041	-27,3846154
1041	-0,3846154
1041	28,6153846
1042	27,6153846
1042	3,6153846
1042	9,6153846
1042	10,6153846
1043	0,6153846
1043	33,6153846
1043	-3,3846154
1043	-1,3846154
1044	4,6153846
1044	-26,3846154
1044	17,6153846
1044	-5,3846154
1045	-1,3846154
1045	-11,3846154
1045	-1,3846154
1045	-10,3846154
1045	14,6153846
1046	29,6153846
1046	1,6153846
1046	-6,3846154
1046	5,6153846
1047	-10,3846154
1047	32,6153846
1047	13,6153846
1047	27,6153846
1048	34,6153846
1048	9,6153846
1048	42,6153846
1048	2,6153846
1049	-5,3846154
1049	5,6153846
1049	8,6153846
1049	26,6153846
1050	6,6153846
1050	11,6153846
1050	-6,3846154
1050	24,6153846
1051	12,6153846
1051	9,6153846
1051	6,6153846
1051	15,6153846
1051	-15,3846154
1052	-11,3846154
1052	1,6153846
1052	8,6153846
1052	-10,3846154
1053	-17,3846154
1053	15,6153846
1053	2,6153846
1053	3,6153846
1054	-12,3846154
1054	-12,3846154
1054	19,6153846
1054	5,6153846
1055	5,6153846
1055	-2,3846154
1055	25,6153846
1055	0,6153846
1056	8,6153846
1056	20,6153846
1056	2,6153846
1056	12,6153846
1056	-10,3846154
1057	34,6153846
1057	22,6153846
1057	20,6153846
1057	26,6153846
1058	-0,3846154
1058	4,6153846
1058	8,6153846
1058	34,6153846
1059	12,6153846
1059	12,6153846
1059	10,6153846
1059	2,6153846
1060	32,6153846
1060	9,6153846
1060	-0,3846154
1060	5,6153846
1061	24,6153846
1061	30,6153846
1061	14,6153846
1061	28,6153846
1062	0,6153846
1062	8,6153846
1062	-19,3846154
1062	43,6153846
1062	28,6153846
1063	10,6153846
1063	12,6153846
1063	9,6153846
1063	4,6153846
1064	-4,3846154
1064	5,6153846
1064	24,6153846
1064	8,6153846
1065	31,6153846
1065	9,6153846
1065	-18,3846154
1065	14,6153846
1066	11,6153846
1066	5,6153846
1066	-0,3846154
1066	24,6153846
1067	6,6153846
1067	9,6153846
1067	25,6153846
1067	10,6153846
1067	5,6153846
1068	22,6153846
1068	7,6153846
1068	15,6153846
1068	13,6153846
1069	39,6153846
1069	21,6153846
1069	10,6153846
1069	3,6153846
1070	-3,3846154
1070	7,6153846
1070	25,6153846
1070	28,6153846
1071	14,6153846
1071	16,6153846
1071	21,6153846
1071	17,6153846
1072	19,6153846
1072	21,6153846
1072	6,6153846
1072	23,6153846
1072	20,6153846
1073	10,6153846
1073	23,6153846
1073	-15,3846154
1073	-1,3846154
1074	-0,3846154
1074	20,6153846
1074	3,6153846
1074	-10,3846154
1075	-3,3846154
1075	22,6153846
1075	33,6153846
1075	0,6153846
1076	-15,3846154
1076	2,6153846
1076	13,6153846
1076	12,6153846
1077	13,6153846
1077	-3,3846154
1077	13,6153846
1077	5,6153846
1077	33,6153846
1078	1,6153846
1078	0,6153846
1078	4,6153846
1078	17,6153846
1079	1,6153846
1079	22,6153846
1079	13,6153846
1079	9,6153846
1080	19,6153846
1080	-17,3846154
1080	-7,3846154
1080	16,6153846
1081	-17,3846154
1081	7,6153846
1081	33,6153846
1081	7,6153846
1082	36,6153846
1082	4,6153846
1082	7,6153846
1082	-3,3846154
1082	5,6153846
1083	26,6153846
1083	35,6153846
1083	18,6153846
1083	-1,3846154
1084	14,6153846
1084	1,6153846
1084	29,6153846
1084	20,6153846
1085	12,6153846
1085	4,6153846
1085	35,6153846
1085	0,6153846
1086	15,6153846
1086	-6,3846154
1086	0,6153846
1086	14,6153846
1087	22,6153846
1087	-3,3846154
1087	16,6153846
1087	-10,3846154
1087	28,6153846
1088	-6,3846154
1088	7,6153846
1088	4,6153846
1088	6,6153846
1089	0,6153846
1089	17,6153846
1089	-22,3846154
1089	17,6153846
1090	12,6153846
1090	23,6153846
1090	18,6153846
1090	9,6153846
1091	2,6153846
1091	5,6153846
1091	-14,3846154
1091	8,6153846
1092	27,6153846
1092	14,6153846
1092	-9,3846154
1092	4,6153846
1092	-27,3846154
1093	-13,3846154
1093	3,6153846
1093	-3,3846154
1093	20,6153846
1094	16,6153846
1094	-10,3846154
1094	16,6153846
1094	11,6153846
1095	-4,3846154
1095	31,6153846
1095	15,6153846
1095	31,6153846
1096	4,6153846
1096	-19,3846154
1096	-3,3846154
1096	23,6153846
1097	34,6153846
1097	6,6153846
1097	8,6153846
1097	23,6153846
1097	11,6153846
1098	25,6153846
1098	20,6153846
1098	10,6153846
1098	7,6153846
1099	34,6153846
1099	-2,3846154
1099	6,6153846
1099	15,6153846
1100	-4,3846154
1100	-9,3846154
1100	4,6153846
1100	3,6153846
1101	16,6153846
1101	-8,3846154
1101	30,6153846
1101	-7,3846154
1101	13,6153846
1102	-6,3846154
1102	23,6153846
1102	-9,3846154
1102	9,6153846
1103	18,6153846
1103	9,6153846
1103	22,6153846
1103	36,6153846
1104	-7,3846154
1104	-1,3846154
1104	9,6153846
1104	8,6153846
1105	8,6153846
1105	4,6153846
1105	35,6153846
1105	44,6153846
1106	28,6153846
1106	-7,3846154
1106	24,6153846
1106	-0,3846154
1106	-2,3846154
1107	14,6153846
1107	48,6153846
1107	22,6153846
1107	-21,3846154
1108	4,6153846
1108	33,6153846
1108	32,6153846
1108	-14,3846154
1109	4,6153846
1109	-10,3846154
1109	-1,3846154
1109	18,6153846
1110	12,6153846
1110	12,6153846
1110	26,6153846
1110	-6,3846154
1110	2,6153846
1111	5,6153846
1111	38,6153846
1111	-8,3846154
1111	5,6153846
1112	5,6153846
1112	-5,3846154
1112	18,6153846
1112	5,6153846
1113	-3,3846154
1113	-23,3846154
1113	-16,3846154
1113	29,6153846
1114	36,6153846
1114	9,6153846
1114	1,6153846
1114	12,6153846
1115	16,6153846
1115	5,6153846
1115	-21,3846154
1115	-11,3846154
1115	25,6153846
1116	13,6153846
1116	4,6153846
1116	-19,3846154
1116	-26,3846154
1117	15,6153846
1117	-8,3846154
1117	10,6153846
1117	14,6153846
1118	23,6153846
