196	-39,1538462
196	-39,1538462
196	-39,1538462
197	5,8461538
197	12,8461538
197	28,8461538
197	26,8461538
198	3,8461538
198	1,8461538
198	1,8461538
199	17,8461538
199	3,8461538
199	13,8461538
199	1,8461538
200	23,8461538
200	5,8461538
200	14,8461538
200	-13,1538462
201	-23,1538462
201	-6,1538462
201	21,8461538
201	13,8461538
202	28,8461538
202	4,8461538
202	-7,1538462
203	22,8461538
203	14,8461538
203	30,8461538
203	7,8461538
204	15,8461538
204	30,8461538
204	10,8461538
204	-8,1538462
205	23,8461538
205	-5,1538462
205	-15,1538462
205	23,8461538
206	-0,1538462
206	25,8461538
206	6,8461538
207	-9,1538462
207	17,8461538
207	-25,1538462
207	-10,1538462
208	3,8461538
208	-11,1538462
208	-2,1538462
208	-1,1538462
209	3,8461538
209	2,8461538
209	19,8461538
209	-2,1538462
210	21,8461538
210	40,8461538
210	1,8461538
211	-19,1538462
211	24,8461538
211	2,8461538
211	5,8461538
212	14,8461538
212	-9,1538462
212	2,8461538
212	16,8461538
213	4,8461538
213	-12,1538462
213	16,8461538
213	38,8461538
214	6,8461538
214	-10,1538462
214	27,8461538
215	9,8461538
215	24,8461538
215	-6,1538462
215	0,8461538
216	2,8461538
216	11,8461538
216	39,8461538
216	9,8461538
217	10,8461538
217	16,8461538
217	16,8461538
217	4,8461538
218	-10,1538462
218	2,8461538
218	1,8461538
219	3,8461538
219	-14,1538462
219	11,8461538
219	29,8461538
220	19,8461538
220	20,8461538
220	-8,1538462
220	-10,1538462
221	1,8461538
221	3,8461538
221	21,8461538
221	4,8461538
222	30,8461538
222	9,8461538
222	5,8461538
223	29,8461538
223	2,8461538
223	10,8461538
223	-25,1538462
224	-5,1538462
224	-16,1538462
224	10,8461538
224	9,8461538
225	5,8461538
225	9,8461538
225	33,8461538
225	15,8461538
226	12,8461538
226	1,8461538
226	10,8461538
227	15,8461538
227	15,8461538
227	13,8461538
227	13,8461538
228	14,8461538
228	1,8461538
228	6,8461538
228	5,8461538
229	23,8461538
229	-12,1538462
229	-8,1538462
229	22,8461538
230	26,8461538
230	0,8461538
230	3,8461538
231	1,8461538
231	17,8461538
231	-19,1538462
231	26,8461538
232	30,8461538
232	15,8461538
232	-2,1538462
232	21,8461538
233	6,8461538
233	24,8461538
233	6,8461538
233	13,8461538
234	-8,1538462
234	-6,1538462
234	1,8461538
235	7,8461538
235	9,8461538
235	-3,1538462
235	-6,1538462
236	-3,1538462
236	19,8461538
236	-18,1538462
236	-1,1538462
237	26,8461538
237	-6,1538462
237	6,8461538
237	5,8461538
238	11,8461538
238	-2,1538462
238	2,8461538
239	-15,1538462
239	-31,1538462
239	2,8461538
239	22,8461538
240	2,8461538
240	10,8461538
240	28,8461538
240	20,8461538
241	19,8461538
241	-2,1538462
241	-2,1538462
241	24,8461538
242	5,8461538
242	-11,1538462
242	6,8461538
243	0,8461538
243	-1,1538462
243	-13,1538462
243	-7,1538462
244	-2,1538462
244	-7,1538462
244	19,8461538
244	-11,1538462
245	14,8461538
245	23,8461538
245	-9,1538462
245	-2,1538462
246	0,8461538
246	5,8461538
246	-29,1538462
247	12,8461538
247	13,8461538
247	22,8461538
247	30,8461538
248	4,8461538
248	13,8461538
248	29,8461538
248	26,8461538
249	18,8461538
249	-13,1538462
249	-11,1538462
249	15,8461538
250	18,8461538
250	28,8461538
250	-12,1538462
251	5,8461538
251	16,8461538
251	23,8461538
251	-8,1538462
252	-17,1538462
252	16,8461538
252	28,8461538
252	-2,1538462
253	-13,1538462
253	0,8461538
253	-21,1538462
253	17,8461538
254	9,8461538
254	1,8461538
254	13,8461538
254	29,8461538
255	-31,1538462
255	1,8461538
255	9,8461538
256	-14,1538462
256	-6,1538462
256	12,8461538
256	25,8461538
257	19,8461538
257	1,8461538
257	3,8461538
257	2,8461538
258	20,8461538
258	-0,1538462
258	18,8461538
258	10,8461538
259	27,8461538
259	25,8461538
259	-0,1538462
260	-3,1538462
260	-6,1538462
260	-7,1538462
260	-8,1538462
261	4,8461538
261	19,8461538
261	1,8461538
261	-5,1538462
262	9,8461538
262	0,8461538
262	-1,1538462
262	-15,1538462
263	38,8461538
263	14,8461538
263	13,8461538
264	14,8461538
264	7,8461538
264	19,8461538
264	-14,1538462
265	-6,1538462
265	8,8461538
265	9,8461538
265	-21,1538462
266	6,8461538
266	18,8461538
266	1,8461538
266	-23,1538462
267	26,8461538
267	15,8461538
267	26,8461538
268	20,8461538
268	21,8461538
268	17,8461538
268	44,8461538
269	26,8461538
269	25,8461538
269	21,8461538
269	-3,1538462
270	11,8461538
270	-2,1538462
270	6,8461538
270	13,8461538
271	13,8461538
271	12,8461538
271	29,8461538
271	-13,1538462
272	16,8461538
272	4,8461538
272	-9,1538462
273	4,8461538
273	23,8461538
273	14,8461538
273	20,8461538
274	-15,1538462
274	-4,1538462
274	17,8461538
274	12,8461538
275	38,8461538
275	10,8461538
275	1,8461538
275	12,8461538
276	19,8461538
276	15,8461538
276	-8,1538462
277	28,8461538
277	38,8461538
277	29,8461538
277	-5,1538462
278	10,8461538
278	28,8461538
278	9,8461538
278	7,8461538
279	2,8461538
279	18,8461538
279	22,8461538
279	29,8461538
280	-35,1538462
280	-0,1538462
280	-7,1538462
280	-20,1538462
281	20,8461538
281	38,8461538
281	-2,1538462
282	-5,1538462
282	25,8461538
282	12,8461538
282	-3,1538462
283	-8,1538462
283	-4,1538462
283	-5,1538462
283	6,8461538
284	18,8461538
284	-5,1538462
284	0,8461538
284	18,8461538
285	6,8461538
285	-0,1538462
285	-3,1538462
286	52,8461538
286	27,8461538
286	9,8461538
286	14,8461538
287	26,8461538
287	16,8461538
287	3,8461538
287	1,8461538
288	9,8461538
288	-1,1538462
288	-17,1538462
288	-13,1538462
289	15,8461538
289	11,8461538
289	11,8461538
290	20,8461538
290	14,8461538
290	10,8461538
290	12,8461538
291	25,8461538
291	23,8461538
291	-6,1538462
291	17,8461538
292	40,8461538
292	23,8461538
292	18,8461538
292	16,8461538
293	7,8461538
293	9,8461538
293	35,8461538
293	24,8461538
294	8,8461538
294	-1,1538462
294	30,8461538
295	24,8461538
295	35,8461538
295	28,8461538
295	-1,1538462
296	-0,1538462
296	15,8461538
296	21,8461538
296	10,8461538
297	12,8461538
297	29,8461538
297	21,8461538
297	22,8461538
298	42,8461538
298	-11,1538462
298	32,8461538
299	21,8461538
299	50,8461538
299	33,8461538
299	17,8461538
300	-1,1538462
300	11,8461538
300	20,8461538
300	23,8461538
301	-2,1538462
301	15,8461538
301	-8,1538462
301	9,8461538
302	-9,1538462
302	9,8461538
302	26,8461538
302	25,8461538
303	15,8461538
303	-5,1538462
303	2,8461538
304	9,8461538
304	16,8461538
304	5,8461538
304	25,8461538
305	10,8461538
305	39,8461538
305	7,8461538
305	-20,1538462
306	6,8461538
306	11,8461538
306	28,8461538
306	13,8461538
307	4,8461538
307	41,8461538
307	49,8461538
307	-0,1538462
308	20,8461538
308	26,8461538
308	26,8461538
309	18,8461538
309	21,8461538
309	14,8461538
309	33,8461538
310	28,8461538
310	13,8461538
310	13,8461538
310	15,8461538
311	24,8461538
311	48,8461538
311	40,8461538
311	30,8461538
312	27,8461538
312	49,8461538
312	57,8461538
313	49,8461538
313	47,8461538
313	58,8461538
313	75,8461538
314	42,8461538
314	51,8461538
314	34,8461538
314	34,8461538
315	34,8461538
315	50,8461538
315	36,8461538
315	23,8461538
316	31,8461538
316	51,8461538
316	49,8461538
316	29,8461538
317	35,8461538
317	31,8461538
317	28,8461538
318	35,8461538
318	36,8461538
318	49,8461538
318	32,8461538
319	29,8461538
319	29,8461538
319	38,8461538
319	26,8461538
320	22,8461538
320	7,8461538
320	14,8461538
320	4,8461538
321	45,8461538
321	-10,1538462
321	-7,1538462
321	-3,1538462
322	25,8461538
322	30,8461538
322	0,8461538
323	11,8461538
323	13,8461538
323	6,8461538
323	27,8461538
324	10,8461538
324	8,8461538
324	-14,1538462
324	10,8461538
325	-3,1538462
325	-6,1538462
325	6,8461538
325	2,8461538
326	3,8461538
326	-1,1538462
326	4,8461538
327	28,8461538
327	25,8461538
327	27,8461538
327	-9,1538462
328	6,8461538
328	-8,1538462
328	17,8461538
328	28,8461538
329	12,8461538
329	-13,1538462
329	10,8461538
329	34,8461538
330	16,8461538
330	4,8461538
330	25,8461538
330	11,8461538
331	1,8461538
331	2,8461538
331	44,8461538
332	41,8461538
332	38,8461538
332	72,8461538
332	44,8461538
333	26,8461538
333	29,8461538
333	54,8461538
333	35,8461538
334	61,8461538
334	64,8461538
334	61,8461538
334	38,8461538
335	58,8461538
335	44,8461538
335	62,8461538
335	57,8461538
336	51,8461538
336	101,8461538
336	80,8461538
337	49,8461538
337	67,8461538
337	81,8461538
337	69,8461538
338	60,8461538
338	62,8461538
338	54,8461538
338	68,8461538
339	52,8461538
339	63,8461538
339	67,8461538
339	61,8461538
340	31,8461538
340	50,8461538
340	19,8461538
340	44,8461538
341	41,8461538
341	23,8461538
341	27,8461538
342	22,8461538
342	34,8461538
342	37,8461538
342	22,8461538
343	41,8461538
343	24,8461538
343	11,8461538
343	26,8461538
344	27,8461538
344	-1,1538462
344	14,8461538
344	21,8461538
345	-1,1538462
345	3,8461538
345	-7,1538462
345	38,8461538
346	4,8461538
346	20,8461538
346	18,8461538
347	21,8461538
347	22,8461538
347	17,8461538
347	-12,1538462
348	-13,1538462
348	17,8461538
348	44,8461538
348	19,8461538
349	24,8461538
349	10,8461538
349	22,8461538
349	27,8461538
350	26,8461538
350	29,8461538
350	44,8461538
350	24,8461538
351	47,8461538
351	19,8461538
351	16,8461538
352	2,8461538
352	51,8461538
352	62,8461538
352	90,8461538
353	53,8461538
353	36,8461538
353	33,8461538
353	42,8461538
354	27,8461538
354	72,8461538
354	81,8461538
354	46,8461538
355	51,8461538
355	58,8461538
355	45,8461538
355	78,8461538
356	48,8461538
356	44,8461538
356	61,8461538
357	53,8461538
357	48,8461538
357	65,8461538
357	59,8461538
358	80,8461538
358	89,8461538
358	68,8461538
358	44,8461538
359	22,8461538
359	40,8461538
359	27,8461538
359	70,8461538
360	54,8461538
360	41,8461538
360	34,8461538
360	40,8461538
361	23,8461538
361	10,8461538
361	43,8461538
362	68,8461538
362	58,8461538
362	50,8461538
362	33,8461538
363	16,8461538
363	29,8461538
363	29,8461538
363	20,8461538
364	31,8461538
364	14,8461538
364	7,8461538
364	35,8461538
365	19,8461538
365	24,8461538
365	-5,1538462
365	22,8461538
366	6,8461538
366	6,8461538
366	6,8461538
367	-5,1538462
367	37,8461538
367	42,8461538
367	15,8461538
368	-1,1538462
368	16,8461538
368	10,8461538
368	-4,1538462
369	-5,1538462
369	-1,1538462
369	3,8461538
369	14,8461538
370	32,8461538
370	3,8461538
370	-6,1538462
370	12,8461538
371	19,8461538
371	14,8461538
371	14,8461538
371	18,8461538
372	32,8461538
372	6,8461538
372	10,8461538
373	18,8461538
373	17,8461538
373	26,8461538
373	-2,1538462
374	8,8461538
374	23,8461538
374	18,8461538
374	27,8461538
375	35,8461538
375	30,8461538
375	38,8461538
375	64,8461538
376	52,8461538
376	45,8461538
376	56,8461538
376	36,8461538
377	6,8461538
377	33,8461538
377	44,8461538
378	13,8461538
378	9,8461538
378	12,8461538
378	23,8461538
379	29,8461538
379	28,8461538
379	41,8461538
379	32,8461538
380	18,8461538
380	31,8461538
380	29,8461538
380	17,8461538
381	52,8461538
381	33,8461538
381	30,8461538
381	36,8461538
382	31,8461538
382	17,8461538
382	42,8461538
383	2,8461538
383	-0,1538462
383	20,8461538
383	37,8461538
384	17,8461538
384	17,8461538
384	38,8461538
384	34,8461538
385	23,8461538
385	25,8461538
385	43,8461538
385	19,8461538
386	13,8461538
386	21,8461538
386	1,8461538
386	22,8461538
387	20,8461538
387	4,8461538
387	7,8461538
387	-19,1538462
388	-3,1538462
388	17,8461538
388	28,8461538
389	-14,1538462
389	-10,1538462
389	16,8461538
389	10,8461538
390	14,8461538
390	-11,1538462
390	20,8461538
390	6,8461538
391	20,8461538
391	17,8461538
391	9,8461538
391	-1,1538462
392	28,8461538
392	31,8461538
392	16,8461538
392	19,8461538
393	-1,1538462
393	22,8461538
393	25,8461538
394	14,8461538
394	33,8461538
394	14,8461538
394	46,8461538
395	17,8461538
395	31,8461538
395	17,8461538
395	23,8461538
396	21,8461538
396	30,8461538
396	24,8461538
396	42,8461538
397	-15,1538462
397	14,8461538
397	24,8461538
397	29,8461538
398	44,8461538
398	22,8461538
398	9,8461538
398	26,8461538
399	28,8461538
399	26,8461538
399	45,8461538
400	48,8461538
400	21,8461538
400	32,8461538
400	44,8461538
401	29,8461538
401	48,8461538
401	8,8461538
401	33,8461538
402	45,8461538
402	-2,1538462
402	31,8461538
402	-1,1538462
403	10,8461538
403	24,8461538
403	22,8461538
403	2,8461538
404	-2,1538462
404	33,8461538
404	11,8461538
405	7,8461538
405	37,8461538
405	27,8461538
405	40,8461538
406	16,8461538
406	31,8461538
406	-3,1538462
406	16,8461538
407	44,8461538
407	9,8461538
407	19,8461538
407	9,8461538
408	32,8461538
408	42,8461538
408	-27,1538462
408	17,8461538
409	19,8461538
409	-5,1538462
409	11,8461538
409	32,8461538
410	17,8461538
410	3,8461538
410	30,8461538
411	21,8461538
411	8,8461538
411	19,8461538
411	10,8461538
412	10,8461538
412	28,8461538
412	18,8461538
412	8,8461538
413	-21,1538462
413	-7,1538462
413	19,8461538
413	20,8461538
414	18,8461538
414	19,8461538
414	-8,1538462
414	20,8461538
415	25,8461538
415	19,8461538
415	15,8461538
415	-18,1538462
416	13,8461538
416	0,8461538
416	11,8461538
417	39,8461538
417	7,8461538
417	17,8461538
417	24,8461538
418	-8,1538462
418	11,8461538
418	-1,1538462
418	-12,1538462
419	21,8461538
419	21,8461538
419	26,8461538
419	-0,1538462
420	32,8461538
420	4,8461538
420	43,8461538
420	15,8461538
421	44,8461538
421	12,8461538
421	14,8461538
421	13,8461538
422	12,8461538
422	51,8461538
422	-4,1538462
423	7,8461538
423	24,8461538
423	46,8461538
423	4,8461538
424	29,8461538
424	5,8461538
424	-0,1538462
424	27,8461538
425	13,8461538
425	-12,1538462
425	-14,1538462
425	20,8461538
426	12,8461538
426	12,8461538
426	4,8461538
426	18,8461538
427	12,8461538
427	-1,1538462
427	15,8461538
427	22,8461538
428	30,8461538
428	27,8461538
428	15,8461538
429	12,8461538
429	31,8461538
429	11,8461538
429	39,8461538
430	19,8461538
430	17,8461538
430	-0,1538462
430	10,8461538
431	24,8461538
431	6,8461538
431	-2,1538462
431	27,8461538
432	34,8461538
432	28,8461538
432	18,8461538
432	19,8461538
433	-0,1538462
433	29,8461538
433	25,8461538
433	7,8461538
434	33,8461538
434	16,8461538
434	4,8461538
435	-9,1538462
435	6,8461538
435	3,8461538
435	18,8461538
436	23,8461538
436	33,8461538
436	3,8461538
436	8,8461538
437	28,8461538
437	23,8461538
437	15,8461538
437	3,8461538
438	41,8461538
438	25,8461538
438	26,8461538
438	20,8461538
439	14,8461538
439	-4,1538462
439	11,8461538
439	21,8461538
440	32,8461538
440	6,8461538
440	16,8461538
441	6,8461538
441	-9,1538462
441	23,8461538
441	19,8461538
442	21,8461538
442	21,8461538
442	3,8461538
442	5,8461538
443	21,8461538
443	4,8461538
443	18,8461538
443	15,8461538
444	-21,1538462
444	3,8461538
444	18,8461538
444	20,8461538
445	20,8461538
445	6,8461538
445	32,8461538
445	18,8461538
446	2,8461538
446	19,8461538
446	16,8461538
447	29,8461538
447	14,8461538
447	36,8461538
447	11,8461538
448	33,8461538
448	-3,1538462
448	4,8461538
448	8,8461538
449	14,8461538
449	15,8461538
449	8,8461538
449	-12,1538462
450	10,8461538
450	0,8461538
450	-3,1538462
450	1,8461538
451	9,8461538
451	19,8461538
451	5,8461538
451	13,8461538
452	5,8461538
452	-20,1538462
452	16,8461538
452	34,8461538
453	10,8461538
453	16,8461538
453	-5,1538462
454	-6,1538462
454	22,8461538
454	23,8461538
454	23,8461538
455	6,8461538
455	1,8461538
455	-1,1538462
455	-3,1538462
456	6,8461538
456	19,8461538
456	1,8461538
456	36,8461538
457	-5,1538462
457	11,8461538
457	36,8461538
457	1,8461538
458	20,8461538
458	-1,1538462
458	8,8461538
458	18,8461538
459	-13,1538462
459	14,8461538
459	15,8461538
460	17,8461538
460	25,8461538
460	29,8461538
460	0,8461538
461	1,8461538
461	-1,1538462
461	4,8461538
461	36,8461538
462	31,8461538
462	-6,1538462
462	19,8461538
462	11,8461538
463	3,8461538
463	-3,1538462
463	1,8461538
463	-17,1538462
464	-9,1538462
464	26,8461538
464	8,8461538
464	1,8461538
465	1,8461538
465	36,8461538
465	22,8461538
465	15,8461538
466	-1,1538462
466	13,8461538
466	3,8461538
467	-0,1538462
467	17,8461538
467	10,8461538
467	7,8461538
468	22,8461538
468	35,8461538
468	2,8461538
468	7,8461538
469	19,8461538
469	8,8461538
469	-15,1538462
469	33,8461538
470	12,8461538
470	27,8461538
470	24,8461538
470	-14,1538462
471	5,8461538
471	6,8461538
471	22,8461538
471	5,8461538
472	27,8461538
472	43,8461538
472	14,8461538
472	42,8461538
473	18,8461538
473	31,8461538
473	8,8461538
474	28,8461538
474	-2,1538462
474	34,8461538
474	12,8461538
475	13,8461538
475	-4,1538462
475	28,8461538
475	18,8461538
476	15,8461538
476	35,8461538
476	7,8461538
476	9,8461538
477	16,8461538
477	26,8461538
477	-6,1538462
477	8,8461538
478	25,8461538
478	3,8461538
478	10,8461538
478	3,8461538
479	-0,1538462
479	11,8461538
479	29,8461538
479	8,8461538
480	17,8461538
480	-2,1538462
480	1,8461538
481	18,8461538
481	18,8461538
481	-2,1538462
481	20,8461538
482	48,8461538
482	5,8461538
482	1,8461538
482	37,8461538
483	-8,1538462
483	22,8461538
483	17,8461538
483	1,8461538
484	1,8461538
484	26,8461538
484	33,8461538
484	12,8461538
485	7,8461538
485	16,8461538
485	21,8461538
485	4,8461538
486	9,8461538
486	23,8461538
486	5,8461538
486	0,8461538
487	9,8461538
487	25,8461538
487	25,8461538
488	29,8461538
488	10,8461538
488	-4,1538462
488	-2,1538462
489	22,8461538
489	2,8461538
489	9,8461538
489	-2,1538462
490	29,8461538
490	14,8461538
490	-7,1538462
490	0,8461538
491	9,8461538
491	30,8461538
491	9,8461538
491	-0,1538462
492	6,8461538
492	24,8461538
492	15,8461538
492	-6,1538462
493	10,8461538
493	7,8461538
493	31,8461538
493	-7,1538462
494	-8,1538462
494	10,8461538
494	26,8461538
495	25,8461538
495	13,8461538
495	33,8461538
495	11,8461538
496	15,8461538
496	-3,1538462
496	19,8461538
496	4,8461538
497	14,8461538
497	45,8461538
497	23,8461538
497	31,8461538
498	27,8461538
498	1,8461538
498	12,8461538
498	-9,1538462
499	14,8461538
499	11,8461538
499	-25,1538462
499	27,8461538
500	26,8461538
500	1,8461538
500	-12,1538462
500	14,8461538
501	11,8461538
501	-4,1538462
501	18,8461538
502	7,8461538
502	8,8461538
502	4,8461538
502	7,8461538
503	2,8461538
503	14,8461538
503	39,8461538
503	-4,1538462
504	7,8461538
504	-4,1538462
504	18,8461538
504	11,8461538
505	1,8461538
505	4,8461538
505	11,8461538
505	8,8461538
506	5,8461538
506	19,8461538
506	-6,1538462
506	-3,1538462
507	18,8461538
507	12,8461538
507	16,8461538
507	-6,1538462
508	15,8461538
508	28,8461538
508	-3,1538462
508	32,8461538
509	-2,1538462
509	25,8461538
509	12,8461538
510	8,8461538
510	16,8461538
510	-10,1538462
510	23,8461538
511	34,8461538
511	18,8461538
511	-3,1538462
511	-4,1538462
512	22,8461538
512	3,8461538
512	-6,1538462
512	-20,1538462
513	-12,1538462
513	14,8461538
513	21,8461538
513	-18,1538462
514	-18,1538462
514	12,8461538
514	21,8461538
514	-5,1538462
515	13,8461538
515	22,8461538
515	-4,1538462
515	19,8461538
516	18,8461538
516	19,8461538
516	11,8461538
516	-29,1538462
517	2,8461538
517	1,8461538
517	5,8461538
518	-11,1538462
518	13,8461538
518	30,8461538
518	11,8461538
519	29,8461538
519	27,8461538
519	-8,1538462
519	21,8461538
520	-4,1538462
520	7,8461538
520	46,8461538
520	14,8461538
521	7,8461538
521	23,8461538
521	6,8461538
521	23,8461538
522	23,8461538
522	19,8461538
522	12,8461538
522	11,8461538
523	21,8461538
523	12,8461538
523	20,8461538
523	-13,1538462
524	-0,1538462
524	-1,1538462
524	12,8461538
524	16,8461538
525	1,8461538
525	19,8461538
525	13,8461538
526	17,8461538
526	36,8461538
526	43,8461538
526	30,8461538
527	-20,1538462
527	18,8461538
527	17,8461538
527	23,8461538
528	22,8461538
528	3,8461538
528	-10,1538462
528	37,8461538
529	12,8461538
529	-10,1538462
529	-7,1538462
529	6,8461538
530	2,8461538
530	-13,1538462
530	13,8461538
530	2,8461538
531	27,8461538
531	8,8461538
531	7,8461538
531	1,8461538
532	-1,1538462
532	14,8461538
532	24,8461538
532	0,8461538
533	16,8461538
533	-2,1538462
533	7,8461538
534	16,8461538
534	26,8461538
534	14,8461538
534	23,8461538
535	22,8461538
535	-11,1538462
535	27,8461538
535	19,8461538
536	17,8461538
536	16,8461538
536	-20,1538462
536	4,8461538
537	-2,1538462
537	-18,1538462
537	13,8461538
537	-26,1538462
538	-10,1538462
538	-18,1538462
538	14,8461538
538	-8,1538462
539	4,8461538
539	13,8461538
539	-4,1538462
539	10,8461538
540	13,8461538
540	8,8461538
540	29,8461538
540	12,8461538
541	25,8461538
541	3,8461538
541	-12,1538462
541	13,8461538
542	25,8461538
542	-8,1538462
542	36,8461538
543	3,8461538
543	8,8461538
543	16,8461538
543	49,8461538
544	15,8461538
544	0,8461538
544	0,8461538
544	0,8461538
545	-20,1538462
545	16,8461538
545	-10,1538462
545	-17,1538462
546	14,8461538
546	7,8461538
546	24,8461538
546	6,8461538
547	-14,1538462
547	12,8461538
547	17,8461538
547	-9,1538462
548	10,8461538
548	-4,1538462
548	7,8461538
548	19,8461538
549	-4,1538462
549	32,8461538
549	12,8461538
549	-22,1538462
550	9,8461538
550	11,8461538
550	21,8461538
550	-0,1538462
551	-9,1538462
551	15,8461538
551	26,8461538
552	-9,1538462
552	-4,1538462
552	4,8461538
552	3,8461538
553	-1,1538462
553	2,8461538
553	-6,1538462
553	23,8461538
554	22,8461538
554	7,8461538
554	23,8461538
554	-1,1538462
555	20,8461538
555	29,8461538
555	9,8461538
555	-12,1538462
556	20,8461538
556	14,8461538
556	-3,1538462
556	27,8461538
557	44,8461538
557	23,8461538
557	-1,1538462
557	6,8461538
558	14,8461538
558	-17,1538462
558	24,8461538
558	18,8461538
559	24,8461538
559	20,8461538
559	28,8461538
559	1,8461538
560	12,8461538
560	28,8461538
560	2,8461538
561	0,8461538
561	16,8461538
561	1,8461538
561	26,8461538
562	-8,1538462
562	15,8461538
562	30,8461538
562	20,8461538
563	13,8461538
563	1,8461538
563	16,8461538
563	15,8461538
564	9,8461538
564	9,8461538
564	6,8461538
564	24,8461538
565	13,8461538
565	26,8461538
565	5,8461538
565	13,8461538
566	16,8461538
566	6,8461538
566	15,8461538
566	7,8461538
567	21,8461538
567	9,8461538
567	3,8461538
567	-5,1538462
568	-9,1538462
568	3,8461538
568	22,8461538
568	-12,1538462
569	2,8461538
569	19,8461538
569	8,8461538
569	-2,1538462
570	9,8461538
570	11,8461538
570	20,8461538
571	12,8461538
571	29,8461538
571	13,8461538
571	20,8461538
572	4,8461538
572	9,8461538
572	-10,1538462
572	18,8461538
573	6,8461538
573	0,8461538
573	16,8461538
573	4,8461538
574	22,8461538
574	21,8461538
574	-9,1538462
574	-4,1538462
575	5,8461538
575	-13,1538462
575	7,8461538
575	13,8461538
576	-6,1538462
576	16,8461538
576	51,8461538
576	0,8461538
577	-13,1538462
577	19,8461538
577	25,8461538
577	15,8461538
578	28,8461538
578	16,8461538
578	2,8461538
578	2,8461538
579	21,8461538
579	-16,1538462
579	-3,1538462
579	-19,1538462
580	7,8461538
580	1,8461538
580	-0,1538462
581	19,8461538
581	13,8461538
581	18,8461538
581	1,8461538
582	-17,1538462
582	-10,1538462
582	27,8461538
582	5,8461538
583	-1,1538462
583	-4,1538462
583	-9,1538462
583	14,8461538
584	18,8461538
584	11,8461538
584	6,8461538
584	26,8461538
585	-6,1538462
585	3,8461538
585	21,8461538
585	19,8461538
586	12,8461538
586	16,8461538
586	12,8461538
586	34,8461538
587	31,8461538
587	-1,1538462
587	1,8461538
587	-7,1538462
588	12,8461538
588	7,8461538
588	36,8461538
588	2,8461538
589	15,8461538
589	0,8461538
589	7,8461538
589	-17,1538462
590	2,8461538
590	13,8461538
590	-13,1538462
590	19,8461538
591	10,8461538
591	14,8461538
591	3,8461538
592	11,8461538
592	1,8461538
592	10,8461538
592	-1,1538462
593	6,8461538
593	11,8461538
593	-0,1538462
593	-2,1538462
594	32,8461538
594	-11,1538462
594	-3,1538462
594	-2,1538462
595	-5,1538462
595	7,8461538
595	9,8461538
595	-0,1538462
596	-3,1538462
596	2,8461538
596	-2,1538462
596	29,8461538
597	0,8461538
597	16,8461538
597	25,8461538
597	-211,1538462
598	-18,1538462
598	4,8461538
598	-6,1538462
598	6,8461538
599	18,8461538
599	19,8461538
599	-4,1538462
599	-1,1538462
600	9,8461538
600	1,8461538
600	0,8461538
600	-1,1538462
601	-8,1538462
601	17,8461538
601	-1,1538462
601	-2,1538462
602	3,8461538
602	-5,1538462
602	30,8461538
603	26,8461538
603	29,8461538
603	30,8461538
603	16,8461538
604	14,8461538
604	23,8461538
604	21,8461538
604	2,8461538
605	24,8461538
605	-1,1538462
605	-8,1538462
605	6,8461538
606	-0,1538462
606	1,8461538
606	6,8461538
606	8,8461538
607	-12,1538462
607	-8,1538462
607	25,8461538
607	17,8461538
608	-0,1538462
608	25,8461538
608	13,8461538
608	22,8461538
609	5,8461538
609	24,8461538
609	7,8461538
609	-2,1538462
610	0,8461538
610	10,8461538
610	12,8461538
610	6,8461538
611	33,8461538
611	-4,1538462
611	-8,1538462
611	-3,1538462
612	19,8461538
612	5,8461538
612	21,8461538
612	23,8461538
613	34,8461538
613	5,8461538
613	12,8461538
613	22,8461538
614	24,8461538
614	-17,1538462
614	9,8461538
614	14,8461538
615	16,8461538
615	11,8461538
615	-6,1538462
616	-5,1538462
616	2,8461538
616	10,8461538
616	0,8461538
617	3,8461538
617	34,8461538
617	5,8461538
617	-3,1538462
618	1,8461538
618	13,8461538
618	3,8461538
618	2,8461538
619	14,8461538
619	35,8461538
619	15,8461538
619	-8,1538462
620	27,8461538
620	21,8461538
620	10,8461538
620	-7,1538462
621	18,8461538
621	20,8461538
621	8,8461538
621	2,8461538
622	3,8461538
622	25,8461538
622	16,8461538
622	-2,1538462
623	-9,1538462
623	15,8461538
623	21,8461538
623	15,8461538
624	11,8461538
624	14,8461538
624	23,8461538
624	12,8461538
625	25,8461538
625	27,8461538
625	0,8461538
625	-29,1538462
626	-1,1538462
626	-1,1538462
626	17,8461538
626	7,8461538
627	20,8461538
627	5,8461538
627	29,8461538
627	5,8461538
628	1,8461538
628	15,8461538
628	11,8461538
629	2,8461538
629	12,8461538
629	-4,1538462
629	3,8461538
630	16,8461538
630	28,8461538
630	19,8461538
630	21,8461538
631	4,8461538
631	26,8461538
631	-1,1538462
631	24,8461538
632	13,8461538
632	15,8461538
632	16,8461538
632	12,8461538
633	10,8461538
633	5,8461538
633	24,8461538
633	12,8461538
634	9,8461538
634	-10,1538462
634	-10,1538462
634	-12,1538462
635	15,8461538
635	21,8461538
635	-1,1538462
635	19,8461538
636	19,8461538
636	6,8461538
636	-1,1538462
636	9,8461538
637	-14,1538462
637	12,8461538
637	17,8461538
637	-3,1538462
638	12,8461538
638	20,8461538
638	-4,1538462
638	10,8461538
639	2,8461538
639	6,8461538
639	31,8461538
639	24,8461538
640	-5,1538462
640	19,8461538
640	-26,1538462
640	30,8461538
641	-4,1538462
641	17,8461538
641	22,8461538
641	9,8461538
642	8,8461538
642	14,8461538
642	3,8461538
642	22,8461538
643	-11,1538462
643	12,8461538
643	5,8461538
644	31,8461538
644	-5,1538462
644	11,8461538
644	8,8461538
645	5,8461538
645	-19,1538462
645	18,8461538
645	3,8461538
646	-12,1538462
646	17,8461538
646	-2,1538462
646	36,8461538
647	38,8461538
647	39,8461538
647	26,8461538
647	47,8461538
648	32,8461538
648	23,8461538
648	-9,1538462
648	17,8461538
649	19,8461538
649	39,8461538
649	9,8461538
649	-2,1538462
650	17,8461538
650	24,8461538
650	5,8461538
650	-2,1538462
651	-3,1538462
651	31,8461538
651	27,8461538
651	13,8461538
652	4,8461538
652	-2,1538462
652	15,8461538
652	-8,1538462
653	10,8461538
653	33,8461538
653	9,8461538
653	-6,1538462
654	-5,1538462
654	10,8461538
654	28,8461538
654	9,8461538
655	11,8461538
655	-5,1538462
655	2,8461538
655	16,8461538
656	4,8461538
656	-3,1538462
656	-14,1538462
656	13,8461538
657	21,8461538
657	-1,1538462
657	10,8461538
657	14,8461538
658	-3,1538462
658	5,8461538
658	4,8461538
658	-12,1538462
659	16,8461538
659	4,8461538
659	16,8461538
660	12,8461538
660	15,8461538
660	27,8461538
660	-0,1538462
661	12,8461538
661	24,8461538
661	7,8461538
661	-6,1538462
662	34,8461538
662	37,8461538
662	20,8461538
662	25,8461538
663	19,8461538
663	2,8461538
663	12,8461538
663	35,8461538
664	38,8461538
664	25,8461538
664	35,8461538
664	13,8461538
665	23,8461538
665	35,8461538
665	11,8461538
665	12,8461538
666	19,8461538
666	5,8461538
666	10,8461538
666	-3,1538462
667	11,8461538
667	14,8461538
667	25,8461538
667	6,8461538
668	-7,1538462
668	15,8461538
668	37,8461538
668	27,8461538
669	15,8461538
669	-16,1538462
669	23,8461538
669	-14,1538462
670	7,8461538
670	35,8461538
670	14,8461538
670	12,8461538
671	29,8461538
671	34,8461538
671	11,8461538
671	19,8461538
672	18,8461538
672	10,8461538
672	43,8461538
672	43,8461538
673	8,8461538
673	-11,1538462
673	10,8461538
673	8,8461538
674	15,8461538
674	19,8461538
674	-8,1538462
674	28,8461538
675	-4,1538462
675	21,8461538
675	-1,1538462
675	11,8461538
676	2,8461538
676	3,8461538
676	3,8461538
676	11,8461538
677	21,8461538
677	6,8461538
677	-13,1538462
677	-5,1538462
678	21,8461538
678	30,8461538
678	-1,1538462
678	11,8461538
679	-7,1538462
679	5,8461538
679	20,8461538
680	17,8461538
680	-9,1538462
680	19,8461538
680	18,8461538
681	14,8461538
681	26,8461538
681	13,8461538
681	0,8461538
682	30,8461538
682	11,8461538
682	3,8461538
682	38,8461538
683	-5,1538462
683	13,8461538
683	23,8461538
683	18,8461538
684	-2,1538462
684	12,8461538
684	0,8461538
684	25,8461538
685	17,8461538
685	7,8461538
685	11,8461538
685	-11,1538462
686	5,8461538
686	33,8461538
686	19,8461538
686	7,8461538
687	15,8461538
687	24,8461538
687	-3,1538462
687	15,8461538
688	12,8461538
688	-6,1538462
688	-19,1538462
688	-5,1538462
689	21,8461538
689	-2,1538462
689	20,8461538
689	16,8461538
690	0,8461538
690	9,8461538
690	-10,1538462
690	-3,1538462
691	10,8461538
691	-6,1538462
691	2,8461538
691	18,8461538
692	8,8461538
692	7,8461538
692	10,8461538
692	25,8461538
693	9,8461538
693	-19,1538462
693	-19,1538462
693	-9,1538462
694	13,8461538
694	20,8461538
694	2,8461538
694	9,8461538
695	-9,1538462
695	7,8461538
695	12,8461538
695	-6,1538462
696	-9,1538462
696	15,8461538
696	7,8461538
696	16,8461538
697	4,8461538
697	12,8461538
697	4,8461538
697	6,8461538
698	10,8461538
698	-18,1538462
698	-5,1538462
698	24,8461538
699	-1,1538462
699	2,8461538
699	-10,1538462
699	9,8461538
700	0,8461538
700	16,8461538
700	10,8461538
700	5,8461538
701	12,8461538
701	8,8461538
701	21,8461538
701	4,8461538
702	-0,1538462
702	14,8461538
702	-6,1538462
702	-8,1538462
703	-3,1538462
703	3,8461538
703	6,8461538
703	-10,1538462
704	-7,1538462
704	25,8461538
704	23,8461538
704	31,8461538
705	23,8461538
705	17,8461538
705	24,8461538
706	10,8461538
706	38,8461538
706	25,8461538
706	16,8461538
707	10,8461538
707	-8,1538462
707	12,8461538
707	30,8461538
708	11,8461538
708	9,8461538
708	12,8461538
708	21,8461538
709	0,8461538
709	-0,1538462
709	15,8461538
709	-5,1538462
710	13,8461538
710	6,8461538
710	12,8461538
710	24,8461538
711	7,8461538
711	33,8461538
711	33,8461538
711	35,8461538
712	18,8461538
712	13,8461538
712	26,8461538
712	5,8461538
713	9,8461538
713	2,8461538
713	18,8461538
713	28,8461538
714	30,8461538
714	16,8461538
714	-11,1538462
714	13,8461538
715	20,8461538
715	18,8461538
715	17,8461538
715	11,8461538
716	18,8461538
716	21,8461538
716	10,8461538
716	21,8461538
717	0,8461538
717	11,8461538
717	5,8461538
717	13,8461538
718	-7,1538462
718	-1,1538462
718	5,8461538
718	19,8461538
719	-1,1538462
719	-0,1538462
719	8,8461538
719	-8,1538462
720	17,8461538
720	2,8461538
720	8,8461538
720	8,8461538
721	34,8461538
721	9,8461538
721	26,8461538
721	8,8461538
722	21,8461538
722	13,8461538
722	-1,1538462
722	-23,1538462
723	7,8461538
723	4,8461538
723	8,8461538
723	10,8461538
724	17,8461538
724	12,8461538
724	13,8461538
724	-1,1538462
725	8,8461538
725	43,8461538
725	5,8461538
725	9,8461538
726	5,8461538
726	18,8461538
726	26,8461538
726	32,8461538
727	9,8461538
727	6,8461538
727	10,8461538
727	3,8461538
728	5,8461538
728	-9,1538462
728	-24,1538462
728	-19,1538462
729	-17,1538462
729	0,8461538
729	12,8461538
729	8,8461538
730	22,8461538
730	-26,1538462
730	-10,1538462
730	-6,1538462
731	1,8461538
731	8,8461538
731	-14,1538462
731	15,8461538
732	-6,1538462
732	0,8461538
732	13,8461538
732	24,8461538
733	36,8461538
733	8,8461538
733	6,8461538
733	24,8461538
734	6,8461538
734	5,8461538
734	7,8461538
734	8,8461538
735	0,8461538
735	-2,1538462
735	20,8461538
735	17,8461538
736	-14,1538462
736	-20,1538462
736	-18,1538462
736	37,8461538
737	28,8461538
737	14,8461538
737	9,8461538
737	32,8461538
738	-19,1538462
738	15,8461538
738	0,8461538
738	27,8461538
739	30,8461538
739	25,8461538
739	-5,1538462
739	1,8461538
740	10,8461538
740	-5,1538462
740	-14,1538462
740	7,8461538
741	-13,1538462
741	-1,1538462
741	6,8461538
741	-1,1538462
742	22,8461538
742	21,8461538
742	10,8461538
742	-0,1538462
743	-15,1538462
743	20,8461538
743	-4,1538462
743	27,8461538
744	-2,1538462
744	11,8461538
744	14,8461538
744	37,8461538
745	17,8461538
745	-0,1538462
745	-1,1538462
745	-15,1538462
746	2,8461538
746	34,8461538
746	20,8461538
746	0,8461538
747	24,8461538
747	4,8461538
747	5,8461538
747	18,8461538
748	10,8461538
748	11,8461538
748	0,8461538
748	18,8461538
749	-2,1538462
749	35,8461538
749	-2,1538462
749	-15,1538462
750	5,8461538
750	-10,1538462
750	-0,1538462
750	3,8461538
751	29,8461538
751	-5,1538462
751	6,8461538
751	23,8461538
752	9,8461538
752	25,8461538
752	26,8461538
752	24,8461538
753	-4,1538462
753	-11,1538462
753	-2,1538462
753	20,8461538
754	1,8461538
754	-20,1538462
754	-12,1538462
754	-0,1538462
755	7,8461538
755	-4,1538462
755	22,8461538
755	-0,1538462
756	4,8461538
756	20,8461538
756	13,8461538
756	31,8461538
757	-15,1538462
757	-8,1538462
757	-8,1538462
757	19,8461538
758	26,8461538
758	-16,1538462
758	-3,1538462
758	28,8461538
759	19,8461538
759	30,8461538
759	0,8461538
759	9,8461538
760	-4,1538462
760	18,8461538
760	1,8461538
760	-9,1538462
761	10,8461538
761	34,8461538
761	-6,1538462
761	18,8461538
762	45,8461538
762	20,8461538
762	8,8461538
762	-12,1538462
763	-13,1538462
763	40,8461538
763	26,8461538
763	28,8461538
764	-0,1538462
764	1,8461538
764	25,8461538
764	0,8461538
765	20,8461538
765	6,8461538
765	20,8461538
765	27,8461538
766	-16,1538462
766	2,8461538
766	22,8461538
766	43,8461538
767	0,8461538
767	-7,1538462
767	5,8461538
767	-23,1538462
768	6,8461538
768	-2,1538462
768	6,8461538
768	42,8461538
769	-0,1538462
769	30,8461538
769	6,8461538
769	-14,1538462
770	13,8461538
770	12,8461538
770	7,8461538
770	11,8461538
771	0,8461538
771	8,8461538
771	-0,1538462
771	29,8461538
772	31,8461538
772	-2,1538462
772	27,8461538
772	12,8461538
773	-7,1538462
773	1,8461538
773	5,8461538
773	14,8461538
774	15,8461538
774	20,8461538
774	2,8461538
774	4,8461538
775	3,8461538
775	-7,1538462
775	-5,1538462
775	5,8461538
776	-13,1538462
776	20,8461538
776	30,8461538
776	-18,1538462
777	37,8461538
777	9,8461538
777	28,8461538
777	11,8461538
778	2,8461538
778	4,8461538
778	15,8461538
778	3,8461538
779	32,8461538
779	13,8461538
779	14,8461538
779	15,8461538
780	17,8461538
780	5,8461538
780	9,8461538
780	20,8461538
781	23,8461538
781	-6,1538462
781	20,8461538
781	8,8461538
782	23,8461538
782	-2,1538462
782	8,8461538
782	31,8461538
783	12,8461538
783	-7,1538462
783	11,8461538
783	2,8461538
784	16,8461538
784	31,8461538
784	18,8461538
784	11,8461538
785	1,8461538
785	0,8461538
785	13,8461538
785	-9,1538462
786	-3,1538462
786	-6,1538462
786	6,8461538
786	16,8461538
787	-2,1538462
787	22,8461538
787	15,8461538
787	-2,1538462
788	-16,1538462
788	-41,1538462
788	7,8461538
788	-3,1538462
789	18,8461538
789	0,8461538
789	0,8461538
789	-0,1538462
790	-6,1538462
790	-4,1538462
790	6,8461538
790	5,8461538
791	2,8461538
791	1,8461538
791	-15,1538462
791	-28,1538462
792	-12,1538462
792	3,8461538
792	35,8461538
792	9,8461538
793	6,8461538
793	6,8461538
793	10,8461538
793	18,8461538
794	12,8461538
794	-0,1538462
794	4,8461538
794	-26,1538462
795	0,8461538
795	33,8461538
795	4,8461538
795	5,8461538
796	9,8461538
796	15,8461538
796	-7,1538462
796	16,8461538
797	13,8461538
797	-20,1538462
797	38,8461538
797	-8,1538462
798	0,8461538
798	12,8461538
798	30,8461538
798	49,8461538
799	12,8461538
799	-5,1538462
799	7,8461538
799	-9,1538462
800	27,8461538
800	43,8461538
800	26,8461538
800	-14,1538462
801	23,8461538
801	-5,1538462
801	10,8461538
801	0,8461538
802	20,8461538
802	9,8461538
802	17,8461538
802	-3,1538462
803	-9,1538462
803	-18,1538462
803	30,8461538
803	8,8461538
804	14,8461538
804	1,8461538
804	-6,1538462
804	28,8461538
805	-12,1538462
805	-36,1538462
805	28,8461538
805	-8,1538462
806	21,8461538
806	-5,1538462
806	47,8461538
806	25,8461538
807	-11,1538462
807	-0,1538462
807	19,8461538
807	29,8461538
808	1,8461538
808	0,8461538
808	10,8461538
808	9,8461538
809	-20,1538462
809	8,8461538
809	21,8461538
809	-15,1538462
810	-0,1538462
810	4,8461538
810	6,8461538
810	7,8461538
811	5,8461538
811	12,8461538
811	14,8461538
811	12,8461538
812	22,8461538
812	21,8461538
812	6,8461538
812	-7,1538462
813	-16,1538462
813	26,8461538
813	37,8461538
813	17,8461538
814	14,8461538
814	-4,1538462
814	-11,1538462
814	29,8461538
815	35,8461538
815	23,8461538
815	25,8461538
815	-0,1538462
816	36,8461538
816	8,8461538
816	-2,1538462
816	13,8461538
817	14,8461538
817	13,8461538
817	2,8461538
817	15,8461538
818	10,8461538
818	-19,1538462
818	11,8461538
818	-3,1538462
819	-1,1538462
819	27,8461538
819	33,8461538
819	24,8461538
820	-0,1538462
820	7,8461538
820	15,8461538
820	7,8461538
820	-8,1538462
821	-17,1538462
821	-15,1538462
821	22,8461538
821	5,8461538
822	28,8461538
822	16,8461538
822	-16,1538462
822	-0,1538462
823	-1,1538462
823	-2,1538462
823	11,8461538
823	-0,1538462
824	1,8461538
824	14,8461538
824	4,8461538
824	8,8461538
825	13,8461538
825	17,8461538
825	30,8461538
825	35,8461538
826	29,8461538
826	15,8461538
826	4,8461538
826	16,8461538
827	6,8461538
827	-20,1538462
827	9,8461538
827	6,8461538
828	18,8461538
828	-12,1538462
828	-9,1538462
828	-16,1538462
829	31,8461538
829	30,8461538
829	15,8461538
829	21,8461538
830	26,8461538
830	39,8461538
830	16,8461538
830	19,8461538
831	27,8461538
831	12,8461538
831	-2,1538462
831	-7,1538462
832	25,8461538
832	-2,1538462
832	13,8461538
832	13,8461538
833	25,8461538
833	14,8461538
833	-8,1538462
833	20,8461538
834	42,8461538
834	11,8461538
834	23,8461538
834	4,8461538
835	-4,1538462
835	26,8461538
835	17,8461538
835	27,8461538
836	22,8461538
836	-2,1538462
836	22,8461538
836	-0,1538462
837	5,8461538
837	-4,1538462
837	-2,1538462
837	19,8461538
838	-27,1538462
838	14,8461538
838	25,8461538
838	4,8461538
839	13,8461538
839	7,8461538
839	19,8461538
839	14,8461538
840	18,8461538
840	1,8461538
840	0,8461538
840	-14,1538462
841	7,8461538
841	24,8461538
841	30,8461538
841	12,8461538
842	7,8461538
842	9,8461538
842	9,8461538
842	13,8461538
843	24,8461538
843	13,8461538
843	13,8461538
843	14,8461538
844	5,8461538
844	26,8461538
844	28,8461538
844	-9,1538462
845	-18,1538462
845	5,8461538
845	4,8461538
845	14,8461538
845	-2,1538462
846	-10,1538462
846	16,8461538
846	12,8461538
846	2,8461538
847	0,8461538
847	-16,1538462
847	7,8461538
847	7,8461538
848	-16,1538462
848	-21,1538462
848	35,8461538
848	21,8461538
849	0,8461538
849	3,8461538
849	22,8461538
849	10,8461538
850	18,8461538
850	7,8461538
850	3,8461538
850	21,8461538
851	-2,1538462
851	-20,1538462
851	5,8461538
851	5,8461538
852	-17,1538462
852	1,8461538
852	16,8461538
852	-4,1538462
853	2,8461538
853	2,8461538
853	-22,1538462
853	-19,1538462
854	0,8461538
854	-3,1538462
854	-7,1538462
854	5,8461538
855	16,8461538
855	12,8461538
855	9,8461538
855	15,8461538
856	2,8461538
856	17,8461538
856	3,8461538
856	3,8461538
857	6,8461538
857	12,8461538
857	-6,1538462
857	8,8461538
858	25,8461538
858	-0,1538462
858	20,8461538
858	30,8461538
859	1,8461538
859	-17,1538462
859	13,8461538
859	4,8461538
860	14,8461538
860	14,8461538
860	30,8461538
860	-20,1538462
861	10,8461538
861	-1,1538462
861	16,8461538
861	14,8461538
862	14,8461538
862	19,8461538
862	-1,1538462
862	2,8461538
863	22,8461538
863	2,8461538
863	-0,1538462
863	23,8461538
864	20,8461538
864	-16,1538462
864	-25,1538462
864	17,8461538
864	2,8461538
865	17,8461538
865	13,8461538
865	9,8461538
865	-3,1538462
866	-15,1538462
866	-3,1538462
866	20,8461538
866	21,8461538
867	31,8461538
867	-7,1538462
867	-7,1538462
867	17,8461538
868	0,8461538
868	-25,1538462
868	4,8461538
868	-1,1538462
869	8,8461538
869	25,8461538
869	4,8461538
869	-15,1538462
870	18,8461538
870	20,8461538
870	12,8461538
870	32,8461538
871	8,8461538
871	-0,1538462
871	-7,1538462
871	6,8461538
872	8,8461538
872	4,8461538
872	-7,1538462
872	12,8461538
873	7,8461538
873	-8,1538462
873	-14,1538462
873	12,8461538
874	-4,1538462
874	2,8461538
874	-4,1538462
874	23,8461538
875	16,8461538
875	-3,1538462
875	-27,1538462
875	4,8461538
876	4,8461538
876	-14,1538462
876	10,8461538
876	16,8461538
877	-9,1538462
877	-4,1538462
877	9,8461538
877	4,8461538
878	1,8461538
878	-7,1538462
878	39,8461538
878	47,8461538
879	18,8461538
879	-36,1538462
879	16,8461538
879	7,8461538
880	30,8461538
880	-0,1538462
880	32,8461538
880	3,8461538
880	-7,1538462
881	32,8461538
881	6,8461538
881	-1,1538462
881	28,8461538
882	5,8461538
882	16,8461538
882	-4,1538462
882	5,8461538
883	-4,1538462
883	-21,1538462
883	3,8461538
883	-15,1538462
884	6,8461538
884	12,8461538
884	-2,1538462
884	18,8461538
885	-5,1538462
885	7,8461538
885	9,8461538
885	12,8461538
886	1,8461538
886	-24,1538462
886	0,8461538
886	22,8461538
887	16,8461538
887	13,8461538
887	-4,1538462
887	-10,1538462
888	14,8461538
888	-8,1538462
888	-10,1538462
888	-19,1538462
889	18,8461538
889	33,8461538
889	15,8461538
889	25,8461538
890	19,8461538
890	-26,1538462
890	9,8461538
890	-4,1538462
891	-5,1538462
891	20,8461538
891	9,8461538
891	-7,1538462
892	-18,1538462
892	13,8461538
892	-8,1538462
892	39,8461538
893	7,8461538
893	2,8461538
893	2,8461538
893	-4,1538462
894	9,8461538
894	-2,1538462
894	-1,1538462
894	-5,1538462
894	-6,1538462
895	6,8461538
895	31,8461538
895	5,8461538
895	11,8461538
896	28,8461538
896	18,8461538
896	29,8461538
896	33,8461538
897	13,8461538
897	33,8461538
897	26,8461538
897	-1,1538462
898	13,8461538
898	6,8461538
898	-3,1538462
898	4,8461538
899	-0,1538462
899	-11,1538462
899	8,8461538
899	-2,1538462
900	20,8461538
900	30,8461538
900	12,8461538
900	17,8461538
901	43,8461538
901	3,8461538
901	10,8461538
901	5,8461538
902	16,8461538
902	7,8461538
902	-0,1538462
902	-0,1538462
903	0,8461538
903	21,8461538
903	-0,1538462
903	25,8461538
904	18,8461538
904	5,8461538
904	12,8461538
904	19,8461538
905	5,8461538
905	9,8461538
905	20,8461538
905	14,8461538
906	38,8461538
906	-3,1538462
906	15,8461538
906	28,8461538
906	-22,1538462
907	26,8461538
907	19,8461538
907	0,8461538
907	7,8461538
908	7,8461538
908	25,8461538
908	21,8461538
908	9,8461538
909	17,8461538
909	-20,1538462
909	8,8461538
909	27,8461538
910	-3,1538462
910	-6,1538462
910	22,8461538
910	-25,1538462
911	10,8461538
911	4,8461538
911	27,8461538
911	15,8461538
912	4,8461538
912	21,8461538
912	-16,1538462
912	11,8461538
913	4,8461538
913	6,8461538
913	14,8461538
913	6,8461538
914	16,8461538
914	12,8461538
914	8,8461538
914	-8,1538462
915	-1,1538462
915	-12,1538462
915	2,8461538
915	24,8461538
916	11,8461538
916	24,8461538
916	20,8461538
916	11,8461538
917	11,8461538
917	15,8461538
917	-5,1538462
917	-6,1538462
917	12,8461538
918	8,8461538
918	34,8461538
918	2,8461538
918	9,8461538
919	12,8461538
919	-0,1538462
919	20,8461538
919	5,8461538
920	13,8461538
920	-0,1538462
920	26,8461538
920	18,8461538
921	16,8461538
921	21,8461538
921	-2,1538462
921	-10,1538462
922	9,8461538
922	5,8461538
922	9,8461538
922	-4,1538462
923	12,8461538
923	2,8461538
923	-5,1538462
923	-13,1538462
924	-1,1538462
924	6,8461538
924	-26,1538462
924	-17,1538462
925	-2,1538462
925	-3,1538462
925	28,8461538
925	16,8461538
926	2,8461538
926	15,8461538
926	26,8461538
926	11,8461538
927	-13,1538462
927	16,8461538
927	4,8461538
927	-0,1538462
928	-28,1538462
928	-4,1538462
928	-15,1538462
928	6,8461538
928	24,8461538
929	26,8461538
929	-3,1538462
929	1,8461538
929	-13,1538462
930	1,8461538
930	-0,1538462
930	-7,1538462
930	-9,1538462
931	6,8461538
931	-5,1538462
931	30,8461538
931	30,8461538
932	23,8461538
932	-0,1538462
932	4,8461538
932	-9,1538462
933	22,8461538
933	1,8461538
933	-9,1538462
933	-2,1538462
934	16,8461538
934	16,8461538
934	13,8461538
934	31,8461538
935	14,8461538
935	33,8461538
935	3,8461538
935	10,8461538
936	3,8461538
936	31,8461538
936	2,8461538
936	-8,1538462
937	23,8461538
937	32,8461538
937	22,8461538
937	-2,1538462
938	12,8461538
938	18,8461538
938	10,8461538
938	22,8461538
938	26,8461538
939	13,8461538
939	10,8461538
939	17,8461538
939	28,8461538
940	13,8461538
940	22,8461538
940	-10,1538462
940	4,8461538
941	4,8461538
941	5,8461538
941	4,8461538
941	5,8461538
942	-7,1538462
942	13,8461538
942	-9,1538462
942	6,8461538
943	10,8461538
943	8,8461538
943	1,8461538
943	24,8461538
944	-22,1538462
944	-6,1538462
944	13,8461538
944	24,8461538
945	18,8461538
945	23,8461538
945	10,8461538
945	-10,1538462
946	-2,1538462
946	9,8461538
946	0,8461538
946	4,8461538
947	31,8461538
947	10,8461538
947	-9,1538462
947	-1,1538462
947	25,8461538
948	7,8461538
948	10,8461538
948	13,8461538
948	9,8461538
949	21,8461538
949	-4,1538462
949	24,8461538
949	-8,1538462
950	32,8461538
950	-6,1538462
950	11,8461538
950	-4,1538462
951	10,8461538
951	0,8461538
951	12,8461538
951	2,8461538
952	24,8461538
952	36,8461538
952	8,8461538
952	27,8461538
953	-13,1538462
953	16,8461538
953	-0,1538462
953	6,8461538
954	-14,1538462
954	15,8461538
954	1,8461538
954	-7,1538462
955	13,8461538
955	31,8461538
955	-18,1538462
955	-29,1538462
956	8,8461538
956	10,8461538
956	1,8461538
956	-3,1538462
956	-4,1538462
957	40,8461538
957	31,8461538
957	30,8461538
957	-9,1538462
958	-17,1538462
958	-21,1538462
958	1,8461538
958	34,8461538
959	-12,1538462
959	4,8461538
959	-5,1538462
959	-21,1538462
960	25,8461538
960	28,8461538
960	21,8461538
960	13,8461538
961	16,8461538
961	27,8461538
961	-10,1538462
961	7,8461538
962	14,8461538
962	0,8461538
962	-8,1538462
962	6,8461538
963	10,8461538
963	10,8461538
963	28,8461538
963	-1,1538462
964	4,8461538
964	39,8461538
964	-3,1538462
964	-5,1538462
964	-12,1538462
965	10,8461538
965	-3,1538462
965	0,8461538
965	-5,1538462
966	33,8461538
966	26,8461538
966	-14,1538462
966	5,8461538
967	-5,1538462
967	-16,1538462
967	-9,1538462
967	-17,1538462
968	-7,1538462
968	32,8461538
968	20,8461538
968	21,8461538
969	18,8461538
969	-25,1538462
969	15,8461538
969	2,8461538
970	-0,1538462
970	6,8461538
970	8,8461538
970	4,8461538
971	-0,1538462
971	12,8461538
971	22,8461538
971	24,8461538
972	19,8461538
972	7,8461538
972	-2,1538462
972	16,8461538
972	21,8461538
973	-25,1538462
973	-2,1538462
973	23,8461538
973	8,8461538
974	-13,1538462
974	10,8461538
974	25,8461538
974	7,8461538
975	12,8461538
975	3,8461538
975	7,8461538
975	-2,1538462
976	6,8461538
976	-6,1538462
976	13,8461538
976	16,8461538
977	-7,1538462
977	-2,1538462
977	6,8461538
977	12,8461538
978	32,8461538
978	38,8461538
978	5,8461538
978	22,8461538
979	7,8461538
979	18,8461538
979	20,8461538
979	23,8461538
980	12,8461538
980	17,8461538
980	10,8461538
980	2,8461538
980	-17,1538462
981	4,8461538
981	18,8461538
981	28,8461538
981	-9,1538462
982	5,8461538
982	31,8461538
982	38,8461538
982	0,8461538
983	19,8461538
983	22,8461538
983	16,8461538
983	12,8461538
984	24,8461538
984	37,8461538
984	10,8461538
984	14,8461538
985	8,8461538
985	28,8461538
985	35,8461538
985	21,8461538
986	10,8461538
986	7,8461538
986	13,8461538
986	13,8461538
987	5,8461538
987	3,8461538
987	17,8461538
987	-14,1538462
988	9,8461538
988	20,8461538
988	-5,1538462
988	28,8461538
988	27,8461538
989	-2,1538462
989	4,8461538
989	2,8461538
989	30,8461538
990	9,8461538
990	-11,1538462
990	-16,1538462
990	-13,1538462
991	-5,1538462
991	-0,1538462
991	-8,1538462
991	-12,1538462
992	-13,1538462
992	-10,1538462
992	-12,1538462
992	-13,1538462
993	21,8461538
993	-1,1538462
993	-11,1538462
993	20,8461538
994	16,8461538
994	36,8461538
994	42,8461538
994	13,8461538
995	2,8461538
995	-3,1538462
995	1,8461538
995	12,8461538
995	16,8461538
996	23,8461538
996	30,8461538
996	16,8461538
996	6,8461538
997	23,8461538
997	-32,1538462
997	-31,1538462
997	33,8461538
998	-4,1538462
998	8,8461538
998	2,8461538
998	23,8461538
999	27,8461538
999	-8,1538462
999	-3,1538462
999	18,8461538
1000	-8,1538462
1000	12,8461538
1000	2,8461538
1000	-11,1538462
1001	12,8461538
1001	8,8461538
1001	18,8461538
1001	3,8461538
1002	14,8461538
1002	15,8461538
1002	27,8461538
1002	15,8461538
1002	2,8461538
1003	-2,1538462
1003	-5,1538462
1003	19,8461538
1003	15,8461538
1004	20,8461538
1004	-6,1538462
1004	17,8461538
1004	30,8461538
1005	-14,1538462
1005	5,8461538
1005	15,8461538
1005	14,8461538
1006	-19,1538462
1006	14,8461538
1006	7,8461538
1006	39,8461538
1007	24,8461538
1007	-3,1538462
1007	-5,1538462
1007	-10,1538462
1008	-7,1538462
1008	14,8461538
1008	30,8461538
1008	22,8461538
1008	0,8461538
1009	10,8461538
1009	6,8461538
1009	31,8461538
1009	30,8461538
1010	6,8461538
1010	-4,1538462
1010	-20,1538462
1010	-7,1538462
1011	16,8461538
1011	10,8461538
1011	14,8461538
1011	-0,1538462
1012	28,8461538
1012	-3,1538462
1012	2,8461538
1012	-9,1538462
1013	2,8461538
1013	4,8461538
1013	17,8461538
1013	-10,1538462
1014	22,8461538
1014	7,8461538
1014	14,8461538
1014	21,8461538
1015	-19,1538462
1015	0,8461538
1015	-10,1538462
1015	5,8461538
1015	27,8461538
1016	16,8461538
1016	26,8461538
1016	-0,1538462
1016	2,8461538
1017	8,8461538
1017	15,8461538
1017	3,8461538
1017	20,8461538
1018	5,8461538
1018	12,8461538
1018	8,8461538
1018	0,8461538
1019	-2,1538462
1019	8,8461538
1019	-2,1538462
1019	-17,1538462
1020	14,8461538
1020	10,8461538
1020	14,8461538
1020	5,8461538
1021	12,8461538
1021	4,8461538
1021	16,8461538
1021	8,8461538
1021	3,8461538
1022	10,8461538
1022	3,8461538
1022	-5,1538462
1022	13,8461538
1023	0,8461538
1023	19,8461538
1023	16,8461538
1023	-1,1538462
1024	1,8461538
1024	-12,1538462
1024	17,8461538
1024	6,8461538
1025	31,8461538
1025	-6,1538462
1025	8,8461538
1025	16,8461538
1026	20,8461538
1026	37,8461538
1026	25,8461538
1026	20,8461538
1027	25,8461538
1027	17,8461538
1027	29,8461538
1027	18,8461538
1027	3,8461538
1028	0,8461538
1028	-17,1538462
1028	13,8461538
1028	16,8461538
1029	-28,1538462
1029	6,8461538
1029	30,8461538
1029	34,8461538
1030	21,8461538
1030	-10,1538462
1030	-7,1538462
1030	10,8461538
1031	30,8461538
1031	6,8461538
1031	31,8461538
1031	-3,1538462
1032	-4,1538462
1032	19,8461538
1032	5,8461538
1032	12,8461538
1033	14,8461538
1033	21,8461538
1033	4,8461538
1033	-5,1538462
1034	18,8461538
1034	-3,1538462
1034	-26,1538462
1034	-8,1538462
1034	-3,1538462
1035	28,8461538
1035	-2,1538462
1035	8,8461538
1035	16,8461538
1036	35,8461538
1036	37,8461538
1036	12,8461538
1036	-7,1538462
1037	4,8461538
1037	36,8461538
1037	14,8461538
1037	27,8461538
1038	10,8461538
1038	18,8461538
1038	-7,1538462
1038	15,8461538
1039	13,8461538
1039	32,8461538
1039	18,8461538
1039	-0,1538462
1039	22,8461538
1040	10,8461538
1040	11,8461538
1040	19,8461538
1040	8,8461538
1041	5,8461538
1041	-15,1538462
1041	13,8461538
1041	32,8461538
1042	18,8461538
1042	40,8461538
1042	17,8461538
1042	17,8461538
1043	5,8461538
1043	45,8461538
1043	-2,1538462
1043	-8,1538462
1044	-11,1538462
1044	-16,1538462
1044	29,8461538
1044	-1,1538462
1045	-3,1538462
1045	10,8461538
1045	6,8461538
1045	-3,1538462
1045	-3,1538462
1046	7,8461538
1046	0,8461538
1046	18,8461538
1046	29,8461538
1047	13,8461538
1047	25,8461538
1047	22,8461538
1047	27,8461538
1048	8,8461538
1048	17,8461538
1048	28,8461538
1048	3,8461538
1049	-7,1538462
1049	-9,1538462
1049	-5,1538462
1049	15,8461538
1050	5,8461538
1050	-2,1538462
1050	-21,1538462
1050	18,8461538
1051	8,8461538
1051	17,8461538
1051	-17,1538462
1051	13,8461538
1051	21,8461538
1052	1,8461538
1052	-1,1538462
1052	-5,1538462
1052	-4,1538462
1053	15,8461538
1053	14,8461538
1053	4,8461538
1053	2,8461538
1054	13,8461538
1054	9,8461538
1054	8,8461538
1054	12,8461538
1055	28,8461538
1055	-0,1538462
1055	-0,1538462
1055	12,8461538
1056	13,8461538
1056	-1,1538462
1056	-8,1538462
1056	5,8461538
1056	7,8461538
1057	44,8461538
1057	19,8461538
1057	3,8461538
1057	23,8461538
1058	-24,1538462
1058	-14,1538462
1058	-0,1538462
1058	19,8461538
1059	36,8461538
1059	-15,1538462
1059	-2,1538462
1059	16,8461538
1060	7,8461538
1060	32,8461538
1060	9,8461538
1060	18,8461538
1061	24,8461538
1061	18,8461538
1061	17,8461538
1061	12,8461538
1062	1,8461538
1062	-7,1538462
1062	-14,1538462
1062	5,8461538
1062	10,8461538
1063	8,8461538
1063	-15,1538462
1063	2,8461538
1063	19,8461538
1064	-7,1538462
1064	5,8461538
1064	25,8461538
1064	13,8461538
1065	20,8461538
1065	24,8461538
1065	-5,1538462
1065	5,8461538
1066	19,8461538
1066	10,8461538
1066	-13,1538462
1066	29,8461538
1067	33,8461538
1067	23,8461538
1067	16,8461538
1067	4,8461538
1067	19,8461538
1068	27,8461538
1068	10,8461538
1068	13,8461538
1068	3,8461538
1069	33,8461538
1069	7,8461538
1069	10,8461538
1069	22,8461538
1070	10,8461538
1070	-11,1538462
1070	25,8461538
1070	12,8461538
1071	33,8461538
1071	17,8461538
1071	4,8461538
1071	6,8461538
1072	15,8461538
1072	18,8461538
1072	21,8461538
1072	0,8461538
1072	16,8461538
1073	3,8461538
1073	1,8461538
1073	10,8461538
1073	-10,1538462
1074	-4,1538462
1074	21,8461538
1074	16,8461538
1074	5,8461538
1075	32,8461538
1075	8,8461538
1075	2,8461538
1075	8,8461538
1076	1,8461538
1076	12,8461538
1076	-6,1538462
1076	4,8461538
1077	28,8461538
1077	3,8461538
1077	40,8461538
1077	7,8461538
1077	19,8461538
1078	3,8461538
1078	5,8461538
1078	14,8461538
1078	2,8461538
1079	21,8461538
1079	22,8461538
1079	23,8461538
1079	27,8461538
1080	46,8461538
1080	8,8461538
1080	-6,1538462
1080	9,8461538
1081	-3,1538462
1081	18,8461538
1081	11,8461538
1081	-14,1538462
1082	6,8461538
1082	2,8461538
1082	1,8461538
1082	-2,1538462
1082	5,8461538
1083	19,8461538
1083	24,8461538
1083	41,8461538
1083	12,8461538
1084	9,8461538
1084	22,8461538
1084	28,8461538
1084	14,8461538
1085	16,8461538
1085	15,8461538
1085	12,8461538
1085	19,8461538
1086	18,8461538
1086	22,8461538
1086	13,8461538
1086	16,8461538
1087	20,8461538
1087	16,8461538
1087	-5,1538462
1087	15,8461538
1087	16,8461538
1088	24,8461538
1088	19,8461538
1088	7,8461538
1088	12,8461538
1089	5,8461538
1089	17,8461538
1089	-16,1538462
1089	14,8461538
1090	20,8461538
1090	5,8461538
1090	14,8461538
1090	2,8461538
1091	-11,1538462
1091	-12,1538462
1091	11,8461538
1091	8,8461538
1092	41,8461538
1092	13,8461538
1092	-11,1538462
1092	27,8461538
1092	-22,1538462
1093	0,8461538
1093	9,8461538
1093	-15,1538462
1093	-12,1538462
1094	1,8461538
1094	8,8461538
1094	7,8461538
1094	42,8461538
1095	4,8461538
1095	51,8461538
1095	25,8461538
1095	28,8461538
1096	-7,1538462
1096	-13,1538462
1096	-6,1538462
1096	9,8461538
1097	-7,1538462
1097	-11,1538462
1097	13,8461538
1097	5,8461538
1097	-20,1538462
1098	25,8461538
1098	43,8461538
1098	5,8461538
1098	-4,1538462
1099	17,8461538
1099	9,8461538
1099	4,8461538
1099	11,8461538
1100	0,8461538
1100	-8,1538462
1100	12,8461538
1100	-5,1538462
1101	3,8461538
1101	15,8461538
1101	38,8461538
1101	-10,1538462
1101	19,8461538
1102	-9,1538462
1102	19,8461538
1102	16,8461538
1102	23,8461538
1103	0,8461538
1103	-0,1538462
1103	-2,1538462
1103	15,8461538
1104	14,8461538
1104	4,8461538
1104	8,8461538
1104	16,8461538
1105	11,8461538
1105	20,8461538
1105	17,8461538
1105	30,8461538
1106	39,8461538
1106	14,8461538
1106	-0,1538462
1106	6,8461538
1106	-33,1538462
1107	11,8461538
1107	20,8461538
1107	32,8461538
1107	-7,1538462
1108	4,8461538
1108	16,8461538
1108	13,8461538
1108	-0,1538462
1109	10,8461538
1109	25,8461538
1109	24,8461538
1109	-1,1538462
1110	6,8461538
1110	15,8461538
1110	20,8461538
1110	16,8461538
1110	28,8461538
1111	9,8461538
1111	40,8461538
1111	-12,1538462
1111	1,8461538
1112	8,8461538
1112	-3,1538462
1112	33,8461538
1112	17,8461538
1113	2,8461538
1113	-15,1538462
1113	0,8461538
1113	18,8461538
1114	23,8461538
1114	33,8461538
1114	31,8461538
1114	17,8461538
1115	4,8461538
1115	4,8461538
1115	5,8461538
1115	-3,1538462
1115	18,8461538
1116	6,8461538
1116	7,8461538
1116	9,8461538
1116	-0,1538462
1117	13,8461538
1117	-8,1538462
1117	14,8461538
1117	10,8461538
1118	32,8461538
