196	-8,3846154
196	-8,3846154
196	-8,3846154
197	-3,3846154
197	-8,3846154
197	22,6153846
197	9,6153846
198	-1,3846154
198	3,6153846
198	-16,3846154
199	10,6153846
199	14,6153846
199	-6,3846154
199	-13,3846154
200	11,6153846
200	-8,3846154
200	41,6153846
200	-5,3846154
201	-14,3846154
201	-2,3846154
201	7,6153846
201	1,6153846
202	5,6153846
202	25,6153846
202	-23,3846154
203	5,6153846
203	14,6153846
203	28,6153846
203	-17,3846154
204	27,6153846
204	20,6153846
204	-24,3846154
204	15,6153846
205	-4,3846154
205	-11,3846154
205	-26,3846154
205	16,6153846
206	-11,3846154
206	12,6153846
206	6,6153846
207	-12,3846154
207	-0,3846154
207	-11,3846154
207	-28,3846154
208	1,6153846
208	-1,3846154
208	-18,3846154
208	-3,3846154
209	-1,3846154
209	-26,3846154
209	-1,3846154
209	-17,3846154
210	-6,3846154
210	-2,3846154
210	-0,3846154
211	-40,3846154
211	-6,3846154
211	-9,3846154
211	2,6153846
212	-18,3846154
212	-11,3846154
212	-12,3846154
212	-27,3846154
213	1,6153846
213	-18,3846154
213	26,6153846
213	15,6153846
214	2,6153846
214	2,6153846
214	-11,3846154
215	-3,3846154
215	-17,3846154
215	-17,3846154
215	9,6153846
216	6,6153846
216	2,6153846
216	22,6153846
216	3,6153846
217	-2,3846154
217	-18,3846154
217	-18,3846154
217	2,6153846
218	4,6153846
218	-9,3846154
218	-3,3846154
219	7,6153846
219	-22,3846154
219	21,6153846
219	3,6153846
220	14,6153846
220	-10,3846154
220	-9,3846154
220	9,6153846
221	6,6153846
221	-8,3846154
221	5,6153846
221	-0,3846154
222	-6,3846154
222	7,6153846
222	5,6153846
223	39,6153846
223	8,6153846
223	-4,3846154
223	-20,3846154
224	-10,3846154
224	-6,3846154
224	12,6153846
224	3,6153846
225	4,6153846
225	-3,3846154
225	-4,3846154
225	3,6153846
226	19,6153846
226	4,6153846
226	19,6153846
227	12,6153846
227	8,6153846
227	12,6153846
227	1,6153846
228	5,6153846
228	5,6153846
228	16,6153846
228	1,6153846
229	9,6153846
229	-4,3846154
229	-4,3846154
229	12,6153846
230	27,6153846
230	-11,3846154
230	-10,3846154
231	-3,3846154
231	10,6153846
231	-20,3846154
231	18,6153846
232	2,6153846
232	-2,3846154
232	3,6153846
232	-10,3846154
233	3,6153846
233	-1,3846154
233	7,6153846
233	-2,3846154
234	-27,3846154
234	5,6153846
234	5,6153846
235	8,6153846
235	21,6153846
235	2,6153846
235	-8,3846154
236	-2,3846154
236	3,6153846
236	-15,3846154
236	-32,3846154
237	7,6153846
237	-15,3846154
237	4,6153846
237	13,6153846
238	-6,3846154
238	-3,3846154
238	7,6153846
239	5,6153846
239	-12,3846154
239	-5,3846154
239	-5,3846154
240	20,6153846
240	9,6153846
240	-4,3846154
240	3,6153846
241	28,6153846
241	5,6153846
241	9,6153846
241	25,6153846
242	-12,3846154
242	-7,3846154
242	6,6153846
243	5,6153846
243	0,6153846
243	-16,3846154
243	-18,3846154
244	-14,3846154
244	-4,3846154
244	4,6153846
244	-5,3846154
245	6,6153846
245	-14,3846154
245	-33,3846154
245	-4,3846154
246	-13,3846154
246	20,6153846
246	-4,3846154
247	-7,3846154
247	-4,3846154
247	8,6153846
247	8,6153846
248	-7,3846154
248	-1,3846154
248	9,6153846
248	7,6153846
249	19,6153846
249	4,6153846
249	-13,3846154
249	15,6153846
250	19,6153846
250	26,6153846
250	16,6153846
251	-9,3846154
251	2,6153846
251	-0,3846154
251	-12,3846154
252	-7,3846154
252	10,6153846
252	18,6153846
252	4,6153846
253	7,6153846
253	4,6153846
253	-18,3846154
253	19,6153846
254	2,6153846
254	-7,3846154
254	-11,3846154
254	12,6153846
255	-23,3846154
255	-8,3846154
255	-6,3846154
256	-35,3846154
256	-10,3846154
256	-19,3846154
256	16,6153846
257	1,6153846
257	-6,3846154
257	17,6153846
257	-9,3846154
258	4,6153846
258	-31,3846154
258	-1,3846154
258	4,6153846
259	14,6153846
259	6,6153846
259	9,6153846
260	-8,3846154
260	-1,3846154
260	-12,3846154
260	-21,3846154
261	8,6153846
261	3,6153846
261	-0,3846154
261	-10,3846154
262	13,6153846
262	12,6153846
262	-14,3846154
262	-13,3846154
263	43,6153846
263	13,6153846
263	15,6153846
264	0,6153846
264	-0,3846154
264	-13,3846154
264	-0,3846154
265	1,6153846
265	-1,3846154
265	-29,3846154
265	-11,3846154
266	-5,3846154
266	-0,3846154
266	-6,3846154
266	-23,3846154
267	6,6153846
267	26,6153846
267	19,6153846
268	-6,3846154
268	23,6153846
268	10,6153846
268	22,6153846
269	-5,3846154
269	15,6153846
269	-15,3846154
269	2,6153846
270	7,6153846
270	-14,3846154
270	2,6153846
270	21,6153846
271	6,6153846
271	36,6153846
271	13,6153846
271	-10,3846154
272	1,6153846
272	-22,3846154
272	-10,3846154
273	-0,3846154
273	-3,3846154
273	-25,3846154
273	-1,3846154
274	-8,3846154
274	0,6153846
274	0,6153846
274	17,6153846
275	31,6153846
275	-6,3846154
275	0,6153846
275	8,6153846
276	34,6153846
276	26,6153846
276	-15,3846154
277	0,6153846
277	20,6153846
277	35,6153846
277	-7,3846154
278	-4,3846154
278	29,6153846
278	-1,3846154
278	-4,3846154
279	2,6153846
279	-11,3846154
279	10,6153846
279	10,6153846
280	13,6153846
280	-17,3846154
280	-16,3846154
280	-21,3846154
281	-11,3846154
281	18,6153846
281	8,6153846
282	-15,3846154
282	9,6153846
282	-3,3846154
282	-0,3846154
283	-21,3846154
283	-27,3846154
283	-5,3846154
283	-16,3846154
284	12,6153846
284	-7,3846154
284	-21,3846154
284	1,6153846
285	-11,3846154
285	-9,3846154
285	-9,3846154
286	30,6153846
286	1,6153846
286	-26,3846154
286	-15,3846154
287	5,6153846
287	-1,3846154
287	6,6153846
287	14,6153846
288	-7,3846154
288	-11,3846154
288	-2,3846154
288	-3,3846154
289	14,6153846
289	16,6153846
289	3,6153846
290	-2,3846154
290	-6,3846154
290	11,6153846
290	-2,3846154
291	13,6153846
291	8,6153846
291	5,6153846
291	-16,3846154
292	12,6153846
292	16,6153846
292	2,6153846
292	14,6153846
293	31,6153846
293	23,6153846
293	52,6153846
293	36,6153846
294	19,6153846
294	27,6153846
294	6,6153846
295	15,6153846
295	40,6153846
295	18,6153846
295	18,6153846
296	15,6153846
296	8,6153846
296	12,6153846
296	24,6153846
297	5,6153846
297	48,6153846
297	19,6153846
297	19,6153846
298	40,6153846
298	-7,3846154
298	11,6153846
299	11,6153846
299	32,6153846
299	31,6153846
299	7,6153846
300	14,6153846
300	10,6153846
300	-20,3846154
300	19,6153846
301	-3,3846154
301	-4,3846154
301	-27,3846154
301	-2,3846154
302	-10,3846154
302	6,6153846
302	18,6153846
302	24,6153846
303	19,6153846
303	-8,3846154
303	-18,3846154
304	4,6153846
304	13,6153846
304	2,6153846
304	-1,3846154
305	18,6153846
305	18,6153846
305	-10,3846154
305	-6,3846154
306	22,6153846
306	1,6153846
306	0,6153846
306	14,6153846
307	19,6153846
307	39,6153846
307	19,6153846
307	12,6153846
308	4,6153846
308	33,6153846
308	52,6153846
309	51,6153846
309	35,6153846
309	35,6153846
309	33,6153846
310	36,6153846
310	32,6153846
310	33,6153846
310	26,6153846
311	67,6153846
311	91,6153846
311	115,6153846
311	73,6153846
312	91,6153846
312	97,6153846
312	104,6153846
313	71,6153846
313	108,6153846
313	91,6153846
313	97,6153846
314	91,6153846
314	90,6153846
314	109,6153846
314	101,6153846
315	95,6153846
315	109,6153846
315	117,6153846
315	119,6153846
316	71,6153846
316	112,6153846
316	93,6153846
316	88,6153846
317	72,6153846
317	65,6153846
317	58,6153846
318	63,6153846
318	64,6153846
318	74,6153846
318	75,6153846
319	72,6153846
319	55,6153846
319	61,6153846
319	49,6153846
320	24,6153846
320	38,6153846
320	43,6153846
320	45,6153846
321	23,6153846
321	5,6153846
321	-21,3846154
321	19,6153846
322	16,6153846
322	23,6153846
322	-7,3846154
323	2,6153846
323	34,6153846
323	-12,3846154
323	-6,3846154
324	6,6153846
324	3,6153846
324	-9,3846154
324	20,6153846
325	7,6153846
325	5,6153846
325	-1,3846154
325	4,6153846
326	-0,3846154
326	3,6153846
326	7,6153846
327	13,6153846
327	26,6153846
327	32,6153846
327	-11,3846154
328	8,6153846
328	4,6153846
328	14,6153846
328	16,6153846
329	3,6153846
329	-0,3846154
329	15,6153846
329	31,6153846
330	42,6153846
330	24,6153846
330	57,6153846
330	49,6153846
331	33,6153846
331	45,6153846
331	65,6153846
332	82,6153846
332	114,6153846
332	117,6153846
332	130,6153846
333	106,6153846
333	103,6153846
333	132,6153846
333	115,6153846
334	120,6153846
334	144,6153846
334	161,6153846
334	142,6153846
335	139,6153846
335	133,6153846
335	157,6153846
335	144,6153846
336	183,6153846
336	186,6153846
336	168,6153846
337	157,6153846
337	181,6153846
337	184,6153846
337	184,6153846
338	205,6153846
338	181,6153846
338	156,6153846
338	157,6153846
339	155,6153846
339	162,6153846
339	144,6153846
339	120,6153846
340	93,6153846
340	124,6153846
340	88,6153846
340	78,6153846
341	72,6153846
341	83,6153846
341	92,6153846
342	75,6153846
342	66,6153846
342	103,6153846
342	62,6153846
343	36,6153846
343	43,6153846
343	25,6153846
343	43,6153846
344	28,6153846
344	47,6153846
344	30,6153846
344	13,6153846
345	-5,3846154
345	0,6153846
345	-23,3846154
345	12,6153846
346	11,6153846
346	16,6153846
346	-9,3846154
347	21,6153846
347	-1,3846154
347	20,6153846
347	6,6153846
348	10,6153846
348	32,6153846
348	44,6153846
348	27,6153846
349	15,6153846
349	20,6153846
349	36,6153846
349	38,6153846
350	26,6153846
350	49,6153846
350	62,6153846
350	87,6153846
351	79,6153846
351	45,6153846
351	61,6153846
352	44,6153846
352	98,6153846
352	102,6153846
352	106,6153846
353	118,6153846
353	127,6153846
353	98,6153846
353	111,6153846
354	112,6153846
354	142,6153846
354	139,6153846
354	139,6153846
355	111,6153846
355	146,6153846
355	126,6153846
355	124,6153846
356	123,6153846
356	111,6153846
356	129,6153846
357	137,6153846
357	113,6153846
357	126,6153846
357	157,6153846
358	187,6153846
358	174,6153846
358	176,6153846
358	142,6153846
359	105,6153846
359	116,6153846
359	105,6153846
359	113,6153846
360	105,6153846
360	92,6153846
360	104,6153846
360	81,6153846
361	68,6153846
361	63,6153846
361	75,6153846
362	94,6153846
362	115,6153846
362	73,6153846
362	69,6153846
363	63,6153846
363	61,6153846
363	33,6153846
363	32,6153846
364	30,6153846
364	18,6153846
364	22,6153846
364	23,6153846
365	25,6153846
365	17,6153846
365	-15,3846154
365	12,6153846
366	-1,3846154
366	6,6153846
366	8,6153846
367	27,6153846
367	24,6153846
367	28,6153846
367	11,6153846
368	-13,3846154
368	17,6153846
368	23,6153846
368	18,6153846
369	6,6153846
369	8,6153846
369	15,6153846
369	20,6153846
370	35,6153846
370	13,6153846
370	-5,3846154
370	53,6153846
371	48,6153846
371	42,6153846
371	60,6153846
371	61,6153846
372	39,6153846
372	13,6153846
372	27,6153846
373	51,6153846
373	63,6153846
373	46,6153846
373	23,6153846
374	38,6153846
374	58,6153846
374	65,6153846
374	67,6153846
375	50,6153846
375	85,6153846
375	79,6153846
375	102,6153846
376	69,6153846
376	82,6153846
376	86,6153846
376	98,6153846
377	72,6153846
377	77,6153846
377	93,6153846
378	59,6153846
378	58,6153846
378	86,6153846
378	56,6153846
379	72,6153846
379	71,6153846
379	86,6153846
379	82,6153846
380	80,6153846
380	88,6153846
380	70,6153846
380	72,6153846
381	101,6153846
381	63,6153846
381	83,6153846
381	77,6153846
382	64,6153846
382	61,6153846
382	64,6153846
383	26,6153846
383	28,6153846
383	66,6153846
383	51,6153846
384	48,6153846
384	34,6153846
384	28,6153846
384	72,6153846
385	47,6153846
385	68,6153846
385	45,6153846
385	23,6153846
386	42,6153846
386	27,6153846
386	14,6153846
386	8,6153846
387	18,6153846
387	15,6153846
387	-8,3846154
387	-12,3846154
388	3,6153846
388	37,6153846
388	49,6153846
389	0,6153846
389	-0,3846154
389	17,6153846
389	11,6153846
390	11,6153846
390	24,6153846
390	15,6153846
390	12,6153846
391	11,6153846
391	9,6153846
391	24,6153846
391	8,6153846
392	36,6153846
392	2,6153846
392	22,6153846
392	44,6153846
393	25,6153846
393	10,6153846
393	35,6153846
394	48,6153846
394	16,6153846
394	43,6153846
394	32,6153846
395	3,6153846
395	19,6153846
395	3,6153846
395	24,6153846
396	19,6153846
396	44,6153846
396	7,6153846
396	38,6153846
397	11,6153846
397	55,6153846
397	47,6153846
397	44,6153846
398	45,6153846
398	26,6153846
398	20,6153846
398	27,6153846
399	38,6153846
399	37,6153846
399	27,6153846
400	29,6153846
400	57,6153846
400	61,6153846
400	57,6153846
401	42,6153846
401	59,6153846
401	43,6153846
401	37,6153846
402	41,6153846
402	35,6153846
402	38,6153846
402	35,6153846
403	44,6153846
403	56,6153846
403	30,6153846
403	12,6153846
404	20,6153846
404	47,6153846
404	39,6153846
405	31,6153846
405	42,6153846
405	48,6153846
405	53,6153846
406	41,6153846
406	55,6153846
406	3,6153846
406	18,6153846
407	47,6153846
407	25,6153846
407	25,6153846
407	29,6153846
408	22,6153846
408	17,6153846
408	-16,3846154
408	27,6153846
409	24,6153846
409	14,6153846
409	31,6153846
409	19,6153846
410	13,6153846
410	29,6153846
410	31,6153846
411	24,6153846
411	30,6153846
411	30,6153846
411	4,6153846
412	11,6153846
412	31,6153846
412	10,6153846
412	6,6153846
413	-9,3846154
413	-10,3846154
413	3,6153846
413	15,6153846
414	4,6153846
414	-7,3846154
414	-7,3846154
414	10,6153846
415	25,6153846
415	26,6153846
415	14,6153846
415	11,6153846
416	-3,3846154
416	2,6153846
416	16,6153846
417	30,6153846
417	2,6153846
417	7,6153846
417	35,6153846
418	10,6153846
418	16,6153846
418	7,6153846
418	10,6153846
419	39,6153846
419	4,6153846
419	17,6153846
419	8,6153846
420	54,6153846
420	17,6153846
420	26,6153846
420	11,6153846
421	30,6153846
421	3,6153846
421	37,6153846
421	2,6153846
422	2,6153846
422	31,6153846
422	7,6153846
423	26,6153846
423	7,6153846
423	48,6153846
423	26,6153846
424	34,6153846
424	8,6153846
424	24,6153846
424	20,6153846
425	40,6153846
425	7,6153846
425	-0,3846154
425	8,6153846
426	-0,3846154
426	20,6153846
426	19,6153846
426	30,6153846
427	40,6153846
427	-7,3846154
427	12,6153846
427	21,6153846
428	18,6153846
428	30,6153846
428	13,6153846
429	24,6153846
429	48,6153846
429	12,6153846
429	38,6153846
430	32,6153846
430	4,6153846
430	1,6153846
430	4,6153846
431	8,6153846
431	1,6153846
431	16,6153846
431	38,6153846
432	30,6153846
432	20,6153846
432	37,6153846
432	39,6153846
433	18,6153846
433	32,6153846
433	22,6153846
433	18,6153846
434	20,6153846
434	21,6153846
434	-4,3846154
435	3,6153846
435	10,6153846
435	22,6153846
435	4,6153846
436	17,6153846
436	32,6153846
436	12,6153846
436	1,6153846
437	19,6153846
437	0,6153846
437	-4,3846154
437	1,6153846
438	10,6153846
438	39,6153846
438	36,6153846
438	-7,3846154
439	8,6153846
439	7,6153846
439	4,6153846
439	33,6153846
440	29,6153846
440	9,6153846
440	22,6153846
441	-10,3846154
441	-8,3846154
441	16,6153846
441	28,6153846
442	11,6153846
442	16,6153846
442	10,6153846
442	-0,3846154
443	15,6153846
443	24,6153846
443	4,6153846
443	-1,3846154
444	-25,3846154
444	28,6153846
444	-7,3846154
444	-13,3846154
445	-3,3846154
445	1,6153846
445	-2,3846154
445	12,6153846
446	-1,3846154
446	11,6153846
446	-3,3846154
447	-1,3846154
447	23,6153846
447	26,6153846
447	17,6153846
448	38,6153846
448	-6,3846154
448	6,6153846
448	-20,3846154
449	-1,3846154
449	11,6153846
449	-0,3846154
449	8,6153846
450	6,6153846
450	-10,3846154
450	-5,3846154
450	-4,3846154
451	11,6153846
451	-7,3846154
451	-17,3846154
451	-5,3846154
452	-18,3846154
452	-34,3846154
452	-10,3846154
452	14,6153846
453	-2,3846154
453	2,6153846
453	-5,3846154
454	-0,3846154
454	14,6153846
454	1,6153846
454	3,6153846
455	0,6153846
455	-8,3846154
455	-20,3846154
455	-4,3846154
456	23,6153846
456	11,6153846
456	5,6153846
456	21,6153846
457	11,6153846
457	-3,3846154
457	-0,3846154
457	-14,3846154
458	10,6153846
458	-10,3846154
458	-2,3846154
458	30,6153846
459	-6,3846154
459	-4,3846154
459	12,6153846
460	19,6153846
460	13,6153846
460	23,6153846
460	0,6153846
461	5,6153846
461	1,6153846
461	4,6153846
461	24,6153846
462	12,6153846
462	-16,3846154
462	7,6153846
462	13,6153846
463	-3,3846154
463	0,6153846
463	-34,3846154
463	-28,3846154
464	-9,3846154
464	3,6153846
464	2,6153846
464	-13,3846154
465	2,6153846
465	37,6153846
465	10,6153846
465	2,6153846
466	-8,3846154
466	10,6153846
466	-8,3846154
467	12,6153846
467	-13,3846154
467	-5,3846154
467	-4,3846154
468	5,6153846
468	23,6153846
468	-12,3846154
468	-9,3846154
469	7,6153846
469	12,6153846
469	0,6153846
469	12,6153846
470	23,6153846
470	1,6153846
470	3,6153846
470	-3,3846154
471	11,6153846
471	9,6153846
471	5,6153846
471	-4,3846154
472	2,6153846
472	11,6153846
472	-4,3846154
472	37,6153846
473	3,6153846
473	7,6153846
473	16,6153846
474	30,6153846
474	0,6153846
474	8,6153846
474	-33,3846154
475	-3,3846154
475	-9,3846154
475	14,6153846
475	7,6153846
476	-11,3846154
476	5,6153846
476	-8,3846154
476	0,6153846
477	19,6153846
477	6,6153846
477	-14,3846154
477	-0,3846154
478	3,6153846
478	-11,3846154
478	-9,3846154
478	4,6153846
479	14,6153846
479	1,6153846
479	-10,3846154
479	-16,3846154
480	18,6153846
480	-29,3846154
480	5,6153846
481	19,6153846
481	-18,3846154
481	-0,3846154
481	-3,3846154
482	38,6153846
482	7,6153846
482	-9,3846154
482	12,6153846
483	-33,3846154
483	-0,3846154
483	-2,3846154
483	-21,3846154
484	12,6153846
484	29,6153846
484	9,6153846
484	-7,3846154
485	1,6153846
485	15,6153846
485	-20,3846154
485	11,6153846
486	-7,3846154
486	-7,3846154
486	-8,3846154
486	-7,3846154
487	3,6153846
487	33,6153846
487	23,6153846
488	18,6153846
488	7,6153846
488	-15,3846154
488	-18,3846154
489	10,6153846
489	25,6153846
489	12,6153846
489	-5,3846154
490	18,6153846
490	9,6153846
490	-17,3846154
490	1,6153846
491	-0,3846154
491	0,6153846
491	-15,3846154
491	-5,3846154
492	-23,3846154
492	3,6153846
492	-6,3846154
492	-7,3846154
493	7,6153846
493	12,6153846
493	7,6153846
493	-31,3846154
494	-20,3846154
494	-11,3846154
494	-0,3846154
495	-8,3846154
495	-19,3846154
495	4,6153846
495	-17,3846154
496	28,6153846
496	3,6153846
496	1,6153846
496	-3,3846154
497	9,6153846
497	26,6153846
497	6,6153846
497	33,6153846
498	-0,3846154
498	-3,3846154
498	-7,3846154
498	-32,3846154
499	-0,3846154
499	10,6153846
499	-20,3846154
499	31,6153846
500	33,6153846
500	11,6153846
500	-22,3846154
500	-0,3846154
501	-10,3846154
501	4,6153846
501	-8,3846154
502	-7,3846154
502	-11,3846154
502	-4,3846154
502	-28,3846154
503	2,6153846
503	4,6153846
503	1,6153846
503	-11,3846154
504	7,6153846
504	3,6153846
504	1,6153846
504	1,6153846
505	5,6153846
505	14,6153846
505	10,6153846
505	-0,3846154
506	2,6153846
506	-2,3846154
506	-1,3846154
506	6,6153846
507	-5,3846154
507	-3,3846154
507	1,6153846
507	-30,3846154
508	-7,3846154
508	28,6153846
508	12,6153846
508	31,6153846
509	-5,3846154
509	33,6153846
509	-3,3846154
510	-2,3846154
510	-0,3846154
510	-21,3846154
510	-16,3846154
511	-0,3846154
511	-8,3846154
511	-26,3846154
511	-21,3846154
512	22,6153846
512	-3,3846154
512	-8,3846154
512	-6,3846154
513	-32,3846154
513	-15,3846154
513	-5,3846154
513	4,6153846
514	-2,3846154
514	15,6153846
514	-1,3846154
514	6,6153846
515	5,6153846
515	-11,3846154
515	-15,3846154
515	8,6153846
516	10,6153846
516	33,6153846
516	16,6153846
516	-30,3846154
517	-21,3846154
517	-10,3846154
517	-13,3846154
518	-24,3846154
518	-5,3846154
518	24,6153846
518	-7,3846154
519	19,6153846
519	18,6153846
519	1,6153846
519	25,6153846
520	-12,3846154
520	-17,3846154
520	26,6153846
520	-5,3846154
521	-8,3846154
521	20,6153846
521	-1,3846154
521	18,6153846
522	24,6153846
522	10,6153846
522	5,6153846
522	-1,3846154
523	11,6153846
523	4,6153846
523	-14,3846154
523	-6,3846154
524	11,6153846
524	-8,3846154
524	9,6153846
524	7,6153846
525	21,6153846
525	5,6153846
525	-4,3846154
526	4,6153846
526	25,6153846
526	12,6153846
526	6,6153846
527	0,6153846
527	17,6153846
527	5,6153846
527	11,6153846
528	11,6153846
528	24,6153846
528	12,6153846
528	21,6153846
529	16,6153846
529	-28,3846154
529	-14,3846154
529	28,6153846
530	-0,3846154
530	-13,3846154
530	18,6153846
530	15,6153846
531	8,6153846
531	-9,3846154
531	22,6153846
531	17,6153846
532	-7,3846154
532	10,6153846
532	6,6153846
532	-10,3846154
533	1,6153846
533	-16,3846154
533	-15,3846154
534	-6,3846154
534	13,6153846
534	-3,3846154
534	-21,3846154
535	1,6153846
535	0,6153846
535	15,6153846
535	5,6153846
536	24,6153846
536	19,6153846
536	-33,3846154
536	-17,3846154
537	-4,3846154
537	-15,3846154
537	5,6153846
537	-8,3846154
538	-1,3846154
538	-20,3846154
538	11,6153846
538	-29,3846154
539	-9,3846154
539	-5,3846154
539	4,6153846
539	38,6153846
540	-2,3846154
540	-1,3846154
540	-3,3846154
540	3,6153846
541	10,6153846
541	-8,3846154
541	-8,3846154
541	-9,3846154
542	-5,3846154
542	-14,3846154
542	10,6153846
543	-26,3846154
543	-21,3846154
543	-9,3846154
543	32,6153846
544	-9,3846154
544	18,6153846
544	14,6153846
544	6,6153846
545	-23,3846154
545	15,6153846
545	-11,3846154
545	-27,3846154
546	20,6153846
546	-6,3846154
546	10,6153846
546	-7,3846154
547	1,6153846
547	-1,3846154
547	-7,3846154
547	-8,3846154
548	8,6153846
548	5,6153846
548	0,6153846
548	10,6153846
549	11,6153846
549	32,6153846
549	11,6153846
549	-12,3846154
550	-14,3846154
550	-8,3846154
550	-0,3846154
550	5,6153846
551	-40,3846154
551	-0,3846154
551	3,6153846
552	-17,3846154
552	4,6153846
552	17,6153846
552	0,6153846
553	-19,3846154
553	-1,3846154
553	-15,3846154
553	18,6153846
554	-4,3846154
554	-8,3846154
554	-22,3846154
554	-20,3846154
555	13,6153846
555	23,6153846
555	-16,3846154
555	-9,3846154
556	14,6153846
556	-11,3846154
556	14,6153846
556	8,6153846
557	37,6153846
557	4,6153846
557	-31,3846154
557	-4,3846154
558	8,6153846
558	-12,3846154
558	15,6153846
558	6,6153846
559	40,6153846
559	-5,3846154
559	-14,3846154
559	-6,3846154
560	13,6153846
560	22,6153846
560	24,6153846
561	11,6153846
561	-14,3846154
561	-12,3846154
561	5,6153846
562	-12,3846154
562	-3,3846154
562	14,6153846
562	-17,3846154
563	8,6153846
563	-0,3846154
563	18,6153846
563	12,6153846
564	-4,3846154
564	-17,3846154
564	-10,3846154
564	18,6153846
565	6,6153846
565	6,6153846
565	6,6153846
565	18,6153846
566	8,6153846
566	7,6153846
566	-14,3846154
566	8,6153846
567	6,6153846
567	-13,3846154
567	-0,3846154
567	-30,3846154
568	1,6153846
568	3,6153846
568	9,6153846
568	-4,3846154
569	-2,3846154
569	18,6153846
569	3,6153846
569	-7,3846154
570	-12,3846154
570	11,6153846
570	0,6153846
571	-5,3846154
571	16,6153846
571	-4,3846154
571	-8,3846154
572	0,6153846
572	-7,3846154
572	-12,3846154
572	15,6153846
573	-12,3846154
573	-8,3846154
573	-6,3846154
573	-15,3846154
574	12,6153846
574	11,6153846
574	-0,3846154
574	-12,3846154
575	16,6153846
575	-14,3846154
575	-4,3846154
575	-1,3846154
576	-1,3846154
576	-20,3846154
576	33,6153846
576	10,6153846
577	-11,3846154
577	18,6153846
577	6,6153846
577	-9,3846154
578	32,6153846
578	-4,3846154
578	-8,3846154
578	5,6153846
579	20,6153846
579	-0,3846154
579	-11,3846154
579	-6,3846154
580	11,6153846
580	-4,3846154
580	13,6153846
581	33,6153846
581	-12,3846154
581	12,6153846
581	-19,3846154
582	-28,3846154
582	-23,3846154
582	27,6153846
582	4,6153846
583	-12,3846154
583	-17,3846154
583	10,6153846
583	15,6153846
584	20,6153846
584	-9,3846154
584	4,6153846
584	29,6153846
585	13,6153846
585	-4,3846154
585	13,6153846
585	14,6153846
586	-10,3846154
586	2,6153846
586	9,6153846
586	21,6153846
587	17,6153846
587	-25,3846154
587	-2,3846154
587	-12,3846154
588	0,6153846
588	10,6153846
588	14,6153846
588	-8,3846154
589	-0,3846154
589	-12,3846154
589	32,6153846
589	-21,3846154
590	-0,3846154
590	-6,3846154
590	13,6153846
590	15,6153846
591	13,6153846
591	5,6153846
591	-25,3846154
592	2,6153846
592	-9,3846154
592	-7,3846154
592	-0,3846154
593	12,6153846
593	-4,3846154
593	-1,3846154
593	15,6153846
594	36,6153846
594	-2,3846154
594	14,6153846
594	28,6153846
595	8,6153846
595	-18,3846154
595	41,6153846
595	-32,3846154
596	24,6153846
596	5,6153846
596	-23,3846154
596	17,6153846
597	7,6153846
597	5,6153846
597	-9,3846154
597	-222,3846154
598	-24,3846154
598	-20,3846154
598	-10,3846154
598	13,6153846
599	-4,3846154
599	-2,3846154
599	-19,3846154
599	-11,3846154
600	0,6153846
600	-0,3846154
600	3,6153846
600	-7,3846154
601	-35,3846154
601	-25,3846154
601	-4,3846154
601	-14,3846154
602	2,6153846
602	-3,3846154
602	9,6153846
603	4,6153846
603	26,6153846
603	45,6153846
603	3,6153846
604	1,6153846
604	19,6153846
604	7,6153846
604	9,6153846
605	18,6153846
605	3,6153846
605	-11,3846154
605	10,6153846
606	-8,3846154
606	-6,3846154
606	29,6153846
606	16,6153846
607	-13,3846154
607	-1,3846154
607	13,6153846
607	8,6153846
608	17,6153846
608	9,6153846
608	0,6153846
608	12,6153846
609	-6,3846154
609	-21,3846154
609	8,6153846
609	-21,3846154
610	-11,3846154
610	14,6153846
610	13,6153846
610	-4,3846154
611	16,6153846
611	5,6153846
611	-7,3846154
611	9,6153846
612	10,6153846
612	9,6153846
612	24,6153846
612	24,6153846
613	34,6153846
613	22,6153846
613	1,6153846
613	17,6153846
614	38,6153846
614	-11,3846154
614	-0,3846154
614	-9,3846154
615	5,6153846
615	21,6153846
615	1,6153846
616	-17,3846154
616	-18,3846154
616	-2,3846154
616	-22,3846154
617	-12,3846154
617	-4,3846154
617	16,6153846
617	7,6153846
618	11,6153846
618	6,6153846
618	4,6153846
618	15,6153846
619	20,6153846
619	15,6153846
619	6,6153846
619	-1,3846154
620	12,6153846
620	6,6153846
620	-19,3846154
620	-11,3846154
621	-4,3846154
621	23,6153846
621	-9,3846154
621	-13,3846154
622	-10,3846154
622	1,6153846
622	1,6153846
622	10,6153846
623	-11,3846154
623	-16,3846154
623	23,6153846
623	8,6153846
624	-17,3846154
624	-14,3846154
624	8,6153846
624	0,6153846
625	17,6153846
625	7,6153846
625	-5,3846154
625	1,6153846
626	7,6153846
626	-12,3846154
626	-13,3846154
626	6,6153846
627	9,6153846
627	-7,3846154
627	41,6153846
627	12,6153846
628	3,6153846
628	11,6153846
628	18,6153846
629	-3,3846154
629	-0,3846154
629	-13,3846154
629	-1,3846154
630	11,6153846
630	-6,3846154
630	-6,3846154
630	18,6153846
631	-0,3846154
631	-5,3846154
631	-22,3846154
631	4,6153846
632	11,6153846
632	-5,3846154
632	18,6153846
632	13,6153846
633	7,6153846
633	17,6153846
633	14,6153846
633	6,6153846
634	-0,3846154
634	-3,3846154
634	2,6153846
634	-16,3846154
635	4,6153846
635	0,6153846
635	-5,3846154
635	26,6153846
636	8,6153846
636	10,6153846
636	9,6153846
636	-3,3846154
637	2,6153846
637	10,6153846
637	-12,3846154
637	6,6153846
638	4,6153846
638	16,6153846
638	6,6153846
638	2,6153846
639	-9,3846154
639	-16,3846154
639	-11,3846154
639	5,6153846
640	-0,3846154
640	2,6153846
640	-18,3846154
640	14,6153846
641	-5,3846154
641	-4,3846154
641	6,6153846
641	-10,3846154
642	9,6153846
642	21,6153846
642	11,6153846
642	-5,3846154
643	-0,3846154
643	3,6153846
643	-4,3846154
644	-4,3846154
644	-14,3846154
644	-2,3846154
644	27,6153846
645	1,6153846
645	-3,3846154
645	9,6153846
645	-0,3846154
646	-11,3846154
646	-1,3846154
646	-9,3846154
646	12,6153846
647	15,6153846
647	42,6153846
647	0,6153846
647	2,6153846
648	-3,3846154
648	13,6153846
648	-4,3846154
648	19,6153846
649	13,6153846
649	43,6153846
649	-1,3846154
649	8,6153846
650	29,6153846
650	10,6153846
650	9,6153846
650	2,6153846
651	22,6153846
651	23,6153846
651	12,6153846
651	15,6153846
652	-9,3846154
652	-22,3846154
652	23,6153846
652	9,6153846
653	27,6153846
653	25,6153846
653	-4,3846154
653	-6,3846154
654	-28,3846154
654	-7,3846154
654	29,6153846
654	6,6153846
655	8,6153846
655	11,6153846
655	-8,3846154
655	-9,3846154
656	31,6153846
656	-8,3846154
656	-20,3846154
656	6,6153846
657	14,6153846
657	-9,3846154
657	-6,3846154
657	8,6153846
658	9,6153846
658	23,6153846
658	10,6153846
658	-24,3846154
659	8,6153846
659	5,6153846
659	14,6153846
660	4,6153846
660	-8,3846154
660	-6,3846154
660	6,6153846
661	14,6153846
661	33,6153846
661	14,6153846
661	0,6153846
662	30,6153846
662	17,6153846
662	17,6153846
662	29,6153846
663	-28,3846154
663	6,6153846
663	0,6153846
663	14,6153846
664	19,6153846
664	38,6153846
664	-6,3846154
664	9,6153846
665	11,6153846
665	1,6153846
665	30,6153846
665	5,6153846
666	1,6153846
666	13,6153846
666	24,6153846
666	2,6153846
667	14,6153846
667	-9,3846154
667	10,6153846
667	-4,3846154
668	4,6153846
668	1,6153846
668	-12,3846154
668	11,6153846
669	15,6153846
669	-24,3846154
669	-0,3846154
669	-0,3846154
670	8,6153846
670	9,6153846
670	0,6153846
670	-7,3846154
671	13,6153846
671	14,6153846
671	7,6153846
671	-18,3846154
672	14,6153846
672	20,6153846
672	33,6153846
672	14,6153846
673	-8,3846154
673	-10,3846154
673	15,6153846
673	28,6153846
674	-6,3846154
674	17,6153846
674	5,6153846
674	45,6153846
675	-18,3846154
675	12,6153846
675	-22,3846154
675	-7,3846154
676	11,6153846
676	3,6153846
676	-2,3846154
676	0,6153846
677	37,6153846
677	8,6153846
677	-24,3846154
677	-16,3846154
678	27,6153846
678	15,6153846
678	-9,3846154
678	7,6153846
679	18,6153846
679	6,6153846
679	27,6153846
680	21,6153846
680	-9,3846154
680	18,6153846
680	17,6153846
681	34,6153846
681	8,6153846
681	2,6153846
681	18,6153846
682	-28,3846154
682	-1,3846154
682	4,6153846
682	22,6153846
683	-0,3846154
683	4,6153846
683	2,6153846
683	7,6153846
684	13,6153846
684	6,6153846
684	-1,3846154
684	-14,3846154
685	23,6153846
685	-7,3846154
685	10,6153846
685	-3,3846154
686	6,6153846
686	14,6153846
686	12,6153846
686	8,6153846
687	0,6153846
687	-7,3846154
687	-14,3846154
687	-9,3846154
688	-11,3846154
688	-3,3846154
688	-2,3846154
688	-16,3846154
689	11,6153846
689	10,6153846
689	7,6153846
689	-5,3846154
690	2,6153846
690	-5,3846154
690	-27,3846154
690	3,6153846
691	17,6153846
691	3,6153846
691	5,6153846
691	6,6153846
692	-4,3846154
692	-4,3846154
692	1,6153846
692	4,6153846
693	15,6153846
693	-17,3846154
693	-9,3846154
693	-17,3846154
694	-12,3846154
694	-5,3846154
694	-1,3846154
694	-6,3846154
695	7,6153846
695	-1,3846154
695	-27,3846154
695	-7,3846154
696	-13,3846154
696	-18,3846154
696	-3,3846154
696	27,6153846
697	0,6153846
697	-21,3846154
697	-4,3846154
697	10,6153846
698	-14,3846154
698	-21,3846154
698	0,6153846
698	-4,3846154
699	9,6153846
699	-3,3846154
699	3,6153846
699	-0,3846154
700	9,6153846
700	-4,3846154
700	-5,3846154
700	-17,3846154
701	1,6153846
701	-13,3846154
701	30,6153846
701	4,6153846
702	-3,3846154
702	0,6153846
702	-20,3846154
702	-10,3846154
703	4,6153846
703	-9,3846154
703	2,6153846
703	-10,3846154
704	8,6153846
704	4,6153846
704	4,6153846
704	-1,3846154
705	10,6153846
705	0,6153846
705	19,6153846
706	4,6153846
706	13,6153846
706	-12,3846154
706	-1,3846154
707	-10,3846154
707	-21,3846154
707	3,6153846
707	7,6153846
708	6,6153846
708	2,6153846
708	1,6153846
708	-1,3846154
709	1,6153846
709	4,6153846
709	2,6153846
709	-12,3846154
710	-5,3846154
710	-12,3846154
710	-7,3846154
710	-8,3846154
711	2,6153846
711	2,6153846
711	4,6153846
711	-14,3846154
712	-0,3846154
712	-2,3846154
712	-10,3846154
712	-7,3846154
713	-12,3846154
713	1,6153846
713	14,6153846
713	4,6153846
714	22,6153846
714	3,6153846
714	-4,3846154
714	2,6153846
715	-13,3846154
715	-9,3846154
715	-0,3846154
715	9,6153846
716	8,6153846
716	18,6153846
716	-6,3846154
716	-0,3846154
717	2,6153846
717	-10,3846154
717	9,6153846
717	-3,3846154
718	-1,3846154
718	-6,3846154
718	-11,3846154
718	7,6153846
719	9,6153846
719	3,6153846
719	11,6153846
719	-15,3846154
720	-9,3846154
720	-7,3846154
720	-2,3846154
720	17,6153846
721	26,6153846
721	2,6153846
721	18,6153846
721	-17,3846154
722	29,6153846
722	5,6153846
722	-11,3846154
722	-18,3846154
723	10,6153846
723	4,6153846
723	-8,3846154
723	27,6153846
724	-5,3846154
724	1,6153846
724	14,6153846
724	-16,3846154
725	8,6153846
725	14,6153846
725	4,6153846
725	0,6153846
726	-0,3846154
726	15,6153846
726	7,6153846
726	1,6153846
727	8,6153846
727	-20,3846154
727	7,6153846
727	-10,3846154
728	13,6153846
728	-3,3846154
728	-6,3846154
728	3,6153846
729	4,6153846
729	24,6153846
729	20,6153846
729	25,6153846
730	11,6153846
730	-14,3846154
730	-26,3846154
730	-9,3846154
731	-1,3846154
731	5,6153846
731	-15,3846154
731	11,6153846
732	-9,3846154
732	-4,3846154
732	-0,3846154
732	15,6153846
733	15,6153846
733	-2,3846154
733	5,6153846
733	9,6153846
734	-29,3846154
734	3,6153846
734	-5,3846154
734	9,6153846
735	-11,3846154
735	-15,3846154
735	19,6153846
735	-1,3846154
736	-30,3846154
736	3,6153846
736	-26,3846154
736	20,6153846
737	4,6153846
737	-10,3846154
737	-20,3846154
737	7,6153846
738	1,6153846
738	-0,3846154
738	4,6153846
738	-12,3846154
739	7,6153846
739	29,6153846
739	-5,3846154
739	-8,3846154
740	-21,3846154
740	-8,3846154
740	-1,3846154
740	-12,3846154
741	-0,3846154
741	-1,3846154
741	4,6153846
741	-7,3846154
742	19,6153846
742	23,6153846
742	3,6153846
742	-16,3846154
743	-20,3846154
743	16,6153846
743	5,6153846
743	10,6153846
744	8,6153846
744	-2,3846154
744	7,6153846
744	-2,3846154
745	-15,3846154
745	-17,3846154
745	15,6153846
745	-17,3846154
746	-1,3846154
746	8,6153846
746	1,6153846
746	18,6153846
747	2,6153846
747	7,6153846
747	9,6153846
747	-9,3846154
748	8,6153846
748	8,6153846
748	9,6153846
748	22,6153846
749	-11,3846154
749	-7,3846154
749	-1,3846154
749	-2,3846154
750	-1,3846154
750	7,6153846
750	12,6153846
750	1,6153846
751	10,6153846
751	-4,3846154
751	-10,3846154
751	8,6153846
752	1,6153846
752	-6,3846154
752	13,6153846
752	22,6153846
753	-9,3846154
753	-1,3846154
753	-0,3846154
753	13,6153846
754	-4,3846154
754	-17,3846154
754	-16,3846154
754	-22,3846154
755	-8,3846154
755	-8,3846154
755	3,6153846
755	-4,3846154
756	-14,3846154
756	1,6153846
756	8,6153846
756	8,6153846
757	-14,3846154
757	0,6153846
757	-3,3846154
757	27,6153846
758	-6,3846154
758	-3,3846154
758	3,6153846
758	17,6153846
759	4,6153846
759	16,6153846
759	-5,3846154
759	-4,3846154
760	6,6153846
760	-3,3846154
760	4,6153846
760	2,6153846
761	11,6153846
761	20,6153846
761	-2,3846154
761	13,6153846
762	26,6153846
762	-0,3846154
762	-5,3846154
762	-12,3846154
763	-1,3846154
763	26,6153846
763	12,6153846
763	-12,3846154
764	14,6153846
764	-10,3846154
764	6,6153846
764	11,6153846
765	6,6153846
765	3,6153846
765	-5,3846154
765	30,6153846
766	2,6153846
766	-6,3846154
766	11,6153846
766	-9,3846154
767	-3,3846154
767	6,6153846
767	9,6153846
767	-21,3846154
768	0,6153846
768	-10,3846154
768	13,6153846
768	31,6153846
769	-19,3846154
769	6,6153846
769	-14,3846154
769	-18,3846154
770	2,6153846
770	-10,3846154
770	4,6153846
770	-10,3846154
771	-16,3846154
771	-10,3846154
771	5,6153846
771	0,6153846
772	35,6153846
772	11,6153846
772	22,6153846
772	16,6153846
773	-21,3846154
773	-9,3846154
773	-12,3846154
773	-6,3846154
774	3,6153846
774	20,6153846
774	-11,3846154
774	12,6153846
775	-10,3846154
775	-5,3846154
775	1,6153846
775	14,6153846
776	-22,3846154
776	-13,3846154
776	23,6153846
776	-5,3846154
777	21,6153846
777	-10,3846154
777	2,6153846
777	1,6153846
778	-12,3846154
778	16,6153846
778	13,6153846
778	15,6153846
779	12,6153846
779	-19,3846154
779	1,6153846
779	12,6153846
780	0,6153846
780	-22,3846154
780	14,6153846
780	-3,3846154
781	11,6153846
781	-3,3846154
781	12,6153846
781	11,6153846
782	17,6153846
782	-5,3846154
782	-1,3846154
782	35,6153846
783	14,6153846
783	-17,3846154
783	-3,3846154
783	-25,3846154
784	5,6153846
784	21,6153846
784	8,6153846
784	-5,3846154
785	-11,3846154
785	10,6153846
785	-24,3846154
785	-22,3846154
786	-12,3846154
786	-23,3846154
786	11,6153846
786	-5,3846154
787	3,6153846
787	-5,3846154
787	-20,3846154
787	-26,3846154
788	-31,3846154
788	-18,3846154
788	-7,3846154
788	-18,3846154
789	16,6153846
789	5,6153846
789	-12,3846154
789	-24,3846154
790	-1,3846154
790	-26,3846154
790	12,6153846
790	-0,3846154
791	7,6153846
791	-10,3846154
791	-24,3846154
791	-21,3846154
792	-3,3846154
792	1,6153846
792	33,6153846
792	-3,3846154
793	0,6153846
793	-15,3846154
793	-21,3846154
793	8,6153846
794	11,6153846
794	-10,3846154
794	-5,3846154
794	-23,3846154
795	-16,3846154
795	-3,3846154
795	11,6153846
795	8,6153846
796	17,6153846
796	16,6153846
796	-4,3846154
796	6,6153846
797	11,6153846
797	-24,3846154
797	26,6153846
797	-7,3846154
798	-6,3846154
798	-2,3846154
798	21,6153846
798	58,6153846
799	-16,3846154
799	-0,3846154
799	11,6153846
799	-11,3846154
800	6,6153846
800	30,6153846
800	-4,3846154
800	-13,3846154
801	30,6153846
801	19,6153846
801	-1,3846154
801	-17,3846154
802	-13,3846154
802	-2,3846154
802	17,6153846
802	4,6153846
803	-8,3846154
803	-7,3846154
803	-3,3846154
803	1,6153846
804	11,6153846
804	-5,3846154
804	-15,3846154
804	19,6153846
805	-24,3846154
805	-65,3846154
805	19,6153846
805	-17,3846154
806	-24,3846154
806	-17,3846154
806	18,6153846
806	4,6153846
807	-10,3846154
807	20,6153846
807	15,6153846
807	22,6153846
808	-16,3846154
808	-22,3846154
808	2,6153846
808	-4,3846154
809	1,6153846
809	1,6153846
809	-7,3846154
809	-2,3846154
810	-4,3846154
810	13,6153846
810	-13,3846154
810	-7,3846154
811	14,6153846
811	-2,3846154
811	-12,3846154
811	-8,3846154
812	-10,3846154
812	23,6153846
812	-11,3846154
812	-25,3846154
813	-15,3846154
813	13,6153846
813	6,6153846
813	1,6153846
814	3,6153846
814	-8,3846154
814	-20,3846154
814	-4,3846154
815	28,6153846
815	-6,3846154
815	-0,3846154
815	-14,3846154
816	44,6153846
816	15,6153846
816	-3,3846154
816	2,6153846
817	-1,3846154
817	4,6153846
817	-6,3846154
817	9,6153846
818	-15,3846154
818	3,6153846
818	-2,3846154
818	-5,3846154
819	-5,3846154
819	12,6153846
819	-10,3846154
819	4,6153846
820	-9,3846154
820	-5,3846154
820	-10,3846154
820	10,6153846
820	-29,3846154
821	-30,3846154
821	-12,3846154
821	0,6153846
821	-10,3846154
822	23,6153846
822	12,6153846
822	-29,3846154
822	-31,3846154
823	-10,3846154
823	-15,3846154
823	-7,3846154
823	-19,3846154
824	2,6153846
824	-2,3846154
824	1,6153846
824	5,6153846
825	2,6153846
825	33,6153846
825	-20,3846154
825	14,6153846
826	15,6153846
826	-14,3846154
826	9,6153846
826	-9,3846154
827	-21,3846154
827	-7,3846154
827	0,6153846
827	-18,3846154
828	-0,3846154
828	-13,3846154
828	-11,3846154
828	-25,3846154
829	26,6153846
829	19,6153846
829	6,6153846
829	-13,3846154
830	-2,3846154
830	8,6153846
830	-1,3846154
830	-3,3846154
831	4,6153846
831	-9,3846154
831	7,6153846
831	12,6153846
832	-2,3846154
832	-7,3846154
832	4,6153846
832	3,6153846
833	16,6153846
833	-21,3846154
833	-17,3846154
833	6,6153846
834	46,6153846
834	11,6153846
834	10,6153846
834	-29,3846154
835	-22,3846154
835	31,6153846
835	-3,3846154
835	4,6153846
836	37,6153846
836	-3,3846154
836	5,6153846
836	21,6153846
837	-6,3846154
837	-9,3846154
837	-26,3846154
837	2,6153846
838	-15,3846154
838	12,6153846
838	10,6153846
838	-6,3846154
839	16,6153846
839	-20,3846154
839	-10,3846154
839	32,6153846
840	8,6153846
840	-8,3846154
840	3,6153846
840	-7,3846154
841	-19,3846154
841	20,6153846
841	15,6153846
841	-13,3846154
842	-7,3846154
842	11,6153846
842	-14,3846154
842	-1,3846154
843	19,6153846
843	19,6153846
843	3,6153846
843	-10,3846154
844	-3,3846154
844	-1,3846154
844	20,6153846
844	0,6153846
845	7,6153846
845	25,6153846
845	17,6153846
845	8,6153846
845	0,6153846
846	-27,3846154
846	0,6153846
846	-17,3846154
846	-13,3846154
847	7,6153846
847	4,6153846
847	2,6153846
847	-3,3846154
848	-11,3846154
848	-15,3846154
848	4,6153846
848	5,6153846
849	-3,3846154
849	-3,3846154
849	5,6153846
849	10,6153846
850	5,6153846
850	4,6153846
850	14,6153846
850	42,6153846
851	0,6153846
851	-45,3846154
851	0,6153846
851	1,6153846
852	-29,3846154
852	-13,3846154
852	-2,3846154
852	-27,3846154
853	-17,3846154
853	2,6153846
853	-35,3846154
853	-19,3846154
854	-23,3846154
854	2,6153846
854	-23,3846154
854	-0,3846154
855	-13,3846154
855	-17,3846154
855	1,6153846
855	-18,3846154
856	-20,3846154
856	-4,3846154
856	13,6153846
856	-16,3846154
857	6,6153846
857	17,6153846
857	-13,3846154
857	-18,3846154
858	30,6153846
858	17,6153846
858	9,6153846
858	7,6153846
859	4,6153846
859	-22,3846154
859	17,6153846
859	-3,3846154
860	-6,3846154
860	-3,3846154
860	30,6153846
860	-6,3846154
861	-1,3846154
861	-3,3846154
861	14,6153846
861	7,6153846
862	16,6153846
862	1,6153846
862	-28,3846154
862	-2,3846154
863	8,6153846
863	-8,3846154
863	3,6153846
863	4,6153846
864	25,6153846
864	-22,3846154
864	-5,3846154
864	0,6153846
864	-6,3846154
865	-18,3846154
865	-2,3846154
865	-11,3846154
865	-6,3846154
866	-7,3846154
866	-10,3846154
866	16,6153846
866	15,6153846
867	8,6153846
867	-11,3846154
867	-1,3846154
867	0,6153846
868	-10,3846154
868	-10,3846154
868	-2,3846154
868	5,6153846
869	-9,3846154
869	-4,3846154
869	-0,3846154
869	-14,3846154
870	13,6153846
870	-10,3846154
870	-6,3846154
870	24,6153846
871	-12,3846154
871	-17,3846154
871	-11,3846154
871	-27,3846154
872	14,6153846
872	-21,3846154
872	-3,3846154
872	15,6153846
873	-14,3846154
873	-0,3846154
873	-16,3846154
873	15,6153846
874	-1,3846154
874	-1,3846154
874	-0,3846154
874	-14,3846154
875	-16,3846154
875	-36,3846154
875	-27,3846154
875	1,6153846
876	-4,3846154
876	8,6153846
876	-8,3846154
876	-9,3846154
877	-7,3846154
877	-15,3846154
877	-3,3846154
877	-12,3846154
878	-1,3846154
878	-10,3846154
878	21,6153846
878	27,6153846
879	10,6153846
879	-29,3846154
879	7,6153846
879	-21,3846154
880	-1,3846154
880	-19,3846154
880	10,6153846
880	-13,3846154
880	7,6153846
881	29,6153846
881	13,6153846
881	-3,3846154
881	-29,3846154
882	-3,3846154
882	-7,3846154
882	-11,3846154
882	-0,3846154
883	-2,3846154
883	-33,3846154
883	2,6153846
883	-1,3846154
884	24,6153846
884	4,6153846
884	-0,3846154
884	-5,3846154
885	-25,3846154
885	13,6153846
885	8,6153846
885	1,6153846
886	-6,3846154
886	-13,3846154
886	-20,3846154
886	6,6153846
887	-0,3846154
887	-1,3846154
887	-25,3846154
887	-25,3846154
888	2,6153846
888	-18,3846154
888	-9,3846154
888	-21,3846154
889	-8,3846154
889	1,6153846
889	-5,3846154
889	7,6153846
890	-12,3846154
890	-36,3846154
890	8,6153846
890	7,6153846
891	-21,3846154
891	-10,3846154
891	15,6153846
891	13,6153846
892	-16,3846154
892	6,6153846
892	-20,3846154
892	19,6153846
893	-16,3846154
893	-2,3846154
893	-13,3846154
893	-15,3846154
894	8,6153846
894	-3,3846154
894	14,6153846
894	7,6153846
894	-7,3846154
895	10,6153846
895	-9,3846154
895	-2,3846154
895	-9,3846154
896	22,6153846
896	6,6153846
896	-1,3846154
896	30,6153846
897	19,6153846
897	11,6153846
897	18,6153846
897	16,6153846
898	-15,3846154
898	12,6153846
898	-12,3846154
898	-4,3846154
899	-11,3846154
899	-31,3846154
899	0,6153846
899	-12,3846154
900	19,6153846
900	12,6153846
900	15,6153846
900	28,6153846
901	52,6153846
901	14,6153846
901	12,6153846
901	-8,3846154
902	3,6153846
902	-2,3846154
902	-6,3846154
902	-19,3846154
903	12,6153846
903	7,6153846
903	0,6153846
903	24,6153846
904	15,6153846
904	1,6153846
904	-4,3846154
904	-4,3846154
905	-1,3846154
905	16,6153846
905	3,6153846
905	6,6153846
906	18,6153846
906	-0,3846154
906	15,6153846
906	-17,3846154
906	-3,3846154
907	0,6153846
907	1,6153846
907	-25,3846154
907	18,6153846
908	-7,3846154
908	6,6153846
908	31,6153846
908	-23,3846154
909	-28,3846154
909	-4,3846154
909	-16,3846154
909	11,6153846
910	1,6153846
910	7,6153846
910	1,6153846
910	-21,3846154
911	4,6153846
911	-4,3846154
911	-15,3846154
911	-2,3846154
912	3,6153846
912	26,6153846
912	8,6153846
912	0,6153846
913	12,6153846
913	-2,3846154
913	18,6153846
913	-0,3846154
914	10,6153846
914	-22,3846154
914	7,6153846
914	-2,3846154
915	-20,3846154
915	-33,3846154
915	16,6153846
915	14,6153846
916	23,6153846
916	3,6153846
916	13,6153846
916	13,6153846
917	0,6153846
917	13,6153846
917	8,6153846
917	6,6153846
917	-15,3846154
918	-17,3846154
918	16,6153846
918	3,6153846
918	-1,3846154
919	-13,3846154
919	-1,3846154
919	16,6153846
919	1,6153846
920	-18,3846154
920	-0,3846154
920	21,6153846
920	17,6153846
921	5,6153846
921	3,6153846
921	-24,3846154
921	-22,3846154
922	-4,3846154
922	-16,3846154
922	-13,3846154
922	-29,3846154
923	-5,3846154
923	2,6153846
923	-8,3846154
923	-8,3846154
924	18,6153846
924	-17,3846154
924	-1,3846154
924	7,6153846
925	-3,3846154
925	5,6153846
925	3,6153846
925	34,6153846
926	-4,3846154
926	10,6153846
926	20,6153846
926	8,6153846
927	-19,3846154
927	3,6153846
927	8,6153846
927	8,6153846
928	-36,3846154
928	-13,3846154
928	-16,3846154
928	2,6153846
928	24,6153846
929	10,6153846
929	14,6153846
929	-9,3846154
929	-18,3846154
930	-6,3846154
930	-0,3846154
930	-20,3846154
930	-16,3846154
931	-5,3846154
931	3,6153846
931	10,6153846
931	5,6153846
932	13,6153846
932	-0,3846154
932	-8,3846154
932	-11,3846154
933	-4,3846154
933	-8,3846154
933	-9,3846154
933	2,6153846
934	12,6153846
934	27,6153846
934	17,6153846
934	25,6153846
935	27,6153846
935	4,6153846
935	-31,3846154
935	-22,3846154
936	16,6153846
936	13,6153846
936	-0,3846154
936	-27,3846154
937	6,6153846
937	1,6153846
937	4,6153846
937	-1,3846154
938	11,6153846
938	8,6153846
938	1,6153846
938	18,6153846
938	7,6153846
939	18,6153846
939	-5,3846154
939	3,6153846
939	11,6153846
940	-4,3846154
940	10,6153846
940	-10,3846154
940	1,6153846
941	5,6153846
941	-13,3846154
941	-29,3846154
941	-3,3846154
942	9,6153846
942	15,6153846
942	-6,3846154
942	-1,3846154
943	-6,3846154
943	-15,3846154
943	-14,3846154
943	15,6153846
944	-3,3846154
944	26,6153846
944	0,6153846
944	-4,3846154
945	0,6153846
945	9,6153846
945	-5,3846154
945	-14,3846154
946	3,6153846
946	8,6153846
946	-16,3846154
946	-15,3846154
947	7,6153846
947	4,6153846
947	26,6153846
947	3,6153846
947	-13,3846154
948	-11,3846154
948	-5,3846154
948	3,6153846
948	-4,3846154
949	5,6153846
949	-25,3846154
949	-12,3846154
949	-1,3846154
950	36,6153846
950	2,6153846
950	0,6153846
950	-17,3846154
951	1,6153846
951	2,6153846
951	12,6153846
951	-26,3846154
952	-1,3846154
952	12,6153846
952	5,6153846
952	54,6153846
953	-11,3846154
953	-1,3846154
953	9,6153846
953	-9,3846154
954	-14,3846154
954	-2,3846154
954	-0,3846154
954	-14,3846154
955	3,6153846
955	-6,3846154
955	-8,3846154
955	-47,3846154
956	29,6153846
956	13,6153846
956	7,6153846
956	26,6153846
956	-6,3846154
957	3,6153846
957	17,6153846
957	25,6153846
957	-17,3846154
958	-2,3846154
958	-31,3846154
958	-21,3846154
958	-1,3846154
959	2,6153846
959	7,6153846
959	-32,3846154
959	-9,3846154
960	35,6153846
960	7,6153846
960	8,6153846
960	-20,3846154
961	1,6153846
961	-2,3846154
961	1,6153846
961	-1,3846154
962	-7,3846154
962	-15,3846154
962	8,6153846
962	2,6153846
963	-16,3846154
963	6,6153846
963	19,6153846
963	-13,3846154
964	-1,3846154
964	32,6153846
964	-10,3846154
964	-17,3846154
964	-8,3846154
965	11,6153846
965	-21,3846154
965	-2,3846154
965	-14,3846154
966	21,6153846
966	3,6153846
966	6,6153846
966	20,6153846
967	5,6153846
967	-9,3846154
967	6,6153846
967	-21,3846154
968	-12,3846154
968	31,6153846
968	7,6153846
968	28,6153846
969	2,6153846
969	-26,3846154
969	-8,3846154
969	-24,3846154
970	3,6153846
970	-22,3846154
970	0,6153846
970	3,6153846
971	-8,3846154
971	-17,3846154
971	-14,3846154
971	6,6153846
972	29,6153846
972	-14,3846154
972	-10,3846154
972	-7,3846154
972	-11,3846154
973	-15,3846154
973	10,6153846
973	16,6153846
973	-32,3846154
974	-21,3846154
974	4,6153846
974	18,6153846
974	0,6153846
975	2,6153846
975	-2,3846154
975	-7,3846154
975	-0,3846154
976	3,6153846
976	-30,3846154
976	9,6153846
976	-10,3846154
977	-14,3846154
977	7,6153846
977	-7,3846154
977	40,6153846
978	10,6153846
978	22,6153846
978	-20,3846154
978	-6,3846154
979	18,6153846
979	7,6153846
979	7,6153846
979	7,6153846
980	-15,3846154
980	28,6153846
980	-0,3846154
980	-5,3846154
980	-4,3846154
981	4,6153846
981	-7,3846154
981	9,6153846
981	-7,3846154
982	-22,3846154
982	-11,3846154
982	16,6153846
982	-8,3846154
983	-4,3846154
983	7,6153846
983	-15,3846154
983	4,6153846
984	18,6153846
984	1,6153846
984	5,6153846
984	-14,3846154
985	-3,3846154
985	4,6153846
985	25,6153846
985	13,6153846
986	-10,3846154
986	-4,3846154
986	7,6153846
986	-10,3846154
987	-9,3846154
987	7,6153846
987	-2,3846154
987	-26,3846154
988	-2,3846154
988	8,6153846
988	8,6153846
988	16,6153846
988	11,6153846
989	-8,3846154
989	3,6153846
989	-10,3846154
989	4,6153846
990	6,6153846
990	-1,3846154
990	-13,3846154
990	-9,3846154
991	-7,3846154
991	-23,3846154
991	-23,3846154
991	-0,3846154
992	1,6153846
992	-2,3846154
992	9,6153846
992	-8,3846154
993	-14,3846154
993	-0,3846154
993	0,6153846
993	13,6153846
994	-10,3846154
994	-1,3846154
994	2,6153846
994	0,6153846
995	7,6153846
995	1,6153846
995	21,6153846
995	15,6153846
995	27,6153846
996	0,6153846
996	17,6153846
996	-0,3846154
996	6,6153846
997	16,6153846
997	-13,3846154
997	-7,3846154
997	45,6153846
998	-7,3846154
998	-3,3846154
998	-10,3846154
998	6,6153846
999	18,6153846
999	4,6153846
999	14,6153846
999	-9,3846154
1000	-13,3846154
1000	38,6153846
1000	27,6153846
1000	-24,3846154
1001	-0,3846154
1001	6,6153846
1001	4,6153846
1001	-6,3846154
1002	-20,3846154
1002	9,6153846
1002	9,6153846
1002	26,6153846
1002	0,6153846
1003	-14,3846154
1003	1,6153846
1003	13,6153846
1003	6,6153846
1004	0,6153846
1004	-10,3846154
1004	-1,3846154
1004	17,6153846
1005	1,6153846
1005	-23,3846154
1005	-2,3846154
1005	0,6153846
1006	-28,3846154
1006	3,6153846
1006	6,6153846
1006	7,6153846
1007	22,6153846
1007	-1,3846154
1007	-18,3846154
1007	-30,3846154
1008	-33,3846154
1008	17,6153846
1008	9,6153846
1008	5,6153846
1008	13,6153846
1009	11,6153846
1009	0,6153846
1009	23,6153846
1009	21,6153846
1010	-0,3846154
1010	-17,3846154
1010	6,6153846
1010	3,6153846
1011	4,6153846
1011	6,6153846
1011	3,6153846
1011	17,6153846
1012	-14,3846154
1012	7,6153846
1012	-7,3846154
1012	-8,3846154
1013	-36,3846154
1013	-2,3846154
1013	32,6153846
1013	4,6153846
1014	20,6153846
1014	-5,3846154
1014	25,6153846
1014	20,6153846
1015	-6,3846154
1015	-10,3846154
1015	-3,3846154
1015	-8,3846154
1015	21,6153846
1016	32,6153846
1016	13,6153846
1016	-2,3846154
1016	11,6153846
1017	1,6153846
1017	-16,3846154
1017	-1,3846154
1017	2,6153846
1018	6,6153846
1018	4,6153846
1018	-8,3846154
1018	-2,3846154
1019	-2,3846154
1019	16,6153846
1019	-3,3846154
1019	14,6153846
1020	-17,3846154
1020	-4,3846154
1020	-1,3846154
1020	9,6153846
1021	12,6153846
1021	-14,3846154
1021	10,6153846
1021	-6,3846154
1021	7,6153846
1022	-8,3846154
1022	-16,3846154
1022	-18,3846154
1022	9,6153846
1023	-32,3846154
1023	-2,3846154
1023	9,6153846
1023	21,6153846
1024	-16,3846154
1024	-47,3846154
1024	20,6153846
1024	5,6153846
1025	4,6153846
1025	-7,3846154
1025	11,6153846
1025	-4,3846154
1026	8,6153846
1026	14,6153846
1026	-0,3846154
1026	14,6153846
1027	5,6153846
1027	-24,3846154
1027	13,6153846
1027	-1,3846154
1027	-12,3846154
1028	6,6153846
1028	-5,3846154
1028	-10,3846154
1028	8,6153846
1029	-22,3846154
1029	-0,3846154
1029	9,6153846
1029	3,6153846
1030	0,6153846
1030	-3,3846154
1030	10,6153846
1030	-7,3846154
1031	22,6153846
1031	11,6153846
1031	8,6153846
1031	-14,3846154
1032	3,6153846
1032	7,6153846
1032	4,6153846
1032	17,6153846
1033	7,6153846
1033	26,6153846
1033	-2,3846154
1033	-15,3846154
1034	0,6153846
1034	1,6153846
1034	-12,3846154
1034	-1,3846154
1034	-25,3846154
1035	10,6153846
1035	-6,3846154
1035	1,6153846
1035	16,6153846
1036	25,6153846
1036	16,6153846
1036	16,6153846
1036	-11,3846154
1037	-10,3846154
1037	-7,3846154
1037	6,6153846
1037	29,6153846
1038	18,6153846
1038	2,6153846
1038	-16,3846154
1038	0,6153846
1039	9,6153846
1039	-3,3846154
1039	-2,3846154
1039	4,6153846
1039	5,6153846
1040	-5,3846154
1040	6,6153846
1040	0,6153846
1040	0,6153846
1041	-11,3846154
1041	-8,3846154
1041	-10,3846154
1041	12,6153846
1042	12,6153846
1042	-7,3846154
1042	-24,3846154
1042	19,6153846
1043	-8,3846154
1043	16,6153846
1043	-17,3846154
1043	-13,3846154
1044	8,6153846
1044	-18,3846154
1044	6,6153846
1044	-10,3846154
1045	9,6153846
1045	-18,3846154
1045	-15,3846154
1045	-20,3846154
1045	-6,3846154
1046	-3,3846154
1046	1,6153846
1046	-2,3846154
1046	-10,3846154
1047	9,6153846
1047	-5,3846154
1047	-13,3846154
1047	11,6153846
1048	8,6153846
1048	13,6153846
1048	3,6153846
1048	18,6153846
1049	-15,3846154
1049	10,6153846
1049	-12,3846154
1049	9,6153846
1050	-6,3846154
1050	-7,3846154
1050	-29,3846154
1050	-13,3846154
1051	27,6153846
1051	22,6153846
1051	7,6153846
1051	-17,3846154
1051	-29,3846154
1052	-19,3846154
1052	-2,3846154
1052	-21,3846154
1052	-16,3846154
1053	5,6153846
1053	13,6153846
1053	-2,3846154
1053	-2,3846154
1054	14,6153846
1054	-8,3846154
1054	-4,3846154
1054	-15,3846154
1055	-12,3846154
1055	-13,3846154
1055	-12,3846154
1055	-1,3846154
1056	5,6153846
1056	-2,3846154
1056	-2,3846154
1056	13,6153846
1056	-11,3846154
1057	11,6153846
1057	-5,3846154
1057	-6,3846154
1057	-9,3846154
1058	1,6153846
1058	7,6153846
1058	-15,3846154
1058	10,6153846
1059	4,6153846
1059	-0,3846154
1059	-9,3846154
1059	-1,3846154
1060	23,6153846
1060	29,6153846
1060	-0,3846154
1060	16,6153846
1061	18,6153846
1061	3,6153846
1061	9,6153846
1061	16,6153846
1062	18,6153846
1062	5,6153846
1062	3,6153846
1062	23,6153846
1062	12,6153846
1063	-9,3846154
1063	-25,3846154
1063	5,6153846
1063	-4,3846154
1064	-0,3846154
1064	-0,3846154
1064	15,6153846
1064	-15,3846154
1065	10,6153846
1065	-1,3846154
1065	-10,3846154
1065	13,6153846
1066	8,6153846
1066	-5,3846154
1066	-9,3846154
1066	23,6153846
1067	9,6153846
1067	7,6153846
1067	26,6153846
1067	12,6153846
1067	23,6153846
1068	-1,3846154
1068	3,6153846
1068	3,6153846
1068	34,6153846
1069	23,6153846
1069	-6,3846154
1069	-5,3846154
1069	17,6153846
1070	7,6153846
1070	-10,3846154
1070	-10,3846154
1070	4,6153846
1071	-3,3846154
1071	6,6153846
1071	16,6153846
1071	6,6153846
1072	1,6153846
1072	31,6153846
1072	-24,3846154
1072	-15,3846154
1072	1,6153846
1073	-26,3846154
1073	4,6153846
1073	-1,3846154
1073	-5,3846154
1074	-0,3846154
1074	7,6153846
1074	-12,3846154
1074	15,6153846
1075	16,6153846
1075	15,6153846
1075	1,6153846
1075	3,6153846
1076	2,6153846
1076	13,6153846
1076	-3,3846154
1076	14,6153846
1077	18,6153846
1077	-21,3846154
1077	-6,3846154
1077	-14,3846154
1077	6,6153846
1078	-0,3846154
1078	-10,3846154
1078	-1,3846154
1078	0,6153846
1079	10,6153846
1079	18,6153846
1079	11,6153846
1079	13,6153846
1080	13,6153846
1080	-11,3846154
1080	1,6153846
1080	10,6153846
1081	-26,3846154
1081	10,6153846
1081	7,6153846
1081	0,6153846
1082	10,6153846
1082	-22,3846154
1082	0,6153846
1082	-15,3846154
1082	6,6153846
1083	-0,3846154
1083	19,6153846
1083	4,6153846
1083	-7,3846154
1084	4,6153846
1084	-7,3846154
1084	5,6153846
1084	1,6153846
1085	14,6153846
1085	9,6153846
1085	22,6153846
1085	10,6153846
1086	-25,3846154
1086	3,6153846
1086	-9,3846154
1086	-3,3846154
1087	-20,3846154
1087	-1,3846154
1087	-5,3846154
1087	-6,3846154
1087	15,6153846
1088	-12,3846154
1088	-6,3846154
1088	1,6153846
1088	19,6153846
1089	9,6153846
1089	-0,3846154
1089	-24,3846154
1089	4,6153846
1090	9,6153846
1090	21,6153846
1090	32,6153846
1090	12,6153846
1091	0,6153846
1091	-14,3846154
1091	6,6153846
1091	1,6153846
1092	13,6153846
1092	22,6153846
1092	-27,3846154
1092	14,6153846
1092	-16,3846154
1093	5,6153846
1093	17,6153846
1093	-21,3846154
1093	25,6153846
1094	4,6153846
1094	-12,3846154
1094	0,6153846
1094	-1,3846154
1095	-0,3846154
1095	26,6153846
1095	13,6153846
1095	11,6153846
1096	28,6153846
1096	-17,3846154
1096	-25,3846154
1096	14,6153846
1097	4,6153846
1097	-17,3846154
1097	-17,3846154
1097	3,6153846
1097	-3,3846154
1098	11,6153846
1098	29,6153846
1098	-1,3846154
1098	-19,3846154
1099	8,6153846
1099	-3,3846154
1099	-0,3846154
1099	-8,3846154
1100	-3,3846154
1100	-23,3846154
1100	-4,3846154
1100	-4,3846154
1101	-5,3846154
1101	0,6153846
1101	31,6153846
1101	-34,3846154
1101	-0,3846154
1102	7,6153846
1102	14,6153846
1102	-1,3846154
1102	-14,3846154
1103	7,6153846
1103	-17,3846154
1103	3,6153846
1103	-0,3846154
1104	-3,3846154
1104	13,6153846
1104	4,6153846
1104	13,6153846
1105	8,6153846
1105	-11,3846154
1105	18,6153846
1105	8,6153846
1106	8,6153846
1106	-4,3846154
1106	-9,3846154
1106	-4,3846154
1106	-13,3846154
1107	13,6153846
1107	16,6153846
1107	27,6153846
1107	-9,3846154
1108	-9,3846154
1108	-3,3846154
1108	11,6153846
1108	3,6153846
1109	-10,3846154
1109	-12,3846154
1109	3,6153846
1109	2,6153846
1110	11,6153846
1110	0,6153846
1110	-2,3846154
1110	0,6153846
1110	-5,3846154
1111	-13,3846154
1111	9,6153846
1111	-3,3846154
1111	-8,3846154
1112	-11,3846154
1112	-11,3846154
1112	19,6153846
1112	-3,3846154
1113	-8,3846154
1113	-25,3846154
1113	-23,3846154
1113	17,6153846
1114	17,6153846
1114	1,6153846
1114	8,6153846
1114	12,6153846
1115	15,6153846
1115	5,6153846
1115	-1,3846154
1115	-2,3846154
1115	14,6153846
1116	-7,3846154
1116	-6,3846154
1116	-9,3846154
1116	-24,3846154
1117	17,6153846
1117	3,6153846
1117	-3,3846154
1117	-5,3846154
1118	11,6153846
