196	-33,6153846
196	-33,6153846
196	-33,6153846
197	-2,6153846
197	4,3846154
197	15,3846154
197	6,3846154
198	25,3846154
198	19,3846154
198	-2,6153846
199	20,3846154
199	-0,6153846
199	15,3846154
199	-0,6153846
200	35,3846154
200	-8,6153846
200	36,3846154
200	-0,6153846
201	13,3846154
201	22,3846154
201	26,3846154
201	37,3846154
202	51,3846154
202	19,3846154
202	3,3846154
203	3,3846154
203	30,3846154
203	40,3846154
203	5,3846154
204	24,3846154
204	36,3846154
204	-2,6153846
204	32,3846154
205	25,3846154
205	4,3846154
205	-1,6153846
205	28,3846154
206	6,3846154
206	8,3846154
206	5,3846154
207	9,3846154
207	8,3846154
207	2,3846154
207	-22,6153846
208	7,3846154
208	13,3846154
208	18,3846154
208	13,3846154
209	4,3846154
209	-10,6153846
209	19,3846154
209	-1,6153846
210	39,3846154
210	14,3846154
210	4,3846154
211	0,3846154
211	20,3846154
211	10,3846154
211	17,3846154
212	-19,6153846
212	-22,6153846
212	9,3846154
212	-3,6153846
213	2,3846154
213	-16,6153846
213	13,3846154
213	15,3846154
214	0,3846154
214	1,3846154
214	10,3846154
215	14,3846154
215	-11,6153846
215	-7,6153846
215	18,3846154
216	19,3846154
216	19,3846154
216	45,3846154
216	10,3846154
217	21,3846154
217	31,3846154
217	-5,6153846
217	9,3846154
218	7,3846154
218	-27,6153846
218	-10,6153846
219	6,3846154
219	-21,6153846
219	9,3846154
219	11,3846154
220	9,3846154
220	16,3846154
220	-0,6153846
220	-5,6153846
221	16,3846154
221	-1,6153846
221	12,3846154
221	9,3846154
222	17,3846154
222	21,3846154
222	24,3846154
223	20,3846154
223	13,3846154
223	8,3846154
223	-19,6153846
224	46,3846154
224	15,3846154
224	15,3846154
224	-20,6153846
225	5,3846154
225	-6,6153846
225	13,3846154
225	21,3846154
226	4,3846154
226	-8,6153846
226	31,3846154
227	46,3846154
227	12,3846154
227	4,3846154
227	14,3846154
228	-0,6153846
228	-4,6153846
228	33,3846154
228	26,3846154
229	15,3846154
229	11,3846154
229	7,3846154
229	5,3846154
230	21,3846154
230	12,3846154
230	13,3846154
231	-18,6153846
231	13,3846154
231	2,3846154
231	33,3846154
232	34,3846154
232	13,3846154
232	0,3846154
232	16,3846154
233	16,3846154
233	7,3846154
233	26,3846154
233	5,3846154
234	-20,6153846
234	16,3846154
234	-11,6153846
235	32,3846154
235	38,3846154
235	5,3846154
235	13,3846154
236	10,3846154
236	25,3846154
236	11,3846154
236	3,3846154
237	34,3846154
237	9,3846154
237	29,3846154
237	5,3846154
238	13,3846154
238	26,3846154
238	14,3846154
239	5,3846154
239	10,3846154
239	24,3846154
239	8,3846154
240	0,3846154
240	3,3846154
240	16,3846154
240	9,3846154
241	12,3846154
241	0,3846154
241	13,3846154
241	30,3846154
242	-6,6153846
242	-11,6153846
242	17,3846154
243	7,3846154
243	2,3846154
243	-5,6153846
243	18,3846154
244	-0,6153846
244	2,3846154
244	9,3846154
244	15,3846154
245	15,3846154
245	24,3846154
245	-4,6153846
245	13,3846154
246	-9,6153846
246	32,3846154
246	-0,6153846
247	-8,6153846
247	2,3846154
247	24,3846154
247	24,3846154
248	42,3846154
248	27,3846154
248	23,3846154
248	26,3846154
249	15,3846154
249	10,3846154
249	-7,6153846
249	17,3846154
250	29,3846154
250	52,3846154
250	24,3846154
251	-1,6153846
251	19,3846154
251	18,3846154
251	-6,6153846
252	12,3846154
252	25,3846154
252	30,3846154
252	11,3846154
253	24,3846154
253	-5,6153846
253	-3,6153846
253	51,3846154
254	6,3846154
254	17,3846154
254	-7,6153846
254	20,3846154
255	-25,6153846
255	9,3846154
255	-6,6153846
256	-0,6153846
256	-4,6153846
256	-12,6153846
256	25,3846154
257	25,3846154
257	21,3846154
257	19,3846154
257	9,3846154
258	26,3846154
258	24,3846154
258	5,3846154
258	-4,6153846
259	11,3846154
259	23,3846154
259	31,3846154
260	19,3846154
260	-10,6153846
260	1,3846154
260	3,3846154
261	8,3846154
261	25,3846154
261	24,3846154
261	29,3846154
262	22,3846154
262	28,3846154
262	-0,6153846
262	-14,6153846
263	38,3846154
263	22,3846154
263	33,3846154
264	16,3846154
264	5,3846154
264	-9,6153846
264	11,3846154
265	11,3846154
265	20,3846154
265	13,3846154
265	13,3846154
266	21,3846154
266	22,3846154
266	-1,6153846
266	-15,6153846
267	47,3846154
267	26,3846154
267	37,3846154
268	23,3846154
268	30,3846154
268	18,3846154
268	48,3846154
269	26,3846154
269	19,3846154
269	4,3846154
269	-1,6153846
270	21,3846154
270	25,3846154
270	27,3846154
270	20,3846154
271	13,3846154
271	14,3846154
271	45,3846154
271	10,3846154
272	13,3846154
272	-2,6153846
272	-9,6153846
273	5,3846154
273	18,3846154
273	4,3846154
273	25,3846154
274	14,3846154
274	25,3846154
274	13,3846154
274	9,3846154
275	22,3846154
275	17,3846154
275	-3,6153846
275	23,3846154
276	25,3846154
276	34,3846154
276	17,3846154
277	16,3846154
277	37,3846154
277	18,3846154
277	10,3846154
278	16,3846154
278	37,3846154
278	15,3846154
278	9,3846154
279	11,3846154
279	10,3846154
279	40,3846154
279	39,3846154
280	4,3846154
280	11,3846154
280	-3,6153846
280	-3,6153846
281	34,3846154
281	35,3846154
281	6,3846154
282	6,3846154
282	20,3846154
282	3,3846154
282	-4,6153846
283	-11,6153846
283	-1,6153846
283	-5,6153846
283	34,3846154
284	22,3846154
284	0,3846154
284	-7,6153846
284	8,3846154
285	18,3846154
285	16,3846154
285	2,3846154
286	7,3846154
286	11,3846154
286	-4,6153846
286	15,3846154
287	31,3846154
287	15,3846154
287	12,3846154
287	31,3846154
288	24,3846154
288	-10,6153846
288	12,3846154
288	30,3846154
289	26,3846154
289	4,3846154
289	14,3846154
290	0,3846154
290	3,3846154
290	29,3846154
290	9,3846154
291	10,3846154
291	24,3846154
291	-2,6153846
291	5,3846154
292	24,3846154
292	5,3846154
292	-5,6153846
292	31,3846154
293	13,3846154
293	8,3846154
293	47,3846154
293	22,3846154
294	24,3846154
294	2,3846154
294	18,3846154
295	36,3846154
295	37,3846154
295	20,3846154
295	16,3846154
296	20,3846154
296	-0,6153846
296	9,3846154
296	-2,6153846
297	-21,6153846
297	27,3846154
297	21,3846154
297	16,3846154
298	31,3846154
298	-20,6153846
298	6,3846154
299	4,3846154
299	49,3846154
299	44,3846154
299	9,3846154
300	-4,6153846
300	17,3846154
300	-14,6153846
300	18,3846154
301	17,3846154
301	22,3846154
301	1,3846154
301	10,3846154
302	2,3846154
302	8,3846154
302	18,3846154
302	38,3846154
303	41,3846154
303	22,3846154
303	-6,6153846
304	12,3846154
304	36,3846154
304	13,3846154
304	13,3846154
305	23,3846154
305	36,3846154
305	-14,6153846
305	-6,6153846
306	22,3846154
306	-2,6153846
306	0,3846154
306	21,3846154
307	6,3846154
307	41,3846154
307	15,3846154
307	21,3846154
308	30,3846154
308	33,3846154
308	27,3846154
309	25,3846154
309	30,3846154
309	11,3846154
309	18,3846154
310	15,3846154
310	11,3846154
310	18,3846154
310	30,3846154
311	43,3846154
311	52,3846154
311	71,3846154
311	42,3846154
312	31,3846154
312	33,3846154
312	37,3846154
313	33,3846154
313	42,3846154
313	48,3846154
313	52,3846154
314	31,3846154
314	29,3846154
314	41,3846154
314	35,3846154
315	66,3846154
315	60,3846154
315	55,3846154
315	37,3846154
316	29,3846154
316	36,3846154
316	65,3846154
316	22,3846154
317	29,3846154
317	5,3846154
317	13,3846154
318	25,3846154
318	23,3846154
318	34,3846154
318	30,3846154
319	11,3846154
319	39,3846154
319	25,3846154
319	17,3846154
320	36,3846154
320	19,3846154
320	15,3846154
320	31,3846154
321	33,3846154
321	12,3846154
321	-19,6153846
321	5,3846154
322	18,3846154
322	20,3846154
322	-3,6153846
323	-15,6153846
323	23,3846154
323	-5,6153846
323	32,3846154
324	22,3846154
324	10,3846154
324	-10,6153846
324	21,3846154
325	-8,6153846
325	-6,6153846
325	2,3846154
325	-4,6153846
326	-10,6153846
326	-9,6153846
326	11,3846154
327	15,3846154
327	30,3846154
327	19,3846154
327	-9,6153846
328	11,3846154
328	-2,6153846
328	36,3846154
328	26,3846154
329	11,3846154
329	7,3846154
329	13,3846154
329	42,3846154
330	33,3846154
330	9,3846154
330	31,3846154
330	32,3846154
331	15,3846154
331	3,3846154
331	33,3846154
332	50,3846154
332	42,3846154
332	51,3846154
332	35,3846154
333	41,3846154
333	41,3846154
333	74,3846154
333	45,3846154
334	38,3846154
334	69,3846154
334	69,3846154
334	56,3846154
335	65,3846154
335	43,3846154
335	58,3846154
335	66,3846154
336	70,3846154
336	96,3846154
336	91,3846154
337	55,3846154
337	89,3846154
337	49,3846154
337	34,3846154
338	70,3846154
338	41,3846154
338	52,3846154
338	53,3846154
339	63,3846154
339	51,3846154
339	46,3846154
339	71,3846154
340	46,3846154
340	52,3846154
340	16,3846154
340	28,3846154
341	37,3846154
341	45,3846154
341	32,3846154
342	23,3846154
342	20,3846154
342	26,3846154
342	15,3846154
343	19,3846154
343	27,3846154
343	-0,6153846
343	10,3846154
344	45,3846154
344	19,3846154
344	25,3846154
344	13,3846154
345	6,3846154
345	17,3846154
345	8,3846154
345	38,3846154
346	-0,6153846
346	26,3846154
346	32,3846154
347	33,3846154
347	18,3846154
347	8,3846154
347	21,3846154
348	9,3846154
348	22,3846154
348	45,3846154
348	15,3846154
349	34,3846154
349	19,3846154
349	21,3846154
349	12,3846154
350	10,3846154
350	16,3846154
350	25,3846154
350	25,3846154
351	47,3846154
351	14,3846154
351	17,3846154
352	9,3846154
352	55,3846154
352	66,3846154
352	58,3846154
353	38,3846154
353	55,3846154
353	44,3846154
353	61,3846154
354	48,3846154
354	75,3846154
354	83,3846154
354	51,3846154
355	43,3846154
355	66,3846154
355	41,3846154
355	43,3846154
356	45,3846154
356	32,3846154
356	53,3846154
357	42,3846154
357	62,3846154
357	67,3846154
357	50,3846154
358	58,3846154
358	77,3846154
358	63,3846154
358	65,3846154
359	29,3846154
359	34,3846154
359	22,3846154
359	47,3846154
360	33,3846154
360	45,3846154
360	54,3846154
360	24,3846154
361	18,3846154
361	13,3846154
361	48,3846154
362	56,3846154
362	57,3846154
362	58,3846154
362	30,3846154
363	12,3846154
363	14,3846154
363	7,3846154
363	-10,6153846
364	8,3846154
364	13,3846154
364	18,3846154
364	27,3846154
365	19,3846154
365	27,3846154
365	-8,6153846
365	13,3846154
366	-0,6153846
366	13,3846154
366	21,3846154
367	22,3846154
367	32,3846154
367	33,3846154
367	23,3846154
368	-5,6153846
368	1,3846154
368	20,3846154
368	14,3846154
369	5,3846154
369	0,3846154
369	-0,6153846
369	25,3846154
370	38,3846154
370	21,3846154
370	-1,6153846
370	31,3846154
371	23,3846154
371	10,3846154
371	25,3846154
371	24,3846154
372	38,3846154
372	17,3846154
372	13,3846154
373	31,3846154
373	35,3846154
373	20,3846154
373	28,3846154
374	-6,6153846
374	13,3846154
374	10,3846154
374	23,3846154
375	39,3846154
375	60,3846154
375	39,3846154
375	21,3846154
376	22,3846154
376	32,3846154
376	47,3846154
376	38,3846154
377	30,3846154
377	41,3846154
377	56,3846154
378	43,3846154
378	46,3846154
378	65,3846154
378	36,3846154
379	47,3846154
379	20,3846154
379	51,3846154
379	22,3846154
380	7,3846154
380	23,3846154
380	44,3846154
380	29,3846154
381	41,3846154
381	30,3846154
381	64,3846154
381	28,3846154
382	28,3846154
382	29,3846154
382	34,3846154
383	20,3846154
383	1,3846154
383	33,3846154
383	31,3846154
384	15,3846154
384	26,3846154
384	41,3846154
384	43,3846154
385	25,3846154
385	26,3846154
385	37,3846154
385	39,3846154
386	50,3846154
386	17,3846154
386	7,3846154
386	10,3846154
387	9,3846154
387	21,3846154
387	4,3846154
387	0,3846154
388	13,3846154
388	12,3846154
388	22,3846154
389	-1,6153846
389	-18,6153846
389	-3,6153846
389	20,3846154
390	22,3846154
390	9,3846154
390	15,3846154
390	7,3846154
391	12,3846154
391	23,3846154
391	22,3846154
391	-4,6153846
392	15,3846154
392	9,3846154
392	5,3846154
392	29,3846154
393	-6,6153846
393	18,3846154
393	28,3846154
394	28,3846154
394	4,3846154
394	32,3846154
394	23,3846154
395	5,3846154
395	22,3846154
395	14,3846154
395	24,3846154
396	8,3846154
396	15,3846154
396	10,3846154
396	53,3846154
397	-1,6153846
397	22,3846154
397	6,3846154
397	36,3846154
398	43,3846154
398	17,3846154
398	13,3846154
398	19,3846154
399	17,3846154
399	31,3846154
399	47,3846154
400	34,3846154
400	36,3846154
400	29,3846154
400	40,3846154
401	15,3846154
401	34,3846154
401	22,3846154
401	17,3846154
402	29,3846154
402	26,3846154
402	36,3846154
402	19,3846154
403	40,3846154
403	42,3846154
403	21,3846154
403	17,3846154
404	21,3846154
404	46,3846154
404	9,3846154
405	31,3846154
405	35,3846154
405	44,3846154
405	17,3846154
406	24,3846154
406	13,3846154
406	18,3846154
406	17,3846154
407	23,3846154
407	15,3846154
407	24,3846154
407	15,3846154
408	24,3846154
408	12,3846154
408	-17,6153846
408	16,3846154
409	39,3846154
409	33,3846154
409	43,3846154
409	26,3846154
410	6,3846154
410	22,3846154
410	49,3846154
411	28,3846154
411	20,3846154
411	15,3846154
411	-19,6153846
412	38,3846154
412	36,3846154
412	11,3846154
412	23,3846154
413	10,3846154
413	9,3846154
413	-0,6153846
413	8,3846154
414	20,3846154
414	13,3846154
414	4,3846154
414	13,3846154
415	53,3846154
415	22,3846154
415	29,3846154
415	8,3846154
416	-1,6153846
416	5,3846154
416	11,3846154
417	49,3846154
417	19,3846154
417	19,3846154
417	9,3846154
418	19,3846154
418	11,3846154
418	19,3846154
418	-2,6153846
419	18,3846154
419	-0,6153846
419	7,3846154
419	-2,6153846
420	20,3846154
420	11,3846154
420	45,3846154
420	17,3846154
421	43,3846154
421	23,3846154
421	27,3846154
421	28,3846154
422	12,3846154
422	25,3846154
422	13,3846154
423	40,3846154
423	22,3846154
423	42,3846154
423	11,3846154
424	32,3846154
424	2,3846154
424	14,3846154
424	30,3846154
425	29,3846154
425	-4,6153846
425	22,3846154
425	33,3846154
426	-5,6153846
426	22,3846154
426	34,3846154
426	23,3846154
427	32,3846154
427	-10,6153846
427	15,3846154
427	29,3846154
428	5,3846154
428	32,3846154
428	14,3846154
429	22,3846154
429	23,3846154
429	3,3846154
429	35,3846154
430	16,3846154
430	6,3846154
430	13,3846154
430	7,3846154
431	14,3846154
431	-11,6153846
431	-2,6153846
431	14,3846154
432	27,3846154
432	-5,6153846
432	7,3846154
432	24,3846154
433	26,3846154
433	16,3846154
433	-5,6153846
433	7,3846154
434	9,3846154
434	10,3846154
434	23,3846154
435	5,3846154
435	-23,6153846
435	-5,6153846
435	24,3846154
436	13,3846154
436	56,3846154
436	38,3846154
436	17,3846154
437	40,3846154
437	22,3846154
437	-11,6153846
437	-0,6153846
438	25,3846154
438	40,3846154
438	27,3846154
438	33,3846154
439	12,3846154
439	14,3846154
439	24,3846154
439	28,3846154
440	36,3846154
440	44,3846154
440	25,3846154
441	3,3846154
441	-15,6153846
441	20,3846154
441	34,3846154
442	5,3846154
442	30,3846154
442	29,3846154
442	14,3846154
443	25,3846154
443	28,3846154
443	18,3846154
443	3,3846154
444	-22,6153846
444	13,3846154
444	31,3846154
444	27,3846154
445	-5,6153846
445	12,3846154
445	29,3846154
445	37,3846154
446	6,3846154
446	9,3846154
446	20,3846154
447	33,3846154
447	31,3846154
447	10,3846154
447	-5,6153846
448	30,3846154
448	-17,6153846
448	-8,6153846
448	25,3846154
449	26,3846154
449	19,3846154
449	-3,6153846
449	-5,6153846
450	1,3846154
450	-1,6153846
450	-1,6153846
450	13,3846154
451	25,3846154
451	-8,6153846
451	3,3846154
451	16,3846154
452	5,3846154
452	-14,6153846
452	12,3846154
452	1,3846154
453	8,3846154
453	-0,6153846
453	3,3846154
454	24,3846154
454	31,3846154
454	15,3846154
454	9,3846154
455	1,3846154
455	14,3846154
455	3,3846154
455	-5,6153846
456	-5,6153846
456	21,3846154
456	-13,6153846
456	20,3846154
457	22,3846154
457	29,3846154
457	23,3846154
457	4,3846154
458	25,3846154
458	29,3846154
458	-6,6153846
458	10,3846154
459	-14,6153846
459	-8,6153846
459	22,3846154
460	29,3846154
460	-7,6153846
460	21,3846154
460	12,3846154
461	21,3846154
461	20,3846154
461	18,3846154
461	23,3846154
462	33,3846154
462	10,3846154
462	1,3846154
462	1,3846154
463	2,3846154
463	24,3846154
463	4,3846154
463	-10,6153846
464	4,3846154
464	32,3846154
464	11,3846154
464	-1,6153846
465	0,3846154
465	38,3846154
465	30,3846154
465	3,3846154
466	-0,6153846
466	8,3846154
466	17,3846154
467	11,3846154
467	13,3846154
467	31,3846154
467	26,3846154
468	28,3846154
468	41,3846154
468	10,3846154
468	13,3846154
469	41,3846154
469	18,3846154
469	-3,6153846
469	20,3846154
470	18,3846154
470	6,3846154
470	-5,6153846
470	6,3846154
471	27,3846154
471	4,3846154
471	19,3846154
471	-10,6153846
472	5,3846154
472	24,3846154
472	12,3846154
472	47,3846154
473	4,3846154
473	24,3846154
473	5,3846154
474	19,3846154
474	10,3846154
474	31,3846154
474	-1,6153846
475	3,3846154
475	13,3846154
475	1,3846154
475	14,3846154
476	21,3846154
476	25,3846154
476	30,3846154
476	17,3846154
477	30,3846154
477	15,3846154
477	-22,6153846
477	-2,6153846
478	-7,6153846
478	-3,6153846
478	-4,6153846
478	4,3846154
479	3,3846154
479	8,3846154
479	3,3846154
479	9,3846154
480	12,3846154
480	-8,6153846
480	5,3846154
481	27,3846154
481	7,3846154
481	19,3846154
481	9,3846154
482	50,3846154
482	6,3846154
482	-10,6153846
482	10,3846154
483	-3,6153846
483	3,3846154
483	21,3846154
483	8,3846154
484	0,3846154
484	22,3846154
484	37,3846154
484	14,3846154
485	21,3846154
485	18,3846154
485	-2,6153846
485	8,3846154
486	-3,6153846
486	7,3846154
486	20,3846154
486	12,3846154
487	8,3846154
487	12,3846154
487	33,3846154
488	30,3846154
488	25,3846154
488	7,3846154
488	-11,6153846
489	14,3846154
489	23,3846154
489	27,3846154
489	15,3846154
490	15,3846154
490	12,3846154
490	7,3846154
490	10,3846154
491	-3,6153846
491	5,3846154
491	-4,6153846
491	0,3846154
492	13,3846154
492	-1,6153846
492	11,3846154
492	7,3846154
493	15,3846154
493	5,3846154
493	-1,6153846
493	-12,6153846
494	-9,6153846
494	5,3846154
494	29,3846154
495	19,3846154
495	1,3846154
495	28,3846154
495	19,3846154
496	32,3846154
496	2,3846154
496	15,3846154
496	18,3846154
497	11,3846154
497	24,3846154
497	25,3846154
497	24,3846154
498	38,3846154
498	32,3846154
498	34,3846154
498	7,3846154
499	-1,6153846
499	13,3846154
499	14,3846154
499	41,3846154
500	22,3846154
500	8,3846154
500	-11,6153846
500	23,3846154
501	7,3846154
501	4,3846154
501	32,3846154
502	2,3846154
502	29,3846154
502	13,3846154
502	-0,6153846
503	17,3846154
503	23,3846154
503	33,3846154
503	-27,6153846
504	5,3846154
504	2,3846154
504	15,3846154
504	25,3846154
505	30,3846154
505	12,3846154
505	24,3846154
505	-2,6153846
506	35,3846154
506	16,3846154
506	-9,6153846
506	-1,6153846
507	28,3846154
507	-4,6153846
507	28,3846154
507	-6,6153846
508	6,3846154
508	23,3846154
508	27,3846154
508	47,3846154
509	5,3846154
509	3,3846154
509	22,3846154
510	10,3846154
510	6,3846154
510	3,3846154
510	14,3846154
511	31,3846154
511	15,3846154
511	-4,6153846
511	0,3846154
512	44,3846154
512	15,3846154
512	6,3846154
512	-6,6153846
513	-6,6153846
513	17,3846154
513	38,3846154
513	-5,6153846
514	-21,6153846
514	2,3846154
514	15,3846154
514	-3,6153846
515	11,3846154
515	-4,6153846
515	8,3846154
515	14,3846154
516	40,3846154
516	39,3846154
516	12,3846154
516	1,3846154
517	-6,6153846
517	10,3846154
517	4,3846154
518	-18,6153846
518	9,3846154
518	24,3846154
518	9,3846154
519	22,3846154
519	31,3846154
519	18,3846154
519	25,3846154
520	-20,6153846
520	12,3846154
520	30,3846154
520	3,3846154
521	11,3846154
521	12,3846154
521	17,3846154
521	-3,6153846
522	45,3846154
522	31,3846154
522	13,3846154
522	2,3846154
523	9,3846154
523	13,3846154
523	-3,6153846
523	-5,6153846
524	32,3846154
524	-1,6153846
524	7,3846154
524	13,3846154
525	3,3846154
525	1,3846154
525	-4,6153846
526	28,3846154
526	43,3846154
526	24,3846154
526	5,3846154
527	8,3846154
527	20,3846154
527	22,3846154
527	8,3846154
528	3,3846154
528	8,3846154
528	18,3846154
528	41,3846154
529	24,3846154
529	15,3846154
529	-4,6153846
529	9,3846154
530	15,3846154
530	-0,6153846
530	2,3846154
530	15,3846154
531	28,3846154
531	8,3846154
531	54,3846154
531	23,3846154
532	6,3846154
532	13,3846154
532	14,3846154
532	22,3846154
533	-9,6153846
533	23,3846154
533	18,3846154
534	28,3846154
534	28,3846154
534	1,3846154
534	9,3846154
535	9,3846154
535	2,3846154
535	11,3846154
535	6,3846154
536	7,3846154
536	14,3846154
536	-8,6153846
536	-4,6153846
537	9,3846154
537	7,3846154
537	18,3846154
537	1,3846154
538	-16,6153846
538	5,3846154
538	17,3846154
538	21,3846154
539	13,3846154
539	16,3846154
539	-0,6153846
539	39,3846154
540	11,3846154
540	-1,6153846
540	18,3846154
540	3,3846154
541	18,3846154
541	-21,6153846
541	-12,6153846
541	9,3846154
542	11,3846154
542	-1,6153846
542	9,3846154
543	6,3846154
543	-9,6153846
543	11,3846154
543	35,3846154
544	13,3846154
544	-5,6153846
544	16,3846154
544	10,3846154
545	15,3846154
545	23,3846154
545	-4,6153846
545	-20,6153846
546	25,3846154
546	7,3846154
546	16,3846154
546	11,3846154
547	-5,6153846
547	21,3846154
547	21,3846154
547	3,3846154
548	7,3846154
548	35,3846154
548	12,3846154
548	18,3846154
549	10,3846154
549	47,3846154
549	36,3846154
549	-17,6153846
550	28,3846154
550	0,3846154
550	15,3846154
550	20,3846154
551	3,3846154
551	4,3846154
551	28,3846154
552	5,3846154
552	6,3846154
552	-1,6153846
552	19,3846154
553	6,3846154
553	11,3846154
553	5,3846154
553	22,3846154
554	16,3846154
554	5,3846154
554	7,3846154
554	0,3846154
555	19,3846154
555	50,3846154
555	29,3846154
555	1,3846154
556	22,3846154
556	4,3846154
556	8,3846154
556	2,3846154
557	17,3846154
557	22,3846154
557	-8,6153846
557	0,3846154
558	2,3846154
558	8,3846154
558	15,3846154
558	21,3846154
559	13,3846154
559	5,3846154
559	12,3846154
559	-4,6153846
560	16,3846154
560	33,3846154
560	-5,6153846
561	21,3846154
561	35,3846154
561	-2,6153846
561	15,3846154
562	10,3846154
562	8,3846154
562	34,3846154
562	3,3846154
563	14,3846154
563	-2,6153846
563	-6,6153846
563	-3,6153846
564	-2,6153846
564	20,3846154
564	18,3846154
564	35,3846154
565	19,3846154
565	13,3846154
565	23,3846154
565	13,3846154
566	15,3846154
566	14,3846154
566	-8,6153846
566	11,3846154
567	-1,6153846
567	-10,6153846
567	-0,6153846
567	-1,6153846
568	14,3846154
568	12,3846154
568	4,3846154
568	-15,6153846
569	-6,6153846
569	23,3846154
569	22,3846154
569	9,3846154
570	6,3846154
570	9,3846154
570	23,3846154
571	3,3846154
571	-4,6153846
571	-16,6153846
571	34,3846154
572	7,3846154
572	-3,6153846
572	12,3846154
572	10,3846154
573	-8,6153846
573	-9,6153846
573	-6,6153846
573	10,3846154
574	37,3846154
574	5,3846154
574	8,3846154
574	18,3846154
575	4,3846154
575	6,3846154
575	9,3846154
575	9,3846154
576	21,3846154
576	-0,6153846
576	23,3846154
576	-2,6153846
577	0,3846154
577	24,3846154
577	-3,6153846
577	4,3846154
578	12,3846154
578	0,3846154
578	12,3846154
578	2,3846154
579	20,3846154
579	-8,6153846
579	-6,6153846
579	-12,6153846
580	3,3846154
580	22,3846154
580	4,3846154
581	25,3846154
581	4,3846154
581	23,3846154
581	-4,6153846
582	-26,6153846
582	-10,6153846
582	19,3846154
582	19,3846154
583	2,3846154
583	13,3846154
583	28,3846154
583	-2,6153846
584	22,3846154
584	11,3846154
584	13,3846154
584	47,3846154
585	17,3846154
585	9,3846154
585	17,3846154
585	19,3846154
586	1,3846154
586	34,3846154
586	20,3846154
586	17,3846154
587	12,3846154
587	-15,6153846
587	11,3846154
587	-12,6153846
588	24,3846154
588	12,3846154
588	29,3846154
588	1,3846154
589	10,3846154
589	2,3846154
589	8,3846154
589	-21,6153846
590	3,3846154
590	20,3846154
590	3,3846154
590	32,3846154
591	16,3846154
591	28,3846154
591	-4,6153846
592	3,3846154
592	19,3846154
592	16,3846154
592	8,3846154
593	17,3846154
593	9,3846154
593	6,3846154
593	10,3846154
594	46,3846154
594	8,3846154
594	37,3846154
594	11,3846154
595	27,3846154
595	-21,6153846
595	9,3846154
595	6,3846154
596	10,3846154
596	28,3846154
596	-14,6153846
596	17,3846154
597	19,3846154
597	16,3846154
597	18,3846154
597	-228,6153846
598	-24,6153846
598	-5,6153846
598	-7,6153846
598	16,3846154
599	5,3846154
599	-1,6153846
599	1,3846154
599	19,3846154
600	8,3846154
600	15,3846154
600	-1,6153846
600	20,3846154
601	-6,6153846
601	3,3846154
601	12,3846154
601	16,3846154
602	8,3846154
602	-5,6153846
602	14,3846154
603	39,3846154
603	23,3846154
603	39,3846154
603	22,3846154
604	-3,6153846
604	27,3846154
604	8,3846154
604	11,3846154
605	27,3846154
605	13,3846154
605	5,3846154
605	4,3846154
606	-0,6153846
606	6,3846154
606	27,3846154
606	32,3846154
607	3,3846154
607	-11,6153846
607	37,3846154
607	31,3846154
608	6,3846154
608	10,3846154
608	24,3846154
608	2,3846154
609	1,3846154
609	17,3846154
609	15,3846154
609	7,3846154
610	4,3846154
610	19,3846154
610	27,3846154
610	19,3846154
611	22,3846154
611	14,3846154
611	4,3846154
611	17,3846154
612	23,3846154
612	-5,6153846
612	18,3846154
612	24,3846154
613	10,3846154
613	5,3846154
613	1,3846154
613	22,3846154
614	27,3846154
614	2,3846154
614	11,3846154
614	4,3846154
615	0,3846154
615	16,3846154
615	-7,6153846
616	-8,6153846
616	14,3846154
616	26,3846154
616	1,3846154
617	13,3846154
617	11,3846154
617	15,3846154
617	-4,6153846
618	1,3846154
618	21,3846154
618	6,3846154
618	40,3846154
619	16,3846154
619	19,3846154
619	5,3846154
619	-1,6153846
620	27,3846154
620	23,3846154
620	21,3846154
620	-1,6153846
621	31,3846154
621	28,3846154
621	-2,6153846
621	8,3846154
622	23,3846154
622	5,3846154
622	15,3846154
622	-3,6153846
623	-5,6153846
623	7,3846154
623	27,3846154
623	30,3846154
624	17,3846154
624	3,3846154
624	23,3846154
624	19,3846154
625	20,3846154
625	15,3846154
625	20,3846154
625	4,3846154
626	25,3846154
626	-10,6153846
626	9,3846154
626	13,3846154
627	3,3846154
627	-0,6153846
627	34,3846154
627	11,3846154
628	19,3846154
628	14,3846154
628	15,3846154
629	-3,6153846
629	9,3846154
629	-20,6153846
629	18,3846154
630	29,3846154
630	-9,6153846
630	-10,6153846
630	2,3846154
631	14,3846154
631	12,3846154
631	16,3846154
631	9,3846154
632	19,3846154
632	17,3846154
632	12,3846154
632	18,3846154
633	2,3846154
633	25,3846154
633	4,3846154
633	1,3846154
634	-14,6153846
634	-2,6153846
634	-13,6153846
634	-0,6153846
635	12,3846154
635	-15,6153846
635	-8,6153846
635	19,3846154
636	7,3846154
636	34,3846154
636	9,3846154
636	18,3846154
637	15,3846154
637	15,3846154
637	0,3846154
637	12,3846154
638	14,3846154
638	11,3846154
638	3,3846154
638	29,3846154
639	-5,6153846
639	-5,6153846
639	1,3846154
639	23,3846154
640	-11,6153846
640	22,3846154
640	3,3846154
640	25,3846154
641	7,3846154
641	14,3846154
641	12,3846154
641	4,3846154
642	10,3846154
642	36,3846154
642	19,3846154
642	15,3846154
643	24,3846154
643	29,3846154
643	27,3846154
644	20,3846154
644	17,3846154
644	17,3846154
644	15,3846154
645	8,3846154
645	-1,6153846
645	15,3846154
645	18,3846154
646	-4,6153846
646	29,3846154
646	26,3846154
646	21,3846154
647	20,3846154
647	27,3846154
647	1,3846154
647	2,3846154
648	51,3846154
648	34,3846154
648	-2,6153846
648	20,3846154
649	22,3846154
649	27,3846154
649	13,3846154
649	13,3846154
650	21,3846154
650	14,3846154
650	-10,6153846
650	20,3846154
651	8,3846154
651	13,3846154
651	35,3846154
651	27,3846154
652	21,3846154
652	11,3846154
652	17,3846154
652	25,3846154
653	23,3846154
653	47,3846154
653	29,3846154
653	30,3846154
654	-5,6153846
654	7,3846154
654	36,3846154
654	24,3846154
655	14,3846154
655	31,3846154
655	17,3846154
655	28,3846154
656	20,3846154
656	6,3846154
656	-12,6153846
656	23,3846154
657	17,3846154
657	1,3846154
657	11,3846154
657	19,3846154
658	4,3846154
658	6,3846154
658	5,3846154
658	-3,6153846
659	19,3846154
659	8,3846154
659	34,3846154
660	16,3846154
660	25,3846154
660	50,3846154
660	32,3846154
661	12,3846154
661	25,3846154
661	21,3846154
661	-7,6153846
662	12,3846154
662	26,3846154
662	7,3846154
662	14,3846154
663	-0,6153846
663	16,3846154
663	17,3846154
663	30,3846154
664	23,3846154
664	36,3846154
664	44,3846154
664	11,3846154
665	41,3846154
665	8,3846154
665	20,3846154
665	-6,6153846
666	-0,6153846
666	13,3846154
666	34,3846154
666	31,3846154
667	36,3846154
667	14,3846154
667	16,3846154
667	-5,6153846
668	-2,6153846
668	4,3846154
668	24,3846154
668	28,3846154
669	7,3846154
669	-1,6153846
669	17,3846154
669	8,3846154
670	6,3846154
670	39,3846154
670	-1,6153846
670	36,3846154
671	0,3846154
671	39,3846154
671	24,3846154
671	21,3846154
672	17,3846154
672	0,3846154
672	19,3846154
672	23,3846154
673	20,3846154
673	3,3846154
673	-3,6153846
673	12,3846154
674	-0,6153846
674	30,3846154
674	-12,6153846
674	4,3846154
675	-31,6153846
675	30,3846154
675	-15,6153846
675	20,3846154
676	6,3846154
676	9,3846154
676	0,3846154
676	24,3846154
677	15,3846154
677	2,3846154
677	2,3846154
677	0,3846154
678	45,3846154
678	37,3846154
678	13,3846154
678	37,3846154
679	9,3846154
679	9,3846154
679	15,3846154
680	7,3846154
680	22,3846154
680	42,3846154
680	-0,6153846
681	8,3846154
681	28,3846154
681	19,3846154
681	12,3846154
682	27,3846154
682	9,3846154
682	8,3846154
682	17,3846154
683	-8,6153846
683	11,3846154
683	24,3846154
683	30,3846154
684	-1,6153846
684	19,3846154
684	20,3846154
684	27,3846154
685	4,3846154
685	-12,6153846
685	5,3846154
685	12,3846154
686	15,3846154
686	22,3846154
686	10,3846154
686	17,3846154
687	30,3846154
687	22,3846154
687	2,3846154
687	7,3846154
688	-4,6153846
688	15,3846154
688	-5,6153846
688	-11,6153846
689	10,3846154
689	8,3846154
689	22,3846154
689	15,3846154
690	23,3846154
690	24,3846154
690	-4,6153846
690	10,3846154
691	28,3846154
691	6,3846154
691	30,3846154
691	15,3846154
692	18,3846154
692	24,3846154
692	23,3846154
692	17,3846154
693	19,3846154
693	20,3846154
693	-13,6153846
693	-18,6153846
694	5,3846154
694	17,3846154
694	6,3846154
694	10,3846154
695	-7,6153846
695	10,3846154
695	2,3846154
695	3,3846154
696	-0,6153846
696	-6,6153846
696	16,3846154
696	13,3846154
697	11,3846154
697	11,3846154
697	5,3846154
697	17,3846154
698	0,3846154
698	-2,6153846
698	12,3846154
698	4,3846154
699	18,3846154
699	21,3846154
699	32,3846154
699	25,3846154
700	32,3846154
700	22,3846154
700	0,3846154
700	20,3846154
701	4,3846154
701	-27,6153846
701	-3,6153846
701	23,3846154
702	-14,6153846
702	12,3846154
702	12,3846154
702	-3,6153846
703	-2,6153846
703	3,3846154
703	31,3846154
703	14,3846154
704	17,3846154
704	26,3846154
704	-8,6153846
704	34,3846154
705	20,3846154
705	4,3846154
705	14,3846154
706	18,3846154
706	37,3846154
706	21,3846154
706	19,3846154
707	17,3846154
707	-11,6153846
707	21,3846154
707	-2,6153846
708	3,3846154
708	8,3846154
708	10,3846154
708	15,3846154
709	-13,6153846
709	28,3846154
709	16,3846154
709	4,3846154
710	18,3846154
710	-3,6153846
710	22,3846154
710	4,3846154
711	17,3846154
711	21,3846154
711	9,3846154
711	21,3846154
712	25,3846154
712	13,3846154
712	8,3846154
712	-8,6153846
713	13,3846154
713	9,3846154
713	8,3846154
713	17,3846154
714	54,3846154
714	18,3846154
714	9,3846154
714	1,3846154
715	13,3846154
715	14,3846154
715	12,3846154
715	17,3846154
716	14,3846154
716	24,3846154
716	9,3846154
716	20,3846154
717	17,3846154
717	13,3846154
717	18,3846154
717	9,3846154
718	5,3846154
718	7,3846154
718	22,3846154
718	11,3846154
719	17,3846154
719	8,3846154
719	7,3846154
719	-1,6153846
720	-3,6153846
720	-0,6153846
720	17,3846154
720	33,3846154
721	23,3846154
721	6,3846154
721	9,3846154
721	2,3846154
722	33,3846154
722	31,3846154
722	2,3846154
722	-26,6153846
723	2,3846154
723	15,3846154
723	6,3846154
723	1,3846154
724	12,3846154
724	40,3846154
724	16,3846154
724	9,3846154
725	7,3846154
725	5,3846154
725	18,3846154
725	3,3846154
726	-6,6153846
726	11,3846154
726	7,3846154
726	4,3846154
727	-7,6153846
727	-16,6153846
727	1,3846154
727	2,3846154
728	0,3846154
728	-6,6153846
728	25,3846154
728	6,3846154
729	-4,6153846
729	14,3846154
729	12,3846154
729	11,3846154
730	22,3846154
730	-2,6153846
730	10,3846154
730	11,3846154
731	34,3846154
731	17,3846154
731	6,3846154
731	40,3846154
732	13,3846154
732	22,3846154
732	1,3846154
732	30,3846154
733	12,3846154
733	-6,6153846
733	7,3846154
733	15,3846154
734	6,3846154
734	3,3846154
734	15,3846154
734	22,3846154
735	4,3846154
735	14,3846154
735	11,3846154
735	28,3846154
736	1,3846154
736	1,3846154
736	11,3846154
736	31,3846154
737	12,3846154
737	-4,6153846
737	3,3846154
737	12,3846154
738	-2,6153846
738	-0,6153846
738	14,3846154
738	17,3846154
739	16,3846154
739	45,3846154
739	6,3846154
739	9,3846154
740	3,3846154
740	6,3846154
740	26,3846154
740	9,3846154
741	-11,6153846
741	1,3846154
741	4,3846154
741	6,3846154
742	2,3846154
742	2,3846154
742	6,3846154
742	3,3846154
743	6,3846154
743	29,3846154
743	10,3846154
743	9,3846154
744	21,3846154
744	27,3846154
744	21,3846154
744	2,3846154
745	8,3846154
745	-0,6153846
745	9,3846154
745	-22,6153846
746	1,3846154
746	-5,6153846
746	-0,6153846
746	1,3846154
747	7,3846154
747	23,3846154
747	7,3846154
747	26,3846154
748	27,3846154
748	20,3846154
748	5,3846154
748	8,3846154
749	-6,6153846
749	15,3846154
749	-8,6153846
749	1,3846154
750	25,3846154
750	-4,6153846
750	15,3846154
750	15,3846154
751	22,3846154
751	9,3846154
751	2,3846154
751	6,3846154
752	18,3846154
752	7,3846154
752	31,3846154
752	31,3846154
753	-6,6153846
753	3,3846154
753	16,3846154
753	18,3846154
754	7,3846154
754	6,3846154
754	-13,6153846
754	-7,6153846
755	2,3846154
755	29,3846154
755	-0,6153846
755	4,3846154
756	1,3846154
756	-0,6153846
756	-9,6153846
756	18,3846154
757	-28,6153846
757	-3,6153846
757	8,3846154
757	29,3846154
758	36,3846154
758	-1,6153846
758	-1,6153846
758	49,3846154
759	37,3846154
759	34,3846154
759	-0,6153846
759	23,3846154
760	18,3846154
760	2,3846154
760	15,3846154
760	4,3846154
761	5,3846154
761	32,3846154
761	5,3846154
761	25,3846154
762	30,3846154
762	25,3846154
762	20,3846154
762	-13,6153846
763	-3,6153846
763	8,3846154
763	27,3846154
763	28,3846154
764	18,3846154
764	8,3846154
764	13,3846154
764	19,3846154
765	42,3846154
765	13,3846154
765	14,3846154
765	12,3846154
766	7,3846154
766	7,3846154
766	3,3846154
766	12,3846154
767	17,3846154
767	6,3846154
767	15,3846154
767	9,3846154
768	8,3846154
768	10,3846154
768	15,3846154
768	23,3846154
769	-18,6153846
769	31,3846154
769	1,3846154
769	0,3846154
770	19,3846154
770	15,3846154
770	7,3846154
770	4,3846154
771	4,3846154
771	-2,6153846
771	12,3846154
771	11,3846154
772	21,3846154
772	9,3846154
772	33,3846154
772	17,3846154
773	-19,6153846
773	28,3846154
773	15,3846154
773	5,3846154
774	17,3846154
774	26,3846154
774	1,3846154
774	21,3846154
775	-5,6153846
775	4,3846154
775	8,3846154
775	10,3846154
776	-4,6153846
776	8,3846154
776	25,3846154
776	2,3846154
777	47,3846154
777	12,3846154
777	8,3846154
777	27,3846154
778	9,3846154
778	3,3846154
778	35,3846154
778	36,3846154
779	9,3846154
779	1,3846154
779	0,3846154
779	15,3846154
780	37,3846154
780	14,3846154
780	20,3846154
780	6,3846154
781	6,3846154
781	10,3846154
781	32,3846154
781	-0,6153846
782	39,3846154
782	25,3846154
782	7,3846154
782	24,3846154
783	7,3846154
783	11,3846154
783	12,3846154
783	20,3846154
784	11,3846154
784	23,3846154
784	16,3846154
784	-7,6153846
785	5,3846154
785	18,3846154
785	-17,6153846
785	1,3846154
786	17,3846154
786	17,3846154
786	22,3846154
786	11,3846154
787	11,3846154
787	13,3846154
787	9,3846154
787	-7,6153846
788	-10,6153846
788	0,3846154
788	7,3846154
788	3,3846154
789	14,3846154
789	0,3846154
789	-14,6153846
789	6,3846154
790	-12,6153846
790	11,3846154
790	11,3846154
790	19,3846154
791	6,3846154
791	-9,6153846
791	-5,6153846
791	-23,6153846
792	16,3846154
792	4,3846154
792	33,3846154
792	10,3846154
793	22,3846154
793	47,3846154
793	13,3846154
793	42,3846154
794	22,3846154
794	-10,6153846
794	5,3846154
794	-22,6153846
795	3,3846154
795	17,3846154
795	37,3846154
795	20,3846154
796	28,3846154
796	7,3846154
796	1,3846154
796	7,3846154
797	-17,6153846
797	-17,6153846
797	24,3846154
797	3,3846154
798	12,3846154
798	13,3846154
798	40,3846154
798	54,3846154
799	-5,6153846
799	-11,6153846
799	-2,6153846
799	-21,6153846
800	10,3846154
800	43,3846154
800	16,3846154
800	-8,6153846
801	46,3846154
801	11,3846154
801	5,3846154
801	-2,6153846
802	22,3846154
802	19,3846154
802	13,3846154
802	15,3846154
803	-1,6153846
803	-4,6153846
803	21,3846154
803	16,3846154
804	10,3846154
804	3,3846154
804	-6,6153846
804	26,3846154
805	5,3846154
805	-32,6153846
805	19,3846154
805	-7,6153846
806	5,3846154
806	4,3846154
806	40,3846154
806	53,3846154
807	0,3846154
807	20,3846154
807	-0,6153846
807	5,3846154
808	-4,6153846
808	13,3846154
808	16,3846154
808	1,3846154
809	4,3846154
809	5,3846154
809	4,3846154
809	-11,6153846
810	10,3846154
810	19,3846154
810	-12,6153846
810	11,3846154
811	17,3846154
811	13,3846154
811	-3,6153846
811	23,3846154
812	32,3846154
812	26,3846154
812	19,3846154
812	11,3846154
813	-0,6153846
813	3,3846154
813	20,3846154
813	20,3846154
814	12,3846154
814	-19,6153846
814	-15,6153846
814	28,3846154
815	27,3846154
815	0,3846154
815	22,3846154
815	11,3846154
816	53,3846154
816	17,3846154
816	-1,6153846
816	5,3846154
817	16,3846154
817	19,3846154
817	17,3846154
817	30,3846154
818	-4,6153846
818	18,3846154
818	-6,6153846
818	2,3846154
819	14,3846154
819	37,3846154
819	27,3846154
819	10,3846154
820	10,3846154
820	-1,6153846
820	0,3846154
820	21,3846154
820	10,3846154
821	-27,6153846
821	-12,6153846
821	3,3846154
821	18,3846154
822	12,3846154
822	26,3846154
822	-29,6153846
822	-9,6153846
823	-5,6153846
823	7,3846154
823	13,3846154
823	-6,6153846
824	-14,6153846
824	18,3846154
824	16,3846154
824	9,3846154
825	35,3846154
825	12,3846154
825	-10,6153846
825	12,3846154
826	15,3846154
826	8,3846154
826	15,3846154
826	22,3846154
827	43,3846154
827	-15,6153846
827	0,3846154
827	8,3846154
828	17,3846154
828	-1,6153846
828	12,3846154
828	14,3846154
829	29,3846154
829	25,3846154
829	33,3846154
829	23,3846154
830	21,3846154
830	30,3846154
830	-11,6153846
830	16,3846154
831	23,3846154
831	16,3846154
831	25,3846154
831	19,3846154
832	11,3846154
832	16,3846154
832	37,3846154
832	22,3846154
833	27,3846154
833	4,3846154
833	-21,6153846
833	18,3846154
834	30,3846154
834	15,3846154
834	14,3846154
834	-0,6153846
835	14,3846154
835	30,3846154
835	5,3846154
835	23,3846154
836	11,3846154
836	10,3846154
836	37,3846154
836	23,3846154
837	31,3846154
837	6,3846154
837	1,3846154
837	20,3846154
838	12,3846154
838	23,3846154
838	33,3846154
838	12,3846154
839	33,3846154
839	-5,6153846
839	11,3846154
839	46,3846154
840	21,3846154
840	-6,6153846
840	-10,6153846
840	5,3846154
841	-12,6153846
841	38,3846154
841	23,3846154
841	2,3846154
842	11,3846154
842	35,3846154
842	7,3846154
842	23,3846154
843	17,3846154
843	18,3846154
843	19,3846154
843	4,3846154
844	12,3846154
844	12,3846154
844	8,3846154
844	-10,6153846
845	7,3846154
845	29,3846154
845	27,3846154
845	19,3846154
845	20,3846154
846	-8,6153846
846	15,3846154
846	14,3846154
846	1,3846154
847	15,3846154
847	8,3846154
847	21,3846154
847	-0,6153846
848	15,3846154
848	-18,6153846
848	13,3846154
848	18,3846154
849	31,3846154
849	0,3846154
849	33,3846154
849	2,3846154
850	1,3846154
850	9,3846154
850	23,3846154
850	38,3846154
851	5,3846154
851	-12,6153846
851	11,3846154
851	6,3846154
852	-10,6153846
852	22,3846154
852	5,3846154
852	-2,6153846
853	-0,6153846
853	-1,6153846
853	-20,6153846
853	0,3846154
854	6,3846154
854	27,3846154
854	-0,6153846
854	15,3846154
855	-17,6153846
855	1,3846154
855	19,3846154
855	31,3846154
856	-0,6153846
856	18,3846154
856	28,3846154
856	-2,6153846
857	9,3846154
857	30,3846154
857	22,3846154
857	18,3846154
858	35,3846154
858	39,3846154
858	11,3846154
858	0,3846154
859	17,3846154
859	7,3846154
859	19,3846154
859	1,3846154
860	3,3846154
860	-3,6153846
860	35,3846154
860	8,3846154
861	4,3846154
861	-22,6153846
861	19,3846154
861	13,3846154
862	15,3846154
862	26,3846154
862	-7,6153846
862	-0,6153846
863	12,3846154
863	-6,6153846
863	-8,6153846
863	19,3846154
864	4,3846154
864	8,3846154
864	3,3846154
864	9,3846154
864	10,3846154
865	36,3846154
865	8,3846154
865	1,3846154
865	-0,6153846
866	-3,6153846
866	-3,6153846
866	24,3846154
866	24,3846154
867	23,3846154
867	-9,6153846
867	-19,6153846
867	-0,6153846
868	31,3846154
868	-13,6153846
868	7,3846154
868	20,3846154
869	2,3846154
869	14,3846154
869	-2,6153846
869	2,3846154
870	23,3846154
870	10,3846154
870	14,3846154
870	50,3846154
871	5,3846154
871	11,3846154
871	27,3846154
871	4,3846154
872	27,3846154
872	-4,6153846
872	10,3846154
872	12,3846154
873	0,3846154
873	-23,6153846
873	-1,6153846
873	11,3846154
874	9,3846154
874	10,3846154
874	20,3846154
874	30,3846154
875	26,3846154
875	-24,6153846
875	-8,6153846
875	20,3846154
876	-8,6153846
876	1,3846154
876	6,3846154
876	8,3846154
877	30,3846154
877	-15,6153846
877	37,3846154
877	8,3846154
878	11,3846154
878	-4,6153846
878	30,3846154
878	22,3846154
879	26,3846154
879	-7,6153846
879	-1,6153846
879	-11,6153846
880	-9,6153846
880	0,3846154
880	20,3846154
880	7,3846154
880	-1,6153846
881	24,3846154
881	39,3846154
881	8,3846154
881	-9,6153846
882	-0,6153846
882	-9,6153846
882	6,3846154
882	15,3846154
883	3,3846154
883	-9,6153846
883	-8,6153846
883	-6,6153846
884	38,3846154
884	6,3846154
884	-11,6153846
884	14,3846154
885	13,3846154
885	0,3846154
885	19,3846154
885	17,3846154
886	15,3846154
886	4,3846154
886	12,3846154
886	12,3846154
887	16,3846154
887	24,3846154
887	11,3846154
887	-17,6153846
888	7,3846154
888	21,3846154
888	0,3846154
888	1,3846154
889	-11,6153846
889	14,3846154
889	-14,6153846
889	0,3846154
890	28,3846154
890	-26,6153846
890	10,3846154
890	9,3846154
891	2,3846154
891	19,3846154
891	-9,6153846
891	8,3846154
892	-13,6153846
892	15,3846154
892	8,3846154
892	47,3846154
893	8,3846154
893	2,3846154
893	3,3846154
893	17,3846154
894	16,3846154
894	-10,6153846
894	-6,6153846
894	13,3846154
894	23,3846154
895	9,3846154
895	16,3846154
895	23,3846154
895	3,3846154
896	27,3846154
896	23,3846154
896	25,3846154
896	43,3846154
897	18,3846154
897	24,3846154
897	41,3846154
897	39,3846154
898	26,3846154
898	38,3846154
898	5,3846154
898	-12,6153846
899	7,3846154
899	-10,6153846
899	7,3846154
899	9,3846154
900	43,3846154
900	20,3846154
900	1,3846154
900	12,3846154
901	54,3846154
901	24,3846154
901	20,3846154
901	39,3846154
902	-3,6153846
902	11,3846154
902	12,3846154
902	-0,6153846
903	7,3846154
903	27,3846154
903	-3,6153846
903	15,3846154
904	15,3846154
904	9,3846154
904	27,3846154
904	31,3846154
905	10,3846154
905	21,3846154
905	22,3846154
905	23,3846154
906	16,3846154
906	12,3846154
906	11,3846154
906	26,3846154
906	-2,6153846
907	14,3846154
907	33,3846154
907	2,3846154
907	15,3846154
908	5,3846154
908	29,3846154
908	47,3846154
908	1,3846154
909	2,3846154
909	-22,6153846
909	-12,6153846
909	18,3846154
910	0,3846154
910	0,3846154
910	37,3846154
910	-12,6153846
911	7,3846154
911	2,3846154
911	-1,6153846
911	22,3846154
912	18,3846154
912	7,3846154
912	9,3846154
912	26,3846154
913	24,3846154
913	-15,6153846
913	35,3846154
913	10,3846154
914	14,3846154
914	16,3846154
914	13,3846154
914	13,3846154
915	-12,6153846
915	-22,6153846
915	23,3846154
915	38,3846154
916	30,3846154
916	32,3846154
916	37,3846154
916	25,3846154
917	13,3846154
917	18,3846154
917	7,3846154
917	10,3846154
917	-0,6153846
918	21,3846154
918	26,3846154
918	4,3846154
918	6,3846154
919	-6,6153846
919	0,3846154
919	52,3846154
919	0,3846154
920	9,3846154
920	36,3846154
920	27,3846154
920	27,3846154
921	16,3846154
921	11,3846154
921	9,3846154
921	-27,6153846
922	-9,6153846
922	3,3846154
922	19,3846154
922	30,3846154
923	20,3846154
923	14,3846154
923	4,3846154
923	0,3846154
924	11,3846154
924	16,3846154
924	6,3846154
924	-5,6153846
925	-1,6153846
925	6,3846154
925	11,3846154
925	23,3846154
926	1,3846154
926	15,3846154
926	29,3846154
926	8,3846154
927	0,3846154
927	12,3846154
927	22,3846154
927	0,3846154
928	11,3846154
928	-14,6153846
928	8,3846154
928	40,3846154
928	48,3846154
929	35,3846154
929	16,3846154
929	17,3846154
929	-1,6153846
930	-5,6153846
930	5,3846154
930	-15,6153846
930	3,3846154
931	27,3846154
931	6,3846154
931	20,3846154
931	28,3846154
932	26,3846154
932	-9,6153846
932	8,3846154
932	-0,6153846
933	21,3846154
933	-3,6153846
933	34,3846154
933	6,3846154
934	19,3846154
934	8,3846154
934	11,3846154
934	28,3846154
935	1,3846154
935	5,3846154
935	9,3846154
935	5,3846154
936	21,3846154
936	21,3846154
936	-9,6153846
936	-8,6153846
937	23,3846154
937	41,3846154
937	21,3846154
937	25,3846154
938	5,3846154
938	6,3846154
938	14,3846154
938	44,3846154
938	29,3846154
939	5,3846154
939	4,3846154
939	39,3846154
939	30,3846154
940	18,3846154
940	15,3846154
940	16,3846154
940	0,3846154
941	2,3846154
941	-4,6153846
941	5,3846154
941	-3,6153846
942	22,3846154
942	29,3846154
942	15,3846154
942	19,3846154
943	8,3846154
943	15,3846154
943	21,3846154
943	21,3846154
944	-4,6153846
944	13,3846154
944	17,3846154
944	15,3846154
945	30,3846154
945	10,3846154
945	-9,6153846
945	16,3846154
946	26,3846154
946	16,3846154
946	5,3846154
946	5,3846154
947	28,3846154
947	12,3846154
947	17,3846154
947	18,3846154
947	29,3846154
948	9,3846154
948	13,3846154
948	-4,6153846
948	5,3846154
949	17,3846154
949	10,3846154
949	33,3846154
949	20,3846154
950	17,3846154
950	9,3846154
950	8,3846154
950	-10,6153846
951	24,3846154
951	9,3846154
951	31,3846154
951	17,3846154
952	-0,6153846
952	41,3846154
952	17,3846154
952	57,3846154
953	11,3846154
953	29,3846154
953	19,3846154
953	8,3846154
954	-15,6153846
954	19,3846154
954	14,3846154
954	17,3846154
955	-2,6153846
955	1,3846154
955	-3,6153846
955	-12,6153846
956	18,3846154
956	25,3846154
956	14,3846154
956	9,3846154
956	15,3846154
957	18,3846154
957	55,3846154
957	11,3846154
957	20,3846154
958	11,3846154
958	21,3846154
958	0,3846154
958	19,3846154
959	7,3846154
959	5,3846154
959	0,3846154
959	12,3846154
960	53,3846154
960	26,3846154
960	26,3846154
960	-1,6153846
961	18,3846154
961	9,3846154
961	-1,6153846
961	4,3846154
962	19,3846154
962	15,3846154
962	19,3846154
962	4,3846154
963	0,3846154
963	23,3846154
963	12,3846154
963	-3,6153846
964	0,3846154
964	39,3846154
964	-1,6153846
964	-12,6153846
964	18,3846154
965	29,3846154
965	-1,6153846
965	9,3846154
965	-20,6153846
966	40,3846154
966	14,3846154
966	-0,6153846
966	19,3846154
967	-11,6153846
967	10,3846154
967	19,3846154
967	0,3846154
968	3,3846154
968	11,3846154
968	7,3846154
968	23,3846154
969	13,3846154
969	2,3846154
969	16,3846154
969	7,3846154
970	18,3846154
970	-2,6153846
970	24,3846154
970	0,3846154
971	28,3846154
971	32,3846154
971	28,3846154
971	13,3846154
972	25,3846154
972	20,3846154
972	33,3846154
972	23,3846154
972	-1,6153846
973	-18,6153846
973	4,3846154
973	10,3846154
973	-12,6153846
974	-2,6153846
974	7,3846154
974	35,3846154
974	17,3846154
975	21,3846154
975	12,3846154
975	-0,6153846
975	2,3846154
976	-17,6153846
976	17,3846154
976	24,3846154
976	5,3846154
977	4,3846154
977	0,3846154
977	7,3846154
977	21,3846154
978	29,3846154
978	29,3846154
978	5,3846154
978	4,3846154
979	24,3846154
979	25,3846154
979	16,3846154
979	18,3846154
980	-1,6153846
980	1,3846154
980	2,3846154
980	-3,6153846
980	16,3846154
981	2,3846154
981	26,3846154
981	15,3846154
981	-11,6153846
982	4,3846154
982	5,3846154
982	28,3846154
982	19,3846154
983	14,3846154
983	17,3846154
983	10,3846154
983	14,3846154
984	20,3846154
984	20,3846154
984	20,3846154
984	16,3846154
985	25,3846154
985	31,3846154
985	23,3846154
985	18,3846154
986	14,3846154
986	0,3846154
986	6,3846154
986	23,3846154
987	-0,6153846
987	42,3846154
987	6,3846154
987	12,3846154
988	20,3846154
988	37,3846154
988	-14,6153846
988	20,3846154
988	20,3846154
989	-4,6153846
989	-4,6153846
989	16,3846154
989	25,3846154
990	14,3846154
990	2,3846154
990	-3,6153846
990	-14,6153846
991	7,3846154
991	16,3846154
991	-5,6153846
991	27,3846154
992	17,3846154
992	26,3846154
992	20,3846154
992	-0,6153846
993	5,3846154
993	16,3846154
993	2,3846154
993	32,3846154
994	14,3846154
994	36,3846154
994	19,3846154
994	17,3846154
995	8,3846154
995	-5,6153846
995	15,3846154
995	27,3846154
995	25,3846154
996	27,3846154
996	54,3846154
996	9,3846154
996	14,3846154
997	23,3846154
997	-22,6153846
997	21,3846154
997	30,3846154
998	5,3846154
998	5,3846154
998	4,3846154
998	27,3846154
999	11,3846154
999	-4,6153846
999	26,3846154
999	6,3846154
1000	24,3846154
1000	15,3846154
1000	16,3846154
1000	3,3846154
1001	31,3846154
1001	6,3846154
1001	30,3846154
1001	19,3846154
1002	0,3846154
1002	22,3846154
1002	13,3846154
1002	23,3846154
1002	-2,6153846
1003	12,3846154
1003	12,3846154
1003	37,3846154
1003	46,3846154
1004	22,3846154
1004	8,3846154
1004	30,3846154
1004	29,3846154
1005	-5,6153846
1005	-2,6153846
1005	12,3846154
1005	4,3846154
1006	-15,6153846
1006	22,3846154
1006	7,3846154
1006	15,3846154
1007	18,3846154
1007	12,3846154
1007	-0,6153846
1007	5,3846154
1008	-2,6153846
1008	8,3846154
1008	18,3846154
1008	21,3846154
1008	6,3846154
1009	26,3846154
1009	-3,6153846
1009	9,3846154
1009	3,3846154
1010	-4,6153846
1010	-18,6153846
1010	11,3846154
1010	19,3846154
1011	-2,6153846
1011	22,3846154
1011	15,3846154
1011	10,3846154
1012	-4,6153846
1012	-12,6153846
1012	14,3846154
1012	5,3846154
1013	-0,6153846
1013	2,3846154
1013	16,3846154
1013	13,3846154
1014	9,3846154
1014	15,3846154
1014	25,3846154
1014	9,3846154
1015	10,3846154
1015	8,3846154
1015	-1,6153846
1015	5,3846154
1015	35,3846154
1016	35,3846154
1016	19,3846154
1016	16,3846154
1016	7,3846154
1017	19,3846154
1017	-2,6153846
1017	-12,6153846
1017	-8,6153846
1018	6,3846154
1018	3,3846154
1018	-0,6153846
1018	19,3846154
1019	-12,6153846
1019	6,3846154
1019	25,3846154
1019	22,3846154
1020	1,3846154
1020	14,3846154
1020	9,3846154
1020	26,3846154
1021	31,3846154
1021	15,3846154
1021	15,3846154
1021	20,3846154
1021	4,3846154
1022	-4,6153846
1022	22,3846154
1022	1,3846154
1022	13,3846154
1023	-10,6153846
1023	5,3846154
1023	6,3846154
1023	15,3846154
1024	14,3846154
1024	-16,6153846
1024	18,3846154
1024	22,3846154
1025	26,3846154
1025	1,3846154
1025	-2,6153846
1025	14,3846154
1026	23,3846154
1026	31,3846154
1026	41,3846154
1026	17,3846154
1027	11,3846154
1027	12,3846154
1027	11,3846154
1027	12,3846154
1027	-5,6153846
1028	1,3846154
1028	-6,6153846
1028	0,3846154
1028	11,3846154
1029	-9,6153846
1029	11,3846154
1029	14,3846154
1029	6,3846154
1030	27,3846154
1030	10,3846154
1030	7,3846154
1030	-1,6153846
1031	41,3846154
1031	14,3846154
1031	32,3846154
1031	6,3846154
1032	31,3846154
1032	25,3846154
1032	-3,6153846
1032	13,3846154
1033	11,3846154
1033	32,3846154
1033	28,3846154
1033	20,3846154
1034	17,3846154
1034	12,3846154
1034	-5,6153846
1034	1,3846154
1034	-10,6153846
1035	28,3846154
1035	2,3846154
1035	20,3846154
1035	34,3846154
1036	24,3846154
1036	18,3846154
1036	12,3846154
1036	21,3846154
1037	7,3846154
1037	9,3846154
1037	2,3846154
1037	23,3846154
1038	11,3846154
1038	24,3846154
1038	-7,6153846
1038	23,3846154
1039	5,3846154
1039	1,3846154
1039	-1,6153846
1039	16,3846154
1039	2,3846154
1040	-4,6153846
1040	11,3846154
1040	35,3846154
1040	31,3846154
1041	19,3846154
1041	-1,6153846
1041	19,3846154
1041	25,3846154
1042	29,3846154
1042	32,3846154
1042	20,3846154
1042	32,3846154
1043	19,3846154
1043	48,3846154
1043	11,3846154
1043	9,3846154
1044	23,3846154
1044	-6,6153846
1044	29,3846154
1044	6,3846154
1045	15,3846154
1045	-13,6153846
1045	26,3846154
1045	-1,6153846
1045	15,3846154
1046	11,3846154
1046	12,3846154
1046	29,3846154
1046	13,3846154
1047	-8,6153846
1047	17,3846154
1047	3,3846154
1047	47,3846154
1048	13,3846154
1048	27,3846154
1048	45,3846154
1048	28,3846154
1049	30,3846154
1049	10,3846154
1049	11,3846154
1049	20,3846154
1050	-5,6153846
1050	8,3846154
1050	2,3846154
1050	1,3846154
1051	19,3846154
1051	14,3846154
1051	4,3846154
1051	7,3846154
1051	-9,6153846
1052	15,3846154
1052	19,3846154
1052	0,3846154
1052	-6,6153846
1053	2,3846154
1053	10,3846154
1053	13,3846154
1053	6,3846154
1054	12,3846154
1054	-11,6153846
1054	12,3846154
1054	19,3846154
1055	18,3846154
1055	-7,6153846
1055	20,3846154
1055	27,3846154
1056	25,3846154
1056	-0,6153846
1056	14,3846154
1056	44,3846154
1056	-5,6153846
1057	23,3846154
1057	9,3846154
1057	48,3846154
1057	29,3846154
1058	10,3846154
1058	-4,6153846
1058	29,3846154
1058	52,3846154
1059	22,3846154
1059	-1,6153846
1059	-0,6153846
1059	-1,6153846
1060	22,3846154
1060	32,3846154
1060	-1,6153846
1060	32,3846154
1061	27,3846154
1061	31,3846154
1061	23,3846154
1061	16,3846154
1062	15,3846154
1062	25,3846154
1062	-6,6153846
1062	21,3846154
1062	40,3846154
1063	15,3846154
1063	23,3846154
1063	33,3846154
1063	26,3846154
1064	-14,6153846
1064	17,3846154
1064	31,3846154
1064	9,3846154
1065	2,3846154
1065	31,3846154
1065	6,3846154
1065	14,3846154
1066	6,3846154
1066	10,3846154
1066	-14,6153846
1066	8,3846154
1067	8,3846154
1067	12,3846154
1067	18,3846154
1067	7,3846154
1067	10,3846154
1068	32,3846154
1068	35,3846154
1068	10,3846154
1068	20,3846154
1069	34,3846154
1069	15,3846154
1069	1,3846154
1069	25,3846154
1070	27,3846154
1070	4,3846154
1070	6,3846154
1070	8,3846154
1071	-20,6153846
1071	10,3846154
1071	7,3846154
1071	-0,6153846
1072	18,3846154
1072	11,3846154
1072	2,3846154
1072	-5,6153846
1072	0,3846154
1073	10,3846154
1073	5,3846154
1073	-5,6153846
1073	-3,6153846
1074	4,3846154
1074	24,3846154
1074	2,3846154
1074	5,3846154
1075	11,3846154
1075	9,3846154
1075	23,3846154
1075	40,3846154
1076	29,3846154
1076	2,3846154
1076	13,3846154
1076	4,3846154
1077	6,3846154
1077	0,3846154
1077	36,3846154
1077	16,3846154
1077	26,3846154
1078	-0,6153846
1078	-10,6153846
1078	4,3846154
1078	-3,6153846
1079	10,3846154
1079	13,3846154
1079	2,3846154
1079	8,3846154
1080	5,3846154
1080	-13,6153846
1080	-0,6153846
1080	-5,6153846
1081	4,3846154
1081	-0,6153846
1081	30,3846154
1081	18,3846154
1082	20,3846154
1082	-10,6153846
1082	-6,6153846
1082	8,3846154
1082	19,3846154
1083	-5,6153846
1083	6,3846154
1083	18,3846154
1083	5,3846154
1084	-3,6153846
1084	2,3846154
1084	39,3846154
1084	40,3846154
1085	23,3846154
1085	13,3846154
1085	34,3846154
1085	19,3846154
1086	-7,6153846
1086	-2,6153846
1086	-0,6153846
1086	10,3846154
1087	10,3846154
1087	6,3846154
1087	17,3846154
1087	0,3846154
1087	15,3846154
1088	7,3846154
1088	18,3846154
1088	3,3846154
1088	3,3846154
1089	14,3846154
1089	14,3846154
1089	-7,6153846
1089	9,3846154
1090	14,3846154
1090	11,3846154
1090	41,3846154
1090	17,3846154
1091	21,3846154
1091	30,3846154
1091	10,3846154
1091	17,3846154
1092	16,3846154
1092	24,3846154
1092	-7,6153846
1092	12,3846154
1092	0,3846154
1093	4,3846154
1093	12,3846154
1093	3,3846154
1093	-3,6153846
1094	17,3846154
1094	16,3846154
1094	22,3846154
1094	17,3846154
1095	0,3846154
1095	32,3846154
1095	16,3846154
1095	24,3846154
1096	33,3846154
1096	2,3846154
1096	-15,6153846
1096	11,3846154
1097	7,3846154
1097	4,3846154
1097	2,3846154
1097	47,3846154
1097	-3,6153846
1098	34,3846154
1098	49,3846154
1098	16,3846154
1098	-1,6153846
1099	-16,6153846
1099	-9,6153846
1099	18,3846154
1099	17,3846154
1100	-0,6153846
1100	-3,6153846
1100	17,3846154
1100	-8,6153846
1101	-1,6153846
1101	-4,6153846
1101	30,3846154
1101	-6,6153846
1101	-1,6153846
1102	-4,6153846
1102	38,3846154
1102	1,3846154
1102	6,3846154
1103	2,3846154
1103	16,3846154
1103	24,3846154
1103	28,3846154
1104	-2,6153846
1104	21,3846154
1104	15,3846154
1104	35,3846154
1105	10,3846154
1105	22,3846154
1105	33,3846154
1105	37,3846154
1106	29,3846154
1106	5,3846154
1106	-1,6153846
1106	-37,6153846
1106	-26,6153846
1107	22,3846154
1107	25,3846154
1107	28,3846154
1107	8,3846154
1108	14,3846154
1108	8,3846154
1108	12,3846154
1108	-14,6153846
1109	6,3846154
1109	19,3846154
1109	16,3846154
1109	17,3846154
1110	13,3846154
1110	26,3846154
1110	41,3846154
1110	-6,6153846
1110	1,3846154
1111	7,3846154
1111	38,3846154
1111	21,3846154
1111	6,3846154
1112	-1,6153846
1112	28,3846154
1112	20,3846154
1112	-4,6153846
1113	17,3846154
1113	0,3846154
1113	3,3846154
1113	34,3846154
1114	27,3846154
1114	14,3846154
1114	12,3846154
1114	25,3846154
1115	1,3846154
1115	26,3846154
1115	-2,6153846
1115	3,3846154
1115	14,3846154
1116	15,3846154
1116	12,3846154
1116	-4,6153846
1116	9,3846154
1117	31,3846154
1117	1,3846154
1117	25,3846154
1117	20,3846154
1118	21,3846154
