196	-42,5384615
196	-42,5384615
196	-42,5384615
197	4,4615385
197	15,4615385
197	27,4615385
197	13,4615385
198	12,4615385
198	27,4615385
198	-13,5384615
199	13,4615385
199	23,4615385
199	3,4615385
199	-0,5384615
200	21,4615385
200	-2,5384615
200	28,4615385
200	-4,5384615
201	14,4615385
201	2,4615385
201	27,4615385
201	7,4615385
202	34,4615385
202	0,4615385
202	-25,5384615
203	17,4615385
203	12,4615385
203	38,4615385
203	12,4615385
204	30,4615385
204	34,4615385
204	-12,5384615
204	17,4615385
205	0,4615385
205	9,4615385
205	-5,5384615
205	17,4615385
206	5,4615385
206	23,4615385
206	32,4615385
207	16,4615385
207	17,4615385
207	11,4615385
207	-1,5384615
208	26,4615385
208	1,4615385
208	8,4615385
208	27,4615385
209	-4,5384615
209	-0,5384615
209	14,4615385
209	2,4615385
210	12,4615385
210	23,4615385
210	17,4615385
211	-22,5384615
211	15,4615385
211	-14,5384615
211	11,4615385
212	-7,5384615
212	2,4615385
212	2,4615385
212	-8,5384615
213	-2,5384615
213	-14,5384615
213	4,4615385
213	6,4615385
214	-2,5384615
214	-15,5384615
214	-3,5384615
215	22,4615385
215	-9,5384615
215	-6,5384615
215	4,4615385
216	28,4615385
216	6,4615385
216	20,4615385
216	31,4615385
217	6,4615385
217	4,4615385
217	-8,5384615
217	1,4615385
218	-4,5384615
218	-4,5384615
218	12,4615385
219	12,4615385
219	-14,5384615
219	38,4615385
219	11,4615385
220	12,4615385
220	9,4615385
220	-3,5384615
220	0,4615385
221	18,4615385
221	15,4615385
221	22,4615385
221	-12,5384615
222	12,4615385
222	40,4615385
222	6,4615385
223	8,4615385
223	-1,5384615
223	-3,5384615
223	-12,5384615
224	27,4615385
224	15,4615385
224	16,4615385
224	-13,5384615
225	19,4615385
225	2,4615385
225	13,4615385
225	12,4615385
226	25,4615385
226	-5,5384615
226	35,4615385
227	12,4615385
227	18,4615385
227	-6,5384615
227	21,4615385
228	16,4615385
228	10,4615385
228	19,4615385
228	31,4615385
229	23,4615385
229	19,4615385
229	1,4615385
229	4,4615385
230	24,4615385
230	25,4615385
230	11,4615385
231	-1,5384615
231	15,4615385
231	-13,5384615
231	25,4615385
232	23,4615385
232	6,4615385
232	22,4615385
232	0,4615385
233	-3,5384615
233	7,4615385
233	10,4615385
233	13,4615385
234	-16,5384615
234	15,4615385
234	-13,5384615
235	13,4615385
235	33,4615385
235	16,4615385
235	18,4615385
236	14,4615385
236	7,4615385
236	0,4615385
236	-11,5384615
237	34,4615385
237	1,4615385
237	36,4615385
237	13,4615385
238	21,4615385
238	15,4615385
238	15,4615385
239	8,4615385
239	-32,5384615
239	14,4615385
239	25,4615385
240	19,4615385
240	27,4615385
240	-5,5384615
240	20,4615385
241	18,4615385
241	19,4615385
241	12,4615385
241	31,4615385
242	-3,5384615
242	-20,5384615
242	23,4615385
243	0,4615385
243	22,4615385
243	6,4615385
243	16,4615385
244	14,4615385
244	-3,5384615
244	16,4615385
244	18,4615385
245	0,4615385
245	15,4615385
245	-0,5384615
245	-2,5384615
246	10,4615385
246	11,4615385
246	-3,5384615
247	16,4615385
247	11,4615385
247	5,4615385
247	19,4615385
248	16,4615385
248	34,4615385
248	7,4615385
248	23,4615385
249	19,4615385
249	17,4615385
249	-9,5384615
249	24,4615385
250	32,4615385
250	38,4615385
250	11,4615385
251	-3,5384615
251	22,4615385
251	15,4615385
251	3,4615385
252	7,4615385
252	25,4615385
252	52,4615385
252	15,4615385
253	37,4615385
253	26,4615385
253	16,4615385
253	35,4615385
254	22,4615385
254	14,4615385
254	8,4615385
254	14,4615385
255	-6,5384615
255	16,4615385
255	-6,5384615
256	-7,5384615
256	4,4615385
256	9,4615385
256	26,4615385
257	7,4615385
257	-2,5384615
257	-3,5384615
257	0,4615385
258	38,4615385
258	14,4615385
258	14,4615385
258	26,4615385
259	22,4615385
259	10,4615385
259	18,4615385
260	20,4615385
260	1,4615385
260	-4,5384615
260	-0,5384615
261	21,4615385
261	31,4615385
261	30,4615385
261	11,4615385
262	10,4615385
262	25,4615385
262	-7,5384615
262	-23,5384615
263	36,4615385
263	-0,5384615
263	18,4615385
264	37,4615385
264	20,4615385
264	25,4615385
264	13,4615385
265	1,4615385
265	-2,5384615
265	7,4615385
265	8,4615385
266	10,4615385
266	14,4615385
266	12,4615385
266	-1,5384615
267	36,4615385
267	33,4615385
267	38,4615385
268	17,4615385
268	30,4615385
268	25,4615385
268	47,4615385
269	26,4615385
269	28,4615385
269	7,4615385
269	3,4615385
270	17,4615385
270	22,4615385
270	34,4615385
270	26,4615385
271	9,4615385
271	19,4615385
271	19,4615385
271	-7,5384615
272	9,4615385
272	5,4615385
272	-2,5384615
273	3,4615385
273	10,4615385
273	-0,5384615
273	2,4615385
274	-1,5384615
274	4,4615385
274	-0,5384615
274	20,4615385
275	18,4615385
275	7,4615385
275	1,4615385
275	5,4615385
276	9,4615385
276	17,4615385
276	-6,5384615
277	22,4615385
277	44,4615385
277	24,4615385
277	14,4615385
278	13,4615385
278	28,4615385
278	-3,5384615
278	6,4615385
279	6,4615385
279	7,4615385
279	23,4615385
279	20,4615385
280	12,4615385
280	3,4615385
280	-6,5384615
280	-2,5384615
281	-7,5384615
281	5,4615385
281	8,4615385
282	11,4615385
282	13,4615385
282	11,4615385
282	4,4615385
283	-22,5384615
283	-10,5384615
283	2,4615385
283	36,4615385
284	-1,5384615
284	-23,5384615
284	-0,5384615
284	17,4615385
285	-2,5384615
285	16,4615385
285	-1,5384615
286	25,4615385
286	25,4615385
286	-6,5384615
286	11,4615385
287	30,4615385
287	13,4615385
287	-13,5384615
287	23,4615385
288	16,4615385
288	29,4615385
288	13,4615385
288	11,4615385
289	24,4615385
289	-10,5384615
289	57,4615385
290	5,4615385
290	17,4615385
290	34,4615385
290	4,4615385
291	18,4615385
291	26,4615385
291	6,4615385
291	-11,5384615
292	14,4615385
292	-1,5384615
292	-18,5384615
292	23,4615385
293	11,4615385
293	22,4615385
293	55,4615385
293	29,4615385
294	-9,5384615
294	16,4615385
294	14,4615385
295	8,4615385
295	28,4615385
295	-1,5384615
295	7,4615385
296	15,4615385
296	20,4615385
296	11,4615385
296	10,4615385
297	1,4615385
297	35,4615385
297	2,4615385
297	20,4615385
298	49,4615385
298	-14,5384615
298	18,4615385
299	-9,5384615
299	40,4615385
299	16,4615385
299	28,4615385
300	-15,5384615
300	2,4615385
300	-4,5384615
300	23,4615385
301	16,4615385
301	24,4615385
301	-12,5384615
301	6,4615385
302	-17,5384615
302	-10,5384615
302	26,4615385
302	32,4615385
303	36,4615385
303	13,4615385
303	3,4615385
304	-2,5384615
304	23,4615385
304	32,4615385
304	-6,5384615
305	25,4615385
305	43,4615385
305	-1,5384615
305	-18,5384615
306	22,4615385
306	-1,5384615
306	-1,5384615
306	48,4615385
307	7,4615385
307	25,4615385
307	16,4615385
307	11,4615385
308	14,4615385
308	30,4615385
308	33,4615385
309	21,4615385
309	24,4615385
309	25,4615385
309	30,4615385
310	29,4615385
310	0,4615385
310	38,4615385
310	17,4615385
311	34,4615385
311	60,4615385
311	67,4615385
311	51,4615385
312	51,4615385
312	65,4615385
312	79,4615385
313	48,4615385
313	92,4615385
313	80,4615385
313	82,4615385
314	69,4615385
314	58,4615385
314	29,4615385
314	49,4615385
315	51,4615385
315	69,4615385
315	50,4615385
315	38,4615385
316	58,4615385
316	68,4615385
316	67,4615385
316	50,4615385
317	62,4615385
317	38,4615385
317	33,4615385
318	35,4615385
318	42,4615385
318	40,4615385
318	36,4615385
319	46,4615385
319	30,4615385
319	37,4615385
319	37,4615385
320	13,4615385
320	43,4615385
320	34,4615385
320	17,4615385
321	25,4615385
321	4,4615385
321	9,4615385
321	17,4615385
322	26,4615385
322	23,4615385
322	8,4615385
323	10,4615385
323	37,4615385
323	9,4615385
323	24,4615385
324	-7,5384615
324	18,4615385
324	-13,5384615
324	32,4615385
325	-6,5384615
325	4,4615385
325	16,4615385
325	28,4615385
326	2,4615385
326	12,4615385
326	-4,5384615
327	4,4615385
327	39,4615385
327	29,4615385
327	-5,5384615
328	22,4615385
328	10,4615385
328	53,4615385
328	28,4615385
329	8,4615385
329	8,4615385
329	17,4615385
329	13,4615385
330	4,4615385
330	11,4615385
330	25,4615385
330	42,4615385
331	0,4615385
331	9,4615385
331	79,4615385
332	68,4615385
332	59,4615385
332	79,4615385
332	49,4615385
333	61,4615385
333	77,4615385
333	85,4615385
333	79,4615385
334	64,4615385
334	108,4615385
334	129,4615385
334	113,4615385
335	106,4615385
335	87,4615385
335	80,4615385
335	115,4615385
336	96,4615385
336	154,4615385
336	131,4615385
337	118,4615385
337	127,4615385
337	117,4615385
337	109,4615385
338	103,4615385
338	79,4615385
338	90,4615385
338	107,4615385
339	84,4615385
339	67,4615385
339	91,4615385
339	87,4615385
340	50,4615385
340	51,4615385
340	35,4615385
340	22,4615385
341	39,4615385
341	56,4615385
341	59,4615385
342	37,4615385
342	47,4615385
342	69,4615385
342	17,4615385
343	17,4615385
343	16,4615385
343	-0,5384615
343	28,4615385
344	21,4615385
344	26,4615385
344	28,4615385
344	23,4615385
345	16,4615385
345	22,4615385
345	-9,5384615
345	33,4615385
346	3,4615385
346	10,4615385
346	5,4615385
347	16,4615385
347	21,4615385
347	13,4615385
347	11,4615385
348	5,4615385
348	16,4615385
348	48,4615385
348	28,4615385
349	25,4615385
349	29,4615385
349	32,4615385
349	16,4615385
350	17,4615385
350	36,4615385
350	54,4615385
350	48,4615385
351	41,4615385
351	27,4615385
351	29,4615385
352	41,4615385
352	85,4615385
352	83,4615385
352	83,4615385
353	79,4615385
353	94,4615385
353	64,4615385
353	83,4615385
354	59,4615385
354	108,4615385
354	130,4615385
354	97,4615385
355	78,4615385
355	87,4615385
355	62,4615385
355	71,4615385
356	63,4615385
356	61,4615385
356	112,4615385
357	79,4615385
357	71,4615385
357	107,4615385
357	86,4615385
358	103,4615385
358	91,4615385
358	80,4615385
358	102,4615385
359	64,4615385
359	71,4615385
359	39,4615385
359	67,4615385
360	43,4615385
360	42,4615385
360	54,4615385
360	42,4615385
361	42,4615385
361	44,4615385
361	41,4615385
362	69,4615385
362	69,4615385
362	72,4615385
362	48,4615385
363	29,4615385
363	27,4615385
363	36,4615385
363	25,4615385
364	30,4615385
364	26,4615385
364	-6,5384615
364	17,4615385
365	15,4615385
365	52,4615385
365	16,4615385
365	25,4615385
366	21,4615385
366	9,4615385
366	10,4615385
367	15,4615385
367	18,4615385
367	17,4615385
367	17,4615385
368	-2,5384615
368	18,4615385
368	37,4615385
368	13,4615385
369	-12,5384615
369	-9,5384615
369	4,4615385
369	-12,5384615
370	23,4615385
370	15,4615385
370	-6,5384615
370	27,4615385
371	30,4615385
371	25,4615385
371	27,4615385
371	48,4615385
372	34,4615385
372	25,4615385
372	2,4615385
373	52,4615385
373	30,4615385
373	36,4615385
373	20,4615385
374	18,4615385
374	39,4615385
374	34,4615385
374	24,4615385
375	53,4615385
375	44,4615385
375	63,4615385
375	32,4615385
376	53,4615385
376	55,4615385
376	64,4615385
376	49,4615385
377	39,4615385
377	65,4615385
377	90,4615385
378	60,4615385
378	33,4615385
378	54,4615385
378	38,4615385
379	52,4615385
379	16,4615385
379	51,4615385
379	52,4615385
380	19,4615385
380	42,4615385
380	57,4615385
380	37,4615385
381	64,4615385
381	32,4615385
381	34,4615385
381	26,4615385
382	33,4615385
382	39,4615385
382	34,4615385
383	30,4615385
383	26,4615385
383	55,4615385
383	45,4615385
384	30,4615385
384	25,4615385
384	39,4615385
384	38,4615385
385	17,4615385
385	40,4615385
385	53,4615385
385	41,4615385
386	42,4615385
386	28,4615385
386	7,4615385
386	28,4615385
387	50,4615385
387	6,4615385
387	-13,5384615
387	0,4615385
388	15,4615385
388	17,4615385
388	16,4615385
389	14,4615385
389	-10,5384615
389	-10,5384615
389	12,4615385
390	12,4615385
390	30,4615385
390	21,4615385
390	-6,5384615
391	8,4615385
391	3,4615385
391	23,4615385
391	12,4615385
392	29,4615385
392	-5,5384615
392	-13,5384615
392	1,4615385
393	10,4615385
393	28,4615385
393	37,4615385
394	22,4615385
394	32,4615385
394	19,4615385
394	25,4615385
395	22,4615385
395	37,4615385
395	40,4615385
395	41,4615385
396	22,4615385
396	39,4615385
396	4,4615385
396	42,4615385
397	22,4615385
397	20,4615385
397	10,4615385
397	36,4615385
398	39,4615385
398	19,4615385
398	14,4615385
398	15,4615385
399	28,4615385
399	8,4615385
399	37,4615385
400	32,4615385
400	34,4615385
400	30,4615385
400	44,4615385
401	30,4615385
401	57,4615385
401	20,4615385
401	25,4615385
402	37,4615385
402	52,4615385
402	36,4615385
402	16,4615385
403	14,4615385
403	40,4615385
403	41,4615385
403	11,4615385
404	31,4615385
404	56,4615385
404	26,4615385
405	27,4615385
405	32,4615385
405	46,4615385
405	42,4615385
406	55,4615385
406	46,4615385
406	21,4615385
406	13,4615385
407	17,4615385
407	28,4615385
407	-4,5384615
407	20,4615385
408	35,4615385
408	16,4615385
408	-24,5384615
408	15,4615385
409	18,4615385
409	1,4615385
409	-1,5384615
409	19,4615385
410	27,4615385
410	17,4615385
410	25,4615385
411	29,4615385
411	29,4615385
411	32,4615385
411	-8,5384615
412	23,4615385
412	39,4615385
412	28,4615385
412	27,4615385
413	16,4615385
413	21,4615385
413	23,4615385
413	11,4615385
414	16,4615385
414	17,4615385
414	0,4615385
414	11,4615385
415	34,4615385
415	24,4615385
415	34,4615385
415	14,4615385
416	7,4615385
416	13,4615385
416	7,4615385
417	37,4615385
417	-0,5384615
417	13,4615385
417	33,4615385
418	27,4615385
418	33,4615385
418	28,4615385
418	-14,5384615
419	15,4615385
419	17,4615385
419	14,4615385
419	15,4615385
420	19,4615385
420	-13,5384615
420	29,4615385
420	19,4615385
421	22,4615385
421	17,4615385
421	40,4615385
421	10,4615385
422	0,4615385
422	16,4615385
422	17,4615385
423	28,4615385
423	20,4615385
423	32,4615385
423	25,4615385
424	29,4615385
424	-8,5384615
424	17,4615385
424	28,4615385
425	35,4615385
425	2,4615385
425	-14,5384615
425	17,4615385
426	19,4615385
426	-8,5384615
426	40,4615385
426	52,4615385
427	31,4615385
427	13,4615385
427	6,4615385
427	22,4615385
428	28,4615385
428	29,4615385
428	27,4615385
429	19,4615385
429	38,4615385
429	2,4615385
429	38,4615385
430	23,4615385
430	8,4615385
430	21,4615385
430	9,4615385
431	26,4615385
431	10,4615385
431	-3,5384615
431	52,4615385
432	23,4615385
432	25,4615385
432	19,4615385
432	41,4615385
433	5,4615385
433	24,4615385
433	22,4615385
433	16,4615385
434	14,4615385
434	25,4615385
434	22,4615385
435	-0,5384615
435	17,4615385
435	-0,5384615
435	15,4615385
436	16,4615385
436	31,4615385
436	28,4615385
436	1,4615385
437	23,4615385
437	20,4615385
437	8,4615385
437	1,4615385
438	32,4615385
438	28,4615385
438	63,4615385
438	34,4615385
439	17,4615385
439	6,4615385
439	12,4615385
439	37,4615385
440	51,4615385
440	10,4615385
440	12,4615385
441	3,4615385
441	-4,5384615
441	41,4615385
441	21,4615385
442	-0,5384615
442	16,4615385
442	23,4615385
442	10,4615385
443	27,4615385
443	29,4615385
443	19,4615385
443	4,4615385
444	-21,5384615
444	26,4615385
444	14,4615385
444	36,4615385
445	-0,5384615
445	30,4615385
445	22,4615385
445	32,4615385
446	-15,5384615
446	1,4615385
446	11,4615385
447	23,4615385
447	37,4615385
447	40,4615385
447	1,4615385
448	52,4615385
448	0,4615385
448	22,4615385
448	7,4615385
449	18,4615385
449	29,4615385
449	22,4615385
449	3,4615385
450	4,4615385
450	-5,5384615
450	-2,5384615
450	6,4615385
451	28,4615385
451	8,4615385
451	3,4615385
451	15,4615385
452	6,4615385
452	-17,5384615
452	16,4615385
452	24,4615385
453	16,4615385
453	20,4615385
453	-1,5384615
454	0,4615385
454	24,4615385
454	30,4615385
454	16,4615385
455	16,4615385
455	8,4615385
455	21,4615385
455	-15,5384615
456	15,4615385
456	3,4615385
456	-5,5384615
456	19,4615385
457	17,4615385
457	20,4615385
457	17,4615385
457	-1,5384615
458	9,4615385
458	-1,5384615
458	4,4615385
458	37,4615385
459	0,4615385
459	39,4615385
459	23,4615385
460	53,4615385
460	30,4615385
460	37,4615385
460	27,4615385
461	12,4615385
461	11,4615385
461	2,4615385
461	13,4615385
462	12,4615385
462	-4,5384615
462	-17,5384615
462	32,4615385
463	4,4615385
463	16,4615385
463	-20,5384615
463	-12,5384615
464	-17,5384615
464	17,4615385
464	21,4615385
464	-8,5384615
465	2,4615385
465	23,4615385
465	26,4615385
465	6,4615385
466	11,4615385
466	13,4615385
466	23,4615385
467	0,4615385
467	24,4615385
467	22,4615385
467	9,4615385
468	11,4615385
468	24,4615385
468	6,4615385
468	-8,5384615
469	37,4615385
469	16,4615385
469	-1,5384615
469	6,4615385
470	21,4615385
470	20,4615385
470	6,4615385
470	8,4615385
471	26,4615385
471	-3,5384615
471	36,4615385
471	8,4615385
472	28,4615385
472	38,4615385
472	24,4615385
472	37,4615385
473	-0,5384615
473	48,4615385
473	3,4615385
474	31,4615385
474	-5,5384615
474	22,4615385
474	0,4615385
475	12,4615385
475	8,4615385
475	5,4615385
475	2,4615385
476	-13,5384615
476	16,4615385
476	-4,5384615
476	12,4615385
477	12,4615385
477	28,4615385
477	-0,5384615
477	15,4615385
478	3,4615385
478	5,4615385
478	-0,5384615
478	16,4615385
479	5,4615385
479	10,4615385
479	12,4615385
479	16,4615385
480	22,4615385
480	-10,5384615
480	-9,5384615
481	17,4615385
481	9,4615385
481	24,4615385
481	25,4615385
482	51,4615385
482	14,4615385
482	5,4615385
482	21,4615385
483	3,4615385
483	29,4615385
483	29,4615385
483	11,4615385
484	-2,5384615
484	22,4615385
484	22,4615385
484	16,4615385
485	6,4615385
485	21,4615385
485	36,4615385
485	13,4615385
486	15,4615385
486	20,4615385
486	10,4615385
486	2,4615385
487	-3,5384615
487	36,4615385
487	35,4615385
488	10,4615385
488	13,4615385
488	-13,5384615
488	-9,5384615
489	19,4615385
489	20,4615385
489	36,4615385
489	30,4615385
490	24,4615385
490	15,4615385
490	9,4615385
490	5,4615385
491	8,4615385
491	0,4615385
491	-7,5384615
491	37,4615385
492	5,4615385
492	5,4615385
492	46,4615385
492	-4,5384615
493	4,4615385
493	-7,5384615
493	6,4615385
493	-12,5384615
494	-12,5384615
494	5,4615385
494	23,4615385
495	27,4615385
495	2,4615385
495	19,4615385
495	-7,5384615
496	28,4615385
496	18,4615385
496	5,4615385
496	17,4615385
497	3,4615385
497	28,4615385
497	-6,5384615
497	18,4615385
498	-6,5384615
498	18,4615385
498	23,4615385
498	2,4615385
499	3,4615385
499	7,4615385
499	-3,5384615
499	35,4615385
500	25,4615385
500	15,4615385
500	-1,5384615
500	31,4615385
501	10,4615385
501	5,4615385
501	26,4615385
502	14,4615385
502	5,4615385
502	20,4615385
502	-12,5384615
503	2,4615385
503	11,4615385
503	21,4615385
503	33,4615385
504	11,4615385
504	-3,5384615
504	-9,5384615
504	24,4615385
505	8,4615385
505	8,4615385
505	4,4615385
505	-10,5384615
506	21,4615385
506	8,4615385
506	0,4615385
506	22,4615385
507	8,4615385
507	-4,5384615
507	26,4615385
507	9,4615385
508	8,4615385
508	15,4615385
508	5,4615385
508	18,4615385
509	8,4615385
509	42,4615385
509	6,4615385
510	1,4615385
510	-1,5384615
510	-5,5384615
510	21,4615385
511	29,4615385
511	29,4615385
511	5,4615385
511	14,4615385
512	24,4615385
512	0,4615385
512	6,4615385
512	23,4615385
513	6,4615385
513	18,4615385
513	32,4615385
513	-0,5384615
514	10,4615385
514	31,4615385
514	16,4615385
514	3,4615385
515	23,4615385
515	18,4615385
515	18,4615385
515	37,4615385
516	23,4615385
516	32,4615385
516	17,4615385
516	-10,5384615
517	-9,5384615
517	4,4615385
517	3,4615385
518	6,4615385
518	13,4615385
518	5,4615385
518	9,4615385
519	28,4615385
519	22,4615385
519	14,4615385
519	36,4615385
520	-23,5384615
520	10,4615385
520	46,4615385
520	11,4615385
521	9,4615385
521	24,4615385
521	14,4615385
521	13,4615385
522	46,4615385
522	43,4615385
522	27,4615385
522	25,4615385
523	12,4615385
523	21,4615385
523	13,4615385
523	-13,5384615
524	23,4615385
524	0,4615385
524	-2,5384615
524	25,4615385
525	27,4615385
525	7,4615385
525	8,4615385
526	20,4615385
526	41,4615385
526	57,4615385
526	23,4615385
527	7,4615385
527	11,4615385
527	13,4615385
527	16,4615385
528	18,4615385
528	17,4615385
528	-7,5384615
528	38,4615385
529	33,4615385
529	8,4615385
529	-13,5384615
529	17,4615385
530	7,4615385
530	-4,5384615
530	10,4615385
530	15,4615385
531	20,4615385
531	-3,5384615
531	20,4615385
531	17,4615385
532	35,4615385
532	-16,5384615
532	17,4615385
532	16,4615385
533	44,4615385
533	-2,5384615
533	8,4615385
534	14,4615385
534	29,4615385
534	28,4615385
534	13,4615385
535	-5,5384615
535	4,4615385
535	19,4615385
535	26,4615385
536	16,4615385
536	29,4615385
536	24,4615385
536	9,4615385
537	-4,5384615
537	15,4615385
537	26,4615385
537	17,4615385
538	-9,5384615
538	-11,5384615
538	26,4615385
538	5,4615385
539	10,4615385
539	2,4615385
539	4,4615385
539	29,4615385
540	18,4615385
540	-7,5384615
540	13,4615385
540	22,4615385
541	11,4615385
541	-24,5384615
541	7,4615385
541	14,4615385
542	8,4615385
542	-0,5384615
542	22,4615385
543	6,4615385
543	9,4615385
543	14,4615385
543	38,4615385
544	4,4615385
544	14,4615385
544	10,4615385
544	22,4615385
545	-5,5384615
545	13,4615385
545	12,4615385
545	-2,5384615
546	21,4615385
546	6,4615385
546	22,4615385
546	13,4615385
547	-8,5384615
547	10,4615385
547	0,4615385
547	-7,5384615
548	21,4615385
548	23,4615385
548	25,4615385
548	4,4615385
549	7,4615385
549	36,4615385
549	24,4615385
549	-2,5384615
550	14,4615385
550	-4,5384615
550	19,4615385
550	-19,5384615
551	-8,5384615
551	10,4615385
551	20,4615385
552	-7,5384615
552	-0,5384615
552	-0,5384615
552	7,4615385
553	15,4615385
553	8,4615385
553	17,4615385
553	39,4615385
554	13,4615385
554	4,4615385
554	16,4615385
554	-4,5384615
555	25,4615385
555	40,4615385
555	13,4615385
555	8,4615385
556	-12,5384615
556	7,4615385
556	22,4615385
556	-2,5384615
557	22,4615385
557	33,4615385
557	11,4615385
557	6,4615385
558	0,4615385
558	-17,5384615
558	12,4615385
558	28,4615385
559	50,4615385
559	14,4615385
559	13,4615385
559	-3,5384615
560	7,4615385
560	20,4615385
560	22,4615385
561	2,4615385
561	28,4615385
561	5,4615385
561	15,4615385
562	35,4615385
562	18,4615385
562	1,4615385
562	0,4615385
563	18,4615385
563	28,4615385
563	19,4615385
563	23,4615385
564	3,4615385
564	13,4615385
564	1,4615385
564	9,4615385
565	35,4615385
565	17,4615385
565	2,4615385
565	18,4615385
566	8,4615385
566	-0,5384615
566	-21,5384615
566	7,4615385
567	24,4615385
567	13,4615385
567	-4,5384615
567	-16,5384615
568	-20,5384615
568	3,4615385
568	22,4615385
568	-7,5384615
569	16,4615385
569	18,4615385
569	25,4615385
569	-2,5384615
570	17,4615385
570	-2,5384615
570	10,4615385
571	3,4615385
571	14,4615385
571	-1,5384615
571	13,4615385
572	2,4615385
572	24,4615385
572	2,4615385
572	9,4615385
573	14,4615385
573	-17,5384615
573	-2,5384615
573	20,4615385
574	16,4615385
574	17,4615385
574	-8,5384615
574	12,4615385
575	14,4615385
575	-0,5384615
575	6,4615385
575	11,4615385
576	21,4615385
576	-0,5384615
576	13,4615385
576	-1,5384615
577	-10,5384615
577	0,4615385
577	12,4615385
577	12,4615385
578	29,4615385
578	15,4615385
578	2,4615385
578	15,4615385
579	18,4615385
579	9,4615385
579	8,4615385
579	-9,5384615
580	10,4615385
580	21,4615385
580	14,4615385
581	7,4615385
581	-5,5384615
581	25,4615385
581	-2,5384615
582	-15,5384615
582	-5,5384615
582	-4,5384615
582	-8,5384615
583	-15,5384615
583	-7,5384615
583	-3,5384615
583	1,4615385
584	36,4615385
584	8,4615385
584	21,4615385
584	29,4615385
585	13,4615385
585	4,4615385
585	16,4615385
585	12,4615385
586	10,4615385
586	3,4615385
586	12,4615385
586	13,4615385
587	6,4615385
587	-12,5384615
587	9,4615385
587	-6,5384615
588	8,4615385
588	22,4615385
588	10,4615385
588	-0,5384615
589	16,4615385
589	-0,5384615
589	-4,5384615
589	-11,5384615
590	20,4615385
590	32,4615385
590	3,4615385
590	22,4615385
591	13,4615385
591	23,4615385
591	6,4615385
592	7,4615385
592	-2,5384615
592	11,4615385
592	0,4615385
593	38,4615385
593	1,4615385
593	17,4615385
593	9,4615385
594	49,4615385
594	11,4615385
594	-1,5384615
594	25,4615385
595	20,4615385
595	-5,5384615
595	-11,5384615
595	17,4615385
596	11,4615385
596	23,4615385
596	-24,5384615
596	18,4615385
597	17,4615385
597	15,4615385
597	38,4615385
597	35,4615385
598	-1,5384615
598	32,4615385
598	-0,5384615
598	20,4615385
599	23,4615385
599	0,4615385
599	-23,5384615
599	5,4615385
600	4,4615385
600	19,4615385
600	-1,5384615
600	2,4615385
601	-33,5384615
601	13,4615385
601	3,4615385
601	-17,5384615
602	14,4615385
602	0,4615385
602	24,4615385
603	0,4615385
603	31,4615385
603	33,4615385
603	5,4615385
604	-4,5384615
604	25,4615385
604	7,4615385
604	7,4615385
605	25,4615385
605	11,4615385
605	6,4615385
605	-10,5384615
606	10,4615385
606	10,4615385
606	14,4615385
606	14,4615385
607	-4,5384615
607	-5,5384615
607	43,4615385
607	20,4615385
608	22,4615385
608	34,4615385
608	12,4615385
608	14,4615385
609	-4,5384615
609	14,4615385
609	22,4615385
609	-0,5384615
610	-14,5384615
610	7,4615385
610	25,4615385
610	9,4615385
611	12,4615385
611	-5,5384615
611	13,4615385
611	5,4615385
612	1,4615385
612	3,4615385
612	31,4615385
612	31,4615385
613	45,4615385
613	22,4615385
613	11,4615385
613	6,4615385
614	42,4615385
614	25,4615385
614	13,4615385
614	30,4615385
615	3,4615385
615	16,4615385
615	5,4615385
616	-9,5384615
616	2,4615385
616	8,4615385
616	-4,5384615
617	-4,5384615
617	1,4615385
617	10,4615385
617	-0,5384615
618	8,4615385
618	16,4615385
618	-2,5384615
618	16,4615385
619	1,4615385
619	26,4615385
619	17,4615385
619	13,4615385
620	31,4615385
620	20,4615385
620	-1,5384615
620	14,4615385
621	2,4615385
621	14,4615385
621	1,4615385
621	-4,5384615
622	2,4615385
622	12,4615385
622	15,4615385
622	-3,5384615
623	-18,5384615
623	7,4615385
623	18,4615385
623	10,4615385
624	5,4615385
624	8,4615385
624	17,4615385
624	-3,5384615
625	21,4615385
625	3,4615385
625	-6,5384615
625	-15,5384615
626	25,4615385
626	8,4615385
626	-7,5384615
626	3,4615385
627	3,4615385
627	-23,5384615
627	27,4615385
627	19,4615385
628	15,4615385
628	18,4615385
628	1,4615385
629	-12,5384615
629	9,4615385
629	-5,5384615
629	13,4615385
630	11,4615385
630	16,4615385
630	27,4615385
630	17,4615385
631	-12,5384615
631	3,4615385
631	0,4615385
631	5,4615385
632	9,4615385
632	11,4615385
632	20,4615385
632	11,4615385
633	22,4615385
633	29,4615385
633	19,4615385
633	8,4615385
634	16,4615385
634	-13,5384615
634	-11,5384615
634	-0,5384615
635	-4,5384615
635	20,4615385
635	-1,5384615
635	26,4615385
636	19,4615385
636	21,4615385
636	27,4615385
636	14,4615385
637	6,4615385
637	16,4615385
637	8,4615385
637	-19,5384615
638	15,4615385
638	4,4615385
638	15,4615385
638	17,4615385
639	-4,5384615
639	-8,5384615
639	11,4615385
639	28,4615385
640	-2,5384615
640	38,4615385
640	0,4615385
640	25,4615385
641	-4,5384615
641	10,4615385
641	35,4615385
641	21,4615385
642	11,4615385
642	13,4615385
642	-1,5384615
642	-2,5384615
643	19,4615385
643	14,4615385
643	-0,5384615
644	-9,5384615
644	-0,5384615
644	13,4615385
644	24,4615385
645	15,4615385
645	5,4615385
645	28,4615385
645	27,4615385
646	1,4615385
646	17,4615385
646	18,4615385
646	38,4615385
647	36,4615385
647	20,4615385
647	-10,5384615
647	21,4615385
648	22,4615385
648	9,4615385
648	-6,5384615
648	33,4615385
649	24,4615385
649	30,4615385
649	11,4615385
649	12,4615385
650	31,4615385
650	26,4615385
650	21,4615385
650	3,4615385
651	27,4615385
651	31,4615385
651	12,4615385
651	34,4615385
652	14,4615385
652	13,4615385
652	12,4615385
652	14,4615385
653	24,4615385
653	46,4615385
653	6,4615385
653	-1,5384615
654	-5,5384615
654	13,4615385
654	9,4615385
654	-2,5384615
655	-5,5384615
655	55,4615385
655	13,4615385
655	11,4615385
656	25,4615385
656	6,4615385
656	4,4615385
656	33,4615385
657	16,4615385
657	-0,5384615
657	7,4615385
657	-2,5384615
658	12,4615385
658	-2,5384615
658	29,4615385
658	10,4615385
659	7,4615385
659	30,4615385
659	25,4615385
660	4,4615385
660	11,4615385
660	12,4615385
660	8,4615385
661	14,4615385
661	43,4615385
661	19,4615385
661	8,4615385
662	26,4615385
662	20,4615385
662	2,4615385
662	25,4615385
663	5,4615385
663	25,4615385
663	32,4615385
663	25,4615385
664	39,4615385
664	43,4615385
664	11,4615385
664	25,4615385
665	36,4615385
665	0,4615385
665	9,4615385
665	13,4615385
666	11,4615385
666	22,4615385
666	35,4615385
666	11,4615385
667	29,4615385
667	21,4615385
667	25,4615385
667	-9,5384615
668	-9,5384615
668	16,4615385
668	35,4615385
668	34,4615385
669	21,4615385
669	-20,5384615
669	10,4615385
669	17,4615385
670	14,4615385
670	30,4615385
670	18,4615385
670	25,4615385
671	7,4615385
671	32,4615385
671	12,4615385
671	20,4615385
672	31,4615385
672	20,4615385
672	41,4615385
672	31,4615385
673	21,4615385
673	6,4615385
673	4,4615385
673	10,4615385
674	11,4615385
674	4,4615385
674	8,4615385
674	18,4615385
675	-17,5384615
675	27,4615385
675	27,4615385
675	29,4615385
676	8,4615385
676	16,4615385
676	-2,5384615
676	61,4615385
677	34,4615385
677	7,4615385
677	4,4615385
677	7,4615385
678	30,4615385
678	36,4615385
678	27,4615385
678	15,4615385
679	7,4615385
679	13,4615385
679	13,4615385
680	38,4615385
680	20,4615385
680	37,4615385
680	25,4615385
681	33,4615385
681	-1,5384615
681	-13,5384615
681	-6,5384615
682	4,4615385
682	11,4615385
682	8,4615385
682	38,4615385
683	9,4615385
683	1,4615385
683	-4,5384615
683	16,4615385
684	6,4615385
684	22,4615385
684	35,4615385
684	9,4615385
685	22,4615385
685	18,4615385
685	15,4615385
685	-15,5384615
686	16,4615385
686	24,4615385
686	25,4615385
686	-2,5384615
687	30,4615385
687	19,4615385
687	36,4615385
687	17,4615385
688	-8,5384615
688	7,4615385
688	9,4615385
688	-7,5384615
689	30,4615385
689	-18,5384615
689	16,4615385
689	20,4615385
690	5,4615385
690	23,4615385
690	1,4615385
690	14,4615385
691	19,4615385
691	2,4615385
691	16,4615385
691	22,4615385
692	5,4615385
692	10,4615385
692	27,4615385
692	27,4615385
693	11,4615385
693	-2,5384615
693	12,4615385
693	2,4615385
694	7,4615385
694	35,4615385
694	12,4615385
694	19,4615385
695	2,4615385
695	18,4615385
695	12,4615385
695	-14,5384615
696	1,4615385
696	9,4615385
696	0,4615385
696	28,4615385
697	-10,5384615
697	9,4615385
697	16,4615385
697	28,4615385
698	-10,5384615
698	-1,5384615
698	-1,5384615
698	6,4615385
699	4,4615385
699	-7,5384615
699	16,4615385
699	25,4615385
700	13,4615385
700	14,4615385
700	9,4615385
700	10,4615385
701	18,4615385
701	8,4615385
701	6,4615385
701	17,4615385
702	10,4615385
702	11,4615385
702	16,4615385
702	5,4615385
703	11,4615385
703	16,4615385
703	3,4615385
703	1,4615385
704	8,4615385
704	5,4615385
704	5,4615385
704	36,4615385
705	32,4615385
705	20,4615385
705	46,4615385
706	36,4615385
706	17,4615385
706	19,4615385
706	-7,5384615
707	17,4615385
707	-13,5384615
707	43,4615385
707	24,4615385
708	8,4615385
708	22,4615385
708	13,4615385
708	11,4615385
709	-9,5384615
709	-7,5384615
709	3,4615385
709	3,4615385
710	10,4615385
710	24,4615385
710	10,4615385
710	15,4615385
711	-8,5384615
711	11,4615385
711	12,4615385
711	18,4615385
712	12,4615385
712	-13,5384615
712	5,4615385
712	23,4615385
713	19,4615385
713	15,4615385
713	12,4615385
713	23,4615385
714	39,4615385
714	36,4615385
714	14,4615385
714	-1,5384615
715	2,4615385
715	-9,5384615
715	32,4615385
715	10,4615385
716	-6,5384615
716	29,4615385
716	7,4615385
716	5,4615385
717	9,4615385
717	12,4615385
717	18,4615385
717	4,4615385
718	-25,5384615
718	9,4615385
718	-1,5384615
718	-6,5384615
719	-2,5384615
719	7,4615385
719	12,4615385
719	-5,5384615
720	-8,5384615
720	-17,5384615
720	12,4615385
720	22,4615385
721	24,4615385
721	17,4615385
721	9,4615385
721	-7,5384615
722	39,4615385
722	18,4615385
722	-9,5384615
722	-15,5384615
723	25,4615385
723	14,4615385
723	13,4615385
723	47,4615385
724	-1,5384615
724	25,4615385
724	-2,5384615
724	-7,5384615
725	1,4615385
725	21,4615385
725	26,4615385
725	18,4615385
726	0,4615385
726	10,4615385
726	45,4615385
726	23,4615385
727	20,4615385
727	-24,5384615
727	8,4615385
727	14,4615385
728	7,4615385
728	1,4615385
728	43,4615385
728	3,4615385
729	3,4615385
729	12,4615385
729	18,4615385
729	31,4615385
730	28,4615385
730	-14,5384615
730	-0,5384615
730	-12,5384615
731	16,4615385
731	7,4615385
731	6,4615385
731	36,4615385
732	7,4615385
732	7,4615385
732	8,4615385
732	14,4615385
733	23,4615385
733	10,4615385
733	42,4615385
733	9,4615385
734	-0,5384615
734	-7,5384615
734	14,4615385
734	23,4615385
735	9,4615385
735	17,4615385
735	16,4615385
735	31,4615385
736	-25,5384615
736	16,4615385
736	-18,5384615
736	32,4615385
737	21,4615385
737	-2,5384615
737	-1,5384615
737	41,4615385
738	16,4615385
738	16,4615385
738	15,4615385
738	0,4615385
739	5,4615385
739	13,4615385
739	9,4615385
739	37,4615385
740	23,4615385
740	6,4615385
740	6,4615385
740	-0,5384615
741	-0,5384615
741	-12,5384615
741	-11,5384615
741	16,4615385
742	33,4615385
742	30,4615385
742	0,4615385
742	5,4615385
743	21,4615385
743	29,4615385
743	16,4615385
743	27,4615385
744	22,4615385
744	18,4615385
744	14,4615385
744	6,4615385
745	-7,5384615
745	-12,5384615
745	6,4615385
745	-18,5384615
746	8,4615385
746	14,4615385
746	7,4615385
746	24,4615385
747	21,4615385
747	30,4615385
747	12,4615385
747	-4,5384615
748	13,4615385
748	7,4615385
748	-6,5384615
748	13,4615385
749	-4,5384615
749	21,4615385
749	9,4615385
749	12,4615385
750	17,4615385
750	22,4615385
750	26,4615385
750	16,4615385
751	25,4615385
751	15,4615385
751	25,4615385
751	2,4615385
752	5,4615385
752	9,4615385
752	31,4615385
752	39,4615385
753	-7,5384615
753	3,4615385
753	-11,5384615
753	2,4615385
754	0,4615385
754	-4,5384615
754	-11,5384615
754	2,4615385
755	2,4615385
755	-5,5384615
755	22,4615385
755	-14,5384615
756	5,4615385
756	37,4615385
756	12,4615385
756	40,4615385
757	13,4615385
757	3,4615385
757	2,4615385
757	12,4615385
758	21,4615385
758	-1,5384615
758	11,4615385
758	37,4615385
759	20,4615385
759	44,4615385
759	-7,5384615
759	0,4615385
760	17,4615385
760	14,4615385
760	14,4615385
760	-17,5384615
761	26,4615385
761	39,4615385
761	2,4615385
761	16,4615385
762	13,4615385
762	6,4615385
762	15,4615385
762	-7,5384615
763	24,4615385
763	25,4615385
763	15,4615385
763	16,4615385
764	12,4615385
764	-3,5384615
764	3,4615385
764	17,4615385
765	-0,5384615
765	7,4615385
765	17,4615385
765	28,4615385
766	5,4615385
766	13,4615385
766	11,4615385
766	23,4615385
767	-2,5384615
767	6,4615385
767	18,4615385
767	9,4615385
768	4,4615385
768	0,4615385
768	15,4615385
768	27,4615385
769	9,4615385
769	49,4615385
769	8,4615385
769	-11,5384615
770	19,4615385
770	-11,5384615
770	3,4615385
770	2,4615385
771	-2,5384615
771	5,4615385
771	10,4615385
771	-2,5384615
772	8,4615385
772	13,4615385
772	20,4615385
772	19,4615385
773	-26,5384615
773	8,4615385
773	14,4615385
773	37,4615385
774	25,4615385
774	10,4615385
774	25,4615385
774	27,4615385
775	-9,5384615
775	-12,5384615
775	15,4615385
775	10,4615385
776	-0,5384615
776	22,4615385
776	22,4615385
776	-12,5384615
777	6,4615385
777	4,4615385
777	22,4615385
777	23,4615385
778	9,4615385
778	17,4615385
778	17,4615385
778	21,4615385
779	16,4615385
779	24,4615385
779	16,4615385
779	42,4615385
780	28,4615385
780	5,4615385
780	19,4615385
780	12,4615385
781	8,4615385
781	9,4615385
781	16,4615385
781	1,4615385
782	37,4615385
782	6,4615385
782	15,4615385
782	31,4615385
783	19,4615385
783	19,4615385
783	3,4615385
783	19,4615385
784	21,4615385
784	29,4615385
784	28,4615385
784	-0,5384615
785	16,4615385
785	20,4615385
785	-8,5384615
785	1,4615385
786	5,4615385
786	-6,5384615
786	22,4615385
786	56,4615385
787	29,4615385
787	11,4615385
787	7,4615385
787	-1,5384615
788	0,4615385
788	0,4615385
788	1,4615385
788	2,4615385
789	16,4615385
789	6,4615385
789	-15,5384615
789	8,4615385
790	14,4615385
790	4,4615385
790	16,4615385
790	30,4615385
791	23,4615385
791	0,4615385
791	-19,5384615
791	-15,5384615
792	34,4615385
792	22,4615385
792	30,4615385
792	10,4615385
793	3,4615385
793	32,4615385
793	10,4615385
793	12,4615385
794	21,4615385
794	19,4615385
794	24,4615385
794	-6,5384615
795	6,4615385
795	22,4615385
795	10,4615385
795	24,4615385
796	33,4615385
796	13,4615385
796	-4,5384615
796	14,4615385
797	25,4615385
797	-9,5384615
797	39,4615385
797	0,4615385
798	3,4615385
798	13,4615385
798	41,4615385
798	46,4615385
799	-4,5384615
799	8,4615385
799	17,4615385
799	6,4615385
800	29,4615385
800	51,4615385
800	13,4615385
800	6,4615385
801	52,4615385
801	20,4615385
801	4,4615385
801	-26,5384615
802	-7,5384615
802	33,4615385
802	16,4615385
802	9,4615385
803	4,4615385
803	-13,5384615
803	-3,5384615
803	22,4615385
804	1,4615385
804	15,4615385
804	10,4615385
804	41,4615385
805	11,4615385
805	-19,5384615
805	9,4615385
805	6,4615385
806	-1,5384615
806	17,4615385
806	34,4615385
806	25,4615385
807	-11,5384615
807	20,4615385
807	5,4615385
807	15,4615385
808	3,4615385
808	1,4615385
808	18,4615385
808	11,4615385
809	2,4615385
809	15,4615385
809	14,4615385
809	-7,5384615
810	-3,5384615
810	18,4615385
810	2,4615385
810	18,4615385
811	46,4615385
811	19,4615385
811	9,4615385
811	5,4615385
812	16,4615385
812	36,4615385
812	12,4615385
812	-10,5384615
813	3,4615385
813	19,4615385
813	8,4615385
813	-0,5384615
814	9,4615385
814	-9,5384615
814	1,4615385
814	21,4615385
815	33,4615385
815	14,4615385
815	20,4615385
815	5,4615385
816	28,4615385
816	25,4615385
816	17,4615385
816	4,4615385
817	3,4615385
817	25,4615385
817	4,4615385
817	20,4615385
818	10,4615385
818	35,4615385
818	3,4615385
818	-6,5384615
819	16,4615385
819	16,4615385
819	6,4615385
819	23,4615385
820	-7,5384615
820	0,4615385
820	15,4615385
820	14,4615385
820	-0,5384615
821	-8,5384615
821	-4,5384615
821	7,4615385
821	17,4615385
822	30,4615385
822	11,4615385
822	-20,5384615
822	20,4615385
823	-9,5384615
823	20,4615385
823	4,4615385
823	1,4615385
824	12,4615385
824	37,4615385
824	13,4615385
824	21,4615385
825	14,4615385
825	26,4615385
825	2,4615385
825	25,4615385
826	32,4615385
826	13,4615385
826	24,4615385
826	-3,5384615
827	8,4615385
827	-19,5384615
827	7,4615385
827	-6,5384615
828	4,4615385
828	-19,5384615
828	2,4615385
828	7,4615385
829	6,4615385
829	35,4615385
829	33,4615385
829	16,4615385
830	30,4615385
830	34,4615385
830	0,4615385
830	6,4615385
831	43,4615385
831	19,4615385
831	4,4615385
831	9,4615385
832	13,4615385
832	15,4615385
832	16,4615385
832	20,4615385
833	28,4615385
833	-13,5384615
833	-12,5384615
833	28,4615385
834	48,4615385
834	18,4615385
834	15,4615385
834	12,4615385
835	10,4615385
835	14,4615385
835	4,4615385
835	34,4615385
836	27,4615385
836	8,4615385
836	34,4615385
836	48,4615385
837	44,4615385
837	2,4615385
837	16,4615385
837	18,4615385
838	3,4615385
838	35,4615385
838	45,4615385
838	9,4615385
839	18,4615385
839	-3,5384615
839	18,4615385
839	26,4615385
840	20,4615385
840	7,4615385
840	-15,5384615
840	-6,5384615
841	-6,5384615
841	39,4615385
841	17,4615385
841	2,4615385
842	4,4615385
842	27,4615385
842	1,4615385
842	26,4615385
843	16,4615385
843	18,4615385
843	16,4615385
843	25,4615385
844	-7,5384615
844	22,4615385
844	24,4615385
844	-8,5384615
845	7,4615385
845	24,4615385
845	15,4615385
845	-3,5384615
845	4,4615385
846	-8,5384615
846	35,4615385
846	10,4615385
846	11,4615385
847	19,4615385
847	-1,5384615
847	4,4615385
847	26,4615385
848	13,4615385
848	-12,5384615
848	21,4615385
848	8,4615385
849	14,4615385
849	7,4615385
849	20,4615385
849	20,4615385
850	23,4615385
850	13,4615385
850	22,4615385
850	25,4615385
851	20,4615385
851	14,4615385
851	24,4615385
851	22,4615385
852	-10,5384615
852	-2,5384615
852	21,4615385
852	-10,5384615
853	-4,5384615
853	-6,5384615
853	-13,5384615
853	-10,5384615
854	6,4615385
854	8,4615385
854	11,4615385
854	30,4615385
855	-11,5384615
855	9,4615385
855	19,4615385
855	17,4615385
856	8,4615385
856	3,4615385
856	18,4615385
856	-0,5384615
857	8,4615385
857	17,4615385
857	24,4615385
857	0,4615385
858	54,4615385
858	17,4615385
858	18,4615385
858	2,4615385
859	6,4615385
859	-2,5384615
859	33,4615385
859	4,4615385
860	5,4615385
860	1,4615385
860	17,4615385
860	21,4615385
861	13,4615385
861	15,4615385
861	7,4615385
861	27,4615385
862	22,4615385
862	5,4615385
862	-12,5384615
862	15,4615385
863	6,4615385
863	-4,5384615
863	3,4615385
863	24,4615385
864	25,4615385
864	-6,5384615
864	-7,5384615
864	18,4615385
864	-1,5384615
865	8,4615385
865	-5,5384615
865	3,4615385
865	9,4615385
866	-8,5384615
866	-9,5384615
866	14,4615385
866	15,4615385
867	25,4615385
867	-7,5384615
867	2,4615385
867	26,4615385
868	17,4615385
868	-28,5384615
868	7,4615385
868	27,4615385
869	15,4615385
869	20,4615385
869	-9,5384615
869	-13,5384615
870	25,4615385
870	16,4615385
870	12,4615385
870	18,4615385
871	10,4615385
871	-9,5384615
871	-19,5384615
871	-10,5384615
872	29,4615385
872	-4,5384615
872	27,4615385
872	21,4615385
873	6,4615385
873	-5,5384615
873	-6,5384615
873	30,4615385
874	2,4615385
874	4,4615385
874	13,4615385
874	10,4615385
875	22,4615385
875	-4,5384615
875	-16,5384615
875	9,4615385
876	-13,5384615
876	9,4615385
876	9,4615385
876	-7,5384615
877	10,4615385
877	-13,5384615
877	29,4615385
877	9,4615385
878	16,4615385
878	-15,5384615
878	30,4615385
878	25,4615385
879	14,4615385
879	-11,5384615
879	16,4615385
879	32,4615385
880	13,4615385
880	31,4615385
880	34,4615385
880	25,4615385
880	18,4615385
881	33,4615385
881	15,4615385
881	-6,5384615
881	-9,5384615
882	19,4615385
882	-5,5384615
882	16,4615385
882	-6,5384615
883	18,4615385
883	-16,5384615
883	12,4615385
883	-16,5384615
884	23,4615385
884	12,4615385
884	10,4615385
884	7,4615385
885	0,4615385
885	9,4615385
885	11,4615385
885	28,4615385
886	14,4615385
886	-6,5384615
886	-5,5384615
886	-10,5384615
887	2,4615385
887	-4,5384615
887	5,4615385
887	-16,5384615
888	3,4615385
888	-9,5384615
888	-1,5384615
888	-11,5384615
889	0,4615385
889	21,4615385
889	-2,5384615
889	5,4615385
890	-2,5384615
890	-38,5384615
890	18,4615385
890	8,4615385
891	10,4615385
891	24,4615385
891	32,4615385
891	28,4615385
892	4,4615385
892	19,4615385
892	-10,5384615
892	28,4615385
893	8,4615385
893	-16,5384615
893	3,4615385
893	-8,5384615
894	10,4615385
894	9,4615385
894	28,4615385
894	26,4615385
894	2,4615385
895	21,4615385
895	26,4615385
895	7,4615385
895	13,4615385
896	30,4615385
896	17,4615385
896	5,4615385
896	27,4615385
897	17,4615385
897	21,4615385
897	27,4615385
897	19,4615385
898	21,4615385
898	7,4615385
898	-7,5384615
898	6,4615385
899	7,4615385
899	-12,5384615
899	5,4615385
899	16,4615385
900	28,4615385
900	22,4615385
900	7,4615385
900	36,4615385
901	25,4615385
901	-1,5384615
901	19,4615385
901	-1,5384615
902	22,4615385
902	9,4615385
902	18,4615385
902	-10,5384615
903	14,4615385
903	21,4615385
903	4,4615385
903	16,4615385
904	37,4615385
904	16,4615385
904	31,4615385
904	7,4615385
905	9,4615385
905	16,4615385
905	9,4615385
905	24,4615385
906	23,4615385
906	6,4615385
906	10,4615385
906	25,4615385
906	9,4615385
907	26,4615385
907	17,4615385
907	15,4615385
907	15,4615385
908	-19,5384615
908	30,4615385
908	35,4615385
908	9,4615385
909	-9,5384615
909	-24,5384615
909	-0,5384615
909	10,4615385
910	1,4615385
910	-16,5384615
910	31,4615385
910	14,4615385
911	2,4615385
911	3,4615385
911	9,4615385
911	29,4615385
912	11,4615385
912	2,4615385
912	2,4615385
912	0,4615385
913	12,4615385
913	-0,5384615
913	19,4615385
913	-11,5384615
914	18,4615385
914	-11,5384615
914	12,4615385
914	6,4615385
915	-21,5384615
915	-3,5384615
915	4,4615385
915	16,4615385
916	7,4615385
916	-8,5384615
916	11,4615385
916	14,4615385
917	6,4615385
917	25,4615385
917	7,4615385
917	19,4615385
917	-14,5384615
918	5,4615385
918	47,4615385
918	0,4615385
918	6,4615385
919	18,4615385
919	9,4615385
919	22,4615385
919	5,4615385
920	23,4615385
920	24,4615385
920	25,4615385
920	31,4615385
921	17,4615385
921	20,4615385
921	-4,5384615
921	-12,5384615
922	-6,5384615
922	13,4615385
922	12,4615385
922	-3,5384615
923	9,4615385
923	8,4615385
923	5,4615385
923	18,4615385
924	19,4615385
924	0,4615385
924	-6,5384615
924	8,4615385
925	1,4615385
925	3,4615385
925	14,4615385
925	53,4615385
926	19,4615385
926	31,4615385
926	20,4615385
926	4,4615385
927	-3,5384615
927	16,4615385
927	3,4615385
927	3,4615385
928	-0,5384615
928	-22,5384615
928	-3,5384615
928	-3,5384615
928	27,4615385
929	28,4615385
929	2,4615385
929	9,4615385
929	0,4615385
930	24,4615385
930	12,4615385
930	4,4615385
930	13,4615385
931	22,4615385
931	12,4615385
931	23,4615385
931	7,4615385
932	-2,5384615
932	9,4615385
932	-6,5384615
932	-3,5384615
933	32,4615385
933	0,4615385
933	24,4615385
933	10,4615385
934	26,4615385
934	32,4615385
934	11,4615385
934	13,4615385
935	41,4615385
935	10,4615385
935	-1,5384615
935	39,4615385
936	-9,5384615
936	33,4615385
936	23,4615385
936	6,4615385
937	18,4615385
937	18,4615385
937	18,4615385
937	13,4615385
938	6,4615385
938	16,4615385
938	6,4615385
938	21,4615385
938	24,4615385
939	36,4615385
939	18,4615385
939	23,4615385
939	27,4615385
940	24,4615385
940	2,4615385
940	-14,5384615
940	-4,5384615
941	-0,5384615
941	10,4615385
941	11,4615385
941	7,4615385
942	8,4615385
942	26,4615385
942	15,4615385
942	9,4615385
943	26,4615385
943	-1,5384615
943	11,4615385
943	28,4615385
944	14,4615385
944	4,4615385
944	14,4615385
944	31,4615385
945	26,4615385
945	16,4615385
945	14,4615385
945	-1,5384615
946	7,4615385
946	19,4615385
946	18,4615385
946	-24,5384615
947	12,4615385
947	27,4615385
947	-6,5384615
947	10,4615385
947	15,4615385
948	5,4615385
948	4,4615385
948	-0,5384615
948	2,4615385
949	13,4615385
949	-10,5384615
949	13,4615385
949	15,4615385
950	27,4615385
950	9,4615385
950	0,4615385
950	5,4615385
951	22,4615385
951	24,4615385
951	12,4615385
951	15,4615385
952	10,4615385
952	21,4615385
952	14,4615385
952	35,4615385
953	1,4615385
953	17,4615385
953	27,4615385
953	4,4615385
954	-20,5384615
954	29,4615385
954	12,4615385
954	12,4615385
955	6,4615385
955	21,4615385
955	-5,5384615
955	-11,5384615
956	29,4615385
956	19,4615385
956	9,4615385
956	7,4615385
956	2,4615385
957	42,4615385
957	36,4615385
957	27,4615385
957	11,4615385
958	15,4615385
958	16,4615385
958	-4,5384615
958	12,4615385
959	9,4615385
959	17,4615385
959	15,4615385
959	-5,5384615
960	36,4615385
960	32,4615385
960	12,4615385
960	8,4615385
961	28,4615385
961	14,4615385
961	-6,5384615
961	5,4615385
962	9,4615385
962	16,4615385
962	6,4615385
962	17,4615385
963	0,4615385
963	3,4615385
963	17,4615385
963	3,4615385
964	0,4615385
964	19,4615385
964	10,4615385
964	4,4615385
964	-2,5384615
965	29,4615385
965	-12,5384615
965	1,4615385
965	0,4615385
966	35,4615385
966	22,4615385
966	10,4615385
966	2,4615385
967	17,4615385
967	-24,5384615
967	29,4615385
967	22,4615385
968	-0,5384615
968	4,4615385
968	19,4615385
968	38,4615385
969	6,4615385
969	24,4615385
969	8,4615385
969	-3,5384615
970	15,4615385
970	9,4615385
970	27,4615385
970	15,4615385
971	28,4615385
971	28,4615385
971	14,4615385
971	7,4615385
972	15,4615385
972	-30,5384615
972	7,4615385
972	29,4615385
972	7,4615385
973	-9,5384615
973	12,4615385
973	16,4615385
973	7,4615385
974	10,4615385
974	7,4615385
974	33,4615385
974	12,4615385
975	33,4615385
975	20,4615385
975	31,4615385
975	19,4615385
976	-6,5384615
976	-4,5384615
976	7,4615385
976	15,4615385
977	25,4615385
977	2,4615385
977	7,4615385
977	25,4615385
978	26,4615385
978	14,4615385
978	9,4615385
978	29,4615385
979	20,4615385
979	22,4615385
979	36,4615385
979	32,4615385
980	-4,5384615
980	7,4615385
980	13,4615385
980	17,4615385
980	16,4615385
981	23,4615385
981	21,4615385
981	22,4615385
981	0,4615385
982	-6,5384615
982	5,4615385
982	32,4615385
982	22,4615385
983	11,4615385
983	26,4615385
983	6,4615385
983	6,4615385
984	60,4615385
984	28,4615385
984	9,4615385
984	8,4615385
985	5,4615385
985	42,4615385
985	29,4615385
985	5,4615385
986	15,4615385
986	16,4615385
986	9,4615385
986	14,4615385
987	-11,5384615
987	19,4615385
987	25,4615385
987	0,4615385
988	9,4615385
988	19,4615385
988	-7,5384615
988	39,4615385
988	37,4615385
989	-1,5384615
989	23,4615385
989	27,4615385
989	0,4615385
990	-7,5384615
990	-0,5384615
990	-7,5384615
990	3,4615385
991	-1,5384615
991	25,4615385
991	24,4615385
991	9,4615385
992	5,4615385
992	17,4615385
992	28,4615385
992	-11,5384615
993	-2,5384615
993	7,4615385
993	13,4615385
993	30,4615385
994	2,4615385
994	12,4615385
994	30,4615385
994	16,4615385
995	1,4615385
995	15,4615385
995	19,4615385
995	33,4615385
995	23,4615385
996	21,4615385
996	36,4615385
996	22,4615385
996	24,4615385
997	27,4615385
997	-12,5384615
997	-8,5384615
997	63,4615385
998	17,4615385
998	18,4615385
998	10,4615385
998	10,4615385
999	15,4615385
999	30,4615385
999	41,4615385
999	13,4615385
1000	18,4615385
1000	26,4615385
1000	34,4615385
1000	6,4615385
1001	18,4615385
1001	14,4615385
1001	42,4615385
1001	28,4615385
1002	16,4615385
1002	11,4615385
1002	36,4615385
1002	33,4615385
1002	20,4615385
1003	0,4615385
1003	17,4615385
1003	32,4615385
1003	7,4615385
1004	5,4615385
1004	7,4615385
1004	30,4615385
1004	41,4615385
1005	-1,5384615
1005	23,4615385
1005	35,4615385
1005	20,4615385
1006	-24,5384615
1006	16,4615385
1006	20,4615385
1006	11,4615385
1007	34,4615385
1007	14,4615385
1007	-8,5384615
1007	4,4615385
1008	-2,5384615
1008	22,4615385
1008	7,4615385
1008	16,4615385
1008	0,4615385
1009	16,4615385
1009	-6,5384615
1009	15,4615385
1009	25,4615385
1010	7,4615385
1010	-1,5384615
1010	16,4615385
1010	12,4615385
1011	10,4615385
1011	13,4615385
1011	15,4615385
1011	32,4615385
1012	14,4615385
1012	22,4615385
1012	0,4615385
1012	7,4615385
1013	4,4615385
1013	-2,5384615
1013	21,4615385
1013	10,4615385
1014	17,4615385
1014	22,4615385
1014	22,4615385
1014	9,4615385
1015	4,4615385
1015	8,4615385
1015	18,4615385
1015	17,4615385
1015	33,4615385
1016	22,4615385
1016	25,4615385
1016	-0,5384615
1016	1,4615385
1017	12,4615385
1017	6,4615385
1017	8,4615385
1017	9,4615385
1018	12,4615385
1018	23,4615385
1018	18,4615385
1018	8,4615385
1019	19,4615385
1019	21,4615385
1019	-6,5384615
1019	-7,5384615
1020	-6,5384615
1020	20,4615385
1020	12,4615385
1020	11,4615385
1021	15,4615385
1021	18,4615385
1021	2,4615385
1021	-6,5384615
1021	26,4615385
1022	-4,5384615
1022	0,4615385
1022	24,4615385
1022	2,4615385
1023	-10,5384615
1023	1,4615385
1023	17,4615385
1023	19,4615385
1024	17,4615385
1024	2,4615385
1024	-1,5384615
1024	14,4615385
1025	14,4615385
1025	25,4615385
1025	0,4615385
1025	21,4615385
1026	11,4615385
1026	21,4615385
1026	7,4615385
1026	8,4615385
1027	20,4615385
1027	16,4615385
1027	43,4615385
1027	22,4615385
1027	6,4615385
1028	-4,5384615
1028	-0,5384615
1028	5,4615385
1028	7,4615385
1029	-6,5384615
1029	4,4615385
1029	19,4615385
1029	13,4615385
1030	21,4615385
1030	8,4615385
1030	27,4615385
1030	15,4615385
1031	32,4615385
1031	24,4615385
1031	31,4615385
1031	-5,5384615
1032	8,4615385
1032	7,4615385
1032	5,4615385
1032	15,4615385
1033	25,4615385
1033	19,4615385
1033	21,4615385
1033	15,4615385
1034	13,4615385
1034	11,4615385
1034	-14,5384615
1034	-3,5384615
1034	3,4615385
1035	26,4615385
1035	-5,5384615
1035	-4,5384615
1035	12,4615385
1036	19,4615385
1036	16,4615385
1036	25,4615385
1036	-3,5384615
1037	9,4615385
1037	-9,5384615
1037	12,4615385
1037	32,4615385
1038	45,4615385
1038	17,4615385
1038	-11,5384615
1038	21,4615385
1039	20,4615385
1039	-4,5384615
1039	12,4615385
1039	-0,5384615
1039	2,4615385
1040	12,4615385
1040	22,4615385
1040	14,4615385
1040	16,4615385
1041	15,4615385
1041	6,4615385
1041	3,4615385
1041	39,4615385
1042	38,4615385
1042	27,4615385
1042	21,4615385
1042	44,4615385
1043	18,4615385
1043	43,4615385
1043	36,4615385
1043	-5,5384615
1044	-1,5384615
1044	-14,5384615
1044	16,4615385
1044	3,4615385
1045	3,4615385
1045	-8,5384615
1045	4,4615385
1045	-14,5384615
1045	-7,5384615
1046	-1,5384615
1046	18,4615385
1046	26,4615385
1046	14,4615385
1047	-11,5384615
1047	29,4615385
1047	11,4615385
1047	12,4615385
1048	24,4615385
1048	12,4615385
1048	33,4615385
1048	29,4615385
1049	23,4615385
1049	4,4615385
1049	13,4615385
1049	27,4615385
1050	-6,5384615
1050	-8,5384615
1050	-0,5384615
1050	16,4615385
1051	7,4615385
1051	-1,5384615
1051	3,4615385
1051	-4,5384615
1051	13,4615385
1052	16,4615385
1052	26,4615385
1052	14,4615385
1052	-5,5384615
1053	14,4615385
1053	7,4615385
1053	10,4615385
1053	-5,5384615
1054	25,4615385
1054	11,4615385
1054	16,4615385
1054	15,4615385
1055	2,4615385
1055	1,4615385
1055	-1,5384615
1055	10,4615385
1056	17,4615385
1056	12,4615385
1056	15,4615385
1056	25,4615385
1056	3,4615385
1057	29,4615385
1057	5,4615385
1057	24,4615385
1057	36,4615385
1058	5,4615385
1058	9,4615385
1058	15,4615385
1058	8,4615385
1059	30,4615385
1059	-1,5384615
1059	7,4615385
1059	2,4615385
1060	42,4615385
1060	18,4615385
1060	13,4615385
1060	6,4615385
1061	22,4615385
1061	18,4615385
1061	35,4615385
1061	16,4615385
1062	28,4615385
1062	16,4615385
1062	6,4615385
1062	49,4615385
1062	31,4615385
1063	-3,5384615
1063	11,4615385
1063	19,4615385
1063	17,4615385
1064	-20,5384615
1064	16,4615385
1064	34,4615385
1064	1,4615385
1065	28,4615385
1065	8,4615385
1065	-8,5384615
1065	7,4615385
1066	27,4615385
1066	14,4615385
1066	20,4615385
1066	28,4615385
1067	5,4615385
1067	10,4615385
1067	15,4615385
1067	22,4615385
1067	2,4615385
1068	22,4615385
1068	25,4615385
1068	15,4615385
1068	26,4615385
1069	-4,5384615
1069	8,4615385
1069	17,4615385
1069	36,4615385
1070	23,4615385
1070	5,4615385
1070	32,4615385
1070	23,4615385
1071	39,4615385
1071	19,4615385
1071	10,4615385
1071	7,4615385
1072	19,4615385
1072	32,4615385
1072	-1,5384615
1072	-3,5384615
1072	19,4615385
1073	-5,5384615
1073	12,4615385
1073	-6,5384615
1073	8,4615385
1074	-1,5384615
1074	7,4615385
1074	24,4615385
1074	21,4615385
1075	17,4615385
1075	27,4615385
1075	4,4615385
1075	24,4615385
1076	-10,5384615
1076	9,4615385
1076	-2,5384615
1076	3,4615385
1077	20,4615385
1077	6,4615385
1077	8,4615385
1077	2,4615385
1077	53,4615385
1078	4,4615385
1078	-9,5384615
1078	10,4615385
1078	-10,5384615
1079	22,4615385
1079	45,4615385
1079	9,4615385
1079	26,4615385
1080	11,4615385
1080	-15,5384615
1080	8,4615385
1080	2,4615385
1081	-9,5384615
1081	10,4615385
1081	30,4615385
1081	3,4615385
1082	27,4615385
1082	7,4615385
1082	26,4615385
1082	-6,5384615
1082	6,4615385
1083	34,4615385
1083	28,4615385
1083	15,4615385
1083	-4,5384615
1084	-2,5384615
1084	30,4615385
1084	38,4615385
1084	0,4615385
1085	3,4615385
1085	1,4615385
1085	23,4615385
1085	27,4615385
1086	6,4615385
1086	3,4615385
1086	-7,5384615
1086	12,4615385
1087	13,4615385
1087	24,4615385
1087	-6,5384615
1087	-8,5384615
1087	29,4615385
1088	-8,5384615
1088	19,4615385
1088	4,4615385
1088	-0,5384615
1089	9,4615385
1089	-9,5384615
1089	-8,5384615
1089	19,4615385
1090	27,4615385
1090	26,4615385
1090	5,4615385
1090	18,4615385
1091	-2,5384615
1091	4,4615385
1091	13,4615385
1091	16,4615385
1092	34,4615385
1092	24,4615385
1092	-19,5384615
1092	10,4615385
1092	-8,5384615
1093	-14,5384615
1093	-1,5384615
1093	-20,5384615
1093	0,4615385
1094	3,4615385
1094	-3,5384615
1094	13,4615385
1094	23,4615385
1095	14,4615385
1095	42,4615385
1095	10,4615385
1095	33,4615385
1096	20,4615385
1096	-27,5384615
1096	10,4615385
1096	23,4615385
1097	13,4615385
1097	-16,5384615
1097	2,4615385
1097	24,4615385
1097	28,4615385
1098	-1,5384615
1098	48,4615385
1098	-13,5384615
1098	-16,5384615
1099	10,4615385
1099	11,4615385
1099	20,4615385
1099	28,4615385
1100	8,4615385
1100	-15,5384615
1100	23,4615385
1100	25,4615385
1101	-3,5384615
1101	-4,5384615
1101	36,4615385
1101	-16,5384615
1101	11,4615385
1102	16,4615385
1102	5,4615385
1102	-9,5384615
1102	1,4615385
1103	4,4615385
1103	-8,5384615
1103	29,4615385
1103	26,4615385
1104	22,4615385
1104	7,4615385
1104	-2,5384615
1104	15,4615385
1105	13,4615385
1105	27,4615385
1105	13,4615385
1105	38,4615385
1106	12,4615385
1106	-10,5384615
1106	-11,5384615
1106	2,4615385
1106	-1,5384615
1107	11,4615385
1107	47,4615385
1107	23,4615385
1107	8,4615385
1108	-19,5384615
1108	12,4615385
1108	13,4615385
1108	10,4615385
1109	22,4615385
1109	15,4615385
1109	-16,5384615
1109	0,4615385
1110	14,4615385
1110	33,4615385
1110	0,4615385
1110	3,4615385
1110	7,4615385
1111	15,4615385
1111	28,4615385
1111	-0,5384615
1111	-1,5384615
1112	-1,5384615
1112	13,4615385
1112	26,4615385
1112	18,4615385
1113	2,4615385
1113	-14,5384615
1113	-8,5384615
1113	42,4615385
1114	40,4615385
1114	24,4615385
1114	29,4615385
1114	-7,5384615
1115	-4,5384615
1115	13,4615385
1115	-1,5384615
1115	6,4615385
1115	33,4615385
1116	1,4615385
1116	0,4615385
1116	-10,5384615
1116	0,4615385
1117	25,4615385
1117	18,4615385
1117	40,4615385
1117	5,4615385
1118	9,4615385
