196	-33,5384615
196	-33,5384615
196	-33,5384615
197	-11,5384615
197	2,4615385
197	38,4615385
197	20,4615385
198	14,4615385
198	4,4615385
198	-12,5384615
199	10,4615385
199	18,4615385
199	15,4615385
199	16,4615385
200	56,4615385
200	12,4615385
200	37,4615385
200	-13,5384615
201	-6,5384615
201	-2,5384615
201	18,4615385
201	1,4615385
202	60,4615385
202	23,4615385
202	-29,5384615
203	1,4615385
203	19,4615385
203	16,4615385
203	7,4615385
204	25,4615385
204	22,4615385
204	-24,5384615
204	3,4615385
205	-6,5384615
205	-17,5384615
205	5,4615385
205	19,4615385
206	5,4615385
206	22,4615385
206	26,4615385
207	-4,5384615
207	13,4615385
207	14,4615385
207	-19,5384615
208	12,4615385
208	7,4615385
208	-2,5384615
208	-1,5384615
209	10,4615385
209	-2,5384615
209	15,4615385
209	-14,5384615
210	0,4615385
210	12,4615385
210	7,4615385
211	-20,5384615
211	25,4615385
211	10,4615385
211	-11,5384615
212	-21,5384615
212	-16,5384615
212	23,4615385
212	-17,5384615
213	8,4615385
213	-15,5384615
213	-3,5384615
213	23,4615385
214	-0,5384615
214	-16,5384615
214	-8,5384615
215	5,4615385
215	-3,5384615
215	-6,5384615
215	-4,5384615
216	16,4615385
216	10,4615385
216	35,4615385
216	-3,5384615
217	-1,5384615
217	2,4615385
217	17,4615385
217	-13,5384615
218	-11,5384615
218	-1,5384615
218	2,4615385
219	26,4615385
219	-15,5384615
219	25,4615385
219	8,4615385
220	2,4615385
220	-7,5384615
220	-15,5384615
220	-21,5384615
221	-6,5384615
221	-3,5384615
221	17,4615385
221	10,4615385
222	3,4615385
222	12,4615385
222	7,4615385
223	13,4615385
223	-12,5384615
223	-4,5384615
223	-30,5384615
224	13,4615385
224	-10,5384615
224	6,4615385
224	17,4615385
225	15,4615385
225	27,4615385
225	8,4615385
225	8,4615385
226	5,4615385
226	-7,5384615
226	18,4615385
227	5,4615385
227	15,4615385
227	7,4615385
227	15,4615385
228	6,4615385
228	-2,5384615
228	16,4615385
228	34,4615385
229	6,4615385
229	-10,5384615
229	-25,5384615
229	-10,5384615
230	24,4615385
230	-2,5384615
230	-0,5384615
231	4,4615385
231	7,4615385
231	-22,5384615
231	3,4615385
232	17,4615385
232	-1,5384615
232	15,4615385
232	15,4615385
233	9,4615385
233	16,4615385
233	11,4615385
233	-8,5384615
234	-17,5384615
234	18,4615385
234	-2,5384615
235	17,4615385
235	23,4615385
235	12,4615385
235	8,4615385
236	-10,5384615
236	4,4615385
236	-12,5384615
236	-12,5384615
237	8,4615385
237	21,4615385
237	3,4615385
237	15,4615385
238	20,4615385
238	-9,5384615
238	-0,5384615
239	-1,5384615
239	-12,5384615
239	-1,5384615
239	-5,5384615
240	-4,5384615
240	7,4615385
240	-14,5384615
240	2,4615385
241	1,4615385
241	7,4615385
241	-8,5384615
241	4,4615385
242	-20,5384615
242	-17,5384615
242	-7,5384615
243	22,4615385
243	7,4615385
243	-7,5384615
243	-19,5384615
244	-9,5384615
244	-19,5384615
244	-12,5384615
244	-5,5384615
245	7,4615385
245	28,4615385
245	-31,5384615
245	-10,5384615
246	-18,5384615
246	19,4615385
246	-11,5384615
247	-7,5384615
247	-16,5384615
247	-5,5384615
247	24,4615385
248	4,4615385
248	10,4615385
248	13,4615385
248	20,4615385
249	-6,5384615
249	0,4615385
249	-13,5384615
249	0,4615385
250	8,4615385
250	34,4615385
250	11,4615385
251	-6,5384615
251	12,4615385
251	0,4615385
251	-24,5384615
252	-22,5384615
252	9,4615385
252	27,4615385
252	-3,5384615
253	-1,5384615
253	13,4615385
253	-19,5384615
253	13,4615385
254	4,4615385
254	-12,5384615
254	-6,5384615
254	7,4615385
255	-2,5384615
255	-13,5384615
255	-8,5384615
256	-7,5384615
256	-9,5384615
256	2,4615385
256	-1,5384615
257	-2,5384615
257	-0,5384615
257	10,4615385
257	4,4615385
258	30,4615385
258	-2,5384615
258	11,4615385
258	-13,5384615
259	-1,5384615
259	14,4615385
259	-10,5384615
260	5,4615385
260	-7,5384615
260	-20,5384615
260	-20,5384615
261	0,4615385
261	20,4615385
261	12,4615385
261	13,4615385
262	17,4615385
262	14,4615385
262	15,4615385
262	-10,5384615
263	31,4615385
263	-5,5384615
263	12,4615385
264	30,4615385
264	19,4615385
264	5,4615385
264	0,4615385
265	-7,5384615
265	15,4615385
265	-20,5384615
265	-32,5384615
266	-7,5384615
266	9,4615385
266	-15,5384615
266	-32,5384615
267	22,4615385
267	3,4615385
267	22,4615385
268	-7,5384615
268	37,4615385
268	4,4615385
268	27,4615385
269	21,4615385
269	23,4615385
269	9,4615385
269	23,4615385
270	-9,5384615
270	-12,5384615
270	-23,5384615
270	4,4615385
271	-5,5384615
271	20,4615385
271	17,4615385
271	-24,5384615
272	-9,5384615
272	7,4615385
272	-9,5384615
273	-13,5384615
273	7,4615385
273	-0,5384615
273	0,4615385
274	10,4615385
274	5,4615385
274	-0,5384615
274	-17,5384615
275	6,4615385
275	16,4615385
275	-5,5384615
275	12,4615385
276	21,4615385
276	22,4615385
276	1,4615385
277	13,4615385
277	31,4615385
277	23,4615385
277	2,4615385
278	-1,5384615
278	25,4615385
278	-7,5384615
278	-2,5384615
279	4,4615385
279	-7,5384615
279	-4,5384615
279	9,4615385
280	-25,5384615
280	-28,5384615
280	-18,5384615
280	3,4615385
281	-2,5384615
281	19,4615385
281	12,4615385
282	16,4615385
282	22,4615385
282	12,4615385
282	1,4615385
283	-11,5384615
283	-27,5384615
283	7,4615385
283	9,4615385
284	3,4615385
284	12,4615385
284	0,4615385
284	-6,5384615
285	-0,5384615
285	-10,5384615
285	-0,5384615
286	30,4615385
286	-7,5384615
286	-16,5384615
286	15,4615385
287	8,4615385
287	4,4615385
287	2,4615385
287	5,4615385
288	8,4615385
288	-8,5384615
288	7,4615385
288	13,4615385
289	12,4615385
289	-9,5384615
289	0,4615385
290	3,4615385
290	-15,5384615
290	13,4615385
290	-16,5384615
291	8,4615385
291	5,4615385
291	6,4615385
291	-16,5384615
292	9,4615385
292	-12,5384615
292	-11,5384615
292	21,4615385
293	29,4615385
293	-14,5384615
293	25,4615385
293	26,4615385
294	26,4615385
294	11,4615385
294	10,4615385
295	17,4615385
295	15,4615385
295	16,4615385
295	-5,5384615
296	-2,5384615
296	-6,5384615
296	-2,5384615
296	20,4615385
297	-3,5384615
297	15,4615385
297	-8,5384615
297	10,4615385
298	27,4615385
298	-1,5384615
298	20,4615385
299	-1,5384615
299	33,4615385
299	16,4615385
299	4,4615385
300	-14,5384615
300	1,4615385
300	-12,5384615
300	2,4615385
301	-11,5384615
301	7,4615385
301	-20,5384615
301	-6,5384615
302	-24,5384615
302	-9,5384615
302	40,4615385
302	25,4615385
303	21,4615385
303	2,4615385
303	13,4615385
304	-0,5384615
304	18,4615385
304	23,4615385
304	33,4615385
305	45,4615385
305	34,4615385
305	-0,5384615
305	-23,5384615
306	5,4615385
306	-1,5384615
306	12,4615385
306	27,4615385
307	24,4615385
307	22,4615385
307	17,4615385
307	-3,5384615
308	6,4615385
308	2,4615385
308	6,4615385
309	18,4615385
309	27,4615385
309	6,4615385
309	17,4615385
310	10,4615385
310	3,4615385
310	12,4615385
310	-12,5384615
311	11,4615385
311	44,4615385
311	50,4615385
311	39,4615385
312	39,4615385
312	59,4615385
312	40,4615385
313	24,4615385
313	45,4615385
313	34,4615385
313	20,4615385
314	38,4615385
314	22,4615385
314	39,4615385
314	24,4615385
315	27,4615385
315	55,4615385
315	43,4615385
315	27,4615385
316	32,4615385
316	21,4615385
316	41,4615385
316	9,4615385
317	44,4615385
317	7,4615385
317	31,4615385
318	15,4615385
318	22,4615385
318	36,4615385
318	-0,5384615
319	43,4615385
319	18,4615385
319	30,4615385
319	7,4615385
320	32,4615385
320	8,4615385
320	14,4615385
320	-3,5384615
321	24,4615385
321	-5,5384615
321	-25,5384615
321	16,4615385
322	-4,5384615
322	2,4615385
322	8,4615385
323	-20,5384615
323	-4,5384615
323	-16,5384615
323	31,4615385
324	20,4615385
324	17,4615385
324	-9,5384615
324	6,4615385
325	-29,5384615
325	-17,5384615
325	3,4615385
325	4,4615385
326	-13,5384615
326	-22,5384615
326	2,4615385
327	-8,5384615
327	22,4615385
327	9,4615385
327	-22,5384615
328	9,4615385
328	-2,5384615
328	4,4615385
328	-7,5384615
329	-5,5384615
329	2,4615385
329	5,4615385
329	10,4615385
330	20,4615385
330	-5,5384615
330	18,4615385
330	20,4615385
331	-2,5384615
331	3,4615385
331	26,4615385
332	35,4615385
332	54,4615385
332	69,4615385
332	43,4615385
333	52,4615385
333	30,4615385
333	60,4615385
333	62,4615385
334	45,4615385
334	55,4615385
334	88,4615385
334	69,4615385
335	56,4615385
335	36,4615385
335	28,4615385
335	59,4615385
336	73,4615385
336	88,4615385
336	80,4615385
337	40,4615385
337	91,4615385
337	70,4615385
337	67,4615385
338	35,4615385
338	35,4615385
338	33,4615385
338	67,4615385
339	58,4615385
339	39,4615385
339	49,4615385
339	63,4615385
340	33,4615385
340	29,4615385
340	22,4615385
340	13,4615385
341	14,4615385
341	35,4615385
341	32,4615385
342	19,4615385
342	16,4615385
342	20,4615385
342	8,4615385
343	14,4615385
343	18,4615385
343	-7,5384615
343	14,4615385
344	24,4615385
344	22,4615385
344	28,4615385
344	10,4615385
345	-23,5384615
345	-4,5384615
345	-15,5384615
345	18,4615385
346	4,4615385
346	22,4615385
346	4,4615385
347	7,4615385
347	-0,5384615
347	0,4615385
347	12,4615385
348	6,4615385
348	1,4615385
348	13,4615385
348	24,4615385
349	27,4615385
349	22,4615385
349	30,4615385
349	34,4615385
350	2,4615385
350	26,4615385
350	40,4615385
350	28,4615385
351	11,4615385
351	5,4615385
351	17,4615385
352	21,4615385
352	43,4615385
352	42,4615385
352	73,4615385
353	49,4615385
353	62,4615385
353	27,4615385
353	52,4615385
354	50,4615385
354	75,4615385
354	87,4615385
354	51,4615385
355	63,4615385
355	47,4615385
355	33,4615385
355	44,4615385
356	44,4615385
356	47,4615385
356	59,4615385
357	53,4615385
357	29,4615385
357	64,4615385
357	48,4615385
358	48,4615385
358	60,4615385
358	39,4615385
358	46,4615385
359	27,4615385
359	21,4615385
359	15,4615385
359	49,4615385
360	39,4615385
360	24,4615385
360	44,4615385
360	28,4615385
361	19,4615385
361	13,4615385
361	49,4615385
362	42,4615385
362	43,4615385
362	48,4615385
362	38,4615385
363	31,4615385
363	12,4615385
363	16,4615385
363	9,4615385
364	4,4615385
364	9,4615385
364	-5,5384615
364	24,4615385
365	18,4615385
365	12,4615385
365	-6,5384615
365	16,4615385
366	-9,5384615
366	26,4615385
366	4,4615385
367	9,4615385
367	21,4615385
367	30,4615385
367	12,4615385
368	-0,5384615
368	11,4615385
368	14,4615385
368	14,4615385
369	-14,5384615
369	1,4615385
369	-16,5384615
369	-24,5384615
370	15,4615385
370	1,4615385
370	-18,5384615
370	30,4615385
371	15,4615385
371	6,4615385
371	20,4615385
371	29,4615385
372	37,4615385
372	14,4615385
372	6,4615385
373	24,4615385
373	16,4615385
373	7,4615385
373	8,4615385
374	17,4615385
374	33,4615385
374	1,4615385
374	18,4615385
375	23,4615385
375	45,4615385
375	58,4615385
375	48,4615385
376	14,4615385
376	21,4615385
376	40,4615385
376	30,4615385
377	17,4615385
377	32,4615385
377	50,4615385
378	13,4615385
378	28,4615385
378	51,4615385
378	28,4615385
379	48,4615385
379	10,4615385
379	7,4615385
379	19,4615385
380	31,4615385
380	13,4615385
380	27,4615385
380	31,4615385
381	69,4615385
381	5,4615385
381	20,4615385
381	10,4615385
382	35,4615385
382	14,4615385
382	22,4615385
383	12,4615385
383	-6,5384615
383	20,4615385
383	9,4615385
384	0,4615385
384	16,4615385
384	8,4615385
384	11,4615385
385	5,4615385
385	3,4615385
385	29,4615385
385	18,4615385
386	37,4615385
386	29,4615385
386	20,4615385
386	26,4615385
387	40,4615385
387	22,4615385
387	-0,5384615
387	-6,5384615
388	-8,5384615
388	7,4615385
388	31,4615385
389	7,4615385
389	-28,5384615
389	-10,5384615
389	-12,5384615
390	15,4615385
390	9,4615385
390	11,4615385
390	-1,5384615
391	16,4615385
391	20,4615385
391	2,4615385
391	7,4615385
392	2,4615385
392	-6,5384615
392	3,4615385
392	23,4615385
393	-2,5384615
393	11,4615385
393	37,4615385
394	29,4615385
394	19,4615385
394	27,4615385
394	9,4615385
395	-3,5384615
395	15,4615385
395	28,4615385
395	11,4615385
396	8,4615385
396	9,4615385
396	-6,5384615
396	30,4615385
397	22,4615385
397	16,4615385
397	16,4615385
397	26,4615385
398	25,4615385
398	9,4615385
398	3,4615385
398	13,4615385
399	22,4615385
399	28,4615385
399	27,4615385
400	27,4615385
400	44,4615385
400	50,4615385
400	42,4615385
401	4,4615385
401	26,4615385
401	5,4615385
401	13,4615385
402	24,4615385
402	6,4615385
402	14,4615385
402	3,4615385
403	0,4615385
403	37,4615385
403	18,4615385
403	4,4615385
404	-8,5384615
404	22,4615385
404	9,4615385
405	-1,5384615
405	7,4615385
405	18,4615385
405	28,4615385
406	16,4615385
406	11,4615385
406	8,4615385
406	22,4615385
407	6,4615385
407	-2,5384615
407	0,4615385
407	23,4615385
408	1,4615385
408	-2,5384615
408	-37,5384615
408	-4,5384615
409	5,4615385
409	5,4615385
409	29,4615385
409	28,4615385
410	37,4615385
410	33,4615385
410	38,4615385
411	28,4615385
411	19,4615385
411	3,4615385
411	7,4615385
412	0,4615385
412	25,4615385
412	3,4615385
412	20,4615385
413	-18,5384615
413	-8,5384615
413	7,4615385
413	-19,5384615
414	3,4615385
414	-2,5384615
414	1,4615385
414	12,4615385
415	35,4615385
415	1,4615385
415	11,4615385
415	-19,5384615
416	3,4615385
416	-1,5384615
416	2,4615385
417	41,4615385
417	18,4615385
417	-1,5384615
417	7,4615385
418	11,4615385
418	15,4615385
418	-1,5384615
418	-1,5384615
419	9,4615385
419	-0,5384615
419	3,4615385
419	-1,5384615
420	-2,5384615
420	10,4615385
420	27,4615385
420	11,4615385
421	30,4615385
421	13,4615385
421	12,4615385
421	10,4615385
422	7,4615385
422	8,4615385
422	-13,5384615
423	24,4615385
423	1,4615385
423	17,4615385
423	13,4615385
424	19,4615385
424	-5,5384615
424	3,4615385
424	20,4615385
425	25,4615385
425	3,4615385
425	1,4615385
425	7,4615385
426	-0,5384615
426	2,4615385
426	13,4615385
426	12,4615385
427	29,4615385
427	7,4615385
427	-13,5384615
427	12,4615385
428	12,4615385
428	49,4615385
428	15,4615385
429	7,4615385
429	35,4615385
429	4,4615385
429	47,4615385
430	18,4615385
430	27,4615385
430	-9,5384615
430	-11,5384615
431	27,4615385
431	-4,5384615
431	15,4615385
431	17,4615385
432	5,4615385
432	19,4615385
432	13,4615385
432	20,4615385
433	15,4615385
433	6,4615385
433	33,4615385
433	3,4615385
434	20,4615385
434	-9,5384615
434	4,4615385
435	20,4615385
435	8,4615385
435	-5,5384615
435	6,4615385
436	14,4615385
436	23,4615385
436	21,4615385
436	10,4615385
437	14,4615385
437	11,4615385
437	9,4615385
437	5,4615385
438	9,4615385
438	30,4615385
438	33,4615385
438	4,4615385
439	11,4615385
439	-4,5384615
439	4,4615385
439	11,4615385
440	18,4615385
440	6,4615385
440	-6,5384615
441	-14,5384615
441	-21,5384615
441	14,4615385
441	29,4615385
442	6,4615385
442	15,4615385
442	3,4615385
442	16,4615385
443	-4,5384615
443	19,4615385
443	4,4615385
443	-8,5384615
444	-15,5384615
444	7,4615385
444	0,4615385
444	21,4615385
445	-11,5384615
445	1,4615385
445	-0,5384615
445	-2,5384615
446	-7,5384615
446	-6,5384615
446	6,4615385
447	25,4615385
447	8,4615385
447	10,4615385
447	1,4615385
448	26,4615385
448	-19,5384615
448	-7,5384615
448	-4,5384615
449	6,4615385
449	24,4615385
449	0,4615385
449	3,4615385
450	-2,5384615
450	-12,5384615
450	-17,5384615
450	-1,5384615
451	12,4615385
451	4,4615385
451	6,4615385
451	0,4615385
452	-4,5384615
452	-2,5384615
452	6,4615385
452	21,4615385
453	5,4615385
453	4,4615385
453	-0,5384615
454	12,4615385
454	18,4615385
454	9,4615385
454	16,4615385
455	-10,5384615
455	4,4615385
455	-7,5384615
455	-21,5384615
456	10,4615385
456	17,4615385
456	-9,5384615
456	15,4615385
457	-10,5384615
457	8,4615385
457	14,4615385
457	-7,5384615
458	-2,5384615
458	2,4615385
458	-12,5384615
458	7,4615385
459	-1,5384615
459	0,4615385
459	30,4615385
460	24,4615385
460	4,4615385
460	31,4615385
460	9,4615385
461	6,4615385
461	7,4615385
461	6,4615385
461	-4,5384615
462	6,4615385
462	-18,5384615
462	-20,5384615
462	9,4615385
463	7,4615385
463	5,4615385
463	-25,5384615
463	1,4615385
464	1,4615385
464	13,4615385
464	1,4615385
464	3,4615385
465	2,4615385
465	25,4615385
465	31,4615385
465	20,4615385
466	-9,5384615
466	21,4615385
466	-3,5384615
467	7,4615385
467	7,4615385
467	0,4615385
467	-1,5384615
468	-1,5384615
468	19,4615385
468	6,4615385
468	-20,5384615
469	9,4615385
469	1,4615385
469	-11,5384615
469	3,4615385
470	15,4615385
470	2,4615385
470	-5,5384615
470	-2,5384615
471	17,4615385
471	5,4615385
471	9,4615385
471	-10,5384615
472	1,4615385
472	18,4615385
472	0,4615385
472	37,4615385
473	-15,5384615
473	23,4615385
473	-2,5384615
474	18,4615385
474	-15,5384615
474	7,4615385
474	-0,5384615
475	1,4615385
475	4,4615385
475	5,4615385
475	9,4615385
476	2,4615385
476	0,4615385
476	-2,5384615
476	16,4615385
477	15,4615385
477	7,4615385
477	1,4615385
477	11,4615385
478	-1,5384615
478	-4,5384615
478	-20,5384615
478	-9,5384615
479	-21,5384615
479	8,4615385
479	-10,5384615
479	-4,5384615
480	7,4615385
480	-2,5384615
480	-14,5384615
481	0,4615385
481	15,4615385
481	5,4615385
481	-9,5384615
482	15,4615385
482	-1,5384615
482	1,4615385
482	17,4615385
483	-14,5384615
483	0,4615385
483	1,4615385
483	-6,5384615
484	-1,5384615
484	16,4615385
484	4,4615385
484	-8,5384615
485	-2,5384615
485	1,4615385
485	4,4615385
485	-3,5384615
486	-2,5384615
486	0,4615385
486	21,4615385
486	-7,5384615
487	-11,5384615
487	22,4615385
487	24,4615385
488	22,4615385
488	28,4615385
488	-9,5384615
488	-7,5384615
489	1,4615385
489	28,4615385
489	3,4615385
489	-6,5384615
490	16,4615385
490	8,4615385
490	-15,5384615
490	-0,5384615
491	-9,5384615
491	4,4615385
491	-10,5384615
491	-11,5384615
492	-20,5384615
492	10,4615385
492	43,4615385
492	3,4615385
493	-6,5384615
493	-5,5384615
493	-3,5384615
493	-4,5384615
494	-19,5384615
494	-9,5384615
494	24,4615385
495	22,4615385
495	-5,5384615
495	19,4615385
495	3,4615385
496	33,4615385
496	-3,5384615
496	3,4615385
496	-2,5384615
497	-22,5384615
497	10,4615385
497	-0,5384615
497	23,4615385
498	16,4615385
498	-15,5384615
498	0,4615385
498	-18,5384615
499	7,4615385
499	-5,5384615
499	0,4615385
499	2,4615385
500	17,4615385
500	12,4615385
500	-19,5384615
500	7,4615385
501	6,4615385
501	-9,5384615
501	3,4615385
502	-1,5384615
502	9,4615385
502	-1,5384615
502	-5,5384615
503	0,4615385
503	23,4615385
503	43,4615385
503	-8,5384615
504	-5,5384615
504	-8,5384615
504	-9,5384615
504	4,4615385
505	12,4615385
505	-21,5384615
505	-7,5384615
505	0,4615385
506	12,4615385
506	11,4615385
506	-17,5384615
506	3,4615385
507	3,4615385
507	-1,5384615
507	20,4615385
507	4,4615385
508	17,4615385
508	24,4615385
508	7,4615385
508	15,4615385
509	-0,5384615
509	16,4615385
509	10,4615385
510	-0,5384615
510	9,4615385
510	5,4615385
510	-5,5384615
511	25,4615385
511	10,4615385
511	-20,5384615
511	-23,5384615
512	9,4615385
512	2,4615385
512	22,4615385
512	4,4615385
513	-18,5384615
513	13,4615385
513	15,4615385
513	2,4615385
514	-15,5384615
514	15,4615385
514	13,4615385
514	-0,5384615
515	13,4615385
515	0,4615385
515	-10,5384615
515	15,4615385
516	20,4615385
516	40,4615385
516	29,4615385
516	-25,5384615
517	-11,5384615
517	-7,5384615
517	3,4615385
518	-12,5384615
518	13,4615385
518	5,4615385
518	-7,5384615
519	46,4615385
519	32,4615385
519	4,4615385
519	20,4615385
520	-18,5384615
520	-3,5384615
520	11,4615385
520	19,4615385
521	-14,5384615
521	13,4615385
521	6,4615385
521	14,4615385
522	22,4615385
522	19,4615385
522	11,4615385
522	4,4615385
523	16,4615385
523	7,4615385
523	-7,5384615
523	-9,5384615
524	-2,5384615
524	-0,5384615
524	-8,5384615
524	10,4615385
525	18,4615385
525	-13,5384615
525	19,4615385
526	20,4615385
526	20,4615385
526	19,4615385
526	-0,5384615
527	7,4615385
527	26,4615385
527	-3,5384615
527	14,4615385
528	24,4615385
528	-11,5384615
528	-8,5384615
528	12,4615385
529	19,4615385
529	0,4615385
529	-11,5384615
529	14,4615385
530	10,4615385
530	-16,5384615
530	2,4615385
530	13,4615385
531	8,4615385
531	9,4615385
531	42,4615385
531	-3,5384615
532	-1,5384615
532	1,4615385
532	-1,5384615
532	5,4615385
533	-2,5384615
533	-2,5384615
533	-2,5384615
534	-6,5384615
534	-0,5384615
534	25,4615385
534	8,4615385
535	-4,5384615
535	-26,5384615
535	0,4615385
535	11,4615385
536	7,4615385
536	4,4615385
536	-14,5384615
536	-10,5384615
537	-5,5384615
537	7,4615385
537	3,4615385
537	-11,5384615
538	-20,5384615
538	-23,5384615
538	4,4615385
538	0,4615385
539	5,4615385
539	-8,5384615
539	-11,5384615
539	33,4615385
540	9,4615385
540	7,4615385
540	5,4615385
540	8,4615385
541	14,4615385
541	4,4615385
541	-5,5384615
541	-19,5384615
542	-3,5384615
542	4,4615385
542	30,4615385
543	-1,5384615
543	-2,5384615
543	1,4615385
543	40,4615385
544	-0,5384615
544	2,4615385
544	-3,5384615
544	10,4615385
545	-25,5384615
545	4,4615385
545	-15,5384615
545	0,4615385
546	6,4615385
546	17,4615385
546	10,4615385
546	4,4615385
547	-39,5384615
547	5,4615385
547	17,4615385
547	5,4615385
548	2,4615385
548	8,4615385
548	25,4615385
548	15,4615385
549	12,4615385
549	40,4615385
549	3,4615385
549	-8,5384615
550	11,4615385
550	12,4615385
550	11,4615385
550	7,4615385
551	-21,5384615
551	-9,5384615
551	12,4615385
552	-10,5384615
552	-17,5384615
552	-16,5384615
552	4,4615385
553	-7,5384615
553	17,4615385
553	26,4615385
553	35,4615385
554	9,4615385
554	-8,5384615
554	9,4615385
554	-10,5384615
555	7,4615385
555	32,4615385
555	2,4615385
555	-8,5384615
556	8,4615385
556	1,4615385
556	1,4615385
556	32,4615385
557	23,4615385
557	19,4615385
557	-7,5384615
557	-3,5384615
558	-21,5384615
558	-40,5384615
558	5,4615385
558	22,4615385
559	8,4615385
559	-4,5384615
559	2,4615385
559	-12,5384615
560	11,4615385
560	25,4615385
560	13,4615385
561	-5,5384615
561	3,4615385
561	-4,5384615
561	24,4615385
562	15,4615385
562	11,4615385
562	26,4615385
562	3,4615385
563	10,4615385
563	5,4615385
563	-5,5384615
563	6,4615385
564	3,4615385
564	-3,5384615
564	17,4615385
564	9,4615385
565	21,4615385
565	7,4615385
565	-13,5384615
565	-13,5384615
566	4,4615385
566	4,4615385
566	3,4615385
566	7,4615385
567	4,4615385
567	-6,5384615
567	-4,5384615
567	1,4615385
568	3,4615385
568	13,4615385
568	14,4615385
568	2,4615385
569	-12,5384615
569	15,4615385
569	27,4615385
569	4,4615385
570	9,4615385
570	-4,5384615
570	-14,5384615
571	8,4615385
571	5,4615385
571	-8,5384615
571	-8,5384615
572	-5,5384615
572	-2,5384615
572	-19,5384615
572	-2,5384615
573	-14,5384615
573	0,4615385
573	-1,5384615
573	-28,5384615
574	5,4615385
574	18,4615385
574	5,4615385
574	15,4615385
575	-2,5384615
575	-0,5384615
575	0,4615385
575	-3,5384615
576	0,4615385
576	13,4615385
576	29,4615385
576	-12,5384615
577	-12,5384615
577	-5,5384615
577	-3,5384615
577	-2,5384615
578	29,4615385
578	-6,5384615
578	-4,5384615
578	-5,5384615
579	5,4615385
579	-18,5384615
579	-17,5384615
579	-15,5384615
580	-6,5384615
580	16,4615385
580	1,4615385
581	28,4615385
581	-4,5384615
581	18,4615385
581	-18,5384615
582	-28,5384615
582	-9,5384615
582	23,4615385
582	7,4615385
583	-26,5384615
583	-1,5384615
583	26,4615385
583	5,4615385
584	26,4615385
584	6,4615385
584	5,4615385
584	24,4615385
585	-8,5384615
585	-3,5384615
585	7,4615385
585	8,4615385
586	1,4615385
586	13,4615385
586	12,4615385
586	4,4615385
587	25,4615385
587	-8,5384615
587	-1,5384615
587	-9,5384615
588	1,4615385
588	12,4615385
588	20,4615385
588	-13,5384615
589	6,4615385
589	-14,5384615
589	10,4615385
589	-7,5384615
590	5,4615385
590	9,4615385
590	-11,5384615
590	26,4615385
591	22,4615385
591	29,4615385
591	-7,5384615
592	-8,5384615
592	-16,5384615
592	-11,5384615
592	8,4615385
593	-1,5384615
593	-28,5384615
593	6,4615385
593	8,4615385
594	41,4615385
594	-10,5384615
594	18,4615385
594	5,4615385
595	9,4615385
595	-2,5384615
595	4,4615385
595	-9,5384615
596	23,4615385
596	22,4615385
596	-30,5384615
596	18,4615385
597	5,4615385
597	7,4615385
597	20,4615385
597	-212,5384615
598	-26,5384615
598	-16,5384615
598	-37,5384615
598	7,4615385
599	1,4615385
599	-15,5384615
599	-23,5384615
599	-10,5384615
600	0,4615385
600	-18,5384615
600	7,4615385
600	-0,5384615
601	-25,5384615
601	-1,5384615
601	28,4615385
601	-8,5384615
602	13,4615385
602	-3,5384615
602	12,4615385
603	11,4615385
603	12,4615385
603	20,4615385
603	19,4615385
604	2,4615385
604	1,4615385
604	3,4615385
604	2,4615385
605	8,4615385
605	-1,5384615
605	2,4615385
605	-4,5384615
606	-6,5384615
606	3,4615385
606	14,4615385
606	5,4615385
607	-1,5384615
607	-13,5384615
607	16,4615385
607	12,4615385
608	15,4615385
608	9,4615385
608	1,4615385
608	6,4615385
609	-16,5384615
609	-0,5384615
609	-7,5384615
609	-3,5384615
610	-8,5384615
610	6,4615385
610	8,4615385
610	-4,5384615
611	9,4615385
611	1,4615385
611	-18,5384615
611	-18,5384615
612	7,4615385
612	-8,5384615
612	10,4615385
612	19,4615385
613	10,4615385
613	27,4615385
613	7,4615385
613	4,4615385
614	19,4615385
614	-1,5384615
614	-16,5384615
614	-8,5384615
615	-8,5384615
615	19,4615385
615	-18,5384615
616	-3,5384615
616	-1,5384615
616	-3,5384615
616	-6,5384615
617	-11,5384615
617	6,4615385
617	13,4615385
617	3,4615385
618	-7,5384615
618	20,4615385
618	9,4615385
618	19,4615385
619	0,4615385
619	17,4615385
619	-1,5384615
619	-17,5384615
620	9,4615385
620	13,4615385
620	-8,5384615
620	11,4615385
621	-2,5384615
621	12,4615385
621	10,4615385
621	12,4615385
622	1,4615385
622	18,4615385
622	10,4615385
622	14,4615385
623	-7,5384615
623	11,4615385
623	26,4615385
623	18,4615385
624	-2,5384615
624	5,4615385
624	18,4615385
624	11,4615385
625	6,4615385
625	9,4615385
625	5,4615385
625	-15,5384615
626	-2,5384615
626	6,4615385
626	-2,5384615
626	2,4615385
627	-6,5384615
627	-5,5384615
627	23,4615385
627	5,4615385
628	1,4615385
628	4,4615385
628	12,4615385
629	-8,5384615
629	9,4615385
629	-10,5384615
629	2,4615385
630	14,4615385
630	1,4615385
630	1,4615385
630	0,4615385
631	-15,5384615
631	20,4615385
631	-3,5384615
631	5,4615385
632	-13,5384615
632	6,4615385
632	5,4615385
632	4,4615385
633	-0,5384615
633	-0,5384615
633	-23,5384615
633	16,4615385
634	15,4615385
634	-11,5384615
634	0,4615385
634	15,4615385
635	-6,5384615
635	9,4615385
635	-8,5384615
635	34,4615385
636	14,4615385
636	24,4615385
636	7,4615385
636	-20,5384615
637	-18,5384615
637	-5,5384615
637	1,4615385
637	5,4615385
638	20,4615385
638	18,4615385
638	7,4615385
638	-2,5384615
639	-9,5384615
639	-13,5384615
639	-7,5384615
639	1,4615385
640	-14,5384615
640	18,4615385
640	-21,5384615
640	6,4615385
641	-5,5384615
641	29,4615385
641	9,4615385
641	20,4615385
642	17,4615385
642	3,4615385
642	26,4615385
642	13,4615385
643	15,4615385
643	13,4615385
643	4,4615385
644	8,4615385
644	-20,5384615
644	5,4615385
644	4,4615385
645	-2,5384615
645	-8,5384615
645	11,4615385
645	13,4615385
646	-12,5384615
646	-1,5384615
646	-8,5384615
646	22,4615385
647	1,4615385
647	21,4615385
647	4,4615385
647	31,4615385
648	-4,5384615
648	-2,5384615
648	-0,5384615
648	27,4615385
649	14,4615385
649	26,4615385
649	5,4615385
649	0,4615385
650	21,4615385
650	4,4615385
650	14,4615385
650	-10,5384615
651	1,4615385
651	16,4615385
651	20,4615385
651	12,4615385
652	16,4615385
652	-10,5384615
652	22,4615385
652	8,4615385
653	3,4615385
653	29,4615385
653	3,4615385
653	-6,5384615
654	-32,5384615
654	7,4615385
654	2,4615385
654	15,4615385
655	15,4615385
655	21,4615385
655	-0,5384615
655	21,4615385
656	14,4615385
656	30,4615385
656	-10,5384615
656	6,4615385
657	-5,5384615
657	-2,5384615
657	-0,5384615
657	8,4615385
658	-8,5384615
658	5,4615385
658	-6,5384615
658	-27,5384615
659	8,4615385
659	19,4615385
659	10,4615385
660	-3,5384615
660	18,4615385
660	4,4615385
660	11,4615385
661	17,4615385
661	5,4615385
661	-10,5384615
661	7,4615385
662	29,4615385
662	29,4615385
662	5,4615385
662	17,4615385
663	9,4615385
663	3,4615385
663	6,4615385
663	27,4615385
664	14,4615385
664	-6,5384615
664	10,4615385
664	-0,5384615
665	23,4615385
665	-1,5384615
665	10,4615385
665	1,4615385
666	10,4615385
666	10,4615385
666	18,4615385
666	4,4615385
667	21,4615385
667	8,4615385
667	7,4615385
667	-22,5384615
668	-6,5384615
668	2,4615385
668	2,4615385
668	16,4615385
669	-15,5384615
669	-17,5384615
669	26,4615385
669	-16,5384615
670	2,4615385
670	14,4615385
670	-3,5384615
670	-3,5384615
671	1,4615385
671	31,4615385
671	5,4615385
671	14,4615385
672	5,4615385
672	9,4615385
672	25,4615385
672	42,4615385
673	5,4615385
673	14,4615385
673	-10,5384615
673	11,4615385
674	1,4615385
674	20,4615385
674	-11,5384615
674	0,4615385
675	-27,5384615
675	-6,5384615
675	-8,5384615
675	-2,5384615
676	9,4615385
676	16,4615385
676	-3,5384615
676	11,4615385
677	2,4615385
677	11,4615385
677	-3,5384615
677	-0,5384615
678	30,4615385
678	25,4615385
678	5,4615385
678	6,4615385
679	18,4615385
679	4,4615385
679	5,4615385
680	1,4615385
680	-15,5384615
680	8,4615385
680	21,4615385
681	8,4615385
681	-1,5384615
681	-9,5384615
681	8,4615385
682	-5,5384615
682	-6,5384615
682	0,4615385
682	26,4615385
683	-13,5384615
683	-18,5384615
683	17,4615385
683	11,4615385
684	0,4615385
684	-13,5384615
684	14,4615385
684	6,4615385
685	8,4615385
685	-14,5384615
685	6,4615385
685	-9,5384615
686	3,4615385
686	18,4615385
686	5,4615385
686	32,4615385
687	9,4615385
687	2,4615385
687	-5,5384615
687	-6,5384615
688	-13,5384615
688	13,4615385
688	-9,5384615
688	-17,5384615
689	-4,5384615
689	-0,5384615
689	26,4615385
689	15,4615385
690	1,4615385
690	-7,5384615
690	-11,5384615
690	-5,5384615
691	1,4615385
691	-18,5384615
691	29,4615385
691	24,4615385
692	-11,5384615
692	10,4615385
692	11,4615385
692	5,4615385
693	18,4615385
693	-8,5384615
693	-13,5384615
693	-27,5384615
694	8,4615385
694	22,4615385
694	9,4615385
694	19,4615385
695	-22,5384615
695	4,4615385
695	-2,5384615
695	-29,5384615
696	-11,5384615
696	-9,5384615
696	-12,5384615
696	-4,5384615
697	-5,5384615
697	-22,5384615
697	-12,5384615
697	10,4615385
698	-4,5384615
698	-16,5384615
698	-4,5384615
698	22,4615385
699	5,4615385
699	-10,5384615
699	5,4615385
699	22,4615385
700	14,4615385
700	11,4615385
700	-19,5384615
700	0,4615385
701	-4,5384615
701	-8,5384615
701	27,4615385
701	-3,5384615
702	-32,5384615
702	-9,5384615
702	19,4615385
702	-12,5384615
703	-10,5384615
703	-1,5384615
703	3,4615385
703	-8,5384615
704	0,4615385
704	24,4615385
704	-1,5384615
704	3,4615385
705	2,4615385
705	-3,5384615
705	18,4615385
706	17,4615385
706	8,4615385
706	-7,5384615
706	-10,5384615
707	-1,5384615
707	-12,5384615
707	10,4615385
707	4,4615385
708	3,4615385
708	-3,5384615
708	3,4615385
708	-7,5384615
709	-18,5384615
709	-1,5384615
709	-5,5384615
709	-12,5384615
710	0,4615385
710	28,4615385
710	13,4615385
710	13,4615385
711	-4,5384615
711	8,4615385
711	8,4615385
711	-23,5384615
712	-1,5384615
712	-8,5384615
712	4,4615385
712	8,4615385
713	6,4615385
713	20,4615385
713	-13,5384615
713	-14,5384615
714	10,4615385
714	-16,5384615
714	-8,5384615
714	25,4615385
715	8,4615385
715	5,4615385
715	-8,5384615
715	2,4615385
716	-9,5384615
716	-0,5384615
716	-3,5384615
716	-4,5384615
717	-17,5384615
717	5,4615385
717	1,4615385
717	-2,5384615
718	2,4615385
718	18,4615385
718	-6,5384615
718	0,4615385
719	7,4615385
719	-8,5384615
719	-2,5384615
719	-27,5384615
720	1,4615385
720	-24,5384615
720	-3,5384615
720	12,4615385
721	36,4615385
721	8,4615385
721	12,4615385
721	-28,5384615
722	12,4615385
722	18,4615385
722	2,4615385
722	-24,5384615
723	3,4615385
723	-17,5384615
723	-28,5384615
723	23,4615385
724	-2,5384615
724	2,4615385
724	-10,5384615
724	-26,5384615
725	11,4615385
725	19,4615385
725	-7,5384615
725	2,4615385
726	-13,5384615
726	18,4615385
726	2,4615385
726	-9,5384615
727	-2,5384615
727	-26,5384615
727	8,4615385
727	10,4615385
728	2,4615385
728	-15,5384615
728	10,4615385
728	-0,5384615
729	6,4615385
729	22,4615385
729	15,4615385
729	1,4615385
730	8,4615385
730	-22,5384615
730	-8,5384615
730	8,4615385
731	23,4615385
731	-1,5384615
731	-8,5384615
731	23,4615385
732	5,4615385
732	-3,5384615
732	10,4615385
732	26,4615385
733	24,4615385
733	-17,5384615
733	4,4615385
733	24,4615385
734	0,4615385
734	-21,5384615
734	-6,5384615
734	31,4615385
735	-11,5384615
735	11,4615385
735	7,4615385
735	1,4615385
736	-15,5384615
736	-3,5384615
736	-14,5384615
736	23,4615385
737	13,4615385
737	2,4615385
737	-16,5384615
737	6,4615385
738	-7,5384615
738	-3,5384615
738	4,4615385
738	-14,5384615
739	5,4615385
739	5,4615385
739	-20,5384615
739	32,4615385
740	-1,5384615
740	-11,5384615
740	5,4615385
740	4,4615385
741	-17,5384615
741	5,4615385
741	8,4615385
741	6,4615385
742	15,4615385
742	15,4615385
742	-6,5384615
742	-33,5384615
743	-8,5384615
743	36,4615385
743	-6,5384615
743	11,4615385
744	5,4615385
744	-1,5384615
744	4,4615385
744	19,4615385
745	-11,5384615
745	4,4615385
745	-7,5384615
745	-6,5384615
746	-23,5384615
746	-18,5384615
746	-8,5384615
746	8,4615385
747	-1,5384615
747	16,4615385
747	14,4615385
747	-5,5384615
748	13,4615385
748	15,4615385
748	6,4615385
748	7,4615385
749	8,4615385
749	3,4615385
749	-16,5384615
749	-37,5384615
750	8,4615385
750	-6,5384615
750	10,4615385
750	-11,5384615
751	15,4615385
751	-8,5384615
751	2,4615385
751	11,4615385
752	6,4615385
752	-16,5384615
752	-1,5384615
752	18,4615385
753	4,4615385
753	-4,5384615
753	-11,5384615
753	-13,5384615
754	-14,5384615
754	-15,5384615
754	-35,5384615
754	-2,5384615
755	-4,5384615
755	0,4615385
755	0,4615385
755	-0,5384615
756	-24,5384615
756	-5,5384615
756	-8,5384615
756	15,4615385
757	-21,5384615
757	-2,5384615
757	-7,5384615
757	-1,5384615
758	-13,5384615
758	-29,5384615
758	3,4615385
758	3,4615385
759	12,4615385
759	25,4615385
759	-16,5384615
759	11,4615385
760	3,4615385
760	-2,5384615
760	-8,5384615
760	-4,5384615
761	19,4615385
761	20,4615385
761	-16,5384615
761	14,4615385
762	10,4615385
762	13,4615385
762	9,4615385
762	-5,5384615
763	-19,5384615
763	14,4615385
763	24,4615385
763	7,4615385
764	-3,5384615
764	-3,5384615
764	15,4615385
764	10,4615385
765	6,4615385
765	6,4615385
765	-5,5384615
765	7,4615385
766	-5,5384615
766	12,4615385
766	-4,5384615
766	-4,5384615
767	-2,5384615
767	2,4615385
767	21,4615385
767	-6,5384615
768	-0,5384615
768	-17,5384615
768	-24,5384615
768	8,4615385
769	-9,5384615
769	4,4615385
769	-11,5384615
769	-11,5384615
770	17,4615385
770	-4,5384615
770	5,4615385
770	-12,5384615
771	-4,5384615
771	-13,5384615
771	-4,5384615
771	28,4615385
772	19,4615385
772	-2,5384615
772	41,4615385
772	14,4615385
773	-11,5384615
773	13,4615385
773	4,4615385
773	8,4615385
774	-11,5384615
774	0,4615385
774	-11,5384615
774	-12,5384615
775	-13,5384615
775	-4,5384615
775	-5,5384615
775	0,4615385
776	-22,5384615
776	-6,5384615
776	24,4615385
776	-20,5384615
777	34,4615385
777	9,4615385
777	19,4615385
777	5,4615385
778	7,4615385
778	-11,5384615
778	11,4615385
778	-13,5384615
779	13,4615385
779	2,4615385
779	6,4615385
779	22,4615385
780	6,4615385
780	0,4615385
780	-4,5384615
780	13,4615385
781	17,4615385
781	4,4615385
781	8,4615385
781	14,4615385
782	13,4615385
782	-8,5384615
782	-2,5384615
782	27,4615385
783	-10,5384615
783	-6,5384615
783	-7,5384615
783	4,4615385
784	3,4615385
784	13,4615385
784	18,4615385
784	-2,5384615
785	-4,5384615
785	0,4615385
785	-12,5384615
785	-15,5384615
786	2,4615385
786	-15,5384615
786	28,4615385
786	42,4615385
787	-0,5384615
787	16,4615385
787	-1,5384615
787	-2,5384615
788	-23,5384615
788	-3,5384615
788	-8,5384615
788	10,4615385
789	1,4615385
789	-7,5384615
789	-0,5384615
789	-13,5384615
790	10,4615385
790	-10,5384615
790	6,4615385
790	-0,5384615
791	-2,5384615
791	-1,5384615
791	-8,5384615
791	-8,5384615
792	7,4615385
792	-1,5384615
792	-0,5384615
792	-20,5384615
793	10,4615385
793	6,4615385
793	-5,5384615
793	31,4615385
794	2,4615385
794	-7,5384615
794	0,4615385
794	-20,5384615
795	5,4615385
795	11,4615385
795	-8,5384615
795	-4,5384615
796	19,4615385
796	22,4615385
796	-29,5384615
796	-1,5384615
797	1,4615385
797	1,4615385
797	25,4615385
797	-6,5384615
798	5,4615385
798	0,4615385
798	13,4615385
798	43,4615385
799	-22,5384615
799	-13,5384615
799	-3,5384615
799	-49,5384615
800	10,4615385
800	44,4615385
800	10,4615385
800	5,4615385
801	14,4615385
801	0,4615385
801	2,4615385
801	-5,5384615
802	1,4615385
802	8,4615385
802	7,4615385
802	14,4615385
803	-1,5384615
803	-1,5384615
803	-5,5384615
803	3,4615385
804	-3,5384615
804	-22,5384615
804	-21,5384615
804	20,4615385
805	-12,5384615
805	-27,5384615
805	10,4615385
805	-20,5384615
806	-2,5384615
806	-10,5384615
806	29,4615385
806	12,4615385
807	-0,5384615
807	24,4615385
807	15,4615385
807	38,4615385
808	7,4615385
808	-7,5384615
808	-2,5384615
808	-18,5384615
809	2,4615385
809	6,4615385
809	7,4615385
809	-7,5384615
810	9,4615385
810	20,4615385
810	-23,5384615
810	3,4615385
811	13,4615385
811	-0,5384615
811	-8,5384615
811	-12,5384615
812	4,4615385
812	6,4615385
812	2,4615385
812	-7,5384615
813	-19,5384615
813	22,4615385
813	17,4615385
813	12,4615385
814	-3,5384615
814	0,4615385
814	-5,5384615
814	3,4615385
815	22,4615385
815	2,4615385
815	9,4615385
815	4,4615385
816	29,4615385
816	26,4615385
816	7,4615385
816	4,4615385
817	15,4615385
817	5,4615385
817	-9,5384615
817	21,4615385
818	-10,5384615
818	16,4615385
818	1,4615385
818	0,4615385
819	10,4615385
819	24,4615385
819	9,4615385
819	36,4615385
820	-4,5384615
820	4,4615385
820	-3,5384615
820	-9,5384615
820	-18,5384615
821	-7,5384615
821	-14,5384615
821	-26,5384615
821	1,4615385
822	36,4615385
822	15,4615385
822	-36,5384615
822	-18,5384615
823	9,4615385
823	-9,5384615
823	-2,5384615
823	-4,5384615
824	-6,5384615
824	19,4615385
824	15,4615385
824	-4,5384615
825	12,4615385
825	22,4615385
825	-1,5384615
825	2,4615385
826	-0,5384615
826	5,4615385
826	4,4615385
826	-3,5384615
827	-0,5384615
827	-3,5384615
827	-14,5384615
827	-4,5384615
828	19,4615385
828	-8,5384615
828	-1,5384615
828	-9,5384615
829	13,4615385
829	5,4615385
829	11,4615385
829	-2,5384615
830	-5,5384615
830	31,4615385
830	0,4615385
830	5,4615385
831	18,4615385
831	25,4615385
831	22,4615385
831	21,4615385
832	-1,5384615
832	5,4615385
832	6,4615385
832	4,4615385
833	7,4615385
833	-0,5384615
833	-2,5384615
833	-14,5384615
834	24,4615385
834	12,4615385
834	-17,5384615
834	-2,5384615
835	5,4615385
835	23,4615385
835	11,4615385
835	11,4615385
836	8,4615385
836	0,4615385
836	-15,5384615
836	19,4615385
837	-3,5384615
837	-6,5384615
837	5,4615385
837	-10,5384615
838	-16,5384615
838	18,4615385
838	15,4615385
838	9,4615385
839	12,4615385
839	-5,5384615
839	12,4615385
839	19,4615385
840	10,4615385
840	8,4615385
840	-3,5384615
840	-2,5384615
841	-12,5384615
841	39,4615385
841	14,4615385
841	4,4615385
842	-11,5384615
842	38,4615385
842	-13,5384615
842	25,4615385
843	10,4615385
843	3,4615385
843	8,4615385
843	-1,5384615
844	3,4615385
844	8,4615385
844	14,4615385
844	-0,5384615
845	-1,5384615
845	6,4615385
845	5,4615385
845	1,4615385
845	-13,5384615
846	-14,5384615
846	8,4615385
846	0,4615385
846	0,4615385
847	2,4615385
847	5,4615385
847	22,4615385
847	-2,5384615
848	16,4615385
848	-12,5384615
848	-6,5384615
848	-7,5384615
849	-7,5384615
849	24,4615385
849	6,4615385
849	11,4615385
850	10,4615385
850	1,4615385
850	2,4615385
850	26,4615385
851	17,4615385
851	-12,5384615
851	16,4615385
851	9,4615385
852	-18,5384615
852	7,4615385
852	2,4615385
852	-11,5384615
853	0,4615385
853	-6,5384615
853	-13,5384615
853	-4,5384615
854	-27,5384615
854	-3,5384615
854	5,4615385
854	5,4615385
855	-10,5384615
855	29,4615385
855	9,4615385
855	-3,5384615
856	8,4615385
856	15,4615385
856	2,4615385
856	-5,5384615
857	-14,5384615
857	12,4615385
857	-14,5384615
857	-8,5384615
858	41,4615385
858	3,4615385
858	21,4615385
858	7,4615385
859	8,4615385
859	-7,5384615
859	21,4615385
859	0,4615385
860	6,4615385
860	-6,5384615
860	26,4615385
860	-13,5384615
861	16,4615385
861	-7,5384615
861	5,4615385
861	6,4615385
862	-5,5384615
862	8,4615385
862	-6,5384615
862	4,4615385
863	-10,5384615
863	11,4615385
863	-6,5384615
863	5,4615385
864	1,4615385
864	-27,5384615
864	-22,5384615
864	1,4615385
864	1,4615385
865	18,4615385
865	0,4615385
865	-0,5384615
865	-3,5384615
866	-3,5384615
866	-6,5384615
866	32,4615385
866	13,4615385
867	25,4615385
867	3,4615385
867	-9,5384615
867	2,4615385
868	-0,5384615
868	-26,5384615
868	-3,5384615
868	21,4615385
869	12,4615385
869	2,4615385
869	7,4615385
869	2,4615385
870	20,4615385
870	7,4615385
870	0,4615385
870	15,4615385
871	11,4615385
871	-8,5384615
871	3,4615385
871	-20,5384615
872	13,4615385
872	-16,5384615
872	-11,5384615
872	19,4615385
873	0,4615385
873	-19,5384615
873	-1,5384615
873	-7,5384615
874	-7,5384615
874	4,4615385
874	-11,5384615
874	-16,5384615
875	7,4615385
875	-15,5384615
875	-14,5384615
875	13,4615385
876	-7,5384615
876	3,4615385
876	5,4615385
876	0,4615385
877	2,4615385
877	-19,5384615
877	-0,5384615
877	3,4615385
878	-19,5384615
878	-16,5384615
878	26,4615385
878	42,4615385
879	11,4615385
879	-23,5384615
879	23,4615385
879	-0,5384615
880	12,4615385
880	-3,5384615
880	28,4615385
880	12,4615385
880	5,4615385
881	7,4615385
881	39,4615385
881	5,4615385
881	-10,5384615
882	16,4615385
882	13,4615385
882	13,4615385
882	11,4615385
883	-10,5384615
883	-5,5384615
883	4,4615385
883	-25,5384615
884	14,4615385
884	11,4615385
884	5,4615385
884	12,4615385
885	-7,5384615
885	5,4615385
885	6,4615385
885	6,4615385
886	-1,5384615
886	-5,5384615
886	18,4615385
886	6,4615385
887	24,4615385
887	9,4615385
887	-28,5384615
887	-9,5384615
888	-7,5384615
888	-15,5384615
888	-4,5384615
888	-9,5384615
889	-4,5384615
889	7,4615385
889	-4,5384615
889	5,4615385
890	14,4615385
890	-55,5384615
890	2,4615385
890	-6,5384615
891	-9,5384615
891	16,4615385
891	19,4615385
891	17,4615385
892	-17,5384615
892	-7,5384615
892	-17,5384615
892	13,4615385
893	-3,5384615
893	-19,5384615
893	-0,5384615
893	-12,5384615
894	14,4615385
894	12,4615385
894	-2,5384615
894	17,4615385
894	1,4615385
895	-7,5384615
895	-1,5384615
895	28,4615385
895	-5,5384615
896	10,4615385
896	4,4615385
896	24,4615385
896	34,4615385
897	23,4615385
897	17,4615385
897	40,4615385
897	12,4615385
898	29,4615385
898	6,4615385
898	5,4615385
898	-0,5384615
899	-12,5384615
899	-4,5384615
899	11,4615385
899	3,4615385
900	13,4615385
900	25,4615385
900	6,4615385
900	16,4615385
901	30,4615385
901	-3,5384615
901	5,4615385
901	-5,5384615
902	9,4615385
902	2,4615385
902	5,4615385
902	4,4615385
903	14,4615385
903	13,4615385
903	-2,5384615
903	22,4615385
904	4,4615385
904	10,4615385
904	18,4615385
904	12,4615385
905	-0,5384615
905	28,4615385
905	3,4615385
905	33,4615385
906	17,4615385
906	12,4615385
906	-3,5384615
906	-17,5384615
906	-9,5384615
907	11,4615385
907	-0,5384615
907	-5,5384615
907	1,4615385
908	-21,5384615
908	15,4615385
908	36,4615385
908	-35,5384615
909	3,4615385
909	-11,5384615
909	-25,5384615
909	2,4615385
910	-0,5384615
910	-14,5384615
910	24,4615385
910	-11,5384615
911	-3,5384615
911	-23,5384615
911	25,4615385
911	17,4615385
912	7,4615385
912	9,4615385
912	-10,5384615
912	-1,5384615
913	-8,5384615
913	-16,5384615
913	-3,5384615
913	-20,5384615
914	19,4615385
914	-2,5384615
914	-6,5384615
914	-14,5384615
915	-28,5384615
915	0,4615385
915	-0,5384615
915	38,4615385
916	22,4615385
916	17,4615385
916	23,4615385
916	3,4615385
917	-18,5384615
917	27,4615385
917	-14,5384615
917	-10,5384615
917	-30,5384615
918	11,4615385
918	19,4615385
918	-7,5384615
918	-7,5384615
919	-7,5384615
919	-7,5384615
919	27,4615385
919	3,4615385
920	9,4615385
920	17,4615385
920	27,4615385
920	8,4615385
921	10,4615385
921	7,4615385
921	2,4615385
921	-8,5384615
922	-0,5384615
922	-9,5384615
922	-7,5384615
922	-3,5384615
923	1,4615385
923	14,4615385
923	2,4615385
923	-1,5384615
924	10,4615385
924	-9,5384615
924	-16,5384615
924	-22,5384615
925	-8,5384615
925	-4,5384615
925	11,4615385
925	14,4615385
926	15,4615385
926	20,4615385
926	21,4615385
926	-1,5384615
927	-7,5384615
927	2,4615385
927	-11,5384615
927	5,4615385
928	-19,5384615
928	-1,5384615
928	0,4615385
928	9,4615385
928	20,4615385
929	5,4615385
929	-17,5384615
929	27,4615385
929	-6,5384615
930	4,4615385
930	1,4615385
930	-16,5384615
930	1,4615385
931	2,4615385
931	-2,5384615
931	11,4615385
931	8,4615385
932	6,4615385
932	14,4615385
932	18,4615385
932	-1,5384615
933	7,4615385
933	-0,5384615
933	32,4615385
933	-9,5384615
934	20,4615385
934	31,4615385
934	11,4615385
934	9,4615385
935	23,4615385
935	6,4615385
935	-3,5384615
935	21,4615385
936	-6,5384615
936	25,4615385
936	-8,5384615
936	-6,5384615
937	14,4615385
937	20,4615385
937	11,4615385
937	21,4615385
938	7,4615385
938	10,4615385
938	11,4615385
938	38,4615385
938	13,4615385
939	11,4615385
939	-20,5384615
939	20,4615385
939	8,4615385
940	-6,5384615
940	-7,5384615
940	-17,5384615
940	-12,5384615
941	-17,5384615
941	6,4615385
941	-10,5384615
941	0,4615385
942	-9,5384615
942	1,4615385
942	-21,5384615
942	-4,5384615
943	12,4615385
943	7,4615385
943	-0,5384615
943	31,4615385
944	-8,5384615
944	-2,5384615
944	9,4615385
944	13,4615385
945	27,4615385
945	11,4615385
945	-8,5384615
945	13,4615385
946	14,4615385
946	8,4615385
946	16,4615385
946	-9,5384615
947	31,4615385
947	21,4615385
947	-6,5384615
947	-24,5384615
947	7,4615385
948	14,4615385
948	15,4615385
948	-0,5384615
948	2,4615385
949	14,4615385
949	-20,5384615
949	6,4615385
949	-0,5384615
950	5,4615385
950	-2,5384615
950	-8,5384615
950	-20,5384615
951	3,4615385
951	-2,5384615
951	26,4615385
951	-8,5384615
952	10,4615385
952	34,4615385
952	-5,5384615
952	35,4615385
953	10,4615385
953	0,4615385
953	12,4615385
953	-0,5384615
954	-22,5384615
954	2,4615385
954	-5,5384615
954	8,4615385
955	0,4615385
955	8,4615385
955	-12,5384615
955	-12,5384615
956	24,4615385
956	13,4615385
956	-0,5384615
956	-19,5384615
956	-24,5384615
957	18,4615385
957	8,4615385
957	-2,5384615
957	18,4615385
958	19,4615385
958	-12,5384615
958	-13,5384615
958	7,4615385
959	-0,5384615
959	5,4615385
959	-15,5384615
959	4,4615385
960	31,4615385
960	14,4615385
960	1,4615385
960	7,4615385
961	9,4615385
961	13,4615385
961	-5,5384615
961	-21,5384615
962	-8,5384615
962	2,4615385
962	4,4615385
962	-2,5384615
963	-2,5384615
963	12,4615385
963	28,4615385
963	-14,5384615
964	-0,5384615
964	24,4615385
964	-31,5384615
964	-14,5384615
964	-5,5384615
965	14,4615385
965	-21,5384615
965	24,4615385
965	-19,5384615
966	8,4615385
966	-5,5384615
966	-7,5384615
966	-7,5384615
967	4,4615385
967	-9,5384615
967	-13,5384615
967	-11,5384615
968	13,4615385
968	-1,5384615
968	-2,5384615
968	25,4615385
969	23,4615385
969	-6,5384615
969	-0,5384615
969	7,4615385
970	6,4615385
970	-11,5384615
970	1,4615385
970	9,4615385
971	27,4615385
971	16,4615385
971	20,4615385
971	51,4615385
972	27,4615385
972	-8,5384615
972	0,4615385
972	9,4615385
972	-4,5384615
973	-26,5384615
973	-10,5384615
973	9,4615385
973	-14,5384615
974	-11,5384615
974	15,4615385
974	19,4615385
974	-11,5384615
975	11,4615385
975	-13,5384615
975	-1,5384615
975	1,4615385
976	-11,5384615
976	-18,5384615
976	-6,5384615
976	-11,5384615
977	-4,5384615
977	-10,5384615
977	2,4615385
977	9,4615385
978	21,4615385
978	14,4615385
978	-14,5384615
978	18,4615385
979	0,4615385
979	6,4615385
979	15,4615385
979	9,4615385
980	-18,5384615
980	22,4615385
980	-4,5384615
980	-2,5384615
980	1,4615385
981	-11,5384615
981	-12,5384615
981	8,4615385
981	-3,5384615
982	-12,5384615
982	11,4615385
982	13,4615385
982	1,4615385
983	3,4615385
983	14,4615385
983	11,4615385
983	12,4615385
984	6,4615385
984	1,4615385
984	-9,5384615
984	-7,5384615
985	1,4615385
985	11,4615385
985	3,4615385
985	-1,5384615
986	-0,5384615
986	-24,5384615
986	16,4615385
986	11,4615385
987	11,4615385
987	0,4615385
987	-8,5384615
987	-21,5384615
988	2,4615385
988	12,4615385
988	-13,5384615
988	26,4615385
988	-0,5384615
989	-3,5384615
989	1,4615385
989	-1,5384615
989	-0,5384615
990	20,4615385
990	11,4615385
990	-16,5384615
990	0,4615385
991	16,4615385
991	7,4615385
991	-7,5384615
991	2,4615385
992	2,4615385
992	9,4615385
992	2,4615385
992	-4,5384615
993	-9,5384615
993	-3,5384615
993	4,4615385
993	26,4615385
994	1,4615385
994	-0,5384615
994	1,4615385
994	-7,5384615
995	-8,5384615
995	-10,5384615
995	-1,5384615
995	8,4615385
995	-2,5384615
996	23,4615385
996	16,4615385
996	29,4615385
996	0,4615385
997	27,4615385
997	-35,5384615
997	-0,5384615
997	36,4615385
998	-7,5384615
998	-5,5384615
998	3,4615385
998	19,4615385
999	10,4615385
999	5,4615385
999	24,4615385
999	14,4615385
1000	-17,5384615
1000	19,4615385
1000	-1,5384615
1000	-3,5384615
1001	3,4615385
1001	5,4615385
1001	5,4615385
1001	0,4615385
1002	-8,5384615
1002	21,4615385
1002	19,4615385
1002	15,4615385
1002	-20,5384615
1003	-3,5384615
1003	-0,5384615
1003	22,4615385
1003	11,4615385
1004	5,4615385
1004	4,4615385
1004	15,4615385
1004	2,4615385
1005	-11,5384615
1005	-3,5384615
1005	13,4615385
1005	-12,5384615
1006	-27,5384615
1006	3,4615385
1006	7,4615385
1006	11,4615385
1007	-3,5384615
1007	4,4615385
1007	5,4615385
1007	-1,5384615
1008	5,4615385
1008	35,4615385
1008	-1,5384615
1008	21,4615385
1008	7,4615385
1009	-7,5384615
1009	-3,5384615
1009	-0,5384615
1009	10,4615385
1010	3,4615385
1010	4,4615385
1010	-15,5384615
1010	1,4615385
1011	-8,5384615
1011	18,4615385
1011	-9,5384615
1011	5,4615385
1012	-4,5384615
1012	-9,5384615
1012	0,4615385
1012	0,4615385
1013	-13,5384615
1013	4,4615385
1013	7,4615385
1013	-14,5384615
1014	15,4615385
1014	26,4615385
1014	-1,5384615
1014	0,4615385
1015	-0,5384615
1015	-3,5384615
1015	22,4615385
1015	0,4615385
1015	12,4615385
1016	1,4615385
1016	-1,5384615
1016	2,4615385
1016	-5,5384615
1017	15,4615385
1017	-14,5384615
1017	5,4615385
1017	12,4615385
1018	10,4615385
1018	3,4615385
1018	-16,5384615
1018	-5,5384615
1019	-20,5384615
1019	11,4615385
1019	-12,5384615
1019	4,4615385
1020	-26,5384615
1020	2,4615385
1020	-1,5384615
1020	10,4615385
1021	6,4615385
1021	-2,5384615
1021	9,4615385
1021	-6,5384615
1021	-6,5384615
1022	0,4615385
1022	12,4615385
1022	2,4615385
1022	-8,5384615
1023	-33,5384615
1023	4,4615385
1023	-18,5384615
1023	17,4615385
1024	-0,5384615
1024	-24,5384615
1024	15,4615385
1024	19,4615385
1025	12,4615385
1025	-8,5384615
1025	-5,5384615
1025	2,4615385
1026	-6,5384615
1026	10,4615385
1026	3,4615385
1026	17,4615385
1027	14,4615385
1027	-19,5384615
1027	14,4615385
1027	4,4615385
1027	5,4615385
1028	2,4615385
1028	-23,5384615
1028	-12,5384615
1028	6,4615385
1029	-21,5384615
1029	11,4615385
1029	8,4615385
1029	24,4615385
1030	8,4615385
1030	11,4615385
1030	20,4615385
1030	14,4615385
1031	12,4615385
1031	2,4615385
1031	16,4615385
1031	-23,5384615
1032	-17,5384615
1032	1,4615385
1032	1,4615385
1032	2,4615385
1033	16,4615385
1033	7,4615385
1033	-0,5384615
1033	14,4615385
1034	14,4615385
1034	-24,5384615
1034	-12,5384615
1034	-7,5384615
1034	-15,5384615
1035	-2,5384615
1035	11,4615385
1035	5,4615385
1035	5,4615385
1036	29,4615385
1036	11,4615385
1036	9,4615385
1036	-1,5384615
1037	1,4615385
1037	-15,5384615
1037	-5,5384615
1037	14,4615385
1038	0,4615385
1038	-10,5384615
1038	7,4615385
1038	11,4615385
1039	-2,5384615
1039	7,4615385
1039	-32,5384615
1039	-13,5384615
1039	-7,5384615
1040	-1,5384615
1040	27,4615385
1040	8,4615385
1040	15,4615385
1041	1,4615385
1041	-12,5384615
1041	4,4615385
1041	17,4615385
1042	1,4615385
1042	13,4615385
1042	13,4615385
1042	13,4615385
1043	-1,5384615
1043	35,4615385
1043	10,4615385
1043	-0,5384615
1044	5,4615385
1044	-6,5384615
1044	23,4615385
1044	-0,5384615
1045	-2,5384615
1045	-5,5384615
1045	17,4615385
1045	-21,5384615
1045	-19,5384615
1046	-0,5384615
1046	-21,5384615
1046	-16,5384615
1046	-6,5384615
1047	2,4615385
1047	18,4615385
1047	9,4615385
1047	11,4615385
1048	11,4615385
1048	28,4615385
1048	25,4615385
1048	18,4615385
1049	-5,5384615
1049	1,4615385
1049	-5,5384615
1049	17,4615385
1050	3,4615385
1050	-4,5384615
1050	-14,5384615
1050	14,4615385
1051	28,4615385
1051	-6,5384615
1051	-36,5384615
1051	0,4615385
1051	-4,5384615
1052	13,4615385
1052	8,4615385
1052	-16,5384615
1052	-7,5384615
1053	-2,5384615
1053	-1,5384615
1053	25,4615385
1053	9,4615385
1054	8,4615385
1054	-12,5384615
1054	7,4615385
1054	-1,5384615
1055	15,4615385
1055	-4,5384615
1055	-0,5384615
1055	4,4615385
1056	14,4615385
1056	7,4615385
1056	-1,5384615
1056	10,4615385
1056	-21,5384615
1057	5,4615385
1057	15,4615385
1057	6,4615385
1057	9,4615385
1058	-10,5384615
1058	-5,5384615
1058	-0,5384615
1058	30,4615385
1059	17,4615385
1059	-16,5384615
1059	-12,5384615
1059	5,4615385
1060	27,4615385
1060	1,4615385
1060	11,4615385
1060	14,4615385
1061	10,4615385
1061	11,4615385
1061	-1,5384615
1061	27,4615385
1062	28,4615385
1062	-13,5384615
1062	9,4615385
1062	25,4615385
1062	36,4615385
1063	9,4615385
1063	-6,5384615
1063	10,4615385
1063	6,4615385
1064	-20,5384615
1064	12,4615385
1064	7,4615385
1064	-2,5384615
1065	1,4615385
1065	0,4615385
1065	-15,5384615
1065	-3,5384615
1066	23,4615385
1066	-15,5384615
1066	-2,5384615
1066	21,4615385
1067	-10,5384615
1067	1,4615385
1067	22,4615385
1067	22,4615385
1067	18,4615385
1068	12,4615385
1068	30,4615385
1068	-2,5384615
1068	8,4615385
1069	2,4615385
1069	10,4615385
1069	-7,5384615
1069	22,4615385
1070	28,4615385
1070	13,4615385
1070	3,4615385
1070	15,4615385
1071	-6,5384615
1071	-9,5384615
1071	-1,5384615
1071	-6,5384615
1072	-0,5384615
1072	11,4615385
1072	6,4615385
1072	-4,5384615
1072	12,4615385
1073	-19,5384615
1073	-15,5384615
1073	-14,5384615
1073	3,4615385
1074	6,4615385
1074	25,4615385
1074	20,4615385
1074	16,4615385
1075	19,4615385
1075	26,4615385
1075	29,4615385
1075	16,4615385
1076	4,4615385
1076	-0,5384615
1076	-4,5384615
1076	0,4615385
1077	11,4615385
1077	-14,5384615
1077	11,4615385
1077	-4,5384615
1077	25,4615385
1078	5,4615385
1078	0,4615385
1078	-0,5384615
1078	3,4615385
1079	-6,5384615
1079	12,4615385
1079	2,4615385
1079	16,4615385
1080	36,4615385
1080	6,4615385
1080	-1,5384615
1080	25,4615385
1081	6,4615385
1081	4,4615385
1081	9,4615385
1081	-1,5384615
1082	29,4615385
1082	-8,5384615
1082	8,4615385
1082	10,4615385
1082	7,4615385
1083	7,4615385
1083	25,4615385
1083	6,4615385
1083	5,4615385
1084	-2,5384615
1084	1,4615385
1084	21,4615385
1084	23,4615385
1085	21,4615385
1085	1,4615385
1085	2,4615385
1085	2,4615385
1086	-15,5384615
1086	4,4615385
1086	-8,5384615
1086	-11,5384615
1087	3,4615385
1087	-9,5384615
1087	-12,5384615
1087	-22,5384615
1087	10,4615385
1088	8,4615385
1088	-15,5384615
1088	3,4615385
1088	-1,5384615
1089	10,4615385
1089	-12,5384615
1089	-14,5384615
1089	9,4615385
1090	11,4615385
1090	12,4615385
1090	4,4615385
1090	-8,5384615
1091	4,4615385
1091	15,4615385
1091	-0,5384615
1091	1,4615385
1092	10,4615385
1092	16,4615385
1092	-39,5384615
1092	4,4615385
1092	-13,5384615
1093	-9,5384615
1093	-1,5384615
1093	2,4615385
1093	25,4615385
1094	10,4615385
1094	-13,5384615
1094	12,4615385
1094	-0,5384615
1095	-1,5384615
1095	39,4615385
1095	22,4615385
1095	11,4615385
1096	-0,5384615
1096	-15,5384615
1096	-11,5384615
1096	-4,5384615
1097	1,4615385
1097	-26,5384615
1097	11,4615385
1097	9,4615385
1097	6,4615385
1098	23,4615385
1098	33,4615385
1098	6,4615385
1098	-18,5384615
1099	24,4615385
1099	-5,5384615
1099	21,4615385
1099	1,4615385
1100	-4,5384615
1100	-13,5384615
1100	3,4615385
1100	4,4615385
1101	-5,5384615
1101	9,4615385
1101	55,4615385
1101	-9,5384615
1101	3,4615385
1102	6,4615385
1102	28,4615385
1102	-6,5384615
1102	0,4615385
1103	-13,5384615
1103	-0,5384615
1103	17,4615385
1103	21,4615385
1104	-40,5384615
1104	-2,5384615
1104	-6,5384615
1104	22,4615385
1105	7,4615385
1105	11,4615385
1105	3,4615385
1105	32,4615385
1106	26,4615385
1106	-1,5384615
1106	-10,5384615
1106	-7,5384615
1106	-16,5384615
1107	21,4615385
1107	28,4615385
1107	30,4615385
1107	-2,5384615
1108	-4,5384615
1108	6,4615385
1108	13,4615385
1108	19,4615385
1109	-8,5384615
1109	2,4615385
1109	6,4615385
1109	22,4615385
1110	-0,5384615
1110	43,4615385
1110	-3,5384615
1110	-1,5384615
1110	-4,5384615
1111	17,4615385
1111	50,4615385
1111	0,4615385
1111	-1,5384615
1112	2,4615385
1112	-8,5384615
1112	5,4615385
1112	-2,5384615
1113	-11,5384615
1113	-33,5384615
1113	-9,5384615
1113	17,4615385
1114	12,4615385
1114	8,4615385
1114	8,4615385
1114	-6,5384615
1115	6,4615385
1115	13,4615385
1115	-2,5384615
1115	-30,5384615
1115	15,4615385
1116	-10,5384615
1116	6,4615385
1116	1,4615385
1116	-3,5384615
1117	15,4615385
1117	-6,5384615
1117	-6,5384615
1117	16,4615385
1118	19,4615385
