196	-25,3076923
196	-25,3076923
196	-25,3076923
197	1,6923077
197	16,6923077
197	21,6923077
197	12,6923077
198	6,6923077
198	5,6923077
198	-17,3076923
199	9,6923077
199	12,6923077
199	5,6923077
199	15,6923077
200	33,6923077
200	-2,3076923
200	33,6923077
200	-2,3076923
201	11,6923077
201	9,6923077
201	25,6923077
201	14,6923077
202	21,6923077
202	10,6923077
202	-33,3076923
203	-12,3076923
203	-1,3076923
203	33,6923077
203	14,6923077
204	38,6923077
204	28,6923077
204	-18,3076923
204	27,6923077
205	5,6923077
205	-13,3076923
205	-8,3076923
205	25,6923077
206	-6,3076923
206	11,6923077
206	32,6923077
207	2,6923077
207	1,6923077
207	-12,3076923
207	-16,3076923
208	2,6923077
208	-3,3076923
208	4,6923077
208	-6,3076923
209	12,6923077
209	12,6923077
209	1,6923077
209	-10,3076923
210	11,6923077
210	7,6923077
210	13,6923077
211	4,6923077
211	2,6923077
211	-0,3076923
211	5,6923077
212	9,6923077
212	-17,3076923
212	8,6923077
212	-7,3076923
213	19,6923077
213	-1,3076923
213	13,6923077
213	14,6923077
214	9,6923077
214	-4,3076923
214	-0,3076923
215	-6,3076923
215	-16,3076923
215	0,6923077
215	16,6923077
216	22,6923077
216	5,6923077
216	49,6923077
216	1,6923077
217	0,6923077
217	13,6923077
217	9,6923077
217	-3,3076923
218	2,6923077
218	-0,3076923
218	-15,3076923
219	15,6923077
219	-1,3076923
219	30,6923077
219	23,6923077
220	21,6923077
220	3,6923077
220	2,6923077
220	2,6923077
221	17,6923077
221	6,6923077
221	-12,3076923
221	26,6923077
222	14,6923077
222	29,6923077
222	9,6923077
223	46,6923077
223	19,6923077
223	-5,3076923
223	-44,3076923
224	-17,3076923
224	-16,3076923
224	27,6923077
224	-22,3076923
225	25,6923077
225	19,6923077
225	26,6923077
225	27,6923077
226	3,6923077
226	-18,3076923
226	-5,3076923
227	27,6923077
227	27,6923077
227	20,6923077
227	31,6923077
228	6,6923077
228	22,6923077
228	1,6923077
228	17,6923077
229	3,6923077
229	-16,3076923
229	-2,3076923
229	16,6923077
230	24,6923077
230	7,6923077
230	2,6923077
231	10,6923077
231	8,6923077
231	-1,3076923
231	24,6923077
232	26,6923077
232	40,6923077
232	18,6923077
232	20,6923077
233	-4,3076923
233	5,6923077
233	25,6923077
233	10,6923077
234	-5,3076923
234	8,6923077
234	-7,3076923
235	14,6923077
235	6,6923077
235	21,6923077
235	22,6923077
236	-4,3076923
236	12,6923077
236	5,6923077
236	8,6923077
237	36,6923077
237	4,6923077
237	-2,3076923
237	1,6923077
238	13,6923077
238	10,6923077
238	-0,3076923
239	0,6923077
239	-17,3076923
239	-3,3076923
239	6,6923077
240	2,6923077
240	11,6923077
240	-10,3076923
240	18,6923077
241	15,6923077
241	24,6923077
241	11,6923077
241	33,6923077
242	-16,3076923
242	-4,3076923
242	2,6923077
243	1,6923077
243	0,6923077
243	-17,3076923
243	20,6923077
244	5,6923077
244	-7,3076923
244	-0,3076923
244	12,6923077
245	4,6923077
245	13,6923077
245	-16,3076923
245	-9,3076923
246	-5,3076923
246	13,6923077
246	-15,3076923
247	12,6923077
247	5,6923077
247	8,6923077
247	20,6923077
248	8,6923077
248	14,6923077
248	19,6923077
248	9,6923077
249	13,6923077
249	4,6923077
249	-20,3076923
249	-0,3076923
250	24,6923077
250	34,6923077
250	18,6923077
251	8,6923077
251	19,6923077
251	0,6923077
251	7,6923077
252	-14,3076923
252	11,6923077
252	6,6923077
252	0,6923077
253	-1,3076923
253	3,6923077
253	-10,3076923
253	37,6923077
254	9,6923077
254	16,6923077
254	5,6923077
254	7,6923077
255	-16,3076923
255	-2,3076923
255	-15,3076923
256	-13,3076923
256	-7,3076923
256	15,6923077
256	36,6923077
257	-2,3076923
257	-6,3076923
257	11,6923077
257	14,6923077
258	47,6923077
258	0,6923077
258	12,6923077
258	24,6923077
259	-4,3076923
259	15,6923077
259	4,6923077
260	4,6923077
260	-3,3076923
260	18,6923077
260	-7,3076923
261	3,6923077
261	31,6923077
261	6,6923077
261	27,6923077
262	11,6923077
262	18,6923077
262	-0,3076923
262	-6,3076923
263	32,6923077
263	-6,3076923
263	-5,3076923
264	-4,3076923
264	15,6923077
264	9,6923077
264	-16,3076923
265	-2,3076923
265	-4,3076923
265	7,6923077
265	-8,3076923
266	13,6923077
266	9,6923077
266	8,6923077
266	-30,3076923
267	23,6923077
267	-5,3076923
267	7,6923077
268	21,6923077
268	7,6923077
268	3,6923077
268	28,6923077
269	18,6923077
269	20,6923077
269	-16,3076923
269	14,6923077
270	10,6923077
270	12,6923077
270	0,6923077
270	11,6923077
271	19,6923077
271	28,6923077
271	25,6923077
271	-7,3076923
272	9,6923077
272	1,6923077
272	-7,3076923
273	4,6923077
273	3,6923077
273	12,6923077
273	4,6923077
274	20,6923077
274	4,6923077
274	7,6923077
274	1,6923077
275	33,6923077
275	-1,3076923
275	7,6923077
275	1,6923077
276	35,6923077
276	12,6923077
276	-17,3076923
277	5,6923077
277	14,6923077
277	9,6923077
277	3,6923077
278	17,6923077
278	28,6923077
278	0,6923077
278	3,6923077
279	-10,3076923
279	-4,3076923
279	12,6923077
279	27,6923077
280	-1,3076923
280	20,6923077
280	-14,3076923
280	-18,3076923
281	8,6923077
281	41,6923077
281	3,6923077
282	-7,3076923
282	35,6923077
282	10,6923077
282	11,6923077
283	-5,3076923
283	-11,3076923
283	-9,3076923
283	14,6923077
284	26,6923077
284	7,6923077
284	3,6923077
284	10,6923077
285	9,6923077
285	17,6923077
285	16,6923077
286	28,6923077
286	6,6923077
286	-8,3076923
286	-1,3076923
287	22,6923077
287	12,6923077
287	6,6923077
287	36,6923077
288	5,6923077
288	-7,3076923
288	14,6923077
288	3,6923077
289	24,6923077
289	13,6923077
289	12,6923077
290	-13,3076923
290	-7,3076923
290	22,6923077
290	-4,3076923
291	16,6923077
291	27,6923077
291	15,6923077
291	2,6923077
292	19,6923077
292	17,6923077
292	9,6923077
292	-5,3076923
293	11,6923077
293	11,6923077
293	48,6923077
293	44,6923077
294	32,6923077
294	40,6923077
294	28,6923077
295	22,6923077
295	46,6923077
295	28,6923077
295	17,6923077
296	21,6923077
296	5,6923077
296	21,6923077
296	11,6923077
297	11,6923077
297	24,6923077
297	19,6923077
297	42,6923077
298	43,6923077
298	-11,3076923
298	17,6923077
299	21,6923077
299	35,6923077
299	29,6923077
299	3,6923077
300	-7,3076923
300	27,6923077
300	-10,3076923
300	18,6923077
301	12,6923077
301	17,6923077
301	-16,3076923
301	-1,3076923
302	11,6923077
302	-15,3076923
302	34,6923077
302	17,6923077
303	16,6923077
303	11,6923077
303	-9,3076923
304	0,6923077
304	2,6923077
304	6,6923077
304	-9,3076923
305	19,6923077
305	34,6923077
305	8,6923077
305	-11,3076923
306	1,6923077
306	3,6923077
306	12,6923077
306	34,6923077
307	10,6923077
307	52,6923077
307	19,6923077
307	10,6923077
308	11,6923077
308	27,6923077
308	45,6923077
309	52,6923077
309	39,6923077
309	37,6923077
309	23,6923077
310	37,6923077
310	26,6923077
310	47,6923077
310	30,6923077
311	51,6923077
311	50,6923077
311	60,6923077
311	76,6923077
312	76,6923077
312	67,6923077
312	82,6923077
313	64,6923077
313	90,6923077
313	87,6923077
313	83,6923077
314	59,6923077
314	63,6923077
314	73,6923077
314	71,6923077
315	66,6923077
315	78,6923077
315	89,6923077
315	84,6923077
316	74,6923077
316	77,6923077
316	95,6923077
316	82,6923077
317	71,6923077
317	47,6923077
317	45,6923077
318	84,6923077
318	64,6923077
318	67,6923077
318	43,6923077
319	63,6923077
319	30,6923077
319	66,6923077
319	33,6923077
320	45,6923077
320	48,6923077
320	10,6923077
320	24,6923077
321	35,6923077
321	11,6923077
321	8,6923077
321	12,6923077
322	29,6923077
322	14,6923077
322	10,6923077
323	-4,3076923
323	9,6923077
323	17,6923077
323	20,6923077
324	7,6923077
324	14,6923077
324	-12,3076923
324	34,6923077
325	13,6923077
325	-9,3076923
325	-6,3076923
325	-2,3076923
326	23,6923077
326	2,6923077
326	24,6923077
327	35,6923077
327	38,6923077
327	10,6923077
327	5,6923077
328	9,6923077
328	8,6923077
328	29,6923077
328	41,6923077
329	24,6923077
329	-2,3076923
329	15,6923077
329	42,6923077
330	39,6923077
330	19,6923077
330	35,6923077
330	55,6923077
331	28,6923077
331	17,6923077
331	51,6923077
332	73,6923077
332	80,6923077
332	85,6923077
332	99,6923077
333	111,6923077
333	83,6923077
333	102,6923077
333	85,6923077
334	95,6923077
334	128,6923077
334	140,6923077
334	109,6923077
335	113,6923077
335	102,6923077
335	112,6923077
335	118,6923077
336	122,6923077
336	157,6923077
336	151,6923077
337	126,6923077
337	146,6923077
337	149,6923077
337	169,6923077
338	157,6923077
338	126,6923077
338	123,6923077
338	138,6923077
339	116,6923077
339	136,6923077
339	115,6923077
339	111,6923077
340	108,6923077
340	88,6923077
340	55,6923077
340	64,6923077
341	53,6923077
341	88,6923077
341	83,6923077
342	63,6923077
342	73,6923077
342	64,6923077
342	60,6923077
343	52,6923077
343	31,6923077
343	30,6923077
343	39,6923077
344	45,6923077
344	28,6923077
344	49,6923077
344	23,6923077
345	-3,3076923
345	15,6923077
345	14,6923077
345	39,6923077
346	9,6923077
346	23,6923077
346	24,6923077
347	47,6923077
347	9,6923077
347	34,6923077
347	32,6923077
348	9,6923077
348	15,6923077
348	52,6923077
348	22,6923077
349	19,6923077
349	13,6923077
349	34,6923077
349	50,6923077
350	41,6923077
350	33,6923077
350	44,6923077
350	59,6923077
351	65,6923077
351	43,6923077
351	68,6923077
352	36,6923077
352	89,6923077
352	97,6923077
352	116,6923077
353	117,6923077
353	95,6923077
353	91,6923077
353	117,6923077
354	95,6923077
354	117,6923077
354	128,6923077
354	128,6923077
355	112,6923077
355	130,6923077
355	94,6923077
355	107,6923077
356	110,6923077
356	133,6923077
356	122,6923077
357	117,6923077
357	105,6923077
357	131,6923077
357	139,6923077
358	159,6923077
358	156,6923077
358	160,6923077
358	112,6923077
359	69,6923077
359	91,6923077
359	81,6923077
359	103,6923077
360	83,6923077
360	86,6923077
360	79,6923077
360	78,6923077
361	65,6923077
361	45,6923077
361	91,6923077
362	96,6923077
362	104,6923077
362	93,6923077
362	63,6923077
363	58,6923077
363	74,6923077
363	46,6923077
363	30,6923077
364	52,6923077
364	48,6923077
364	31,6923077
364	46,6923077
365	60,6923077
365	44,6923077
365	-0,3076923
365	18,6923077
366	7,6923077
366	11,6923077
366	27,6923077
367	19,6923077
367	24,6923077
367	35,6923077
367	14,6923077
368	5,6923077
368	9,6923077
368	15,6923077
368	4,6923077
369	-0,3076923
369	31,6923077
369	23,6923077
369	21,6923077
370	40,6923077
370	9,6923077
370	6,6923077
370	55,6923077
371	43,6923077
371	45,6923077
371	48,6923077
371	60,6923077
372	57,6923077
372	40,6923077
372	39,6923077
373	49,6923077
373	36,6923077
373	22,6923077
373	30,6923077
374	40,6923077
374	62,6923077
374	69,6923077
374	81,6923077
375	66,6923077
375	86,6923077
375	85,6923077
375	54,6923077
376	74,6923077
376	80,6923077
376	82,6923077
376	65,6923077
377	63,6923077
377	87,6923077
377	81,6923077
378	61,6923077
378	59,6923077
378	75,6923077
378	48,6923077
379	61,6923077
379	44,6923077
379	80,6923077
379	74,6923077
380	55,6923077
380	85,6923077
380	81,6923077
380	67,6923077
381	85,6923077
381	72,6923077
381	75,6923077
381	44,6923077
382	53,6923077
382	22,6923077
382	64,6923077
383	30,6923077
383	13,6923077
383	53,6923077
383	37,6923077
384	48,6923077
384	63,6923077
384	50,6923077
384	69,6923077
385	63,6923077
385	48,6923077
385	44,6923077
385	47,6923077
386	56,6923077
386	30,6923077
386	21,6923077
386	38,6923077
387	67,6923077
387	22,6923077
387	10,6923077
387	1,6923077
388	10,6923077
388	24,6923077
388	47,6923077
389	-0,3076923
389	-0,3076923
389	-1,3076923
389	24,6923077
390	30,6923077
390	34,6923077
390	43,6923077
390	23,6923077
391	30,6923077
391	29,6923077
391	31,6923077
391	13,6923077
392	38,6923077
392	27,6923077
392	24,6923077
392	27,6923077
393	22,6923077
393	26,6923077
393	44,6923077
394	28,6923077
394	22,6923077
394	27,6923077
394	63,6923077
395	43,6923077
395	32,6923077
395	32,6923077
395	40,6923077
396	22,6923077
396	31,6923077
396	37,6923077
396	44,6923077
397	-6,3076923
397	60,6923077
397	30,6923077
397	45,6923077
398	53,6923077
398	33,6923077
398	37,6923077
398	48,6923077
399	33,6923077
399	53,6923077
399	52,6923077
400	56,6923077
400	48,6923077
400	63,6923077
400	46,6923077
401	29,6923077
401	57,6923077
401	45,6923077
401	54,6923077
402	51,6923077
402	42,6923077
402	55,6923077
402	19,6923077
403	35,6923077
403	45,6923077
403	20,6923077
403	26,6923077
404	29,6923077
404	93,6923077
404	53,6923077
405	20,6923077
405	42,6923077
405	52,6923077
405	40,6923077
406	50,6923077
406	35,6923077
406	37,6923077
406	36,6923077
407	34,6923077
407	21,6923077
407	18,6923077
407	10,6923077
408	33,6923077
408	27,6923077
408	1,6923077
408	20,6923077
409	42,6923077
409	14,6923077
409	7,6923077
409	37,6923077
410	42,6923077
410	23,6923077
410	40,6923077
411	47,6923077
411	11,6923077
411	36,6923077
411	4,6923077
412	14,6923077
412	25,6923077
412	20,6923077
412	22,6923077
413	13,6923077
413	10,6923077
413	21,6923077
413	20,6923077
414	17,6923077
414	18,6923077
414	18,6923077
414	31,6923077
415	25,6923077
415	41,6923077
415	25,6923077
415	5,6923077
416	8,6923077
416	-21,3076923
416	10,6923077
417	47,6923077
417	17,6923077
417	15,6923077
417	16,6923077
418	18,6923077
418	29,6923077
418	11,6923077
418	-1,3076923
419	33,6923077
419	24,6923077
419	16,6923077
419	14,6923077
420	33,6923077
420	43,6923077
420	34,6923077
420	7,6923077
421	31,6923077
421	11,6923077
421	30,6923077
421	-3,3076923
422	11,6923077
422	35,6923077
422	18,6923077
423	44,6923077
423	33,6923077
423	61,6923077
423	18,6923077
424	39,6923077
424	-9,3076923
424	7,6923077
424	30,6923077
425	42,6923077
425	18,6923077
425	3,6923077
425	30,6923077
426	12,6923077
426	29,6923077
426	21,6923077
426	21,6923077
427	31,6923077
427	6,6923077
427	12,6923077
427	31,6923077
428	38,6923077
428	36,6923077
428	9,6923077
429	39,6923077
429	35,6923077
429	18,6923077
429	35,6923077
430	41,6923077
430	13,6923077
430	-0,3076923
430	13,6923077
431	36,6923077
431	11,6923077
431	-3,3076923
431	40,6923077
432	44,6923077
432	34,6923077
432	26,6923077
432	47,6923077
433	5,6923077
433	28,6923077
433	33,6923077
433	22,6923077
434	38,6923077
434	35,6923077
434	45,6923077
435	-2,3076923
435	10,6923077
435	22,6923077
435	15,6923077
436	17,6923077
436	39,6923077
436	27,6923077
436	7,6923077
437	5,6923077
437	19,6923077
437	-2,3076923
437	-3,3076923
438	29,6923077
438	28,6923077
438	28,6923077
438	26,6923077
439	32,6923077
439	8,6923077
439	26,6923077
439	39,6923077
440	38,6923077
440	27,6923077
440	27,6923077
441	-13,3076923
441	1,6923077
441	9,6923077
441	22,6923077
442	10,6923077
442	8,6923077
442	34,6923077
442	23,6923077
443	26,6923077
443	28,6923077
443	9,6923077
443	7,6923077
444	5,6923077
444	9,6923077
444	31,6923077
444	30,6923077
445	14,6923077
445	12,6923077
445	24,6923077
445	47,6923077
446	17,6923077
446	-7,3076923
446	-2,3076923
447	25,6923077
447	23,6923077
447	22,6923077
447	3,6923077
448	35,6923077
448	-14,3076923
448	12,6923077
448	-8,3076923
449	27,6923077
449	10,6923077
449	8,6923077
449	1,6923077
450	13,6923077
450	-9,3076923
450	-4,3076923
450	9,6923077
451	12,6923077
451	0,6923077
451	-4,3076923
451	4,6923077
452	1,6923077
452	-3,3076923
452	4,6923077
452	9,6923077
453	10,6923077
453	17,6923077
453	4,6923077
454	15,6923077
454	47,6923077
454	21,6923077
454	5,6923077
455	-7,3076923
455	11,6923077
455	5,6923077
455	-0,3076923
456	29,6923077
456	4,6923077
456	-1,3076923
456	21,6923077
457	-8,3076923
457	7,6923077
457	30,6923077
457	25,6923077
458	4,6923077
458	5,6923077
458	10,6923077
458	12,6923077
459	11,6923077
459	-11,3076923
459	34,6923077
460	33,6923077
460	23,6923077
460	31,6923077
460	3,6923077
461	6,6923077
461	12,6923077
461	-2,3076923
461	9,6923077
462	15,6923077
462	3,6923077
462	6,6923077
462	33,6923077
463	-2,3076923
463	5,6923077
463	6,6923077
463	-8,3076923
464	6,6923077
464	19,6923077
464	0,6923077
464	-10,3076923
465	15,6923077
465	44,6923077
465	39,6923077
465	30,6923077
466	-3,3076923
466	11,6923077
466	23,6923077
467	-15,3076923
467	7,6923077
467	34,6923077
467	21,6923077
468	18,6923077
468	18,6923077
468	-4,3076923
468	27,6923077
469	61,6923077
469	6,6923077
469	-20,3076923
469	18,6923077
470	16,6923077
470	7,6923077
470	20,6923077
470	15,6923077
471	14,6923077
471	3,6923077
471	30,6923077
471	-10,3076923
472	29,6923077
472	28,6923077
472	-0,3076923
472	33,6923077
473	0,6923077
473	30,6923077
473	-4,3076923
474	39,6923077
474	-3,3076923
474	45,6923077
474	8,6923077
475	2,6923077
475	34,6923077
475	24,6923077
475	25,6923077
476	18,6923077
476	16,6923077
476	14,6923077
476	9,6923077
477	22,6923077
477	-0,3076923
477	-16,3076923
477	-2,3076923
478	11,6923077
478	-13,3076923
478	-18,3076923
478	-22,3076923
479	10,6923077
479	22,6923077
479	7,6923077
479	10,6923077
480	9,6923077
480	2,6923077
480	8,6923077
481	18,6923077
481	20,6923077
481	4,6923077
481	27,6923077
482	67,6923077
482	11,6923077
482	-9,3076923
482	14,6923077
483	9,6923077
483	0,6923077
483	7,6923077
483	2,6923077
484	9,6923077
484	12,6923077
484	22,6923077
484	13,6923077
485	9,6923077
485	-2,3076923
485	9,6923077
485	-1,3076923
486	0,6923077
486	12,6923077
486	-10,3076923
486	9,6923077
487	-15,3076923
487	0,6923077
487	29,6923077
488	21,6923077
488	-2,3076923
488	-7,3076923
488	7,6923077
489	6,6923077
489	16,6923077
489	31,6923077
489	8,6923077
490	16,6923077
490	26,6923077
490	-3,3076923
490	12,6923077
491	12,6923077
491	15,6923077
491	2,6923077
491	16,6923077
492	-6,3076923
492	10,6923077
492	17,6923077
492	22,6923077
493	12,6923077
493	-4,3076923
493	21,6923077
493	-15,3076923
494	-28,3076923
494	-7,3076923
494	8,6923077
495	30,6923077
495	-6,3076923
495	2,6923077
495	14,6923077
496	23,6923077
496	4,6923077
496	15,6923077
496	8,6923077
497	21,6923077
497	33,6923077
497	21,6923077
497	23,6923077
498	13,6923077
498	14,6923077
498	-5,3076923
498	-11,3076923
499	24,6923077
499	24,6923077
499	3,6923077
499	42,6923077
500	13,6923077
500	36,6923077
500	12,6923077
500	18,6923077
501	11,6923077
501	-6,3076923
501	24,6923077
502	-16,3076923
502	5,6923077
502	17,6923077
502	4,6923077
503	5,6923077
503	7,6923077
503	29,6923077
503	-5,3076923
504	10,6923077
504	8,6923077
504	15,6923077
504	22,6923077
505	-3,3076923
505	-1,3076923
505	19,6923077
505	19,6923077
506	5,6923077
506	13,6923077
506	-13,3076923
506	-1,3076923
507	17,6923077
507	11,6923077
507	13,6923077
507	12,6923077
508	16,6923077
508	17,6923077
508	29,6923077
508	21,6923077
509	12,6923077
509	28,6923077
509	33,6923077
510	-10,3076923
510	13,6923077
510	1,6923077
510	2,6923077
511	19,6923077
511	28,6923077
511	-7,3076923
511	-25,3076923
512	2,6923077
512	-5,3076923
512	11,6923077
512	-2,3076923
513	-7,3076923
513	12,6923077
513	22,6923077
513	-3,3076923
514	14,6923077
514	28,6923077
514	-5,3076923
514	10,6923077
515	7,6923077
515	-4,3076923
515	3,6923077
515	13,6923077
516	32,6923077
516	27,6923077
516	-3,3076923
516	-31,3076923
517	7,6923077
517	-10,3076923
517	26,6923077
518	10,6923077
518	24,6923077
518	31,6923077
518	5,6923077
519	43,6923077
519	36,6923077
519	3,6923077
519	35,6923077
520	-2,3076923
520	2,6923077
520	23,6923077
520	6,6923077
521	-9,3076923
521	5,6923077
521	-6,3076923
521	22,6923077
522	47,6923077
522	28,6923077
522	10,6923077
522	21,6923077
523	4,6923077
523	11,6923077
523	9,6923077
523	-9,3076923
524	12,6923077
524	-9,3076923
524	3,6923077
524	17,6923077
525	6,6923077
525	4,6923077
525	12,6923077
526	26,6923077
526	33,6923077
526	26,6923077
526	27,6923077
527	9,6923077
527	18,6923077
527	17,6923077
527	27,6923077
528	41,6923077
528	23,6923077
528	6,6923077
528	38,6923077
529	18,6923077
529	-7,3076923
529	-21,3076923
529	9,6923077
530	12,6923077
530	-17,3076923
530	17,6923077
530	29,6923077
531	35,6923077
531	29,6923077
531	36,6923077
531	7,6923077
532	24,6923077
532	6,6923077
532	13,6923077
532	-3,3076923
533	13,6923077
533	1,6923077
533	3,6923077
534	-1,3076923
534	27,6923077
534	16,6923077
534	20,6923077
535	-5,3076923
535	-12,3076923
535	26,6923077
535	16,6923077
536	10,6923077
536	21,6923077
536	-14,3076923
536	4,6923077
537	15,6923077
537	3,6923077
537	4,6923077
537	-8,3076923
538	22,6923077
538	-10,3076923
538	30,6923077
538	16,6923077
539	13,6923077
539	10,6923077
539	-2,3076923
539	13,6923077
540	9,6923077
540	-12,3076923
540	14,6923077
540	7,6923077
541	1,6923077
541	-9,3076923
541	1,6923077
541	-4,3076923
542	6,6923077
542	9,6923077
542	26,6923077
543	6,6923077
543	-15,3076923
543	9,6923077
543	57,6923077
544	16,6923077
544	1,6923077
544	-6,3076923
544	12,6923077
545	-8,3076923
545	21,6923077
545	16,6923077
545	-14,3076923
546	13,6923077
546	-5,3076923
546	12,6923077
546	2,6923077
547	-3,3076923
547	8,6923077
547	13,6923077
547	12,6923077
548	18,6923077
548	19,6923077
548	9,6923077
548	15,6923077
549	12,6923077
549	49,6923077
549	18,6923077
549	-24,3076923
550	1,6923077
550	22,6923077
550	28,6923077
550	4,6923077
551	-7,3076923
551	9,6923077
551	15,6923077
552	-14,3076923
552	-7,3076923
552	2,6923077
552	10,6923077
553	22,6923077
553	-6,3076923
553	10,6923077
553	16,6923077
554	-4,3076923
554	-3,3076923
554	8,6923077
554	-19,3076923
555	26,6923077
555	52,6923077
555	6,6923077
555	6,6923077
556	10,6923077
556	-4,3076923
556	13,6923077
556	8,6923077
557	30,6923077
557	27,6923077
557	-6,3076923
557	2,6923077
558	5,6923077
558	-31,3076923
558	5,6923077
558	16,6923077
559	15,6923077
559	10,6923077
559	1,6923077
559	1,6923077
560	3,6923077
560	44,6923077
560	-0,3076923
561	30,6923077
561	23,6923077
561	9,6923077
561	34,6923077
562	10,6923077
562	14,6923077
562	33,6923077
562	20,6923077
563	1,6923077
563	9,6923077
563	26,6923077
563	26,6923077
564	21,6923077
564	-14,3076923
564	-2,3076923
564	12,6923077
565	25,6923077
565	14,6923077
565	14,6923077
565	5,6923077
566	7,6923077
566	-4,3076923
566	-2,3076923
566	2,6923077
567	24,6923077
567	-3,3076923
567	12,6923077
567	-8,3076923
568	-9,3076923
568	1,6923077
568	27,6923077
568	14,6923077
569	0,6923077
569	21,6923077
569	16,6923077
569	8,6923077
570	12,6923077
570	10,6923077
570	17,6923077
571	-10,3076923
571	7,6923077
571	15,6923077
571	20,6923077
572	1,6923077
572	11,6923077
572	0,6923077
572	7,6923077
573	1,6923077
573	-4,3076923
573	1,6923077
573	-0,3076923
574	10,6923077
574	-6,3076923
574	3,6923077
574	19,6923077
575	0,6923077
575	2,6923077
575	23,6923077
575	-2,3076923
576	2,6923077
576	19,6923077
576	27,6923077
576	-7,3076923
577	-2,3076923
577	9,6923077
577	-2,3076923
577	19,6923077
578	10,6923077
578	-2,3076923
578	-8,3076923
578	4,6923077
579	19,6923077
579	-4,3076923
579	4,6923077
579	-3,3076923
580	15,6923077
580	28,6923077
580	7,6923077
581	26,6923077
581	-2,3076923
581	16,6923077
581	2,6923077
582	-28,3076923
582	4,6923077
582	15,6923077
582	9,6923077
583	-5,3076923
583	24,6923077
583	4,6923077
583	4,6923077
584	14,6923077
584	10,6923077
584	13,6923077
584	34,6923077
585	6,6923077
585	-6,3076923
585	13,6923077
585	10,6923077
586	-0,3076923
586	22,6923077
586	14,6923077
586	36,6923077
587	9,6923077
587	-15,3076923
587	-16,3076923
587	-10,3076923
588	3,6923077
588	16,6923077
588	20,6923077
588	2,6923077
589	13,6923077
589	13,6923077
589	23,6923077
589	-12,3076923
590	-0,3076923
590	17,6923077
590	-7,3076923
590	-1,3076923
591	0,6923077
591	9,6923077
591	-9,3076923
592	-0,3076923
592	-20,3076923
592	17,6923077
592	8,6923077
593	37,6923077
593	-7,3076923
593	13,6923077
593	26,6923077
594	47,6923077
594	4,6923077
594	19,6923077
594	10,6923077
595	12,6923077
595	-19,3076923
595	23,6923077
595	5,6923077
596	-12,3076923
596	31,6923077
596	-11,3076923
596	18,6923077
597	18,6923077
597	27,6923077
597	14,6923077
597	-227,3076923
598	-28,3076923
598	1,6923077
598	2,6923077
598	2,6923077
599	13,6923077
599	4,6923077
599	-17,3076923
599	-1,3076923
600	-0,3076923
600	-2,3076923
600	-2,3076923
600	5,6923077
601	0,6923077
601	20,6923077
601	19,6923077
601	7,6923077
602	11,6923077
602	-4,3076923
602	20,6923077
603	21,6923077
603	22,6923077
603	30,6923077
603	29,6923077
604	-6,3076923
604	33,6923077
604	21,6923077
604	-1,3076923
605	23,6923077
605	-4,3076923
605	-0,3076923
605	-0,3076923
606	8,6923077
606	-5,3076923
606	16,6923077
606	27,6923077
607	7,6923077
607	-10,3076923
607	23,6923077
607	15,6923077
608	22,6923077
608	39,6923077
608	3,6923077
608	5,6923077
609	6,6923077
609	18,6923077
609	15,6923077
609	1,6923077
610	-19,3076923
610	12,6923077
610	-4,3076923
610	9,6923077
611	16,6923077
611	40,6923077
611	-0,3076923
611	-10,3076923
612	-3,3076923
612	-1,3076923
612	22,6923077
612	25,6923077
613	13,6923077
613	12,6923077
613	8,6923077
613	3,6923077
614	19,6923077
614	-8,3076923
614	-6,3076923
614	28,6923077
615	-0,3076923
615	27,6923077
615	0,6923077
616	-17,3076923
616	6,6923077
616	29,6923077
616	14,6923077
617	19,6923077
617	12,6923077
617	5,6923077
617	-0,3076923
618	-23,3076923
618	6,6923077
618	-1,3076923
618	7,6923077
619	21,6923077
619	25,6923077
619	9,6923077
619	-4,3076923
620	17,6923077
620	17,6923077
620	-8,3076923
620	9,6923077
621	7,6923077
621	27,6923077
621	-8,3076923
621	-24,3076923
622	-12,3076923
622	21,6923077
622	4,6923077
622	-6,3076923
623	-5,3076923
623	18,6923077
623	16,6923077
623	8,6923077
624	-14,3076923
624	1,6923077
624	14,6923077
624	10,6923077
625	37,6923077
625	17,6923077
625	-1,3076923
625	-12,3076923
626	32,6923077
626	20,6923077
626	8,6923077
626	8,6923077
627	31,6923077
627	-2,3076923
627	30,6923077
627	16,6923077
628	1,6923077
628	6,6923077
628	24,6923077
629	8,6923077
629	26,6923077
629	-0,3076923
629	-1,3076923
630	25,6923077
630	9,6923077
630	3,6923077
630	7,6923077
631	-7,3076923
631	19,6923077
631	8,6923077
631	-14,3076923
632	8,6923077
632	2,6923077
632	6,6923077
632	1,6923077
633	35,6923077
633	28,6923077
633	-5,3076923
633	-9,3076923
634	14,6923077
634	6,6923077
634	-15,3076923
634	-17,3076923
635	3,6923077
635	10,6923077
635	-12,3076923
635	4,6923077
636	7,6923077
636	23,6923077
636	20,6923077
636	5,6923077
637	-1,3076923
637	18,6923077
637	10,6923077
637	-14,3076923
638	-0,3076923
638	23,6923077
638	21,6923077
638	17,6923077
639	-0,3076923
639	-7,3076923
639	12,6923077
639	22,6923077
640	-6,3076923
640	13,6923077
640	-22,3076923
640	11,6923077
641	16,6923077
641	11,6923077
641	21,6923077
641	6,6923077
642	19,6923077
642	21,6923077
642	-8,3076923
642	15,6923077
643	13,6923077
643	24,6923077
643	25,6923077
644	-6,3076923
644	1,6923077
644	37,6923077
644	27,6923077
645	15,6923077
645	-18,3076923
645	30,6923077
645	20,6923077
646	-7,3076923
646	18,6923077
646	7,6923077
646	17,6923077
647	25,6923077
647	12,6923077
647	26,6923077
647	14,6923077
648	9,6923077
648	-3,3076923
648	-11,3076923
648	21,6923077
649	-1,3076923
649	37,6923077
649	-4,3076923
649	-11,3076923
650	4,6923077
650	7,6923077
650	44,6923077
650	9,6923077
651	-13,3076923
651	25,6923077
651	16,6923077
651	10,6923077
652	19,6923077
652	1,6923077
652	26,6923077
652	12,6923077
653	28,6923077
653	26,6923077
653	17,6923077
653	13,6923077
654	0,6923077
654	1,6923077
654	24,6923077
654	36,6923077
655	19,6923077
655	8,6923077
655	19,6923077
655	16,6923077
656	26,6923077
656	8,6923077
656	-5,3076923
656	10,6923077
657	37,6923077
657	-2,3076923
657	21,6923077
657	10,6923077
658	-0,3076923
658	0,6923077
658	22,6923077
658	37,6923077
659	0,6923077
659	21,6923077
659	39,6923077
660	20,6923077
660	2,6923077
660	23,6923077
660	11,6923077
661	8,6923077
661	30,6923077
661	26,6923077
661	12,6923077
662	28,6923077
662	20,6923077
662	13,6923077
662	28,6923077
663	-3,3076923
663	21,6923077
663	28,6923077
663	38,6923077
664	37,6923077
664	33,6923077
664	23,6923077
664	19,6923077
665	28,6923077
665	26,6923077
665	21,6923077
665	7,6923077
666	-7,3076923
666	3,6923077
666	22,6923077
666	24,6923077
667	24,6923077
667	32,6923077
667	4,6923077
667	-7,3076923
668	-8,3076923
668	-8,3076923
668	20,6923077
668	19,6923077
669	30,6923077
669	0,6923077
669	4,6923077
669	11,6923077
670	3,6923077
670	33,6923077
670	14,6923077
670	24,6923077
671	16,6923077
671	39,6923077
671	16,6923077
671	26,6923077
672	16,6923077
672	27,6923077
672	34,6923077
672	37,6923077
673	27,6923077
673	4,6923077
673	11,6923077
673	-0,3076923
674	29,6923077
674	22,6923077
674	-3,3076923
674	10,6923077
675	18,6923077
675	18,6923077
675	-2,3076923
675	10,6923077
676	11,6923077
676	10,6923077
676	-3,3076923
676	16,6923077
677	16,6923077
677	-6,3076923
677	6,6923077
677	12,6923077
678	24,6923077
678	38,6923077
678	16,6923077
678	15,6923077
679	23,6923077
679	5,6923077
679	28,6923077
680	35,6923077
680	17,6923077
680	25,6923077
680	-4,3076923
681	30,6923077
681	23,6923077
681	10,6923077
681	-12,3076923
682	3,6923077
682	23,6923077
682	7,6923077
682	13,6923077
683	-16,3076923
683	3,6923077
683	20,6923077
683	8,6923077
684	-12,3076923
684	9,6923077
684	34,6923077
684	37,6923077
685	20,6923077
685	0,6923077
685	14,6923077
685	-9,3076923
686	28,6923077
686	15,6923077
686	13,6923077
686	20,6923077
687	29,6923077
687	15,6923077
687	-2,3076923
687	6,6923077
688	-13,3076923
688	21,6923077
688	-8,3076923
688	-4,3076923
689	19,6923077
689	17,6923077
689	13,6923077
689	18,6923077
690	-6,3076923
690	-6,3076923
690	-10,3076923
690	-0,3076923
691	13,6923077
691	15,6923077
691	14,6923077
691	19,6923077
692	8,6923077
692	10,6923077
692	10,6923077
692	7,6923077
693	1,6923077
693	-9,3076923
693	12,6923077
693	-5,3076923
694	10,6923077
694	19,6923077
694	16,6923077
694	22,6923077
695	-1,3076923
695	23,6923077
695	0,6923077
695	-5,3076923
696	-16,3076923
696	4,6923077
696	-11,3076923
696	15,6923077
697	3,6923077
697	-3,3076923
697	2,6923077
697	26,6923077
698	3,6923077
698	-2,3076923
698	4,6923077
698	-6,3076923
699	-2,3076923
699	7,6923077
699	13,6923077
699	15,6923077
700	8,6923077
700	22,6923077
700	1,6923077
700	-5,3076923
701	18,6923077
701	-18,3076923
701	20,6923077
701	4,6923077
702	-7,3076923
702	-6,3076923
702	7,6923077
702	6,6923077
703	-3,3076923
703	-5,3076923
703	-5,3076923
703	14,6923077
704	-5,3076923
704	7,6923077
704	9,6923077
704	43,6923077
705	22,6923077
705	6,6923077
705	18,6923077
706	17,6923077
706	27,6923077
706	15,6923077
706	9,6923077
707	22,6923077
707	-8,3076923
707	21,6923077
707	-0,3076923
708	-2,3076923
708	1,6923077
708	-8,3076923
708	7,6923077
709	-29,3076923
709	-6,3076923
709	-8,3076923
709	-8,3076923
710	-16,3076923
710	-1,3076923
710	-13,3076923
710	-13,3076923
711	4,6923077
711	28,6923077
711	27,6923077
711	13,6923077
712	18,6923077
712	-35,3076923
712	21,6923077
712	9,6923077
713	-5,3076923
713	29,6923077
713	20,6923077
713	11,6923077
714	24,6923077
714	13,6923077
714	17,6923077
714	-21,3076923
715	9,6923077
715	5,6923077
715	0,6923077
715	14,6923077
716	-2,3076923
716	21,6923077
716	8,6923077
716	17,6923077
717	-4,3076923
717	23,6923077
717	10,6923077
717	20,6923077
718	13,6923077
718	-4,3076923
718	-9,3076923
718	25,6923077
719	13,6923077
719	20,6923077
719	11,6923077
719	-39,3076923
720	-29,3076923
720	-22,3076923
720	-7,3076923
720	3,6923077
721	46,6923077
721	13,6923077
721	5,6923077
721	-10,3076923
722	45,6923077
722	30,6923077
722	-6,3076923
722	-4,3076923
723	23,6923077
723	11,6923077
723	-0,3076923
723	22,6923077
724	-4,3076923
724	4,6923077
724	1,6923077
724	-4,3076923
725	-1,3076923
725	35,6923077
725	12,6923077
725	10,6923077
726	-2,3076923
726	19,6923077
726	18,6923077
726	17,6923077
727	-5,3076923
727	-23,3076923
727	14,6923077
727	-23,3076923
728	-11,3076923
728	-14,3076923
728	5,6923077
728	6,6923077
729	10,6923077
729	32,6923077
729	27,6923077
729	21,6923077
730	27,6923077
730	-2,3076923
730	-1,3076923
730	-7,3076923
731	4,6923077
731	5,6923077
731	-3,3076923
731	34,6923077
732	-12,3076923
732	-5,3076923
732	2,6923077
732	22,6923077
733	37,6923077
733	10,6923077
733	5,6923077
733	11,6923077
734	13,6923077
734	2,6923077
734	4,6923077
734	0,6923077
735	4,6923077
735	3,6923077
735	22,6923077
735	25,6923077
736	-2,3076923
736	0,6923077
736	3,6923077
736	13,6923077
737	25,6923077
737	-7,3076923
737	-15,3076923
737	-2,3076923
738	-7,3076923
738	-4,3076923
738	0,6923077
738	1,6923077
739	5,6923077
739	43,6923077
739	25,6923077
739	17,6923077
740	22,6923077
740	10,6923077
740	-8,3076923
740	-11,3076923
741	-9,3076923
741	18,6923077
741	13,6923077
741	-3,3076923
742	-0,3076923
742	28,6923077
742	9,6923077
742	-4,3076923
743	4,6923077
743	36,6923077
743	4,6923077
743	2,6923077
744	-5,3076923
744	7,6923077
744	7,6923077
744	12,6923077
745	12,6923077
745	-5,3076923
745	0,6923077
745	-25,3076923
746	19,6923077
746	19,6923077
746	-10,3076923
746	6,6923077
747	30,6923077
747	27,6923077
747	24,6923077
747	-10,3076923
748	10,6923077
748	13,6923077
748	16,6923077
748	13,6923077
749	11,6923077
749	24,6923077
749	0,6923077
749	-5,3076923
750	11,6923077
750	-4,3076923
750	25,6923077
750	-1,3076923
751	26,6923077
751	14,6923077
751	17,6923077
751	7,6923077
752	8,6923077
752	21,6923077
752	25,6923077
752	32,6923077
753	0,6923077
753	10,6923077
753	-3,3076923
753	19,6923077
754	3,6923077
754	-14,3076923
754	-24,3076923
754	17,6923077
755	20,6923077
755	3,6923077
755	5,6923077
755	3,6923077
756	-2,3076923
756	25,6923077
756	18,6923077
756	16,6923077
757	-9,3076923
757	27,6923077
757	22,6923077
757	17,6923077
758	35,6923077
758	14,6923077
758	7,6923077
758	34,6923077
759	35,6923077
759	16,6923077
759	-5,3076923
759	-1,3076923
760	6,6923077
760	7,6923077
760	1,6923077
760	4,6923077
761	7,6923077
761	26,6923077
761	-0,3076923
761	7,6923077
762	25,6923077
762	38,6923077
762	9,6923077
762	-1,3076923
763	5,6923077
763	3,6923077
763	11,6923077
763	11,6923077
764	15,6923077
764	7,6923077
764	16,6923077
764	-9,3076923
765	16,6923077
765	-5,3076923
765	32,6923077
765	33,6923077
766	-1,3076923
766	13,6923077
766	26,6923077
766	12,6923077
767	0,6923077
767	0,6923077
767	28,6923077
767	-1,3076923
768	9,6923077
768	12,6923077
768	12,6923077
768	23,6923077
769	-9,3076923
769	31,6923077
769	1,6923077
769	-6,3076923
770	17,6923077
770	1,6923077
770	0,6923077
770	-4,3076923
771	-2,3076923
771	3,6923077
771	29,6923077
771	35,6923077
772	35,6923077
772	16,6923077
772	26,6923077
772	17,6923077
773	-9,3076923
773	20,6923077
773	14,6923077
773	29,6923077
774	16,6923077
774	14,6923077
774	-2,3076923
774	-2,3076923
775	0,6923077
775	4,6923077
775	-1,3076923
775	1,6923077
776	4,6923077
776	32,6923077
776	24,6923077
776	-28,3076923
777	7,6923077
777	0,6923077
777	23,6923077
777	18,6923077
778	10,6923077
778	-3,3076923
778	8,6923077
778	3,6923077
779	13,6923077
779	-5,3076923
779	29,6923077
779	45,6923077
780	22,6923077
780	-3,3076923
780	11,6923077
780	10,6923077
781	2,6923077
781	14,6923077
781	40,6923077
781	8,6923077
782	26,6923077
782	9,6923077
782	11,6923077
782	42,6923077
783	8,6923077
783	24,6923077
783	6,6923077
783	8,6923077
784	3,6923077
784	22,6923077
784	26,6923077
784	1,6923077
785	-9,3076923
785	1,6923077
785	-13,3076923
785	12,6923077
786	0,6923077
786	-34,3076923
786	-6,3076923
786	15,6923077
787	-6,3076923
787	12,6923077
787	-4,3076923
787	15,6923077
788	-18,3076923
788	-15,3076923
788	2,6923077
788	3,6923077
789	20,6923077
789	17,6923077
789	-15,3076923
789	-15,3076923
790	6,6923077
790	11,6923077
790	19,6923077
790	8,6923077
791	-20,3076923
791	6,6923077
791	8,6923077
791	-11,3076923
792	7,6923077
792	11,6923077
792	23,6923077
792	3,6923077
793	13,6923077
793	4,6923077
793	12,6923077
793	-7,3076923
794	23,6923077
794	1,6923077
794	-4,3076923
794	-19,3076923
795	-20,3076923
795	14,6923077
795	-2,3076923
795	22,6923077
796	8,6923077
796	10,6923077
796	-4,3076923
796	-7,3076923
797	1,6923077
797	-14,3076923
797	14,6923077
797	-0,3076923
798	2,6923077
798	18,6923077
798	29,6923077
798	37,6923077
799	3,6923077
799	-7,3076923
799	-1,3076923
799	-6,3076923
800	8,6923077
800	28,6923077
800	27,6923077
800	-4,3076923
801	34,6923077
801	17,6923077
801	33,6923077
801	-4,3076923
802	9,6923077
802	17,6923077
802	6,6923077
802	10,6923077
803	-1,3076923
803	-4,3076923
803	6,6923077
803	19,6923077
804	10,6923077
804	-11,3076923
804	18,6923077
804	9,6923077
805	-16,3076923
805	-39,3076923
805	24,6923077
805	1,6923077
806	-1,3076923
806	5,6923077
806	40,6923077
806	8,6923077
807	-18,3076923
807	23,6923077
807	13,6923077
807	33,6923077
808	11,6923077
808	-18,3076923
808	-6,3076923
808	-10,3076923
809	11,6923077
809	6,6923077
809	2,6923077
809	-1,3076923
810	11,6923077
810	11,6923077
810	5,6923077
810	11,6923077
811	25,6923077
811	30,6923077
811	-1,3076923
811	9,6923077
812	8,6923077
812	14,6923077
812	-1,3076923
812	-23,3076923
813	-2,3076923
813	15,6923077
813	33,6923077
813	11,6923077
814	-4,3076923
814	2,6923077
814	13,6923077
814	-1,3076923
815	18,6923077
815	16,6923077
815	26,6923077
815	-22,3076923
816	23,6923077
816	22,6923077
816	-4,3076923
816	16,6923077
817	4,6923077
817	0,6923077
817	3,6923077
817	-1,3076923
818	4,6923077
818	8,6923077
818	-2,3076923
818	-9,3076923
819	-9,3076923
819	19,6923077
819	15,6923077
819	14,6923077
820	-9,3076923
820	-21,3076923
820	9,6923077
820	21,6923077
820	-9,3076923
821	-35,3076923
821	-9,3076923
821	13,6923077
821	-3,3076923
822	8,6923077
822	4,6923077
822	-17,3076923
822	6,6923077
823	7,6923077
823	15,6923077
823	17,6923077
823	-4,3076923
824	25,6923077
824	40,6923077
824	13,6923077
824	9,6923077
825	21,6923077
825	26,6923077
825	7,6923077
825	37,6923077
826	27,6923077
826	-3,3076923
826	8,6923077
826	-9,3076923
827	-4,3076923
827	-7,3076923
827	-18,3076923
827	-18,3076923
828	18,6923077
828	-5,3076923
828	10,6923077
828	-3,3076923
829	29,6923077
829	19,6923077
829	17,6923077
829	6,6923077
830	-0,3076923
830	34,6923077
830	6,6923077
830	3,6923077
831	41,6923077
831	20,6923077
831	1,6923077
831	14,6923077
832	21,6923077
832	11,6923077
832	7,6923077
832	5,6923077
833	25,6923077
833	9,6923077
833	-6,3076923
833	-1,3076923
834	33,6923077
834	-5,3076923
834	18,6923077
834	-9,3076923
835	-3,3076923
835	10,6923077
835	-1,3076923
835	23,6923077
836	7,6923077
836	-27,3076923
836	4,6923077
836	33,6923077
837	2,6923077
837	-10,3076923
837	-14,3076923
837	5,6923077
838	-8,3076923
838	11,6923077
838	20,6923077
838	16,6923077
839	18,6923077
839	-15,3076923
839	15,6923077
839	35,6923077
840	-0,3076923
840	-3,3076923
840	12,6923077
840	4,6923077
841	-3,3076923
841	19,6923077
841	25,6923077
841	-10,3076923
842	3,6923077
842	27,6923077
842	5,6923077
842	44,6923077
843	23,6923077
843	9,6923077
843	22,6923077
843	24,6923077
844	0,6923077
844	2,6923077
844	5,6923077
844	-1,3076923
845	1,6923077
845	35,6923077
845	12,6923077
845	9,6923077
845	6,6923077
846	-12,3076923
846	1,6923077
846	16,6923077
846	9,6923077
847	11,6923077
847	-10,3076923
847	-1,3076923
847	11,6923077
848	-5,3076923
848	-16,3076923
848	20,6923077
848	1,6923077
849	1,6923077
849	13,6923077
849	26,6923077
849	10,6923077
850	27,6923077
850	7,6923077
850	10,6923077
850	53,6923077
851	13,6923077
851	-14,3076923
851	30,6923077
851	13,6923077
852	-29,3076923
852	2,6923077
852	8,6923077
852	-5,3076923
853	-9,3076923
853	13,6923077
853	-4,3076923
853	-23,3076923
854	-9,3076923
854	4,6923077
854	-2,3076923
854	23,6923077
855	16,6923077
855	23,6923077
855	27,6923077
855	29,6923077
856	-4,3076923
856	24,6923077
856	0,6923077
856	-6,3076923
857	-7,3076923
857	40,6923077
857	-1,3076923
857	0,6923077
858	8,6923077
858	10,6923077
858	4,6923077
858	36,6923077
859	26,6923077
859	-7,3076923
859	17,6923077
859	-1,3076923
860	24,6923077
860	10,6923077
860	38,6923077
860	4,6923077
861	-9,3076923
861	-2,3076923
861	4,6923077
861	24,6923077
862	-10,3076923
862	-1,3076923
862	-3,3076923
862	12,6923077
863	25,6923077
863	26,6923077
863	6,6923077
863	0,6923077
864	19,6923077
864	-13,3076923
864	-14,3076923
864	28,6923077
864	7,6923077
865	11,6923077
865	-4,3076923
865	-3,3076923
865	5,6923077
866	-14,3076923
866	-9,3076923
866	17,6923077
866	2,6923077
867	24,6923077
867	-22,3076923
867	-10,3076923
867	30,6923077
868	9,6923077
868	-7,3076923
868	14,6923077
868	23,6923077
869	-10,3076923
869	10,6923077
869	-6,3076923
869	-5,3076923
870	31,6923077
870	16,6923077
870	10,6923077
870	21,6923077
871	14,6923077
871	-8,3076923
871	3,6923077
871	-0,3076923
872	15,6923077
872	-20,3076923
872	-7,3076923
872	18,6923077
873	-13,3076923
873	-3,3076923
873	-7,3076923
873	-4,3076923
874	-19,3076923
874	-4,3076923
874	-4,3076923
874	2,6923077
875	3,6923077
875	-27,3076923
875	-3,3076923
875	34,6923077
876	-2,3076923
876	6,6923077
876	2,6923077
876	0,6923077
877	30,6923077
877	-9,3076923
877	-8,3076923
877	-0,3076923
878	23,6923077
878	-0,3076923
878	23,6923077
878	45,6923077
879	13,6923077
879	-19,3076923
879	-12,3076923
879	39,6923077
880	18,6923077
880	-18,3076923
880	28,6923077
880	23,6923077
880	-14,3076923
881	25,6923077
881	7,6923077
881	-1,3076923
881	-6,3076923
882	2,6923077
882	-24,3076923
882	-0,3076923
882	12,6923077
883	13,6923077
883	-6,3076923
883	11,6923077
883	-2,3076923
884	4,6923077
884	3,6923077
884	6,6923077
884	6,6923077
885	15,6923077
885	24,6923077
885	0,6923077
885	-5,3076923
886	8,6923077
886	6,6923077
886	-6,3076923
886	8,6923077
887	24,6923077
887	-2,3076923
887	-17,3076923
887	-9,3076923
888	-2,3076923
888	-22,3076923
888	-14,3076923
888	-18,3076923
889	-7,3076923
889	13,6923077
889	-8,3076923
889	-5,3076923
890	7,6923077
890	-37,3076923
890	19,6923077
890	-5,3076923
891	2,6923077
891	31,6923077
891	13,6923077
891	4,6923077
892	-9,3076923
892	5,6923077
892	-3,3076923
892	49,6923077
893	28,6923077
893	-5,3076923
893	-9,3076923
893	15,6923077
894	18,6923077
894	14,6923077
894	40,6923077
894	3,6923077
894	11,6923077
895	11,6923077
895	7,6923077
895	17,6923077
895	1,6923077
896	19,6923077
896	15,6923077
896	9,6923077
896	1,6923077
897	23,6923077
897	27,6923077
897	36,6923077
897	19,6923077
898	16,6923077
898	9,6923077
898	-17,3076923
898	-15,3076923
899	19,6923077
899	-4,3076923
899	10,6923077
899	-10,3076923
900	17,6923077
900	23,6923077
900	-7,3076923
900	8,6923077
901	42,6923077
901	15,6923077
901	15,6923077
901	4,6923077
902	17,6923077
902	-2,3076923
902	-22,3076923
902	-7,3076923
903	3,6923077
903	3,6923077
903	-18,3076923
903	15,6923077
904	9,6923077
904	14,6923077
904	18,6923077
904	17,6923077
905	5,6923077
905	24,6923077
905	19,6923077
905	15,6923077
906	8,6923077
906	-6,3076923
906	2,6923077
906	-12,3076923
906	-11,3076923
907	25,6923077
907	2,6923077
907	0,6923077
907	25,6923077
908	1,6923077
908	31,6923077
908	33,6923077
908	-4,3076923
909	14,6923077
909	-23,3076923
909	-1,3076923
909	7,6923077
910	-4,3076923
910	-32,3076923
910	19,6923077
910	-10,3076923
911	-4,3076923
911	-15,3076923
911	17,6923077
911	17,6923077
912	9,6923077
912	1,6923077
912	-0,3076923
912	37,6923077
913	7,6923077
913	-10,3076923
913	-5,3076923
913	-0,3076923
914	26,6923077
914	-1,3076923
914	1,6923077
914	5,6923077
915	-18,3076923
915	-22,3076923
915	15,6923077
915	12,6923077
916	-2,3076923
916	3,6923077
916	21,6923077
916	19,6923077
917	9,6923077
917	10,6923077
917	-14,3076923
917	-3,3076923
917	1,6923077
918	11,6923077
918	14,6923077
918	-15,3076923
918	-13,3076923
919	16,6923077
919	2,6923077
919	38,6923077
919	-12,3076923
920	-15,3076923
920	17,6923077
920	6,6923077
920	9,6923077
921	0,6923077
921	27,6923077
921	11,6923077
921	-7,3076923
922	-12,3076923
922	-9,3076923
922	2,6923077
922	-8,3076923
923	-1,3076923
923	0,6923077
923	-10,3076923
923	-7,3076923
924	-12,3076923
924	5,6923077
924	-26,3076923
924	-11,3076923
925	-11,3076923
925	-1,3076923
925	3,6923077
925	7,6923077
926	17,6923077
926	11,6923077
926	18,6923077
926	13,6923077
927	-1,3076923
927	24,6923077
927	-1,3076923
927	3,6923077
928	-13,3076923
928	-22,3076923
928	-4,3076923
928	5,6923077
928	30,6923077
929	18,6923077
929	15,6923077
929	18,6923077
929	-10,3076923
930	15,6923077
930	-7,3076923
930	-32,3076923
930	-4,3076923
931	4,6923077
931	8,6923077
931	28,6923077
931	10,6923077
932	-15,3076923
932	20,6923077
932	-6,3076923
932	-9,3076923
933	12,6923077
933	-11,3076923
933	17,6923077
933	-1,3076923
934	14,6923077
934	12,6923077
934	-3,3076923
934	16,6923077
935	17,6923077
935	-13,3076923
935	-18,3076923
935	14,6923077
936	-5,3076923
936	20,6923077
936	-21,3076923
936	3,6923077
937	12,6923077
937	24,6923077
937	0,6923077
937	-16,3076923
938	-1,3076923
938	34,6923077
938	17,6923077
938	31,6923077
938	24,6923077
939	1,6923077
939	18,6923077
939	59,6923077
939	21,6923077
940	6,6923077
940	-7,3076923
940	-13,3076923
940	-5,3076923
941	-6,3076923
941	14,6923077
941	-16,3076923
941	-6,3076923
942	7,6923077
942	4,6923077
942	9,6923077
942	11,6923077
943	14,6923077
943	-12,3076923
943	-7,3076923
943	23,6923077
944	-11,3076923
944	16,6923077
944	3,6923077
944	18,6923077
945	25,6923077
945	4,6923077
945	-13,3076923
945	10,6923077
946	33,6923077
946	12,6923077
946	1,6923077
946	6,6923077
947	23,6923077
947	22,6923077
947	13,6923077
947	-7,3076923
947	11,6923077
948	6,6923077
948	15,6923077
948	5,6923077
948	8,6923077
949	28,6923077
949	-19,3076923
949	9,6923077
949	5,6923077
950	14,6923077
950	15,6923077
950	6,6923077
950	5,6923077
951	15,6923077
951	4,6923077
951	27,6923077
951	0,6923077
952	8,6923077
952	5,6923077
952	5,6923077
952	32,6923077
953	-10,3076923
953	15,6923077
953	13,6923077
953	2,6923077
954	-22,3076923
954	35,6923077
954	-6,3076923
954	-14,3076923
955	-7,3076923
955	4,6923077
955	-11,3076923
955	-16,3076923
956	9,6923077
956	22,6923077
956	4,6923077
956	15,6923077
956	7,6923077
957	24,6923077
957	11,6923077
957	7,6923077
957	-14,3076923
958	-0,3076923
958	-18,3076923
958	8,6923077
958	33,6923077
959	2,6923077
959	-33,3076923
959	-17,3076923
959	14,6923077
960	34,6923077
960	16,6923077
960	8,6923077
960	9,6923077
961	17,6923077
961	14,6923077
961	-7,3076923
961	-5,3076923
962	11,6923077
962	3,6923077
962	3,6923077
962	-1,3076923
963	-10,3076923
963	18,6923077
963	33,6923077
963	-1,3076923
964	4,6923077
964	5,6923077
964	-7,3076923
964	11,6923077
964	11,6923077
965	4,6923077
965	-10,3076923
965	-5,3076923
965	5,6923077
966	28,6923077
966	-5,3076923
966	8,6923077
966	0,6923077
967	-9,3076923
967	-11,3076923
967	17,6923077
967	-7,3076923
968	19,6923077
968	21,6923077
968	18,6923077
968	20,6923077
969	-1,3076923
969	0,6923077
969	18,6923077
969	3,6923077
970	16,6923077
970	2,6923077
970	10,6923077
970	-1,3076923
971	1,6923077
971	6,6923077
971	22,6923077
971	13,6923077
972	24,6923077
972	-26,3076923
972	26,6923077
972	16,6923077
972	26,6923077
973	-15,3076923
973	-14,3076923
973	10,6923077
973	10,6923077
974	-16,3076923
974	-11,3076923
974	23,6923077
974	-1,3076923
975	29,6923077
975	14,6923077
975	9,6923077
975	-10,3076923
976	-13,3076923
976	-23,3076923
976	-8,3076923
976	18,6923077
977	22,6923077
977	12,6923077
977	-18,3076923
977	30,6923077
978	7,6923077
978	9,6923077
978	-8,3076923
978	23,6923077
979	25,6923077
979	11,6923077
979	34,6923077
979	23,6923077
980	1,6923077
980	14,6923077
980	0,6923077
980	-12,3076923
980	-3,3076923
981	12,6923077
981	7,6923077
981	12,6923077
981	-7,3076923
982	-6,3076923
982	4,6923077
982	36,6923077
982	18,6923077
983	16,6923077
983	4,6923077
983	2,6923077
983	19,6923077
984	33,6923077
984	23,6923077
984	21,6923077
984	15,6923077
985	20,6923077
985	43,6923077
985	16,6923077
985	6,6923077
986	17,6923077
986	-5,3076923
986	13,6923077
986	9,6923077
987	-9,3076923
987	8,6923077
987	6,6923077
987	-24,3076923
988	2,6923077
988	6,6923077
988	-11,3076923
988	18,6923077
988	24,6923077
989	-0,3076923
989	2,6923077
989	-2,3076923
989	-0,3076923
990	17,6923077
990	0,6923077
990	-4,3076923
990	0,6923077
991	5,6923077
991	37,6923077
991	7,6923077
991	-4,3076923
992	-10,3076923
992	18,6923077
992	-2,3076923
992	-3,3076923
993	-1,3076923
993	23,6923077
993	-11,3076923
993	13,6923077
994	-12,3076923
994	4,6923077
994	17,6923077
994	-0,3076923
995	13,6923077
995	19,6923077
995	25,6923077
995	31,6923077
995	38,6923077
996	28,6923077
996	22,6923077
996	25,6923077
996	10,6923077
997	30,6923077
997	-16,3076923
997	3,6923077
997	39,6923077
998	5,6923077
998	21,6923077
998	-9,3076923
998	15,6923077
999	23,6923077
999	7,6923077
999	7,6923077
999	-3,3076923
1000	8,6923077
1000	31,6923077
1000	10,6923077
1000	-5,3076923
1001	18,6923077
1001	5,6923077
1001	15,6923077
1001	1,6923077
1002	5,6923077
1002	7,6923077
1002	16,6923077
1002	16,6923077
1002	-3,3076923
1003	-15,3076923
1003	-12,3076923
1003	24,6923077
1003	4,6923077
1004	12,6923077
1004	7,6923077
1004	10,6923077
1004	38,6923077
1005	3,6923077
1005	-8,3076923
1005	0,6923077
1005	-1,3076923
1006	-34,3076923
1006	10,6923077
1006	24,6923077
1006	20,6923077
1007	24,6923077
1007	12,6923077
1007	-8,3076923
1007	-20,3076923
1008	-12,3076923
1008	24,6923077
1008	6,6923077
1008	3,6923077
1008	3,6923077
1009	14,6923077
1009	-3,3076923
1009	21,6923077
1009	34,6923077
1010	-3,3076923
1010	5,6923077
1010	-2,3076923
1010	1,6923077
1011	-4,3076923
1011	31,6923077
1011	16,6923077
1011	28,6923077
1012	1,6923077
1012	1,6923077
1012	-6,3076923
1012	16,6923077
1013	-24,3076923
1013	-8,3076923
1013	33,6923077
1013	21,6923077
1014	15,6923077
1014	13,6923077
1014	29,6923077
1014	19,6923077
1015	5,6923077
1015	-0,3076923
1015	1,6923077
1015	3,6923077
1015	15,6923077
1016	27,6923077
1016	16,6923077
1016	-0,3076923
1016	-32,3076923
1017	-7,3076923
1017	-7,3076923
1017	-40,3076923
1017	-3,3076923
1018	20,6923077
1018	17,6923077
1018	17,6923077
1018	21,6923077
1019	-3,3076923
1019	23,6923077
1019	-1,3076923
1019	-14,3076923
1020	-7,3076923
1020	17,6923077
1020	17,6923077
1020	11,6923077
1021	17,6923077
1021	8,6923077
1021	13,6923077
1021	8,6923077
1021	2,6923077
1022	11,6923077
1022	27,6923077
1022	-2,3076923
1022	15,6923077
1023	-2,3076923
1023	-8,3076923
1023	6,6923077
1023	28,6923077
1024	2,6923077
1024	-24,3076923
1024	23,6923077
1024	4,6923077
1025	22,6923077
1025	4,6923077
1025	-19,3076923
1025	16,6923077
1026	-1,3076923
1026	28,6923077
1026	18,6923077
1026	24,6923077
1027	-4,3076923
1027	6,6923077
1027	12,6923077
1027	27,6923077
1027	-24,3076923
1028	2,6923077
1028	-12,3076923
1028	8,6923077
1028	27,6923077
1029	-21,3076923
1029	14,6923077
1029	12,6923077
1029	6,6923077
1030	30,6923077
1030	1,6923077
1030	3,6923077
1030	-13,3076923
1031	32,6923077
1031	16,6923077
1031	-2,3076923
1031	-13,3076923
1032	-2,3076923
1032	18,6923077
1032	4,6923077
1032	16,6923077
1033	7,6923077
1033	14,6923077
1033	9,6923077
1033	5,6923077
1034	10,6923077
1034	-1,3076923
1034	-0,3076923
1034	-22,3076923
1034	-16,3076923
1035	12,6923077
1035	-4,3076923
1035	-3,3076923
1035	-8,3076923
1036	42,6923077
1036	26,6923077
1036	14,6923077
1036	-3,3076923
1037	-8,3076923
1037	7,6923077
1037	20,6923077
1037	30,6923077
1038	15,6923077
1038	23,6923077
1038	3,6923077
1038	18,6923077
1039	2,6923077
1039	7,6923077
1039	-18,3076923
1039	3,6923077
1039	-1,3076923
1040	12,6923077
1040	18,6923077
1040	22,6923077
1040	45,6923077
1041	5,6923077
1041	-0,3076923
1041	7,6923077
1041	14,6923077
1042	20,6923077
1042	-7,3076923
1042	-6,3076923
1042	22,6923077
1043	7,6923077
1043	19,6923077
1043	5,6923077
1043	-1,3076923
1044	16,6923077
1044	-31,3076923
1044	11,6923077
1044	-11,3076923
1045	-17,3076923
1045	-4,3076923
1045	27,6923077
1045	-8,3076923
1045	-11,3076923
1046	11,6923077
1046	-2,3076923
1046	21,6923077
1046	0,6923077
1047	6,6923077
1047	11,6923077
1047	18,6923077
1047	2,6923077
1048	16,6923077
1048	36,6923077
1048	31,6923077
1048	-1,3076923
1049	-18,3076923
1049	4,6923077
1049	25,6923077
1049	31,6923077
1050	-0,3076923
1050	-10,3076923
1050	14,6923077
1050	15,6923077
1051	26,6923077
1051	-2,3076923
1051	-16,3076923
1051	9,6923077
1051	0,6923077
1052	-10,3076923
1052	5,6923077
1052	-2,3076923
1052	-12,3076923
1053	10,6923077
1053	4,6923077
1053	-1,3076923
1053	19,6923077
1054	23,6923077
1054	-8,3076923
1054	2,6923077
1054	19,6923077
1055	37,6923077
1055	-0,3076923
1055	-17,3076923
1055	3,6923077
1056	7,6923077
1056	12,6923077
1056	-6,3076923
1056	7,6923077
1056	3,6923077
1057	27,6923077
1057	-19,3076923
1057	17,6923077
1057	35,6923077
1058	10,6923077
1058	15,6923077
1058	10,6923077
1058	17,6923077
1059	13,6923077
1059	-8,3076923
1059	11,6923077
1059	-5,3076923
1060	19,6923077
1060	6,6923077
1060	15,6923077
1060	23,6923077
1061	1,6923077
1061	13,6923077
1061	11,6923077
1061	3,6923077
1062	21,6923077
1062	19,6923077
1062	-16,3076923
1062	17,6923077
1062	14,6923077
1063	0,6923077
1063	-10,3076923
1063	9,6923077
1063	15,6923077
1064	-5,3076923
1064	17,6923077
1064	28,6923077
1064	-16,3076923
1065	3,6923077
1065	9,6923077
1065	-5,3076923
1065	12,6923077
1066	-8,3076923
1066	-7,3076923
1066	-20,3076923
1066	34,6923077
1067	15,6923077
1067	18,6923077
1067	28,6923077
1067	16,6923077
1067	-0,3076923
1068	7,6923077
1068	25,6923077
1068	0,6923077
1068	15,6923077
1069	23,6923077
1069	2,6923077
1069	9,6923077
1069	0,6923077
1070	-2,3076923
1070	8,6923077
1070	19,6923077
1070	1,6923077
1071	-9,3076923
1071	14,6923077
1071	11,6923077
1071	4,6923077
1072	-10,3076923
1072	17,6923077
1072	1,6923077
1072	-1,3076923
1072	26,6923077
1073	4,6923077
1073	13,6923077
1073	-22,3076923
1073	7,6923077
1074	7,6923077
1074	12,6923077
1074	6,6923077
1074	-8,3076923
1075	3,6923077
1075	-0,3076923
1075	25,6923077
1075	5,6923077
1076	-5,3076923
1076	13,6923077
1076	13,6923077
1076	21,6923077
1077	7,6923077
1077	-27,3076923
1077	4,6923077
1077	0,6923077
1077	23,6923077
1078	-2,3076923
1078	-7,3076923
1078	-6,3076923
1078	-13,3076923
1079	23,6923077
1079	16,6923077
1079	-4,3076923
1079	29,6923077
1080	16,6923077
1080	-24,3076923
1080	-13,3076923
1080	5,6923077
1081	-12,3076923
1081	-5,3076923
1081	22,6923077
1081	35,6923077
1082	26,6923077
1082	-14,3076923
1082	17,6923077
1082	27,6923077
1082	7,6923077
1083	14,6923077
1083	34,6923077
1083	34,6923077
1083	4,6923077
1084	-12,3076923
1084	-8,3076923
1084	37,6923077
1084	20,6923077
1085	24,6923077
1085	15,6923077
1085	30,6923077
1085	26,6923077
1086	8,6923077
1086	13,6923077
1086	-0,3076923
1086	1,6923077
1087	14,6923077
1087	7,6923077
1087	-2,3076923
1087	-3,3076923
1087	-9,3076923
1088	12,6923077
1088	2,6923077
1088	-2,3076923
1088	-15,3076923
1089	9,6923077
1089	-2,3076923
1089	-17,3076923
1089	18,6923077
1090	-1,3076923
1090	1,6923077
1090	4,6923077
1090	-12,3076923
1091	2,6923077
1091	18,6923077
1091	1,6923077
1091	10,6923077
1092	14,6923077
1092	17,6923077
1092	5,6923077
1092	11,6923077
1092	-18,3076923
1093	-4,3076923
1093	7,6923077
1093	-15,3076923
1093	-15,3076923
1094	-1,3076923
1094	2,6923077
1094	-12,3076923
1094	5,6923077
1095	3,6923077
1095	38,6923077
1095	13,6923077
1095	15,6923077
1096	9,6923077
1096	-24,3076923
1096	-15,3076923
1096	1,6923077
1097	-3,3076923
1097	-14,3076923
1097	-9,3076923
1097	31,6923077
1097	3,6923077
1098	19,6923077
1098	27,6923077
1098	-10,3076923
1098	-0,3076923
1099	37,6923077
1099	12,6923077
1099	7,6923077
1099	13,6923077
1100	16,6923077
1100	-22,3076923
1100	15,6923077
1100	10,6923077
1101	1,6923077
1101	3,6923077
1101	47,6923077
1101	0,6923077
1101	12,6923077
1102	-5,3076923
1102	-0,3076923
1102	-8,3076923
1102	12,6923077
1103	3,6923077
1103	0,6923077
1103	8,6923077
1103	8,6923077
1104	-4,3076923
1104	-11,3076923
1104	-13,3076923
1104	29,6923077
1105	-7,3076923
1105	30,6923077
1105	30,6923077
1105	43,6923077
1106	30,6923077
1106	11,6923077
1106	12,6923077
1106	-1,3076923
1106	-20,3076923
1107	26,6923077
1107	41,6923077
1107	25,6923077
1107	-7,3076923
1108	-7,3076923
1108	-5,3076923
1108	7,6923077
1108	-15,3076923
1109	-12,3076923
1109	2,6923077
1109	-21,3076923
1109	-1,3076923
1110	10,6923077
1110	20,6923077
1110	30,6923077
1110	-22,3076923
1110	-4,3076923
1111	14,6923077
1111	7,6923077
1111	-8,3076923
1111	11,6923077
1112	1,6923077
1112	25,6923077
1112	19,6923077
1112	10,6923077
1113	-1,3076923
1113	-16,3076923
1113	-8,3076923
1113	30,6923077
1114	18,6923077
1114	1,6923077
1114	-3,3076923
1114	7,6923077
1115	-4,3076923
1115	-0,3076923
1115	-10,3076923
1115	-10,3076923
1115	1,6923077
1116	8,6923077
1116	6,6923077
1116	0,6923077
1116	-4,3076923
1117	28,6923077
1117	-9,3076923
1117	10,6923077
1117	-3,3076923
1118	26,6923077
