196	-42,6153846
196	-42,6153846
196	-42,6153846
197	2,3846154
197	20,3846154
197	24,3846154
197	24,3846154
198	28,3846154
198	24,3846154
198	-17,6153846
199	17,3846154
199	-1,6153846
199	5,3846154
199	30,3846154
200	62,3846154
200	5,3846154
200	38,3846154
200	-4,6153846
201	-0,6153846
201	-8,6153846
201	26,3846154
201	18,3846154
202	53,3846154
202	22,3846154
202	-3,6153846
203	26,3846154
203	30,3846154
203	50,3846154
203	18,3846154
204	47,3846154
204	18,3846154
204	-18,6153846
204	23,3846154
205	15,3846154
205	2,3846154
205	-0,6153846
205	29,3846154
206	14,3846154
206	13,3846154
206	20,3846154
207	-7,6153846
207	5,3846154
207	0,3846154
207	5,3846154
208	3,3846154
208	-12,6153846
208	-9,6153846
208	29,3846154
209	2,3846154
209	20,3846154
209	19,3846154
209	2,3846154
210	20,3846154
210	1,3846154
210	-16,6153846
211	-13,6153846
211	35,3846154
211	-20,6153846
211	-11,6153846
212	6,3846154
212	17,3846154
212	2,3846154
212	5,3846154
213	30,3846154
213	-1,6153846
213	10,3846154
213	17,3846154
214	6,3846154
214	9,3846154
214	17,3846154
215	6,3846154
215	10,3846154
215	-0,6153846
215	9,3846154
216	10,3846154
216	6,3846154
216	48,3846154
216	29,3846154
217	33,3846154
217	45,3846154
217	20,3846154
217	17,3846154
218	-3,6153846
218	1,3846154
218	4,3846154
219	22,3846154
219	-8,6153846
219	1,3846154
219	13,3846154
220	25,3846154
220	-3,6153846
220	2,3846154
220	24,3846154
221	0,3846154
221	5,3846154
221	32,3846154
221	29,3846154
222	22,3846154
222	24,3846154
222	19,3846154
223	20,3846154
223	9,3846154
223	10,3846154
223	-22,6153846
224	10,3846154
224	-3,6153846
224	-4,6153846
224	3,3846154
225	16,3846154
225	20,3846154
225	7,3846154
225	26,3846154
226	25,3846154
226	21,3846154
226	12,3846154
227	39,3846154
227	21,3846154
227	-3,6153846
227	26,3846154
228	-7,6153846
228	15,3846154
228	27,3846154
228	29,3846154
229	20,3846154
229	13,3846154
229	7,3846154
229	12,3846154
230	18,3846154
230	-0,6153846
230	1,3846154
231	8,3846154
231	25,3846154
231	-15,6153846
231	17,3846154
232	30,3846154
232	18,3846154
232	41,3846154
232	6,3846154
233	10,3846154
233	3,3846154
233	3,3846154
233	6,3846154
234	-19,6153846
234	24,3846154
234	-12,6153846
235	11,3846154
235	16,3846154
235	4,3846154
235	4,3846154
236	17,3846154
236	25,3846154
236	27,3846154
236	2,3846154
237	30,3846154
237	2,3846154
237	14,3846154
237	9,3846154
238	7,3846154
238	19,3846154
238	10,3846154
239	9,3846154
239	-0,6153846
239	-0,6153846
239	7,3846154
240	6,3846154
240	13,3846154
240	0,3846154
240	28,3846154
241	24,3846154
241	7,3846154
241	23,3846154
241	31,3846154
242	15,3846154
242	-10,6153846
242	4,3846154
243	28,3846154
243	22,3846154
243	-3,6153846
243	20,3846154
244	13,3846154
244	15,3846154
244	15,3846154
244	11,3846154
245	10,3846154
245	38,3846154
245	-7,6153846
245	6,3846154
246	4,3846154
246	18,3846154
246	12,3846154
247	-7,6153846
247	19,3846154
247	11,3846154
247	15,3846154
248	29,3846154
248	16,3846154
248	26,3846154
248	27,3846154
249	16,3846154
249	7,3846154
249	12,3846154
249	23,3846154
250	40,3846154
250	41,3846154
250	11,3846154
251	6,3846154
251	29,3846154
251	18,3846154
251	-6,6153846
252	-11,6153846
252	10,3846154
252	25,3846154
252	17,3846154
253	19,3846154
253	26,3846154
253	4,3846154
253	19,3846154
254	10,3846154
254	5,3846154
254	13,3846154
254	30,3846154
255	-10,6153846
255	4,3846154
255	0,3846154
256	-0,6153846
256	-7,6153846
256	8,3846154
256	28,3846154
257	27,3846154
257	4,3846154
257	13,3846154
257	37,3846154
258	21,3846154
258	20,3846154
258	19,3846154
258	-1,6153846
259	31,3846154
259	13,3846154
259	5,3846154
260	-3,6153846
260	-6,6153846
260	-10,6153846
260	10,3846154
261	16,3846154
261	24,3846154
261	10,3846154
261	3,3846154
262	6,3846154
262	24,3846154
262	9,3846154
262	-9,6153846
263	43,3846154
263	10,3846154
263	20,3846154
264	5,3846154
264	7,3846154
264	6,3846154
264	8,3846154
265	-17,6153846
265	1,3846154
265	13,3846154
265	17,3846154
266	23,3846154
266	9,3846154
266	9,3846154
266	-28,6153846
267	17,3846154
267	18,3846154
267	45,3846154
268	26,3846154
268	26,3846154
268	38,3846154
268	33,3846154
269	19,3846154
269	19,3846154
269	4,3846154
269	14,3846154
270	15,3846154
270	-0,6153846
270	10,3846154
270	24,3846154
271	0,3846154
271	-1,6153846
271	32,3846154
271	9,3846154
272	20,3846154
272	18,3846154
272	-0,6153846
273	15,3846154
273	10,3846154
273	12,3846154
273	26,3846154
274	5,3846154
274	1,3846154
274	15,3846154
274	8,3846154
275	47,3846154
275	24,3846154
275	10,3846154
275	12,3846154
276	8,3846154
276	19,3846154
276	8,3846154
277	26,3846154
277	51,3846154
277	19,3846154
277	9,3846154
278	15,3846154
278	48,3846154
278	28,3846154
278	-4,6153846
279	32,3846154
279	17,3846154
279	22,3846154
279	21,3846154
280	16,3846154
280	28,3846154
280	26,3846154
280	26,3846154
281	-2,6153846
281	33,3846154
281	22,3846154
282	0,3846154
282	30,3846154
282	9,3846154
282	-5,6153846
283	-14,6153846
283	3,3846154
283	15,3846154
283	9,3846154
284	10,3846154
284	6,3846154
284	-19,6153846
284	7,3846154
285	13,3846154
285	13,3846154
285	7,3846154
286	45,3846154
286	19,3846154
286	9,3846154
286	13,3846154
287	4,3846154
287	14,3846154
287	6,3846154
287	24,3846154
288	4,3846154
288	3,3846154
288	12,3846154
288	12,3846154
289	16,3846154
289	7,3846154
289	6,3846154
290	9,3846154
290	8,3846154
290	13,3846154
290	-6,6153846
291	24,3846154
291	12,3846154
291	19,3846154
291	12,3846154
292	27,3846154
292	20,3846154
292	22,3846154
292	42,3846154
293	9,3846154
293	16,3846154
293	44,3846154
293	49,3846154
294	49,3846154
294	25,3846154
294	29,3846154
295	25,3846154
295	46,3846154
295	17,3846154
295	19,3846154
296	19,3846154
296	6,3846154
296	2,3846154
296	5,3846154
297	-17,6153846
297	20,3846154
297	6,3846154
297	5,3846154
298	43,3846154
298	-4,6153846
298	21,3846154
299	7,3846154
299	44,3846154
299	41,3846154
299	25,3846154
300	-4,6153846
300	22,3846154
300	5,3846154
300	25,3846154
301	21,3846154
301	25,3846154
301	-5,6153846
301	10,3846154
302	9,3846154
302	5,3846154
302	40,3846154
302	30,3846154
303	30,3846154
303	15,3846154
303	15,3846154
304	20,3846154
304	15,3846154
304	14,3846154
304	16,3846154
305	39,3846154
305	45,3846154
305	5,3846154
305	5,3846154
306	28,3846154
306	4,3846154
306	1,3846154
306	34,3846154
307	26,3846154
307	52,3846154
307	31,3846154
307	9,3846154
308	-1,6153846
308	6,3846154
308	30,3846154
309	53,3846154
309	9,3846154
309	45,3846154
309	28,3846154
310	25,3846154
310	21,3846154
310	20,3846154
310	36,3846154
311	45,3846154
311	58,3846154
311	85,3846154
311	47,3846154
312	68,3846154
312	72,3846154
312	73,3846154
313	59,3846154
313	67,3846154
313	80,3846154
313	63,3846154
314	76,3846154
314	80,3846154
314	72,3846154
314	80,3846154
315	91,3846154
315	82,3846154
315	64,3846154
315	95,3846154
316	100,3846154
316	93,3846154
316	104,3846154
316	60,3846154
317	73,3846154
317	43,3846154
317	45,3846154
318	67,3846154
318	54,3846154
318	84,3846154
318	60,3846154
319	56,3846154
319	41,3846154
319	29,3846154
319	26,3846154
320	50,3846154
320	50,3846154
320	45,3846154
320	22,3846154
321	29,3846154
321	44,3846154
321	-1,6153846
321	12,3846154
322	5,3846154
322	27,3846154
322	19,3846154
323	16,3846154
323	15,3846154
323	-17,6153846
323	24,3846154
324	38,3846154
324	26,3846154
324	-14,6153846
324	15,3846154
325	-10,6153846
325	12,3846154
325	17,3846154
325	29,3846154
326	3,3846154
326	22,3846154
326	19,3846154
327	22,3846154
327	36,3846154
327	13,3846154
327	15,3846154
328	20,3846154
328	-13,6153846
328	16,3846154
328	11,3846154
329	8,3846154
329	-10,6153846
329	18,3846154
329	21,3846154
330	18,3846154
330	3,3846154
330	41,3846154
330	42,3846154
331	10,3846154
331	14,3846154
331	48,3846154
332	63,3846154
332	42,3846154
332	54,3846154
332	43,3846154
333	61,3846154
333	50,3846154
333	80,3846154
333	59,3846154
334	64,3846154
334	106,3846154
334	113,3846154
334	92,3846154
335	92,3846154
335	90,3846154
335	97,3846154
335	139,3846154
336	128,3846154
336	152,3846154
336	123,3846154
337	116,3846154
337	148,3846154
337	143,3846154
337	173,3846154
338	144,3846154
338	105,3846154
338	139,3846154
338	154,3846154
339	108,3846154
339	92,3846154
339	137,3846154
339	110,3846154
340	91,3846154
340	88,3846154
340	58,3846154
340	73,3846154
341	56,3846154
341	75,3846154
341	78,3846154
342	81,3846154
342	66,3846154
342	77,3846154
342	41,3846154
343	21,3846154
343	20,3846154
343	28,3846154
343	15,3846154
344	27,3846154
344	16,3846154
344	43,3846154
344	23,3846154
345	-4,6153846
345	17,3846154
345	-5,6153846
345	19,3846154
346	5,3846154
346	30,3846154
346	31,3846154
347	19,3846154
347	17,3846154
347	17,3846154
347	11,3846154
348	15,3846154
348	24,3846154
348	45,3846154
348	42,3846154
349	34,3846154
349	22,3846154
349	31,3846154
349	29,3846154
350	31,3846154
350	43,3846154
350	58,3846154
350	45,3846154
351	37,3846154
351	19,3846154
351	20,3846154
352	35,3846154
352	57,3846154
352	68,3846154
352	69,3846154
353	82,3846154
353	79,3846154
353	61,3846154
353	104,3846154
354	69,3846154
354	107,3846154
354	110,3846154
354	102,3846154
355	93,3846154
355	126,3846154
355	89,3846154
355	120,3846154
356	82,3846154
356	105,3846154
356	133,3846154
357	119,3846154
357	121,3846154
357	107,3846154
357	107,3846154
358	134,3846154
358	130,3846154
358	126,3846154
358	125,3846154
359	62,3846154
359	94,3846154
359	67,3846154
359	79,3846154
360	96,3846154
360	80,3846154
360	90,3846154
360	65,3846154
361	67,3846154
361	36,3846154
361	82,3846154
362	91,3846154
362	102,3846154
362	71,3846154
362	43,3846154
363	46,3846154
363	52,3846154
363	34,3846154
363	36,3846154
364	26,3846154
364	20,3846154
364	12,3846154
364	33,3846154
365	22,3846154
365	17,3846154
365	0,3846154
365	3,3846154
366	20,3846154
366	26,3846154
366	0,3846154
367	5,3846154
367	37,3846154
367	41,3846154
367	7,3846154
368	-1,6153846
368	0,3846154
368	26,3846154
368	19,3846154
369	5,3846154
369	-3,6153846
369	0,3846154
369	2,3846154
370	48,3846154
370	27,3846154
370	11,3846154
370	46,3846154
371	31,3846154
371	30,3846154
371	21,3846154
371	28,3846154
372	18,3846154
372	40,3846154
372	29,3846154
373	38,3846154
373	36,3846154
373	23,3846154
373	20,3846154
374	40,3846154
374	55,3846154
374	37,3846154
374	22,3846154
375	41,3846154
375	57,3846154
375	74,3846154
375	65,3846154
376	72,3846154
376	57,3846154
376	57,3846154
376	67,3846154
377	37,3846154
377	87,3846154
377	82,3846154
378	58,3846154
378	59,3846154
378	66,3846154
378	66,3846154
379	70,3846154
379	50,3846154
379	61,3846154
379	61,3846154
380	45,3846154
380	52,3846154
380	61,3846154
380	39,3846154
381	77,3846154
381	61,3846154
381	58,3846154
381	48,3846154
382	54,3846154
382	50,3846154
382	38,3846154
383	41,3846154
383	45,3846154
383	46,3846154
383	61,3846154
384	30,3846154
384	40,3846154
384	48,3846154
384	43,3846154
385	35,3846154
385	47,3846154
385	45,3846154
385	39,3846154
386	50,3846154
386	24,3846154
386	7,3846154
386	46,3846154
387	42,3846154
387	26,3846154
387	10,3846154
387	-13,6153846
388	11,3846154
388	44,3846154
388	17,3846154
389	-3,6153846
389	-5,6153846
389	9,3846154
389	35,3846154
390	17,3846154
390	34,3846154
390	44,3846154
390	21,3846154
391	22,3846154
391	29,3846154
391	11,3846154
391	24,3846154
392	36,3846154
392	32,3846154
392	28,3846154
392	22,3846154
393	19,3846154
393	17,3846154
393	43,3846154
394	19,3846154
394	28,3846154
394	26,3846154
394	56,3846154
395	4,3846154
395	4,3846154
395	37,3846154
395	36,3846154
396	-5,6153846
396	38,3846154
396	1,3846154
396	40,3846154
397	9,3846154
397	34,3846154
397	29,3846154
397	39,3846154
398	27,3846154
398	34,3846154
398	29,3846154
398	49,3846154
399	24,3846154
399	36,3846154
399	59,3846154
400	45,3846154
400	31,3846154
400	30,3846154
400	63,3846154
401	43,3846154
401	42,3846154
401	33,3846154
401	17,3846154
402	46,3846154
402	54,3846154
402	52,3846154
402	25,3846154
403	31,3846154
403	52,3846154
403	34,3846154
403	37,3846154
404	16,3846154
404	43,3846154
404	53,3846154
405	8,3846154
405	56,3846154
405	52,3846154
405	38,3846154
406	49,3846154
406	20,3846154
406	19,3846154
406	25,3846154
407	32,3846154
407	26,3846154
407	5,3846154
407	36,3846154
408	47,3846154
408	-6,6153846
408	5,3846154
408	19,3846154
409	37,3846154
409	20,3846154
409	37,3846154
409	42,3846154
410	24,3846154
410	57,3846154
410	39,3846154
411	24,3846154
411	30,3846154
411	25,3846154
411	18,3846154
412	15,3846154
412	18,3846154
412	34,3846154
412	18,3846154
413	-0,6153846
413	14,3846154
413	9,3846154
413	-0,6153846
414	5,3846154
414	24,3846154
414	16,3846154
414	7,3846154
415	32,3846154
415	34,3846154
415	16,3846154
415	23,3846154
416	20,3846154
416	0,3846154
416	7,3846154
417	24,3846154
417	16,3846154
417	30,3846154
417	21,3846154
418	14,3846154
418	5,3846154
418	4,3846154
418	12,3846154
419	32,3846154
419	-9,6153846
419	9,3846154
419	30,3846154
420	12,3846154
420	30,3846154
420	34,3846154
420	11,3846154
421	22,3846154
421	33,3846154
421	17,3846154
421	28,3846154
422	20,3846154
422	30,3846154
422	14,3846154
423	22,3846154
423	5,3846154
423	41,3846154
423	26,3846154
424	34,3846154
424	1,3846154
424	26,3846154
424	18,3846154
425	49,3846154
425	18,3846154
425	44,3846154
425	28,3846154
426	38,3846154
426	24,3846154
426	19,3846154
426	38,3846154
427	47,3846154
427	7,3846154
427	14,3846154
427	25,3846154
428	27,3846154
428	37,3846154
428	31,3846154
429	19,3846154
429	41,3846154
429	13,3846154
429	36,3846154
430	21,3846154
430	11,3846154
430	8,3846154
430	-0,6153846
431	45,3846154
431	14,3846154
431	4,3846154
431	30,3846154
432	36,3846154
432	35,3846154
432	25,3846154
432	28,3846154
433	15,3846154
433	28,3846154
433	35,3846154
433	-1,6153846
434	10,3846154
434	-7,6153846
434	23,3846154
435	22,3846154
435	7,3846154
435	8,3846154
435	7,3846154
436	22,3846154
436	32,3846154
436	16,3846154
436	19,3846154
437	39,3846154
437	17,3846154
437	7,3846154
437	28,3846154
438	29,3846154
438	39,3846154
438	38,3846154
438	37,3846154
439	53,3846154
439	43,3846154
439	19,3846154
439	24,3846154
440	20,3846154
440	18,3846154
440	20,3846154
441	6,3846154
441	10,3846154
441	34,3846154
441	37,3846154
442	16,3846154
442	33,3846154
442	24,3846154
442	39,3846154
443	40,3846154
443	21,3846154
443	13,3846154
443	12,3846154
444	-5,6153846
444	36,3846154
444	26,3846154
444	29,3846154
445	30,3846154
445	18,3846154
445	5,3846154
445	15,3846154
446	9,3846154
446	-7,6153846
446	14,3846154
447	24,3846154
447	29,3846154
447	27,3846154
447	10,3846154
448	34,3846154
448	-21,6153846
448	12,3846154
448	2,3846154
449	2,3846154
449	20,3846154
449	34,3846154
449	13,3846154
450	11,3846154
450	-18,6153846
450	-26,6153846
450	10,3846154
451	9,3846154
451	5,3846154
451	-9,6153846
451	6,3846154
452	13,3846154
452	-15,6153846
452	12,3846154
452	18,3846154
453	15,3846154
453	23,3846154
453	5,3846154
454	21,3846154
454	31,3846154
454	33,3846154
454	24,3846154
455	2,3846154
455	2,3846154
455	6,3846154
455	-6,6153846
456	19,3846154
456	7,3846154
456	-21,6153846
456	14,3846154
457	4,3846154
457	14,3846154
457	22,3846154
457	12,3846154
458	21,3846154
458	11,3846154
458	7,3846154
458	21,3846154
459	-1,6153846
459	12,3846154
459	18,3846154
460	36,3846154
460	18,3846154
460	19,3846154
460	7,3846154
461	2,3846154
461	1,3846154
461	45,3846154
461	34,3846154
462	6,3846154
462	23,3846154
462	-8,6153846
462	0,3846154
463	0,3846154
463	0,3846154
463	-25,6153846
463	-2,6153846
464	-12,6153846
464	19,3846154
464	6,3846154
464	-7,6153846
465	23,3846154
465	27,3846154
465	37,3846154
465	14,3846154
466	13,3846154
466	24,3846154
466	15,3846154
467	10,3846154
467	21,3846154
467	35,3846154
467	10,3846154
468	18,3846154
468	23,3846154
468	-12,6153846
468	-1,6153846
469	22,3846154
469	11,3846154
469	-7,6153846
469	-10,6153846
470	29,3846154
470	6,3846154
470	24,3846154
470	-10,6153846
471	22,3846154
471	-12,6153846
471	43,3846154
471	22,3846154
472	32,3846154
472	49,3846154
472	13,3846154
472	45,3846154
473	-13,6153846
473	32,3846154
473	21,3846154
474	27,3846154
474	-12,6153846
474	43,3846154
474	20,3846154
475	14,3846154
475	15,3846154
475	15,3846154
475	15,3846154
476	10,3846154
476	20,3846154
476	18,3846154
476	22,3846154
477	28,3846154
477	30,3846154
477	3,3846154
477	10,3846154
478	9,3846154
478	-9,6153846
478	3,3846154
478	4,3846154
479	5,3846154
479	38,3846154
479	14,3846154
479	11,3846154
480	35,3846154
480	-6,6153846
480	-3,6153846
481	6,3846154
481	12,3846154
481	19,3846154
481	14,3846154
482	67,3846154
482	7,3846154
482	13,3846154
482	-5,6153846
483	-6,6153846
483	35,3846154
483	25,3846154
483	8,3846154
484	23,3846154
484	30,3846154
484	14,3846154
484	-3,6153846
485	4,3846154
485	27,3846154
485	23,3846154
485	2,3846154
486	1,3846154
486	4,3846154
486	20,3846154
486	6,3846154
487	0,3846154
487	41,3846154
487	31,3846154
488	30,3846154
488	9,3846154
488	-18,6153846
488	21,3846154
489	28,3846154
489	27,3846154
489	23,3846154
489	20,3846154
490	37,3846154
490	34,3846154
490	11,3846154
490	21,3846154
491	7,3846154
491	51,3846154
491	3,3846154
491	7,3846154
492	7,3846154
492	-8,6153846
492	24,3846154
492	18,3846154
493	19,3846154
493	9,3846154
493	15,3846154
493	16,3846154
494	1,3846154
494	20,3846154
494	6,3846154
495	11,3846154
495	-17,6153846
495	22,3846154
495	1,3846154
496	44,3846154
496	5,3846154
496	1,3846154
496	22,3846154
497	15,3846154
497	35,3846154
497	26,3846154
497	23,3846154
498	15,3846154
498	-11,6153846
498	11,3846154
498	-15,6153846
499	18,3846154
499	28,3846154
499	25,3846154
499	48,3846154
500	38,3846154
500	20,3846154
500	-13,6153846
500	16,3846154
501	9,3846154
501	32,3846154
501	19,3846154
502	3,3846154
502	23,3846154
502	30,3846154
502	15,3846154
503	16,3846154
503	14,3846154
503	22,3846154
503	-17,6153846
504	10,3846154
504	9,3846154
504	19,3846154
504	22,3846154
505	17,3846154
505	12,3846154
505	29,3846154
505	16,3846154
506	28,3846154
506	14,3846154
506	14,3846154
506	6,3846154
507	12,3846154
507	14,3846154
507	19,3846154
507	-2,6153846
508	24,3846154
508	31,3846154
508	11,3846154
508	19,3846154
509	9,3846154
509	18,3846154
509	1,3846154
510	16,3846154
510	9,3846154
510	22,3846154
510	31,3846154
511	48,3846154
511	31,3846154
511	12,3846154
511	-4,6153846
512	10,3846154
512	6,3846154
512	28,3846154
512	15,3846154
513	2,3846154
513	27,3846154
513	43,3846154
513	-6,6153846
514	4,3846154
514	10,3846154
514	-2,6153846
514	-7,6153846
515	9,3846154
515	-8,6153846
515	-0,6153846
515	28,3846154
516	24,3846154
516	37,3846154
516	22,3846154
516	-10,6153846
517	-7,6153846
517	5,3846154
517	15,3846154
518	15,3846154
518	24,3846154
518	22,3846154
518	14,3846154
519	36,3846154
519	25,3846154
519	8,3846154
519	57,3846154
520	6,3846154
520	2,3846154
520	44,3846154
520	17,3846154
521	1,3846154
521	17,3846154
521	19,3846154
521	32,3846154
522	32,3846154
522	32,3846154
522	38,3846154
522	35,3846154
523	35,3846154
523	13,3846154
523	5,3846154
523	-20,6153846
524	6,3846154
524	-1,6153846
524	17,3846154
524	31,3846154
525	31,3846154
525	15,3846154
525	8,3846154
526	16,3846154
526	41,3846154
526	36,3846154
526	9,3846154
527	2,3846154
527	22,3846154
527	1,3846154
527	19,3846154
528	7,3846154
528	-0,6153846
528	-2,6153846
528	29,3846154
529	33,3846154
529	9,3846154
529	-8,6153846
529	36,3846154
530	16,3846154
530	-33,6153846
530	5,3846154
530	9,3846154
531	33,3846154
531	12,3846154
531	40,3846154
531	29,3846154
532	13,3846154
532	2,3846154
532	14,3846154
532	17,3846154
533	18,3846154
533	5,3846154
533	21,3846154
534	8,3846154
534	23,3846154
534	16,3846154
534	17,3846154
535	10,3846154
535	13,3846154
535	39,3846154
535	12,3846154
536	31,3846154
536	23,3846154
536	-2,6153846
536	19,3846154
537	6,3846154
537	-1,6153846
537	14,3846154
537	1,3846154
538	-9,6153846
538	-6,6153846
538	12,3846154
538	4,3846154
539	19,3846154
539	17,3846154
539	17,3846154
539	16,3846154
540	9,3846154
540	-6,6153846
540	13,3846154
540	11,3846154
541	29,3846154
541	-10,6153846
541	13,3846154
541	5,3846154
542	36,3846154
542	14,3846154
542	23,3846154
543	10,3846154
543	-21,6153846
543	1,3846154
543	32,3846154
544	-0,6153846
544	17,3846154
544	24,3846154
544	11,3846154
545	-2,6153846
545	12,3846154
545	8,3846154
545	-9,6153846
546	29,3846154
546	20,3846154
546	19,3846154
546	8,3846154
547	3,3846154
547	16,3846154
547	20,3846154
547	-13,6153846
548	11,3846154
548	28,3846154
548	16,3846154
548	22,3846154
549	0,3846154
549	32,3846154
549	45,3846154
549	-11,6153846
550	-3,6153846
550	14,3846154
550	22,3846154
550	-4,6153846
551	-5,6153846
551	8,3846154
551	24,3846154
552	4,3846154
552	13,3846154
552	18,3846154
552	3,3846154
553	22,3846154
553	5,3846154
553	35,3846154
553	45,3846154
554	1,3846154
554	24,3846154
554	28,3846154
554	-7,6153846
555	19,3846154
555	41,3846154
555	28,3846154
555	14,3846154
556	23,3846154
556	2,3846154
556	4,3846154
556	17,3846154
557	55,3846154
557	18,3846154
557	1,3846154
557	9,3846154
558	-5,6153846
558	-7,6153846
558	34,3846154
558	13,3846154
559	23,3846154
559	18,3846154
559	-0,6153846
559	4,3846154
560	32,3846154
560	33,3846154
560	7,3846154
561	5,3846154
561	33,3846154
561	2,3846154
561	23,3846154
562	9,3846154
562	7,3846154
562	29,3846154
562	23,3846154
563	7,3846154
563	2,3846154
563	9,3846154
563	23,3846154
564	13,3846154
564	7,3846154
564	1,3846154
564	35,3846154
565	18,3846154
565	15,3846154
565	25,3846154
565	13,3846154
566	12,3846154
566	18,3846154
566	10,3846154
566	24,3846154
567	17,3846154
567	-14,6153846
567	27,3846154
567	12,3846154
568	0,3846154
568	5,3846154
568	10,3846154
568	14,3846154
569	-4,6153846
569	9,3846154
569	21,3846154
569	3,3846154
570	9,3846154
570	14,3846154
570	11,3846154
571	23,3846154
571	8,3846154
571	14,3846154
571	29,3846154
572	5,3846154
572	10,3846154
572	12,3846154
572	9,3846154
573	10,3846154
573	12,3846154
573	-5,6153846
573	0,3846154
574	22,3846154
574	22,3846154
574	4,3846154
574	23,3846154
575	9,3846154
575	13,3846154
575	9,3846154
575	11,3846154
576	3,3846154
576	24,3846154
576	22,3846154
576	-21,6153846
577	-12,6153846
577	8,3846154
577	18,3846154
577	16,3846154
578	16,3846154
578	6,3846154
578	1,3846154
578	12,3846154
579	25,3846154
579	20,3846154
579	-4,6153846
579	7,3846154
580	0,3846154
580	6,3846154
580	24,3846154
581	24,3846154
581	10,3846154
581	27,3846154
581	-17,6153846
582	-12,6153846
582	-9,6153846
582	25,3846154
582	27,3846154
583	10,3846154
583	14,3846154
583	17,3846154
583	5,3846154
584	32,3846154
584	24,3846154
584	3,3846154
584	43,3846154
585	19,3846154
585	22,3846154
585	20,3846154
585	26,3846154
586	19,3846154
586	23,3846154
586	26,3846154
586	38,3846154
587	21,3846154
587	2,3846154
587	22,3846154
587	-0,6153846
588	23,3846154
588	32,3846154
588	25,3846154
588	8,3846154
589	13,3846154
589	12,3846154
589	43,3846154
589	-8,6153846
590	-4,6153846
590	10,3846154
590	-3,6153846
590	32,3846154
591	22,3846154
591	21,3846154
591	3,3846154
592	14,3846154
592	25,3846154
592	4,3846154
592	6,3846154
593	30,3846154
593	-1,6153846
593	-3,6153846
593	15,3846154
594	44,3846154
594	13,3846154
594	23,3846154
594	22,3846154
595	4,3846154
595	-4,6153846
595	22,3846154
595	20,3846154
596	18,3846154
596	23,3846154
596	-8,6153846
596	22,3846154
597	18,3846154
597	13,3846154
597	20,3846154
597	-207,6153846
598	-33,6153846
598	-9,6153846
598	5,3846154
598	21,3846154
599	1,3846154
599	2,3846154
599	-12,6153846
599	11,3846154
600	24,3846154
600	13,3846154
600	10,3846154
600	20,3846154
601	-1,6153846
601	13,3846154
601	10,3846154
601	10,3846154
602	6,3846154
602	4,3846154
602	20,3846154
603	5,3846154
603	27,3846154
603	38,3846154
603	-0,6153846
604	-7,6153846
604	17,3846154
604	25,3846154
604	10,3846154
605	33,3846154
605	-1,6153846
605	10,3846154
605	-4,6153846
606	14,3846154
606	15,3846154
606	15,3846154
606	1,3846154
607	-11,6153846
607	-7,6153846
607	50,3846154
607	37,3846154
608	7,3846154
608	6,3846154
608	22,3846154
608	15,3846154
609	20,3846154
609	8,3846154
609	15,3846154
609	-4,6153846
610	7,3846154
610	4,3846154
610	7,3846154
610	-4,6153846
611	21,3846154
611	12,3846154
611	-6,6153846
611	16,3846154
612	36,3846154
612	14,3846154
612	31,3846154
612	8,3846154
613	22,3846154
613	27,3846154
613	16,3846154
613	5,3846154
614	23,3846154
614	13,3846154
614	9,3846154
614	13,3846154
615	5,3846154
615	13,3846154
615	-8,6153846
616	-9,6153846
616	-10,6153846
616	13,3846154
616	-21,6153846
617	1,3846154
617	8,3846154
617	5,3846154
617	1,3846154
618	16,3846154
618	33,3846154
618	3,3846154
618	21,3846154
619	17,3846154
619	7,3846154
619	-7,6153846
619	-4,6153846
620	37,3846154
620	26,3846154
620	5,3846154
620	17,3846154
621	3,3846154
621	37,3846154
621	8,3846154
621	2,3846154
622	-10,6153846
622	3,3846154
622	28,3846154
622	3,3846154
623	-14,6153846
623	0,3846154
623	10,3846154
623	20,3846154
624	3,3846154
624	-7,6153846
624	25,3846154
624	23,3846154
625	18,3846154
625	1,3846154
625	9,3846154
625	9,3846154
626	-5,6153846
626	-5,6153846
626	2,3846154
626	27,3846154
627	24,3846154
627	-1,6153846
627	49,3846154
627	21,3846154
628	36,3846154
628	14,3846154
628	14,3846154
629	-14,6153846
629	14,3846154
629	-0,6153846
629	8,3846154
630	18,3846154
630	14,3846154
630	-5,6153846
630	24,3846154
631	-0,6153846
631	19,3846154
631	-2,6153846
631	9,3846154
632	16,3846154
632	4,3846154
632	37,3846154
632	0,3846154
633	6,3846154
633	28,3846154
633	2,3846154
633	1,3846154
634	5,3846154
634	6,3846154
634	-0,6153846
634	10,3846154
635	13,3846154
635	6,3846154
635	-12,6153846
635	39,3846154
636	28,3846154
636	23,3846154
636	19,3846154
636	21,3846154
637	19,3846154
637	24,3846154
637	20,3846154
637	9,3846154
638	25,3846154
638	12,3846154
638	13,3846154
638	-11,6153846
639	-3,6153846
639	-18,6153846
639	6,3846154
639	17,3846154
640	-5,6153846
640	19,3846154
640	9,3846154
640	23,3846154
641	1,3846154
641	25,3846154
641	31,3846154
641	17,3846154
642	9,3846154
642	18,3846154
642	4,3846154
642	7,3846154
643	9,3846154
643	-7,6153846
643	-2,6153846
644	35,3846154
644	4,3846154
644	25,3846154
644	26,3846154
645	21,3846154
645	-9,6153846
645	15,3846154
645	13,3846154
646	16,3846154
646	22,3846154
646	9,3846154
646	25,3846154
647	20,3846154
647	34,3846154
647	-4,6153846
647	7,3846154
648	24,3846154
648	30,3846154
648	1,3846154
648	13,3846154
649	7,3846154
649	30,3846154
649	38,3846154
649	14,3846154
650	25,3846154
650	19,3846154
650	-7,6153846
650	-0,6153846
651	15,3846154
651	46,3846154
651	20,3846154
651	15,3846154
652	13,3846154
652	7,3846154
652	3,3846154
652	-16,6153846
653	23,3846154
653	28,3846154
653	9,3846154
653	13,3846154
654	8,3846154
654	6,3846154
654	29,3846154
654	15,3846154
655	12,3846154
655	34,3846154
655	3,3846154
655	9,3846154
656	15,3846154
656	30,3846154
656	-5,6153846
656	23,3846154
657	41,3846154
657	13,3846154
657	-12,6153846
657	11,3846154
658	16,3846154
658	17,3846154
658	21,3846154
658	13,3846154
659	25,3846154
659	47,3846154
659	15,3846154
660	12,3846154
660	32,3846154
660	16,3846154
660	34,3846154
661	5,3846154
661	41,3846154
661	20,3846154
661	3,3846154
662	57,3846154
662	36,3846154
662	4,3846154
662	28,3846154
663	10,3846154
663	23,3846154
663	14,3846154
663	22,3846154
664	27,3846154
664	16,3846154
664	17,3846154
664	25,3846154
665	41,3846154
665	24,3846154
665	31,3846154
665	4,3846154
666	27,3846154
666	19,3846154
666	25,3846154
666	18,3846154
667	40,3846154
667	6,3846154
667	33,3846154
667	-13,6153846
668	4,3846154
668	2,3846154
668	34,3846154
668	28,3846154
669	5,3846154
669	2,3846154
669	19,3846154
669	12,3846154
670	1,3846154
670	19,3846154
670	14,3846154
670	24,3846154
671	25,3846154
671	37,3846154
671	29,3846154
671	15,3846154
672	32,3846154
672	26,3846154
672	35,3846154
672	12,3846154
673	27,3846154
673	2,3846154
673	13,3846154
673	17,3846154
674	4,3846154
674	27,3846154
674	11,3846154
674	46,3846154
675	-1,6153846
675	30,3846154
675	-14,6153846
675	39,3846154
676	25,3846154
676	19,3846154
676	3,3846154
676	16,3846154
677	23,3846154
677	7,3846154
677	-15,6153846
677	4,3846154
678	29,3846154
678	38,3846154
678	20,3846154
678	20,3846154
679	18,3846154
679	40,3846154
679	52,3846154
680	37,3846154
680	26,3846154
680	33,3846154
680	17,3846154
681	-2,6153846
681	20,3846154
681	14,3846154
681	-3,6153846
682	15,3846154
682	29,3846154
682	32,3846154
682	35,3846154
683	21,3846154
683	17,3846154
683	15,3846154
683	12,3846154
684	15,3846154
684	25,3846154
684	21,3846154
684	10,3846154
685	9,3846154
685	2,3846154
685	22,3846154
685	5,3846154
686	15,3846154
686	31,3846154
686	22,3846154
686	15,3846154
687	12,3846154
687	41,3846154
687	8,3846154
687	29,3846154
688	4,3846154
688	20,3846154
688	-5,6153846
688	-25,6153846
689	15,3846154
689	19,3846154
689	17,3846154
689	22,3846154
690	10,3846154
690	4,3846154
690	0,3846154
690	14,3846154
691	18,3846154
691	-5,6153846
691	17,3846154
691	30,3846154
692	21,3846154
692	9,3846154
692	15,3846154
692	-12,6153846
693	24,3846154
693	2,3846154
693	31,3846154
693	-4,6153846
694	9,3846154
694	14,3846154
694	27,3846154
694	32,3846154
695	-14,6153846
695	35,3846154
695	12,3846154
695	-10,6153846
696	-1,6153846
696	9,3846154
696	8,3846154
696	3,3846154
697	1,3846154
697	19,3846154
697	10,3846154
697	22,3846154
698	-7,6153846
698	-16,6153846
698	21,3846154
698	18,3846154
699	26,3846154
699	17,3846154
699	34,3846154
699	15,3846154
700	15,3846154
700	1,3846154
700	-2,6153846
700	7,3846154
701	13,3846154
701	-20,6153846
701	21,3846154
701	23,3846154
702	2,3846154
702	-0,6153846
702	8,3846154
702	17,3846154
703	-5,6153846
703	3,3846154
703	9,3846154
703	-3,6153846
704	19,3846154
704	7,3846154
704	14,3846154
704	49,3846154
705	10,3846154
705	16,3846154
705	34,3846154
706	25,3846154
706	33,3846154
706	35,3846154
706	24,3846154
707	23,3846154
707	-8,6153846
707	28,3846154
707	33,3846154
708	21,3846154
708	32,3846154
708	28,3846154
708	13,3846154
709	-5,6153846
709	17,3846154
709	5,3846154
709	2,3846154
710	5,3846154
710	12,3846154
710	15,3846154
710	10,3846154
711	0,3846154
711	30,3846154
711	12,3846154
711	-1,6153846
712	17,3846154
712	5,3846154
712	10,3846154
712	4,3846154
713	4,3846154
713	5,3846154
713	24,3846154
713	44,3846154
714	35,3846154
714	20,3846154
714	1,3846154
714	2,3846154
715	15,3846154
715	13,3846154
715	12,3846154
715	12,3846154
716	8,3846154
716	8,3846154
716	15,3846154
716	28,3846154
717	2,3846154
717	35,3846154
717	32,3846154
717	24,3846154
718	15,3846154
718	5,3846154
718	-0,6153846
718	12,3846154
719	11,3846154
719	9,3846154
719	17,3846154
719	5,3846154
720	-5,6153846
720	-3,6153846
720	16,3846154
720	13,3846154
721	47,3846154
721	3,3846154
721	11,3846154
721	-3,6153846
722	55,3846154
722	22,3846154
722	-16,6153846
722	-32,6153846
723	14,3846154
723	26,3846154
723	13,3846154
723	19,3846154
724	24,3846154
724	36,3846154
724	7,3846154
724	-9,6153846
725	10,3846154
725	22,3846154
725	10,3846154
725	2,3846154
726	-2,6153846
726	19,3846154
726	16,3846154
726	17,3846154
727	23,3846154
727	-27,6153846
727	13,3846154
727	4,3846154
728	10,3846154
728	4,3846154
728	2,3846154
728	3,3846154
729	13,3846154
729	14,3846154
729	51,3846154
729	21,3846154
730	23,3846154
730	-17,6153846
730	-8,6153846
730	-6,6153846
731	38,3846154
731	22,3846154
731	11,3846154
731	24,3846154
732	11,3846154
732	19,3846154
732	18,3846154
732	27,3846154
733	4,3846154
733	-6,6153846
733	19,3846154
733	19,3846154
734	6,3846154
734	-7,6153846
734	20,3846154
734	9,3846154
735	-0,6153846
735	11,3846154
735	34,3846154
735	29,3846154
736	26,3846154
736	21,3846154
736	0,3846154
736	16,3846154
737	2,3846154
737	-1,6153846
737	1,3846154
737	21,3846154
738	8,3846154
738	17,3846154
738	19,3846154
738	3,3846154
739	20,3846154
739	40,3846154
739	11,3846154
739	24,3846154
740	5,3846154
740	8,3846154
740	5,3846154
740	19,3846154
741	-14,6153846
741	-1,6153846
741	5,3846154
741	-8,6153846
742	19,3846154
742	37,3846154
742	2,3846154
742	-15,6153846
743	-0,6153846
743	40,3846154
743	22,3846154
743	19,3846154
744	2,3846154
744	18,3846154
744	13,3846154
744	7,3846154
745	12,3846154
745	10,3846154
745	8,3846154
745	-5,6153846
746	18,3846154
746	24,3846154
746	8,3846154
746	30,3846154
747	19,3846154
747	32,3846154
747	10,3846154
747	-10,6153846
748	18,3846154
748	16,3846154
748	20,3846154
748	28,3846154
749	7,3846154
749	17,3846154
749	9,3846154
749	-15,6153846
750	-1,6153846
750	20,3846154
750	28,3846154
750	23,3846154
751	37,3846154
751	16,3846154
751	1,3846154
751	10,3846154
752	15,3846154
752	-1,6153846
752	31,3846154
752	8,3846154
753	-8,6153846
753	-14,6153846
753	7,3846154
753	32,3846154
754	11,3846154
754	9,3846154
754	-17,6153846
754	33,3846154
755	11,3846154
755	6,3846154
755	6,3846154
755	8,3846154
756	-11,6153846
756	19,3846154
756	18,3846154
756	27,3846154
757	8,3846154
757	1,3846154
757	-6,6153846
757	9,3846154
758	11,3846154
758	11,3846154
758	7,3846154
758	42,3846154
759	33,3846154
759	47,3846154
759	24,3846154
759	-1,6153846
760	31,3846154
760	-11,6153846
760	5,3846154
760	-1,6153846
761	21,3846154
761	50,3846154
761	1,3846154
761	3,3846154
762	30,3846154
762	11,3846154
762	31,3846154
762	-5,6153846
763	-12,6153846
763	20,3846154
763	21,3846154
763	16,3846154
764	10,3846154
764	2,3846154
764	24,3846154
764	50,3846154
765	31,3846154
765	7,3846154
765	15,3846154
765	13,3846154
766	-10,6153846
766	9,3846154
766	19,3846154
766	11,3846154
767	0,3846154
767	5,3846154
767	7,3846154
767	8,3846154
768	6,3846154
768	6,3846154
768	22,3846154
768	36,3846154
769	-17,6153846
769	41,3846154
769	12,3846154
769	22,3846154
770	2,3846154
770	19,3846154
770	10,3846154
770	12,3846154
771	11,3846154
771	14,3846154
771	-3,6153846
771	28,3846154
772	23,3846154
772	13,3846154
772	34,3846154
772	12,3846154
773	-6,6153846
773	17,3846154
773	14,3846154
773	18,3846154
774	39,3846154
774	18,3846154
774	8,3846154
774	15,3846154
775	-9,6153846
775	2,3846154
775	-0,6153846
775	18,3846154
776	6,3846154
776	13,3846154
776	24,3846154
776	-13,6153846
777	33,3846154
777	-1,6153846
777	-2,6153846
777	15,3846154
778	11,3846154
778	1,3846154
778	12,3846154
778	9,3846154
779	17,3846154
779	11,3846154
779	17,3846154
779	31,3846154
780	39,3846154
780	15,3846154
780	11,3846154
780	10,3846154
781	14,3846154
781	21,3846154
781	34,3846154
781	4,3846154
782	21,3846154
782	17,3846154
782	20,3846154
782	46,3846154
783	24,3846154
783	19,3846154
783	6,3846154
783	2,3846154
784	24,3846154
784	29,3846154
784	7,3846154
784	2,3846154
785	-20,6153846
785	21,3846154
785	16,3846154
785	-1,6153846
786	-1,6153846
786	-1,6153846
786	28,3846154
786	28,3846154
787	15,3846154
787	3,3846154
787	20,3846154
787	-2,6153846
788	-7,6153846
788	9,3846154
788	20,3846154
788	10,3846154
789	37,3846154
789	9,3846154
789	2,3846154
789	13,3846154
790	23,3846154
790	14,3846154
790	11,3846154
790	27,3846154
791	5,3846154
791	15,3846154
791	13,3846154
791	-7,6153846
792	15,3846154
792	-7,6153846
792	50,3846154
792	10,3846154
793	3,3846154
793	24,3846154
793	-15,6153846
793	31,3846154
794	20,3846154
794	5,3846154
794	35,3846154
794	-0,6153846
795	-16,6153846
795	28,3846154
795	5,3846154
795	19,3846154
796	33,3846154
796	35,3846154
796	5,3846154
796	17,3846154
797	-2,6153846
797	-4,6153846
797	22,3846154
797	10,3846154
798	26,3846154
798	1,3846154
798	25,3846154
798	56,3846154
799	19,3846154
799	0,3846154
799	-7,6153846
799	-21,6153846
800	25,3846154
800	47,3846154
800	17,3846154
800	5,3846154
801	20,3846154
801	16,3846154
801	42,3846154
801	9,3846154
802	11,3846154
802	10,3846154
802	35,3846154
802	18,3846154
803	2,3846154
803	-7,6153846
803	24,3846154
803	12,3846154
804	22,3846154
804	-2,6153846
804	25,3846154
804	30,3846154
805	-6,6153846
805	-25,6153846
805	22,3846154
805	6,3846154
806	15,3846154
806	-3,6153846
806	49,3846154
806	28,3846154
807	-4,6153846
807	27,3846154
807	22,3846154
807	38,3846154
808	2,3846154
808	3,3846154
808	8,3846154
808	7,3846154
809	10,3846154
809	16,3846154
809	6,3846154
809	1,3846154
810	13,3846154
810	4,3846154
810	8,3846154
810	-5,6153846
811	22,3846154
811	3,3846154
811	8,3846154
811	22,3846154
812	10,3846154
812	19,3846154
812	27,3846154
812	11,3846154
813	-13,6153846
813	13,3846154
813	42,3846154
813	26,3846154
814	-0,6153846
814	20,3846154
814	9,3846154
814	11,3846154
815	30,3846154
815	6,3846154
815	18,3846154
815	-12,6153846
816	53,3846154
816	31,3846154
816	-4,6153846
816	36,3846154
817	9,3846154
817	10,3846154
817	-2,6153846
817	6,3846154
818	18,3846154
818	26,3846154
818	-9,6153846
818	3,3846154
819	10,3846154
819	41,3846154
819	8,3846154
819	14,3846154
820	16,3846154
820	-2,6153846
820	11,3846154
820	20,3846154
820	-9,6153846
821	20,3846154
821	-1,6153846
821	3,3846154
821	20,3846154
822	29,3846154
822	29,3846154
822	-10,6153846
822	5,3846154
823	-0,6153846
823	11,3846154
823	11,3846154
823	12,3846154
824	5,3846154
824	41,3846154
824	39,3846154
824	34,3846154
825	18,3846154
825	47,3846154
825	5,3846154
825	17,3846154
826	31,3846154
826	23,3846154
826	33,3846154
826	5,3846154
827	32,3846154
827	14,3846154
827	9,3846154
827	-8,6153846
828	17,3846154
828	-9,6153846
828	-4,6153846
828	3,3846154
829	21,3846154
829	24,3846154
829	29,3846154
829	24,3846154
830	34,3846154
830	32,3846154
830	11,3846154
830	5,3846154
831	15,3846154
831	3,3846154
831	22,3846154
831	32,3846154
832	14,3846154
832	34,3846154
832	21,3846154
832	12,3846154
833	21,3846154
833	19,3846154
833	-4,6153846
833	1,3846154
834	44,3846154
834	19,3846154
834	11,3846154
834	6,3846154
835	31,3846154
835	32,3846154
835	14,3846154
835	35,3846154
836	13,3846154
836	3,3846154
836	19,3846154
836	34,3846154
837	27,3846154
837	-12,6153846
837	9,3846154
837	11,3846154
838	-0,6153846
838	26,3846154
838	48,3846154
838	35,3846154
839	7,3846154
839	8,3846154
839	15,3846154
839	36,3846154
840	34,3846154
840	18,3846154
840	-1,6153846
840	8,3846154
841	-2,6153846
841	21,3846154
841	22,3846154
841	0,3846154
842	21,3846154
842	21,3846154
842	-0,6153846
842	22,3846154
843	18,3846154
843	13,3846154
843	23,3846154
843	26,3846154
844	29,3846154
844	33,3846154
844	33,3846154
844	-2,6153846
845	12,3846154
845	21,3846154
845	23,3846154
845	8,3846154
845	8,3846154
846	4,3846154
846	8,3846154
846	15,3846154
846	33,3846154
847	31,3846154
847	17,3846154
847	29,3846154
847	23,3846154
848	9,3846154
848	-23,6153846
848	19,3846154
848	8,3846154
849	1,3846154
849	10,3846154
849	29,3846154
849	29,3846154
850	37,3846154
850	19,3846154
850	14,3846154
850	68,3846154
851	29,3846154
851	-4,6153846
851	25,3846154
851	6,3846154
852	-10,6153846
852	16,3846154
852	26,3846154
852	9,3846154
853	15,3846154
853	16,3846154
853	-17,6153846
853	2,3846154
854	1,3846154
854	9,3846154
854	20,3846154
854	20,3846154
855	8,3846154
855	31,3846154
855	-4,6153846
855	23,3846154
856	20,3846154
856	23,3846154
856	18,3846154
856	-8,6153846
857	-7,6153846
857	43,3846154
857	9,3846154
857	17,3846154
858	12,3846154
858	21,3846154
858	-5,6153846
858	1,3846154
859	8,3846154
859	8,3846154
859	42,3846154
859	4,3846154
860	-3,6153846
860	14,3846154
860	26,3846154
860	-0,6153846
861	8,3846154
861	7,3846154
861	18,3846154
861	17,3846154
862	19,3846154
862	24,3846154
862	4,3846154
862	16,3846154
863	29,3846154
863	14,3846154
863	7,3846154
863	13,3846154
864	18,3846154
864	-18,6153846
864	-13,6153846
864	-0,6153846
864	14,3846154
865	12,3846154
865	19,3846154
865	0,3846154
865	14,3846154
866	-5,6153846
866	-16,6153846
866	32,3846154
866	34,3846154
867	25,3846154
867	-4,6153846
867	11,3846154
867	18,3846154
868	15,3846154
868	-21,6153846
868	15,3846154
868	15,3846154
869	1,3846154
869	34,3846154
869	16,3846154
869	2,3846154
870	24,3846154
870	40,3846154
870	19,3846154
870	23,3846154
871	20,3846154
871	-12,6153846
871	42,3846154
871	9,3846154
872	37,3846154
872	-6,6153846
872	19,3846154
872	15,3846154
873	9,3846154
873	9,3846154
873	-21,6153846
873	-14,6153846
874	3,3846154
874	16,3846154
874	34,3846154
874	12,3846154
875	16,3846154
875	-16,6153846
875	-18,6153846
875	31,3846154
876	-6,6153846
876	18,3846154
876	1,3846154
876	1,3846154
877	20,3846154
877	13,3846154
877	15,3846154
877	3,3846154
878	7,3846154
878	19,3846154
878	60,3846154
878	42,3846154
879	40,3846154
879	26,3846154
879	4,3846154
879	19,3846154
880	15,3846154
880	18,3846154
880	52,3846154
880	13,3846154
880	13,3846154
881	18,3846154
881	23,3846154
881	-6,6153846
881	25,3846154
882	8,3846154
882	6,3846154
882	20,3846154
882	16,3846154
883	17,3846154
883	-1,6153846
883	3,3846154
883	10,3846154
884	23,3846154
884	3,3846154
884	-5,6153846
884	29,3846154
885	21,3846154
885	28,3846154
885	13,3846154
885	28,3846154
886	5,3846154
886	-19,6153846
886	4,3846154
886	0,3846154
887	2,3846154
887	5,3846154
887	-0,6153846
887	0,3846154
888	24,3846154
888	5,3846154
888	15,3846154
888	-5,6153846
889	-6,6153846
889	24,3846154
889	-14,6153846
889	27,3846154
890	27,3846154
890	-20,6153846
890	35,3846154
890	-1,6153846
891	11,3846154
891	16,3846154
891	40,3846154
891	27,3846154
892	-24,6153846
892	5,3846154
892	22,3846154
892	50,3846154
893	18,3846154
893	-0,6153846
893	10,3846154
893	31,3846154
894	22,3846154
894	3,3846154
894	15,3846154
894	2,3846154
894	24,3846154
895	15,3846154
895	-0,6153846
895	28,3846154
895	8,3846154
896	14,3846154
896	7,3846154
896	8,3846154
896	27,3846154
897	29,3846154
897	33,3846154
897	28,3846154
897	34,3846154
898	18,3846154
898	14,3846154
898	4,3846154
898	-6,6153846
899	-0,6153846
899	17,3846154
899	23,3846154
899	15,3846154
900	19,3846154
900	13,3846154
900	20,3846154
900	39,3846154
901	63,3846154
901	28,3846154
901	15,3846154
901	31,3846154
902	6,3846154
902	-11,6153846
902	8,3846154
902	3,3846154
903	8,3846154
903	28,3846154
903	6,3846154
903	27,3846154
904	16,3846154
904	33,3846154
904	2,3846154
904	21,3846154
905	25,3846154
905	20,3846154
905	25,3846154
905	25,3846154
906	19,3846154
906	27,3846154
906	26,3846154
906	32,3846154
906	2,3846154
907	20,3846154
907	31,3846154
907	18,3846154
907	21,3846154
908	10,3846154
908	30,3846154
908	42,3846154
908	2,3846154
909	5,3846154
909	-13,6153846
909	-15,6153846
909	12,3846154
910	6,3846154
910	4,3846154
910	6,3846154
910	-16,6153846
911	9,3846154
911	-10,6153846
911	21,3846154
911	21,3846154
912	11,3846154
912	6,3846154
912	-6,6153846
912	22,3846154
913	-8,6153846
913	-7,6153846
913	12,3846154
913	10,3846154
914	25,3846154
914	-0,6153846
914	27,3846154
914	-12,6153846
915	2,3846154
915	-1,6153846
915	16,3846154
915	36,3846154
916	23,3846154
916	24,3846154
916	22,3846154
916	9,3846154
917	15,3846154
917	43,3846154
917	-11,6153846
917	16,3846154
917	-4,6153846
918	30,3846154
918	48,3846154
918	4,3846154
918	21,3846154
919	1,3846154
919	10,3846154
919	45,3846154
919	-1,6153846
920	19,3846154
920	26,3846154
920	18,3846154
920	20,3846154
921	17,3846154
921	27,3846154
921	2,3846154
921	-16,6153846
922	17,3846154
922	14,3846154
922	10,3846154
922	5,3846154
923	23,3846154
923	22,3846154
923	-3,6153846
923	-4,6153846
924	-0,6153846
924	7,3846154
924	9,3846154
924	16,3846154
925	-7,6153846
925	15,3846154
925	21,3846154
925	33,3846154
926	-7,6153846
926	11,3846154
926	5,3846154
926	20,3846154
927	-16,6153846
927	17,3846154
927	12,3846154
927	20,3846154
928	-9,6153846
928	1,3846154
928	-7,6153846
928	-1,6153846
928	25,3846154
929	35,3846154
929	18,3846154
929	25,3846154
929	-6,6153846
930	14,3846154
930	6,3846154
930	-3,6153846
930	23,3846154
931	27,3846154
931	20,3846154
931	41,3846154
931	35,3846154
932	5,3846154
932	8,3846154
932	-9,6153846
932	-3,6153846
933	26,3846154
933	6,3846154
933	15,3846154
933	-7,6153846
934	13,3846154
934	28,3846154
934	5,3846154
934	29,3846154
935	15,3846154
935	3,3846154
935	11,3846154
935	23,3846154
936	-3,6153846
936	3,3846154
936	-0,6153846
936	-7,6153846
937	24,3846154
937	38,3846154
937	10,3846154
937	-3,6153846
938	1,3846154
938	6,3846154
938	0,3846154
938	34,3846154
938	27,3846154
939	25,3846154
939	-7,6153846
939	23,3846154
939	15,3846154
940	8,3846154
940	16,3846154
940	6,3846154
940	8,3846154
941	29,3846154
941	-14,6153846
941	-9,6153846
941	-3,6153846
942	-12,6153846
942	11,3846154
942	17,3846154
942	54,3846154
943	18,3846154
943	1,3846154
943	-5,6153846
943	11,3846154
944	13,3846154
944	24,3846154
944	16,3846154
944	4,3846154
945	20,3846154
945	43,3846154
945	3,3846154
945	6,3846154
946	10,3846154
946	15,3846154
946	16,3846154
946	-6,6153846
947	8,3846154
947	6,3846154
947	35,3846154
947	27,3846154
947	11,3846154
948	6,3846154
948	28,3846154
948	5,3846154
948	20,3846154
949	25,3846154
949	0,3846154
949	23,3846154
949	30,3846154
950	21,3846154
950	-5,6153846
950	-3,6153846
950	23,3846154
951	13,3846154
951	29,3846154
951	1,3846154
951	3,3846154
952	8,3846154
952	23,3846154
952	7,3846154
952	55,3846154
953	4,3846154
953	22,3846154
953	13,3846154
953	14,3846154
954	-15,6153846
954	3,3846154
954	4,3846154
954	-2,6153846
955	-5,6153846
955	17,3846154
955	-8,6153846
955	-26,6153846
956	15,3846154
956	5,3846154
956	-10,6153846
956	10,3846154
956	-7,6153846
957	17,3846154
957	21,3846154
957	12,3846154
957	-1,6153846
958	14,3846154
958	2,3846154
958	-5,6153846
958	15,3846154
959	-2,6153846
959	8,3846154
959	-9,6153846
959	18,3846154
960	35,3846154
960	36,3846154
960	23,3846154
960	0,3846154
961	26,3846154
961	32,3846154
961	14,3846154
961	3,3846154
962	28,3846154
962	0,3846154
962	13,3846154
962	23,3846154
963	-2,6153846
963	12,3846154
963	31,3846154
963	-8,6153846
964	1,3846154
964	28,3846154
964	12,3846154
964	13,3846154
964	-7,6153846
965	38,3846154
965	-0,6153846
965	21,3846154
965	13,3846154
966	28,3846154
966	24,3846154
966	0,3846154
966	6,3846154
967	-5,6153846
967	14,3846154
967	17,3846154
967	6,3846154
968	13,3846154
968	16,3846154
968	8,3846154
968	31,3846154
969	26,3846154
969	-9,6153846
969	9,3846154
969	-3,6153846
970	0,3846154
970	-19,6153846
970	3,3846154
970	17,3846154
971	17,3846154
971	14,3846154
971	18,3846154
971	12,3846154
972	25,3846154
972	11,3846154
972	18,3846154
972	9,3846154
972	-6,6153846
973	-8,6153846
973	0,3846154
973	14,3846154
973	16,3846154
974	25,3846154
974	19,3846154
974	12,3846154
974	-10,6153846
975	16,3846154
975	13,3846154
975	2,3846154
975	8,3846154
976	2,3846154
976	16,3846154
976	5,3846154
976	27,3846154
977	17,3846154
977	13,3846154
977	19,3846154
977	29,3846154
978	40,3846154
978	23,3846154
978	1,3846154
978	22,3846154
979	9,3846154
979	26,3846154
979	29,3846154
979	8,3846154
980	-0,6153846
980	16,3846154
980	4,3846154
980	-0,6153846
980	-16,6153846
981	3,3846154
981	22,3846154
981	30,3846154
981	7,3846154
982	2,3846154
982	9,3846154
982	21,3846154
982	29,3846154
983	2,3846154
983	20,3846154
983	5,3846154
983	12,3846154
984	17,3846154
984	17,3846154
984	0,3846154
984	21,3846154
985	7,3846154
985	38,3846154
985	25,3846154
985	35,3846154
986	35,3846154
986	19,3846154
986	4,3846154
986	-2,6153846
987	-3,6153846
987	25,3846154
987	25,3846154
987	6,3846154
988	5,3846154
988	31,3846154
988	2,3846154
988	27,3846154
988	15,3846154
989	-5,6153846
989	11,3846154
989	13,3846154
989	13,3846154
990	13,3846154
990	3,3846154
990	7,3846154
990	0,3846154
991	7,3846154
991	17,3846154
991	4,3846154
991	22,3846154
992	20,3846154
992	-5,6153846
992	10,3846154
992	-1,6153846
993	7,3846154
993	11,3846154
993	19,3846154
993	34,3846154
994	1,3846154
994	9,3846154
994	31,3846154
994	26,3846154
995	9,3846154
995	15,3846154
995	19,3846154
995	26,3846154
995	14,3846154
996	20,3846154
996	11,3846154
996	23,3846154
996	2,3846154
997	35,3846154
997	-9,6153846
997	-10,6153846
997	37,3846154
998	-1,6153846
998	11,3846154
998	5,3846154
998	25,3846154
999	3,3846154
999	6,3846154
999	18,3846154
999	21,3846154
1000	15,3846154
1000	16,3846154
1000	-0,6153846
1000	8,3846154
1001	7,3846154
1001	-4,6153846
1001	29,3846154
1001	11,3846154
1002	-6,6153846
1002	23,3846154
1002	40,3846154
1002	32,3846154
1002	-1,6153846
1003	-0,6153846
1003	14,3846154
1003	30,3846154
1003	32,3846154
1004	16,3846154
1004	4,3846154
1004	14,3846154
1004	34,3846154
1005	0,3846154
1005	3,3846154
1005	24,3846154
1005	15,3846154
1006	4,3846154
1006	42,3846154
1006	17,3846154
1006	19,3846154
1007	27,3846154
1007	0,3846154
1007	-8,6153846
1007	-10,6153846
1008	-30,6153846
1008	33,3846154
1008	19,3846154
1008	20,3846154
1008	6,3846154
1009	13,3846154
1009	-12,6153846
1009	26,3846154
1009	10,3846154
1010	5,3846154
1010	-10,6153846
1010	7,3846154
1010	20,3846154
1011	4,3846154
1011	17,3846154
1011	19,3846154
1011	20,3846154
1012	3,3846154
1012	7,3846154
1012	16,3846154
1012	19,3846154
1013	-4,6153846
1013	18,3846154
1013	32,3846154
1013	19,3846154
1014	28,3846154
1014	10,3846154
1014	23,3846154
1014	30,3846154
1015	8,3846154
1015	4,3846154
1015	21,3846154
1015	10,3846154
1015	13,3846154
1016	19,3846154
1016	22,3846154
1016	-1,6153846
1016	2,3846154
1017	28,3846154
1017	17,3846154
1017	3,3846154
1017	15,3846154
1018	20,3846154
1018	32,3846154
1018	16,3846154
1018	5,3846154
1019	-4,6153846
1019	2,3846154
1019	-4,6153846
1019	1,3846154
1020	-7,6153846
1020	-3,6153846
1020	11,3846154
1020	24,3846154
1021	20,3846154
1021	4,3846154
1021	17,3846154
1021	24,3846154
1021	27,3846154
1022	17,3846154
1022	32,3846154
1022	5,3846154
1022	-0,6153846
1023	-2,6153846
1023	-4,6153846
1023	1,3846154
1023	24,3846154
1024	13,3846154
1024	-4,6153846
1024	48,3846154
1024	17,3846154
1025	26,3846154
1025	9,3846154
1025	3,3846154
1025	10,3846154
1026	17,3846154
1026	29,3846154
1026	28,3846154
1026	23,3846154
1027	37,3846154
1027	-2,6153846
1027	45,3846154
1027	18,3846154
1027	5,3846154
1028	11,3846154
1028	20,3846154
1028	24,3846154
1028	23,3846154
1029	-4,6153846
1029	10,3846154
1029	34,3846154
1029	24,3846154
1030	36,3846154
1030	11,3846154
1030	14,3846154
1030	-0,6153846
1031	26,3846154
1031	20,3846154
1031	24,3846154
1031	-9,6153846
1032	11,3846154
1032	29,3846154
1032	8,3846154
1032	31,3846154
1033	21,3846154
1033	30,3846154
1033	31,3846154
1033	11,3846154
1034	24,3846154
1034	11,3846154
1034	-8,6153846
1034	-10,6153846
1034	3,3846154
1035	24,3846154
1035	19,3846154
1035	20,3846154
1035	2,3846154
1036	39,3846154
1036	17,3846154
1036	14,3846154
1036	8,3846154
1037	5,3846154
1037	2,3846154
1037	18,3846154
1037	27,3846154
1038	9,3846154
1038	16,3846154
1038	16,3846154
1038	12,3846154
1039	1,3846154
1039	19,3846154
1039	1,3846154
1039	-10,6153846
1039	6,3846154
1040	14,3846154
1040	26,3846154
1040	-2,6153846
1040	-7,6153846
1041	10,3846154
1041	-1,6153846
1041	15,3846154
1041	29,3846154
1042	23,3846154
1042	21,3846154
1042	12,3846154
1042	26,3846154
1043	34,3846154
1043	41,3846154
1043	21,3846154
1043	12,3846154
1044	21,3846154
1044	-25,6153846
1044	17,3846154
1044	5,3846154
1045	7,3846154
1045	1,3846154
1045	9,3846154
1045	-10,6153846
1045	-12,6153846
1046	1,3846154
1046	-11,6153846
1046	5,3846154
1046	-14,6153846
1047	0,3846154
1047	37,3846154
1047	2,3846154
1047	17,3846154
1048	6,3846154
1048	11,3846154
1048	39,3846154
1048	17,3846154
1049	-0,6153846
1049	9,3846154
1049	30,3846154
1049	10,3846154
1050	-9,6153846
1050	8,3846154
1050	16,3846154
1050	24,3846154
1051	11,3846154
1051	25,3846154
1051	-8,6153846
1051	13,3846154
1051	11,3846154
1052	1,3846154
1052	29,3846154
1052	-10,6153846
1052	-18,6153846
1053	24,3846154
1053	23,3846154
1053	9,3846154
1053	27,3846154
1054	1,3846154
1054	-15,6153846
1054	5,3846154
1054	21,3846154
1055	22,3846154
1055	16,3846154
1055	13,3846154
1055	37,3846154
1056	14,3846154
1056	1,3846154
1056	-1,6153846
1056	13,3846154
1056	1,3846154
1057	30,3846154
1057	9,3846154
1057	32,3846154
1057	43,3846154
1058	7,3846154
1058	0,3846154
1058	-1,6153846
1058	18,3846154
1059	17,3846154
1059	15,3846154
1059	-6,6153846
1059	15,3846154
1060	38,3846154
1060	39,3846154
1060	10,3846154
1060	16,3846154
1061	31,3846154
1061	15,3846154
1061	-4,6153846
1061	13,3846154
1062	32,3846154
1062	26,3846154
1062	4,3846154
1062	43,3846154
1062	48,3846154
1063	5,3846154
1063	4,3846154
1063	21,3846154
1063	21,3846154
1064	-13,6153846
1064	-9,6153846
1064	10,3846154
1064	16,3846154
1065	29,3846154
1065	19,3846154
1065	3,3846154
1065	12,3846154
1066	38,3846154
1066	-0,6153846
1066	-0,6153846
1066	38,3846154
1067	12,3846154
1067	17,3846154
1067	9,3846154
1067	4,3846154
1067	-8,6153846
1068	30,3846154
1068	23,3846154
1068	22,3846154
1068	29,3846154
1069	16,3846154
1069	8,3846154
1069	-4,6153846
1069	26,3846154
1070	21,3846154
1070	16,3846154
1070	-0,6153846
1070	12,3846154
1071	-1,6153846
1071	18,3846154
1071	17,3846154
1071	-1,6153846
1072	25,3846154
1072	29,3846154
1072	16,3846154
1072	19,3846154
1072	23,3846154
1073	-1,6153846
1073	11,3846154
1073	10,3846154
1073	14,3846154
1074	17,3846154
1074	37,3846154
1074	21,3846154
1074	15,3846154
1075	32,3846154
1075	18,3846154
1075	30,3846154
1075	21,3846154
1076	4,3846154
1076	33,3846154
1076	-8,6153846
1076	13,3846154
1077	21,3846154
1077	1,3846154
1077	3,3846154
1077	15,3846154
1077	35,3846154
1078	0,3846154
1078	0,3846154
1078	39,3846154
1078	8,3846154
1079	30,3846154
1079	20,3846154
1079	-6,6153846
1079	26,3846154
1080	16,3846154
1080	-2,6153846
1080	24,3846154
1080	11,3846154
1081	1,3846154
1081	11,3846154
1081	42,3846154
1081	17,3846154
1082	20,3846154
1082	4,3846154
1082	0,3846154
1082	4,3846154
1082	20,3846154
1083	31,3846154
1083	18,3846154
1083	20,3846154
1083	36,3846154
1084	19,3846154
1084	5,3846154
1084	19,3846154
1084	13,3846154
1085	11,3846154
1085	-2,6153846
1085	9,3846154
1085	25,3846154
1086	15,3846154
1086	0,3846154
1086	5,3846154
1086	17,3846154
1087	10,3846154
1087	8,3846154
1087	11,3846154
1087	1,3846154
1087	5,3846154
1088	10,3846154
1088	19,3846154
1088	-0,6153846
1088	6,3846154
1089	8,3846154
1089	19,3846154
1089	-9,6153846
1089	14,3846154
1090	16,3846154
1090	16,3846154
1090	14,3846154
1090	27,3846154
1091	6,3846154
1091	13,3846154
1091	2,3846154
1091	23,3846154
1092	34,3846154
1092	31,3846154
1092	8,3846154
1092	20,3846154
1092	7,3846154
1093	-22,6153846
1093	-2,6153846
1093	-4,6153846
1093	-1,6153846
1094	19,3846154
1094	11,3846154
1094	12,3846154
1094	30,3846154
1095	27,3846154
1095	47,3846154
1095	22,3846154
1095	19,3846154
1096	14,3846154
1096	-25,6153846
1096	-12,6153846
1096	12,3846154
1097	-6,6153846
1097	-10,6153846
1097	12,3846154
1097	38,3846154
1097	11,3846154
1098	31,3846154
1098	12,3846154
1098	-6,6153846
1098	15,3846154
1099	13,3846154
1099	9,3846154
1099	-0,6153846
1099	2,3846154
1100	4,3846154
1100	-2,6153846
1100	2,3846154
1100	0,3846154
1101	-2,6153846
1101	13,3846154
1101	66,3846154
1101	10,3846154
1101	14,3846154
1102	9,3846154
1102	39,3846154
1102	8,3846154
1102	35,3846154
1103	27,3846154
1103	4,3846154
1103	22,3846154
1103	25,3846154
1104	6,3846154
1104	-1,6153846
1104	28,3846154
1104	8,3846154
1105	19,3846154
1105	11,3846154
1105	29,3846154
1105	46,3846154
1106	41,3846154
1106	-15,6153846
1106	2,3846154
1106	-2,6153846
1106	-11,6153846
1107	-1,6153846
1107	48,3846154
1107	32,3846154
1107	12,3846154
1108	3,3846154
1108	18,3846154
1108	22,3846154
1108	-0,6153846
1109	14,3846154
1109	4,3846154
1109	-0,6153846
1109	17,3846154
1110	16,3846154
1110	19,3846154
1110	28,3846154
1110	-2,6153846
1110	35,3846154
1111	22,3846154
1111	40,3846154
1111	8,3846154
1111	-3,6153846
1112	8,3846154
1112	7,3846154
1112	30,3846154
1112	14,3846154
1113	-0,6153846
1113	-9,6153846
1113	-4,6153846
1113	44,3846154
1114	46,3846154
1114	4,3846154
1114	19,3846154
1114	-3,6153846
1115	5,3846154
1115	6,3846154
1115	11,3846154
1115	-1,6153846
1115	24,3846154
1116	21,3846154
1116	31,3846154
1116	26,3846154
1116	13,3846154
1117	33,3846154
1117	-3,6153846
1117	25,3846154
1117	20,3846154
1118	13,3846154
