196	-16,3076923
196	-16,3076923
196	-16,3076923
197	-9,3076923
197	-8,3076923
197	27,6923077
197	12,6923077
198	10,6923077
198	-0,3076923
198	-2,3076923
199	3,6923077
199	16,6923077
199	-2,3076923
199	13,6923077
200	33,6923077
200	5,6923077
200	16,6923077
200	-7,3076923
201	2,6923077
201	-7,3076923
201	16,6923077
201	15,6923077
202	32,6923077
202	5,6923077
202	-33,3076923
203	10,6923077
203	19,6923077
203	21,6923077
203	8,6923077
204	32,6923077
204	15,6923077
204	5,6923077
204	7,6923077
205	10,6923077
205	-7,3076923
205	-12,3076923
205	26,6923077
206	-13,3076923
206	16,6923077
206	10,6923077
207	-6,3076923
207	3,6923077
207	1,6923077
207	-11,3076923
208	-9,3076923
208	-18,3076923
208	2,6923077
208	19,6923077
209	-0,3076923
209	-12,3076923
209	4,6923077
209	-2,3076923
210	-9,3076923
210	1,6923077
210	3,6923077
211	-9,3076923
211	8,6923077
211	-4,3076923
211	16,6923077
212	-15,3076923
212	-23,3076923
212	12,6923077
212	5,6923077
213	27,6923077
213	-15,3076923
213	-12,3076923
213	24,6923077
214	7,6923077
214	10,6923077
214	8,6923077
215	23,6923077
215	5,6923077
215	-1,3076923
215	0,6923077
216	15,6923077
216	9,6923077
216	35,6923077
216	6,6923077
217	-14,3076923
217	0,6923077
217	-0,3076923
217	1,6923077
218	8,6923077
218	-10,3076923
218	-12,3076923
219	0,6923077
219	-19,3076923
219	21,6923077
219	11,6923077
220	16,6923077
220	-7,3076923
220	-2,3076923
220	-3,3076923
221	-7,3076923
221	-9,3076923
221	-3,3076923
221	-0,3076923
222	13,6923077
222	13,6923077
222	29,6923077
223	21,6923077
223	-5,3076923
223	0,6923077
223	-23,3076923
224	10,6923077
224	-9,3076923
224	-17,3076923
224	-20,3076923
225	3,6923077
225	-10,3076923
225	0,6923077
225	11,6923077
226	7,6923077
226	-9,3076923
226	24,6923077
227	19,6923077
227	13,6923077
227	-5,3076923
227	26,6923077
228	16,6923077
228	-6,3076923
228	20,6923077
228	22,6923077
229	5,6923077
229	-11,3076923
229	-12,3076923
229	11,6923077
230	19,6923077
230	14,6923077
230	2,6923077
231	-6,3076923
231	-6,3076923
231	-13,3076923
231	20,6923077
232	11,6923077
232	7,6923077
232	12,6923077
232	-5,3076923
233	-13,3076923
233	7,6923077
233	23,6923077
233	4,6923077
234	-18,3076923
234	11,6923077
234	-8,3076923
235	22,6923077
235	14,6923077
235	13,6923077
235	-3,3076923
236	15,6923077
236	11,6923077
236	-15,3076923
236	5,6923077
237	37,6923077
237	-1,3076923
237	11,6923077
237	-0,3076923
238	8,6923077
238	1,6923077
238	7,6923077
239	-17,3076923
239	-23,3076923
239	-12,3076923
239	-2,3076923
240	2,6923077
240	3,6923077
240	-11,3076923
240	10,6923077
241	-18,3076923
241	-4,3076923
241	7,6923077
241	26,6923077
242	-14,3076923
242	-7,3076923
242	-2,3076923
243	20,6923077
243	24,6923077
243	-23,3076923
243	4,6923077
244	-7,3076923
244	-2,3076923
244	3,6923077
244	-8,3076923
245	-1,3076923
245	4,6923077
245	-11,3076923
245	-8,3076923
246	-29,3076923
246	26,6923077
246	-13,3076923
247	-12,3076923
247	-2,3076923
247	11,6923077
247	14,6923077
248	30,6923077
248	16,6923077
248	7,6923077
248	11,6923077
249	6,6923077
249	-24,3076923
249	-11,3076923
249	22,6923077
250	16,6923077
250	46,6923077
250	9,6923077
251	-7,3076923
251	-2,3076923
251	3,6923077
251	-31,3076923
252	-11,3076923
252	4,6923077
252	15,6923077
252	7,6923077
253	0,6923077
253	1,6923077
253	-4,3076923
253	8,6923077
254	12,6923077
254	-6,3076923
254	4,6923077
254	-0,3076923
255	-26,3076923
255	-20,3076923
255	0,6923077
256	3,6923077
256	-3,3076923
256	-2,3076923
256	-2,3076923
257	2,6923077
257	1,6923077
257	13,6923077
257	8,6923077
258	34,6923077
258	4,6923077
258	8,6923077
258	-8,3076923
259	-8,3076923
259	14,6923077
259	7,6923077
260	-0,3076923
260	-22,3076923
260	-7,3076923
260	0,6923077
261	20,6923077
261	25,6923077
261	16,6923077
261	10,6923077
262	10,6923077
262	13,6923077
262	-5,3076923
262	-15,3076923
263	26,6923077
263	-13,3076923
263	-5,3076923
264	7,6923077
264	19,6923077
264	0,6923077
264	2,6923077
265	-5,3076923
265	10,6923077
265	-5,3076923
265	-22,3076923
266	8,6923077
266	-3,3076923
266	0,6923077
266	-19,3076923
267	28,6923077
267	18,6923077
267	30,6923077
268	11,6923077
268	9,6923077
268	10,6923077
268	40,6923077
269	-1,3076923
269	-1,3076923
269	-6,3076923
269	-3,3076923
270	26,6923077
270	-14,3076923
270	5,6923077
270	21,6923077
271	7,6923077
271	-3,3076923
271	1,6923077
271	-12,3076923
272	7,6923077
272	-10,3076923
272	-31,3076923
273	3,6923077
273	0,6923077
273	-5,3076923
273	1,6923077
274	-15,3076923
274	-6,3076923
274	17,6923077
274	6,6923077
275	6,6923077
275	-14,3076923
275	-8,3076923
275	-10,3076923
276	17,6923077
276	28,6923077
276	0,6923077
277	4,6923077
277	44,6923077
277	10,6923077
277	-8,3076923
278	1,6923077
278	32,6923077
278	10,6923077
278	6,6923077
279	8,6923077
279	4,6923077
279	14,6923077
279	13,6923077
280	-13,3076923
280	9,6923077
280	-13,3076923
280	7,6923077
281	13,6923077
281	27,6923077
281	17,6923077
282	-9,3076923
282	16,6923077
282	0,6923077
282	-11,3076923
283	-26,3076923
283	-31,3076923
283	5,6923077
283	10,6923077
284	-4,3076923
284	-22,3076923
284	-5,3076923
284	-4,3076923
285	-14,3076923
285	13,6923077
285	-5,3076923
286	22,6923077
286	2,6923077
286	-21,3076923
286	-13,3076923
287	16,6923077
287	10,6923077
287	-22,3076923
287	3,6923077
288	-25,3076923
288	10,6923077
288	-16,3076923
288	10,6923077
289	28,6923077
289	6,6923077
289	9,6923077
290	-2,3076923
290	-0,3076923
290	2,6923077
290	-5,3076923
291	14,6923077
291	19,6923077
291	13,6923077
291	5,6923077
292	29,6923077
292	-4,3076923
292	-5,3076923
292	13,6923077
293	21,6923077
293	20,6923077
293	41,6923077
293	57,6923077
294	10,6923077
294	4,6923077
294	6,6923077
295	18,6923077
295	42,6923077
295	17,6923077
295	3,6923077
296	7,6923077
296	13,6923077
296	16,6923077
296	-7,3076923
297	3,6923077
297	27,6923077
297	-7,3076923
297	13,6923077
298	40,6923077
298	-6,3076923
298	21,6923077
299	8,6923077
299	21,6923077
299	18,6923077
299	0,6923077
300	-24,3076923
300	5,6923077
300	5,6923077
300	20,6923077
301	12,6923077
301	16,6923077
301	-12,3076923
301	-13,3076923
302	21,6923077
302	-4,3076923
302	-0,3076923
302	11,6923077
303	9,6923077
303	-13,3076923
303	-3,3076923
304	-10,3076923
304	12,6923077
304	26,6923077
304	2,6923077
305	21,6923077
305	26,6923077
305	0,6923077
305	-2,3076923
306	31,6923077
306	-7,3076923
306	-5,3076923
306	15,6923077
307	34,6923077
307	24,6923077
307	26,6923077
307	4,6923077
308	13,6923077
308	20,6923077
308	21,6923077
309	26,6923077
309	6,6923077
309	29,6923077
309	37,6923077
310	30,6923077
310	24,6923077
310	22,6923077
310	7,6923077
311	55,6923077
311	61,6923077
311	59,6923077
311	84,6923077
312	99,6923077
312	94,6923077
312	80,6923077
313	70,6923077
313	91,6923077
313	76,6923077
313	116,6923077
314	94,6923077
314	73,6923077
314	79,6923077
314	68,6923077
315	88,6923077
315	125,6923077
315	105,6923077
315	72,6923077
316	99,6923077
316	103,6923077
316	83,6923077
316	69,6923077
317	79,6923077
317	75,6923077
317	31,6923077
318	62,6923077
318	69,6923077
318	75,6923077
318	49,6923077
319	42,6923077
319	32,6923077
319	14,6923077
319	39,6923077
320	30,6923077
320	19,6923077
320	30,6923077
320	12,6923077
321	32,6923077
321	10,6923077
321	-2,3076923
321	3,6923077
322	-2,3076923
322	13,6923077
322	16,6923077
323	10,6923077
323	17,6923077
323	2,6923077
323	16,6923077
324	-7,3076923
324	-0,3076923
324	-9,3076923
324	22,6923077
325	-15,3076923
325	-31,3076923
325	9,6923077
325	-3,3076923
326	-12,3076923
326	-11,3076923
326	11,6923077
327	-4,3076923
327	18,6923077
327	15,6923077
327	-19,3076923
328	22,6923077
328	10,6923077
328	15,6923077
328	14,6923077
329	19,6923077
329	0,6923077
329	6,6923077
329	4,6923077
330	23,6923077
330	19,6923077
330	41,6923077
330	69,6923077
331	8,6923077
331	32,6923077
331	59,6923077
332	112,6923077
332	76,6923077
332	118,6923077
332	94,6923077
333	115,6923077
333	107,6923077
333	152,6923077
333	132,6923077
334	119,6923077
334	163,6923077
334	155,6923077
334	189,6923077
335	168,6923077
335	130,6923077
335	109,6923077
335	171,6923077
336	163,6923077
336	192,6923077
336	164,6923077
337	153,6923077
337	180,6923077
337	188,6923077
337	218,6923077
338	205,6923077
338	178,6923077
338	136,6923077
338	165,6923077
339	132,6923077
339	109,6923077
339	149,6923077
339	136,6923077
340	98,6923077
340	76,6923077
340	38,6923077
340	74,6923077
341	71,6923077
341	81,6923077
341	66,6923077
342	67,6923077
342	70,6923077
342	77,6923077
342	41,6923077
343	28,6923077
343	27,6923077
343	13,6923077
343	34,6923077
344	25,6923077
344	17,6923077
344	34,6923077
344	8,6923077
345	-0,3076923
345	16,6923077
345	8,6923077
345	27,6923077
346	7,6923077
346	22,6923077
346	-0,3076923
347	20,6923077
347	27,6923077
347	5,6923077
347	8,6923077
348	10,6923077
348	34,6923077
348	31,6923077
348	4,6923077
349	29,6923077
349	10,6923077
349	25,6923077
349	34,6923077
350	14,6923077
350	22,6923077
350	50,6923077
350	28,6923077
351	57,6923077
351	33,6923077
351	41,6923077
352	54,6923077
352	112,6923077
352	110,6923077
352	90,6923077
353	103,6923077
353	92,6923077
353	102,6923077
353	122,6923077
354	120,6923077
354	135,6923077
354	171,6923077
354	122,6923077
355	118,6923077
355	142,6923077
355	100,6923077
355	125,6923077
356	118,6923077
356	102,6923077
356	137,6923077
357	125,6923077
357	109,6923077
357	157,6923077
357	143,6923077
358	180,6923077
358	183,6923077
358	156,6923077
358	132,6923077
359	109,6923077
359	126,6923077
359	124,6923077
359	111,6923077
360	68,6923077
360	76,6923077
360	68,6923077
360	63,6923077
361	49,6923077
361	36,6923077
361	76,6923077
362	100,6923077
362	91,6923077
362	118,6923077
362	72,6923077
363	37,6923077
363	42,6923077
363	25,6923077
363	27,6923077
364	30,6923077
364	7,6923077
364	-3,3076923
364	22,6923077
365	9,6923077
365	12,6923077
365	-14,3076923
365	5,6923077
366	9,6923077
366	-3,3076923
366	12,6923077
367	8,6923077
367	27,6923077
367	18,6923077
367	32,6923077
368	6,6923077
368	7,6923077
368	-11,3076923
368	7,6923077
369	-12,3076923
369	-5,3076923
369	10,6923077
369	23,6923077
370	23,6923077
370	9,6923077
370	-7,3076923
370	37,6923077
371	28,6923077
371	16,6923077
371	34,6923077
371	37,6923077
372	29,6923077
372	5,6923077
372	4,6923077
373	48,6923077
373	39,6923077
373	16,6923077
373	15,6923077
374	23,6923077
374	45,6923077
374	31,6923077
374	43,6923077
375	44,6923077
375	57,6923077
375	78,6923077
375	77,6923077
376	57,6923077
376	55,6923077
376	72,6923077
376	46,6923077
377	71,6923077
377	77,6923077
377	74,6923077
378	82,6923077
378	66,6923077
378	73,6923077
378	62,6923077
379	68,6923077
379	51,6923077
379	40,6923077
379	55,6923077
380	53,6923077
380	76,6923077
380	68,6923077
380	56,6923077
381	75,6923077
381	53,6923077
381	64,6923077
381	61,6923077
382	51,6923077
382	29,6923077
382	55,6923077
383	35,6923077
383	29,6923077
383	47,6923077
383	32,6923077
384	28,6923077
384	35,6923077
384	31,6923077
384	41,6923077
385	21,6923077
385	68,6923077
385	41,6923077
385	52,6923077
386	67,6923077
386	51,6923077
386	27,6923077
386	38,6923077
387	34,6923077
387	20,6923077
387	21,6923077
387	0,6923077
388	4,6923077
388	19,6923077
388	31,6923077
389	9,6923077
389	4,6923077
389	16,6923077
389	16,6923077
390	17,6923077
390	3,6923077
390	1,6923077
390	-0,3076923
391	0,6923077
391	29,6923077
391	26,6923077
391	8,6923077
392	27,6923077
392	1,6923077
392	-5,3076923
392	13,6923077
393	15,6923077
393	18,6923077
393	7,6923077
394	19,6923077
394	24,6923077
394	42,6923077
394	17,6923077
395	12,6923077
395	37,6923077
395	31,6923077
395	36,6923077
396	33,6923077
396	50,6923077
396	33,6923077
396	33,6923077
397	15,6923077
397	33,6923077
397	21,6923077
397	33,6923077
398	59,6923077
398	24,6923077
398	16,6923077
398	32,6923077
399	25,6923077
399	37,6923077
399	40,6923077
400	39,6923077
400	36,6923077
400	41,6923077
400	50,6923077
401	29,6923077
401	46,6923077
401	37,6923077
401	37,6923077
402	30,6923077
402	34,6923077
402	36,6923077
402	36,6923077
403	15,6923077
403	34,6923077
403	24,6923077
403	26,6923077
404	36,6923077
404	40,6923077
404	28,6923077
405	29,6923077
405	17,6923077
405	54,6923077
405	45,6923077
406	56,6923077
406	55,6923077
406	22,6923077
406	29,6923077
407	28,6923077
407	17,6923077
407	-4,3076923
407	23,6923077
408	28,6923077
408	17,6923077
408	4,6923077
408	5,6923077
409	10,6923077
409	-7,3076923
409	18,6923077
409	26,6923077
410	19,6923077
410	17,6923077
410	28,6923077
411	33,6923077
411	16,6923077
411	52,6923077
411	4,6923077
412	24,6923077
412	28,6923077
412	0,6923077
412	5,6923077
413	1,6923077
413	-3,3076923
413	7,6923077
413	-3,3076923
414	11,6923077
414	16,6923077
414	-1,3076923
414	0,6923077
415	21,6923077
415	20,6923077
415	14,6923077
415	12,6923077
416	15,6923077
416	6,6923077
416	-7,3076923
417	28,6923077
417	8,6923077
417	18,6923077
417	18,6923077
418	7,6923077
418	6,6923077
418	4,6923077
418	-3,3076923
419	32,6923077
419	32,6923077
419	21,6923077
419	-0,3076923
420	21,6923077
420	19,6923077
420	15,6923077
420	9,6923077
421	30,6923077
421	27,6923077
421	40,6923077
421	29,6923077
422	22,6923077
422	34,6923077
422	7,6923077
423	15,6923077
423	-3,3076923
423	33,6923077
423	8,6923077
424	27,6923077
424	-0,3076923
424	-6,3076923
424	29,6923077
425	20,6923077
425	11,6923077
425	14,6923077
425	9,6923077
426	-1,3076923
426	9,6923077
426	30,6923077
426	15,6923077
427	18,6923077
427	6,6923077
427	5,6923077
427	18,6923077
428	24,6923077
428	47,6923077
428	2,6923077
429	33,6923077
429	20,6923077
429	5,6923077
429	41,6923077
430	23,6923077
430	10,6923077
430	18,6923077
430	0,6923077
431	16,6923077
431	-7,3076923
431	5,6923077
431	41,6923077
432	10,6923077
432	4,6923077
432	30,6923077
432	50,6923077
433	19,6923077
433	-4,3076923
433	30,6923077
433	9,6923077
434	13,6923077
434	25,6923077
434	16,6923077
435	-10,3076923
435	9,6923077
435	8,6923077
435	18,6923077
436	20,6923077
436	15,6923077
436	2,6923077
436	8,6923077
437	9,6923077
437	3,6923077
437	-6,3076923
437	-31,3076923
438	9,6923077
438	31,6923077
438	36,6923077
438	10,6923077
439	18,6923077
439	-3,3076923
439	7,6923077
439	10,6923077
440	33,6923077
440	15,6923077
440	21,6923077
441	-0,3076923
441	-14,3076923
441	33,6923077
441	23,6923077
442	-12,3076923
442	5,6923077
442	-4,3076923
442	16,6923077
443	29,6923077
443	15,6923077
443	8,6923077
443	-10,3076923
444	-24,3076923
444	9,6923077
444	-14,3076923
444	18,6923077
445	8,6923077
445	-8,3076923
445	22,6923077
445	29,6923077
446	-2,3076923
446	-13,3076923
446	9,6923077
447	11,6923077
447	6,6923077
447	15,6923077
447	9,6923077
448	39,6923077
448	-19,3076923
448	-16,3076923
448	3,6923077
449	22,6923077
449	26,6923077
449	23,6923077
449	17,6923077
450	17,6923077
450	-6,3076923
450	-11,3076923
450	8,6923077
451	11,6923077
451	-16,3076923
451	-10,3076923
451	3,6923077
452	-7,3076923
452	-36,3076923
452	-7,3076923
452	1,6923077
453	8,6923077
453	15,6923077
453	17,6923077
454	23,6923077
454	25,6923077
454	19,6923077
454	-3,3076923
455	-6,3076923
455	15,6923077
455	1,6923077
455	-23,3076923
456	12,6923077
456	23,6923077
456	-4,3076923
456	9,6923077
457	-16,3076923
457	1,6923077
457	2,6923077
457	4,6923077
458	7,6923077
458	-8,3076923
458	-12,3076923
458	11,6923077
459	-16,3076923
459	6,6923077
459	8,6923077
460	24,6923077
460	2,6923077
460	25,6923077
460	5,6923077
461	-2,3076923
461	-6,3076923
461	2,6923077
461	18,6923077
462	19,6923077
462	2,6923077
462	10,6923077
462	-3,3076923
463	-3,3076923
463	-5,3076923
463	-36,3076923
463	-14,3076923
464	-5,3076923
464	7,6923077
464	-2,3076923
464	-14,3076923
465	13,6923077
465	18,6923077
465	17,6923077
465	15,6923077
466	9,6923077
466	5,6923077
466	9,6923077
467	-9,3076923
467	9,6923077
467	26,6923077
467	15,6923077
468	7,6923077
468	28,6923077
468	-3,3076923
468	3,6923077
469	16,6923077
469	8,6923077
469	-20,3076923
469	23,6923077
470	26,6923077
470	3,6923077
470	4,6923077
470	-6,3076923
471	23,6923077
471	1,6923077
471	22,6923077
471	-5,3076923
472	22,6923077
472	17,6923077
472	12,6923077
472	34,6923077
473	-20,3076923
473	32,6923077
473	-11,3076923
474	5,6923077
474	-10,3076923
474	31,6923077
474	-15,3076923
475	0,6923077
475	2,6923077
475	-5,3076923
475	-4,3076923
476	8,6923077
476	-0,3076923
476	8,6923077
476	-5,3076923
477	8,6923077
477	16,6923077
477	-1,3076923
477	-12,3076923
478	-23,3076923
478	-24,3076923
478	16,6923077
478	14,6923077
479	-12,3076923
479	22,6923077
479	4,6923077
479	13,6923077
480	35,6923077
480	0,6923077
480	-4,3076923
481	2,6923077
481	9,6923077
481	-2,3076923
481	-2,3076923
482	48,6923077
482	12,6923077
482	-9,3076923
482	13,6923077
483	-5,3076923
483	-5,3076923
483	-15,3076923
483	-10,3076923
484	-16,3076923
484	23,6923077
484	20,6923077
484	-27,3076923
485	-3,3076923
485	-0,3076923
485	2,6923077
485	-4,3076923
486	-4,3076923
486	7,6923077
486	0,6923077
486	-18,3076923
487	-19,3076923
487	4,6923077
487	19,6923077
488	5,6923077
488	22,6923077
488	-3,3076923
488	-3,3076923
489	-0,3076923
489	10,6923077
489	3,6923077
489	-9,3076923
490	-2,3076923
490	27,6923077
490	-1,3076923
490	17,6923077
491	-22,3076923
491	9,6923077
491	-3,3076923
491	-3,3076923
492	-15,3076923
492	-2,3076923
492	25,6923077
492	-24,3076923
493	-0,3076923
493	-13,3076923
493	20,6923077
493	-9,3076923
494	-12,3076923
494	-5,3076923
494	6,6923077
495	3,6923077
495	3,6923077
495	11,6923077
495	0,6923077
496	15,6923077
496	-7,3076923
496	-13,3076923
496	-14,3076923
497	-19,3076923
497	25,6923077
497	17,6923077
497	14,6923077
498	3,6923077
498	-17,3076923
498	12,6923077
498	-7,3076923
499	-2,3076923
499	-2,3076923
499	-15,3076923
499	24,6923077
500	41,6923077
500	5,6923077
500	-17,3076923
500	-6,3076923
501	-24,3076923
501	-17,3076923
501	14,6923077
502	1,6923077
502	-1,3076923
502	8,6923077
502	12,6923077
503	12,6923077
503	12,6923077
503	14,6923077
503	-29,3076923
504	-13,3076923
504	12,6923077
504	21,6923077
504	3,6923077
505	-9,3076923
505	0,6923077
505	0,6923077
505	-14,3076923
506	8,6923077
506	1,6923077
506	2,6923077
506	16,6923077
507	18,6923077
507	1,6923077
507	8,6923077
507	6,6923077
508	26,6923077
508	18,6923077
508	-2,3076923
508	24,6923077
509	-0,3076923
509	31,6923077
509	0,6923077
510	-8,3076923
510	1,6923077
510	9,6923077
510	1,6923077
511	15,6923077
511	22,6923077
511	8,6923077
511	2,6923077
512	7,6923077
512	0,6923077
512	6,6923077
512	3,6923077
513	-10,3076923
513	13,6923077
513	7,6923077
513	-25,3076923
514	-18,3076923
514	9,6923077
514	13,6923077
514	-12,3076923
515	-14,3076923
515	-1,3076923
515	-16,3076923
515	17,6923077
516	8,6923077
516	22,6923077
516	11,6923077
516	-25,3076923
517	-4,3076923
517	-1,3076923
517	1,6923077
518	-22,3076923
518	0,6923077
518	9,6923077
518	3,6923077
519	27,6923077
519	19,6923077
519	-14,3076923
519	13,6923077
520	-21,3076923
520	-1,3076923
520	16,6923077
520	10,6923077
521	0,6923077
521	18,6923077
521	-11,3076923
521	16,6923077
522	28,6923077
522	21,6923077
522	14,6923077
522	9,6923077
523	1,6923077
523	7,6923077
523	1,6923077
523	-13,3076923
524	13,6923077
524	-4,3076923
524	-5,3076923
524	23,6923077
525	9,6923077
525	-1,3076923
525	12,6923077
526	6,6923077
526	24,6923077
526	22,6923077
526	4,6923077
527	-3,3076923
527	34,6923077
527	14,6923077
527	31,6923077
528	15,6923077
528	-11,3076923
528	-3,3076923
528	6,6923077
529	28,6923077
529	-18,3076923
529	-10,3076923
529	25,6923077
530	28,6923077
530	-7,3076923
530	-11,3076923
530	25,6923077
531	-9,3076923
531	-7,3076923
531	22,6923077
531	7,6923077
532	6,6923077
532	-12,3076923
532	1,6923077
532	19,6923077
533	19,6923077
533	-8,3076923
533	-4,3076923
534	-7,3076923
534	15,6923077
534	-1,3076923
534	12,6923077
535	1,6923077
535	-12,3076923
535	-16,3076923
535	2,6923077
536	17,6923077
536	25,6923077
536	-20,3076923
536	-13,3076923
537	2,6923077
537	-4,3076923
537	6,6923077
537	-2,3076923
538	3,6923077
538	-17,3076923
538	12,6923077
538	-14,3076923
539	0,6923077
539	0,6923077
539	-0,3076923
539	26,6923077
540	12,6923077
540	-25,3076923
540	9,6923077
540	20,6923077
541	29,6923077
541	-0,3076923
541	-6,3076923
541	1,6923077
542	29,6923077
542	-12,3076923
542	-11,3076923
543	2,6923077
543	-5,3076923
543	3,6923077
543	37,6923077
544	-7,3076923
544	-8,3076923
544	-0,3076923
544	-15,3076923
545	-17,3076923
545	4,6923077
545	15,6923077
545	-13,3076923
546	25,6923077
546	1,6923077
546	5,6923077
546	-0,3076923
547	-25,3076923
547	2,6923077
547	11,6923077
547	-4,3076923
548	22,6923077
548	6,6923077
548	20,6923077
548	29,6923077
549	-7,3076923
549	30,6923077
549	11,6923077
549	-5,3076923
550	-3,3076923
550	10,6923077
550	-8,3076923
550	-12,3076923
551	-10,3076923
551	-18,3076923
551	12,6923077
552	-16,3076923
552	-11,3076923
552	-15,3076923
552	-5,3076923
553	1,6923077
553	3,6923077
553	4,6923077
553	21,6923077
554	3,6923077
554	-9,3076923
554	-9,3076923
554	0,6923077
555	31,6923077
555	24,6923077
555	-10,3076923
555	10,6923077
556	19,6923077
556	15,6923077
556	-10,3076923
556	21,6923077
557	35,6923077
557	-4,3076923
557	-3,3076923
557	7,6923077
558	5,6923077
558	-34,3076923
558	-4,3076923
558	24,6923077
559	23,6923077
559	0,6923077
559	3,6923077
559	-8,3076923
560	13,6923077
560	27,6923077
560	4,6923077
561	-10,3076923
561	6,6923077
561	-3,3076923
561	22,6923077
562	4,6923077
562	0,6923077
562	22,6923077
562	7,6923077
563	24,6923077
563	-4,3076923
563	23,6923077
563	6,6923077
564	-16,3076923
564	6,6923077
564	13,6923077
564	7,6923077
565	9,6923077
565	7,6923077
565	21,6923077
565	6,6923077
566	15,6923077
566	-6,3076923
566	-10,3076923
566	1,6923077
567	20,6923077
567	-21,3076923
567	-10,3076923
567	-33,3076923
568	-24,3076923
568	-7,3076923
568	10,6923077
568	-13,3076923
569	-7,3076923
569	20,6923077
569	3,6923077
569	-4,3076923
570	-16,3076923
570	-17,3076923
570	8,6923077
571	7,6923077
571	3,6923077
571	8,6923077
571	8,6923077
572	-20,3076923
572	11,6923077
572	-2,3076923
572	2,6923077
573	4,6923077
573	-6,3076923
573	-21,3076923
573	-6,3076923
574	-3,3076923
574	-6,3076923
574	-8,3076923
574	5,6923077
575	10,6923077
575	-3,3076923
575	-12,3076923
575	-2,3076923
576	-20,3076923
576	4,6923077
576	29,6923077
576	-6,3076923
577	2,6923077
577	23,6923077
577	-1,3076923
577	7,6923077
578	6,6923077
578	0,6923077
578	-6,3076923
578	4,6923077
579	-0,3076923
579	-9,3076923
579	-6,3076923
579	6,6923077
580	3,6923077
580	35,6923077
580	9,6923077
581	32,6923077
581	-6,3076923
581	13,6923077
581	-4,3076923
582	-33,3076923
582	-14,3076923
582	14,6923077
582	-0,3076923
583	-31,3076923
583	0,6923077
583	8,6923077
583	4,6923077
584	23,6923077
584	17,6923077
584	28,6923077
584	7,6923077
585	-0,3076923
585	0,6923077
585	6,6923077
585	-1,3076923
586	-4,3076923
586	14,6923077
586	15,6923077
586	7,6923077
587	29,6923077
587	-14,3076923
587	4,6923077
587	-7,3076923
588	5,6923077
588	16,6923077
588	6,6923077
588	-4,3076923
589	18,6923077
589	4,6923077
589	19,6923077
589	-4,3076923
590	-7,3076923
590	17,6923077
590	-5,3076923
590	-8,3076923
591	0,6923077
591	23,6923077
591	-15,3076923
592	-0,3076923
592	-14,3076923
592	-16,3076923
592	-7,3076923
593	21,6923077
593	-25,3076923
593	-5,3076923
593	28,6923077
594	23,6923077
594	-15,3076923
594	10,6923077
594	10,6923077
595	-6,3076923
595	-32,3076923
595	16,6923077
595	6,6923077
596	9,6923077
596	9,6923077
596	-31,3076923
596	-13,3076923
597	1,6923077
597	-1,3076923
597	-3,3076923
597	-219,3076923
598	-37,3076923
598	0,6923077
598	-13,3076923
598	12,6923077
599	-8,3076923
599	-15,3076923
599	-11,3076923
599	-15,3076923
600	-4,3076923
600	-4,3076923
600	0,6923077
600	4,6923077
601	-21,3076923
601	6,6923077
601	18,6923077
601	-0,3076923
602	9,6923077
602	4,6923077
602	10,6923077
603	8,6923077
603	29,6923077
603	32,6923077
603	-5,3076923
604	-10,3076923
604	9,6923077
604	13,6923077
604	19,6923077
605	40,6923077
605	-2,3076923
605	-4,3076923
605	9,6923077
606	2,6923077
606	-5,3076923
606	11,6923077
606	18,6923077
607	-31,3076923
607	-2,3076923
607	11,6923077
607	33,6923077
608	12,6923077
608	18,6923077
608	9,6923077
608	-8,3076923
609	-17,3076923
609	25,6923077
609	6,6923077
609	-3,3076923
610	-11,3076923
610	16,6923077
610	11,6923077
610	10,6923077
611	19,6923077
611	-7,3076923
611	1,6923077
611	-13,3076923
612	-13,3076923
612	5,6923077
612	18,6923077
612	14,6923077
613	13,6923077
613	17,6923077
613	-3,3076923
613	12,6923077
614	29,6923077
614	-5,3076923
614	-4,3076923
614	-7,3076923
615	-5,3076923
615	15,6923077
615	-13,3076923
616	-17,3076923
616	-6,3076923
616	10,6923077
616	5,6923077
617	-0,3076923
617	-3,3076923
617	-0,3076923
617	-11,3076923
618	-17,3076923
618	11,6923077
618	4,6923077
618	18,6923077
619	-3,3076923
619	18,6923077
619	0,6923077
619	-7,3076923
620	4,6923077
620	19,6923077
620	-10,3076923
620	11,6923077
621	-0,3076923
621	25,6923077
621	-2,3076923
621	2,6923077
622	-18,3076923
622	2,6923077
622	26,6923077
622	-2,3076923
623	-20,3076923
623	-2,3076923
623	5,6923077
623	9,6923077
624	-5,3076923
624	15,6923077
624	24,6923077
624	7,6923077
625	-4,3076923
625	-4,3076923
625	-12,3076923
625	8,6923077
626	20,6923077
626	-9,3076923
626	12,6923077
626	2,6923077
627	-9,3076923
627	9,6923077
627	20,6923077
627	4,6923077
628	2,6923077
628	10,6923077
628	-2,3076923
629	-18,3076923
629	0,6923077
629	-8,3076923
629	-16,3076923
630	14,6923077
630	-1,3076923
630	-1,3076923
630	-7,3076923
631	-14,3076923
631	-2,3076923
631	-13,3076923
631	1,6923077
632	3,6923077
632	28,6923077
632	9,6923077
632	1,6923077
633	4,6923077
633	4,6923077
633	-4,3076923
633	-1,3076923
634	13,6923077
634	8,6923077
634	-2,3076923
634	8,6923077
635	-4,3076923
635	-18,3076923
635	-4,3076923
635	14,6923077
636	16,6923077
636	18,6923077
636	-21,3076923
636	-6,3076923
637	-6,3076923
637	5,6923077
637	19,6923077
637	-14,3076923
638	16,6923077
638	4,6923077
638	8,6923077
638	-6,3076923
639	-13,3076923
639	-1,3076923
639	2,6923077
639	42,6923077
640	20,6923077
640	3,6923077
640	-25,3076923
640	21,6923077
641	-6,3076923
641	-5,3076923
641	6,6923077
641	14,6923077
642	2,6923077
642	14,6923077
642	3,6923077
642	2,6923077
643	-13,3076923
643	-7,3076923
643	21,6923077
644	11,6923077
644	2,6923077
644	-1,3076923
644	2,6923077
645	-2,3076923
645	-2,3076923
645	28,6923077
645	29,6923077
646	14,6923077
646	2,6923077
646	12,6923077
646	10,6923077
647	-1,3076923
647	24,6923077
647	-15,3076923
647	-4,3076923
648	23,6923077
648	10,6923077
648	-19,3076923
648	-3,3076923
649	16,6923077
649	22,6923077
649	8,6923077
649	7,6923077
650	19,6923077
650	23,6923077
650	9,6923077
650	-13,3076923
651	17,6923077
651	25,6923077
651	-3,3076923
651	-7,3076923
652	-10,3076923
652	-5,3076923
652	11,6923077
652	-1,3076923
653	9,6923077
653	26,6923077
653	2,6923077
653	-4,3076923
654	12,6923077
654	18,6923077
654	30,6923077
654	2,6923077
655	4,6923077
655	18,6923077
655	11,6923077
655	9,6923077
656	0,6923077
656	4,6923077
656	-29,3076923
656	20,6923077
657	25,6923077
657	-23,3076923
657	11,6923077
657	25,6923077
658	-1,3076923
658	2,6923077
658	-4,3076923
658	0,6923077
659	23,6923077
659	24,6923077
659	19,6923077
660	5,6923077
660	-10,3076923
660	6,6923077
660	11,6923077
661	10,6923077
661	20,6923077
661	3,6923077
661	-20,3076923
662	20,6923077
662	38,6923077
662	1,6923077
662	16,6923077
663	-2,3076923
663	7,6923077
663	16,6923077
663	10,6923077
664	34,6923077
664	27,6923077
664	27,6923077
664	2,6923077
665	22,6923077
665	5,6923077
665	11,6923077
665	-21,3076923
666	-2,3076923
666	-8,3076923
666	15,6923077
666	-5,3076923
667	27,6923077
667	-1,3076923
667	19,6923077
667	-6,3076923
668	-10,3076923
668	-5,3076923
668	2,6923077
668	29,6923077
669	-16,3076923
669	-19,3076923
669	18,6923077
669	-29,3076923
670	20,6923077
670	36,6923077
670	-6,3076923
670	1,6923077
671	15,6923077
671	28,6923077
671	10,6923077
671	-0,3076923
672	3,6923077
672	5,6923077
672	10,6923077
672	20,6923077
673	21,6923077
673	-11,3076923
673	0,6923077
673	13,6923077
674	1,6923077
674	7,6923077
674	7,6923077
674	19,6923077
675	-20,3076923
675	5,6923077
675	-15,3076923
675	5,6923077
676	-11,3076923
676	-7,3076923
676	4,6923077
676	25,6923077
677	-0,3076923
677	-14,3076923
677	-14,3076923
677	14,6923077
678	24,6923077
678	5,6923077
678	-2,3076923
678	4,6923077
679	7,6923077
679	5,6923077
679	23,6923077
680	30,6923077
680	6,6923077
680	2,6923077
680	8,6923077
681	29,6923077
681	2,6923077
681	9,6923077
681	7,6923077
682	1,6923077
682	1,6923077
682	-1,3076923
682	5,6923077
683	8,6923077
683	7,6923077
683	14,6923077
683	17,6923077
684	-11,3076923
684	5,6923077
684	5,6923077
684	17,6923077
685	10,6923077
685	10,6923077
685	1,6923077
685	-14,3076923
686	4,6923077
686	7,6923077
686	0,6923077
686	5,6923077
687	19,6923077
687	11,6923077
687	0,6923077
687	-11,3076923
688	-34,3076923
688	24,6923077
688	-1,3076923
688	-5,3076923
689	-2,3076923
689	-8,3076923
689	10,6923077
689	8,6923077
690	-4,3076923
690	-0,3076923
690	-20,3076923
690	1,6923077
691	14,6923077
691	-14,3076923
691	6,6923077
691	19,6923077
692	0,6923077
692	5,6923077
692	-1,3076923
692	25,6923077
693	6,6923077
693	-3,3076923
693	-0,3076923
693	-28,3076923
694	12,6923077
694	-9,3076923
694	0,6923077
694	-1,3076923
695	-13,3076923
695	2,6923077
695	-1,3076923
695	-27,3076923
696	-4,3076923
696	-6,3076923
696	-2,3076923
696	-10,3076923
697	-11,3076923
697	-3,3076923
697	-1,3076923
697	4,6923077
698	0,6923077
698	-18,3076923
698	-19,3076923
698	18,6923077
699	-21,3076923
699	-19,3076923
699	16,6923077
699	-2,3076923
700	-2,3076923
700	5,6923077
700	-0,3076923
700	-5,3076923
701	7,6923077
701	-11,3076923
701	7,6923077
701	20,6923077
702	-15,3076923
702	6,6923077
702	-4,3076923
702	1,6923077
703	-22,3076923
703	12,6923077
703	-2,3076923
703	6,6923077
704	-1,3076923
704	6,6923077
704	-6,3076923
704	23,6923077
705	21,6923077
705	-2,3076923
705	28,6923077
706	11,6923077
706	40,6923077
706	8,6923077
706	-10,3076923
707	-12,3076923
707	-16,3076923
707	3,6923077
707	-1,3076923
708	5,6923077
708	20,6923077
708	-1,3076923
708	-4,3076923
709	-4,3076923
709	-6,3076923
709	-2,3076923
709	-22,3076923
710	-1,3076923
710	31,6923077
710	16,6923077
710	29,6923077
711	0,6923077
711	30,6923077
711	11,6923077
711	8,6923077
712	3,6923077
712	-2,3076923
712	13,6923077
712	4,6923077
713	-11,3076923
713	22,6923077
713	-8,3076923
713	-1,3076923
714	11,6923077
714	14,6923077
714	6,6923077
714	-1,3076923
715	22,6923077
715	-6,3076923
715	-9,3076923
715	0,6923077
716	5,6923077
716	3,6923077
716	-9,3076923
716	-2,3076923
717	-22,3076923
717	-8,3076923
717	15,6923077
717	3,6923077
718	-6,3076923
718	-8,3076923
718	-7,3076923
718	3,6923077
719	-3,3076923
719	9,6923077
719	7,6923077
719	-17,3076923
720	4,6923077
720	-17,3076923
720	-5,3076923
720	-4,3076923
721	7,6923077
721	-17,3076923
721	-4,3076923
721	-23,3076923
722	26,6923077
722	12,6923077
722	-4,3076923
722	-24,3076923
723	-3,3076923
723	8,6923077
723	-11,3076923
723	23,6923077
724	-0,3076923
724	14,6923077
724	20,6923077
724	-15,3076923
725	-10,3076923
725	26,6923077
725	1,6923077
725	5,6923077
726	3,6923077
726	14,6923077
726	24,6923077
726	1,6923077
727	11,6923077
727	-26,3076923
727	6,6923077
727	0,6923077
728	3,6923077
728	-2,3076923
728	6,6923077
728	-17,3076923
729	-18,3076923
729	13,6923077
729	15,6923077
729	5,6923077
730	24,6923077
730	-16,3076923
730	-19,3076923
730	-18,3076923
731	8,6923077
731	-2,3076923
731	-0,3076923
731	18,6923077
732	-21,3076923
732	-6,3076923
732	0,6923077
732	-7,3076923
733	9,6923077
733	-12,3076923
733	4,6923077
733	-1,3076923
734	-8,3076923
734	-15,3076923
734	-3,3076923
734	21,6923077
735	-0,3076923
735	7,6923077
735	18,6923077
735	10,6923077
736	-11,3076923
736	-13,3076923
736	-21,3076923
736	20,6923077
737	22,6923077
737	-3,3076923
737	-27,3076923
737	9,6923077
738	10,6923077
738	-8,3076923
738	18,6923077
738	6,6923077
739	7,6923077
739	32,6923077
739	-13,3076923
739	14,6923077
740	-5,3076923
740	2,6923077
740	2,6923077
740	11,6923077
741	-12,3076923
741	-2,3076923
741	9,6923077
741	-13,3076923
742	9,6923077
742	31,6923077
742	-3,3076923
742	-2,3076923
743	-24,3076923
743	21,6923077
743	-3,3076923
743	-4,3076923
744	14,6923077
744	15,6923077
744	-5,3076923
744	13,6923077
745	-13,3076923
745	-13,3076923
745	-15,3076923
745	-21,3076923
746	-14,3076923
746	-8,3076923
746	0,6923077
746	10,6923077
747	20,6923077
747	-2,3076923
747	-10,3076923
747	-11,3076923
748	0,6923077
748	2,6923077
748	-1,3076923
748	12,6923077
749	0,6923077
749	30,6923077
749	-11,3076923
749	-8,3076923
750	1,6923077
750	20,6923077
750	28,6923077
750	5,6923077
751	3,6923077
751	5,6923077
751	-3,3076923
751	11,6923077
752	2,6923077
752	-7,3076923
752	20,6923077
752	5,6923077
753	2,6923077
753	-16,3076923
753	-1,3076923
753	6,6923077
754	-3,3076923
754	-19,3076923
754	-11,3076923
754	5,6923077
755	-6,3076923
755	-9,3076923
755	13,6923077
755	-5,3076923
756	-19,3076923
756	8,6923077
756	-0,3076923
756	12,6923077
757	3,6923077
757	-8,3076923
757	-9,3076923
757	8,6923077
758	7,6923077
758	12,6923077
758	4,6923077
758	42,6923077
759	5,6923077
759	25,6923077
759	-4,3076923
759	5,6923077
760	13,6923077
760	-3,3076923
760	-3,3076923
760	-19,3076923
761	10,6923077
761	-0,3076923
761	-11,3076923
761	13,6923077
762	21,6923077
762	23,6923077
762	29,6923077
762	-14,3076923
763	-1,3076923
763	28,6923077
763	7,6923077
763	1,6923077
764	20,6923077
764	5,6923077
764	24,6923077
764	5,6923077
765	25,6923077
765	-11,3076923
765	6,6923077
765	0,6923077
766	-28,3076923
766	11,6923077
766	4,6923077
766	-3,3076923
767	-1,3076923
767	4,6923077
767	-2,3076923
767	9,6923077
768	3,6923077
768	5,6923077
768	12,6923077
768	20,6923077
769	-11,3076923
769	11,6923077
769	0,6923077
769	-17,3076923
770	15,6923077
770	3,6923077
770	-8,3076923
770	-0,3076923
771	2,6923077
771	-29,3076923
771	1,6923077
771	3,6923077
772	21,6923077
772	-15,3076923
772	4,6923077
772	7,6923077
773	-3,3076923
773	13,6923077
773	-7,3076923
773	-6,3076923
774	17,6923077
774	26,6923077
774	1,6923077
774	5,6923077
775	-19,3076923
775	2,6923077
775	-22,3076923
775	14,6923077
776	-17,3076923
776	12,6923077
776	28,6923077
776	-17,3076923
777	11,6923077
777	11,6923077
777	8,6923077
777	10,6923077
778	1,6923077
778	14,6923077
778	21,6923077
778	-0,3076923
779	29,6923077
779	6,6923077
779	2,6923077
779	21,6923077
780	18,6923077
780	3,6923077
780	14,6923077
780	8,6923077
781	7,6923077
781	2,6923077
781	32,6923077
781	3,6923077
782	21,6923077
782	0,6923077
782	2,6923077
782	36,6923077
783	18,6923077
783	-7,3076923
783	-26,3076923
783	0,6923077
784	15,6923077
784	14,6923077
784	-1,3076923
784	-2,3076923
785	-17,3076923
785	7,6923077
785	-11,3076923
785	-10,3076923
786	0,6923077
786	-10,3076923
786	26,6923077
786	27,6923077
787	4,6923077
787	-0,3076923
787	11,6923077
787	-1,3076923
788	-20,3076923
788	-14,3076923
788	-9,3076923
788	7,6923077
789	8,6923077
789	-5,3076923
789	-1,3076923
789	-7,3076923
790	20,6923077
790	11,6923077
790	6,6923077
790	3,6923077
791	-4,3076923
791	-9,3076923
791	0,6923077
791	-32,3076923
792	-6,3076923
792	1,6923077
792	35,6923077
792	20,6923077
793	-16,3076923
793	14,6923077
793	-28,3076923
793	27,6923077
794	16,6923077
794	-24,3076923
794	0,6923077
794	-24,3076923
795	-1,3076923
795	1,6923077
795	-4,3076923
795	19,6923077
796	-6,3076923
796	3,6923077
796	-8,3076923
796	6,6923077
797	-20,3076923
797	-42,3076923
797	4,6923077
797	-10,3076923
798	-10,3076923
798	9,6923077
798	22,6923077
798	34,6923077
799	-4,3076923
799	-3,3076923
799	-2,3076923
799	-3,3076923
800	17,6923077
800	27,6923077
800	11,6923077
800	-24,3076923
801	3,6923077
801	-6,3076923
801	6,6923077
801	-19,3076923
802	-7,3076923
802	-3,3076923
802	2,6923077
802	-10,3076923
803	5,6923077
803	9,6923077
803	-0,3076923
803	10,6923077
804	-1,3076923
804	-12,3076923
804	-3,3076923
804	27,6923077
805	-17,3076923
805	-46,3076923
805	5,6923077
805	-20,3076923
806	-9,3076923
806	-8,3076923
806	26,6923077
806	9,6923077
807	3,6923077
807	13,6923077
807	-0,3076923
807	26,6923077
808	-1,3076923
808	-7,3076923
808	0,6923077
808	6,6923077
809	8,6923077
809	35,6923077
809	5,6923077
809	6,6923077
810	11,6923077
810	4,6923077
810	-3,3076923
810	-0,3076923
811	20,6923077
811	0,6923077
811	-9,3076923
811	-9,3076923
812	18,6923077
812	8,6923077
812	-0,3076923
812	-17,3076923
813	-16,3076923
813	9,6923077
813	0,6923077
813	17,6923077
814	4,6923077
814	-5,3076923
814	-3,3076923
814	17,6923077
815	27,6923077
815	23,6923077
815	14,6923077
815	-10,3076923
816	35,6923077
816	7,6923077
816	-1,3076923
816	-4,3076923
817	-9,3076923
817	4,6923077
817	-26,3076923
817	3,6923077
818	13,6923077
818	17,6923077
818	-9,3076923
818	-11,3076923
819	-17,3076923
819	-1,3076923
819	13,6923077
819	-5,3076923
820	-6,3076923
820	13,6923077
820	10,6923077
820	28,6923077
820	7,6923077
821	2,6923077
821	-9,3076923
821	-5,3076923
821	-1,3076923
822	13,6923077
822	5,6923077
822	-31,3076923
822	1,6923077
823	-13,3076923
823	2,6923077
823	8,6923077
823	-5,3076923
824	-7,3076923
824	31,6923077
824	10,6923077
824	1,6923077
825	3,6923077
825	22,6923077
825	-0,3076923
825	1,6923077
826	11,6923077
826	-3,3076923
826	1,6923077
826	-17,3076923
827	1,6923077
827	-6,3076923
827	9,6923077
827	-23,3076923
828	-5,3076923
828	5,6923077
828	0,6923077
828	-5,3076923
829	14,6923077
829	11,6923077
829	-0,3076923
829	7,6923077
830	0,6923077
830	31,6923077
830	4,6923077
830	11,6923077
831	27,6923077
831	13,6923077
831	1,6923077
831	16,6923077
832	18,6923077
832	4,6923077
832	-2,3076923
832	-3,3076923
833	14,6923077
833	-12,3076923
833	-28,3076923
833	12,6923077
834	23,6923077
834	11,6923077
834	0,6923077
834	-3,3076923
835	-16,3076923
835	11,6923077
835	-6,3076923
835	15,6923077
836	7,6923077
836	-1,3076923
836	4,6923077
836	29,6923077
837	13,6923077
837	1,6923077
837	-25,3076923
837	5,6923077
838	-9,3076923
838	6,6923077
838	29,6923077
838	6,6923077
839	0,6923077
839	-21,3076923
839	12,6923077
839	33,6923077
840	10,6923077
840	-11,3076923
840	-20,3076923
840	-18,3076923
841	-8,3076923
841	6,6923077
841	12,6923077
841	8,6923077
842	-3,3076923
842	33,6923077
842	19,6923077
842	-12,3076923
843	-11,3076923
843	19,6923077
843	25,6923077
843	31,6923077
844	23,6923077
844	-2,3076923
844	5,6923077
844	-0,3076923
845	-11,3076923
845	17,6923077
845	10,6923077
845	7,6923077
845	0,6923077
846	-24,3076923
846	-0,3076923
846	-14,3076923
846	23,6923077
847	10,6923077
847	-0,3076923
847	7,6923077
847	8,6923077
848	-6,3076923
848	-20,3076923
848	-1,3076923
848	-10,3076923
849	-3,3076923
849	-5,3076923
849	5,6923077
849	-0,3076923
850	-4,3076923
850	12,6923077
850	24,6923077
850	37,6923077
851	-4,3076923
851	-26,3076923
851	-2,3076923
851	-10,3076923
852	-9,3076923
852	-3,3076923
852	10,6923077
852	-13,3076923
853	-15,3076923
853	-0,3076923
853	-14,3076923
853	-3,3076923
854	-11,3076923
854	4,6923077
854	-5,3076923
854	-5,3076923
855	-11,3076923
855	-4,3076923
855	-14,3076923
855	5,6923077
856	-13,3076923
856	-7,3076923
856	-0,3076923
856	9,6923077
857	-8,3076923
857	22,6923077
857	2,6923077
857	-0,3076923
858	17,6923077
858	9,6923077
858	26,6923077
858	13,6923077
859	6,6923077
859	-12,3076923
859	7,6923077
859	-21,3076923
860	1,6923077
860	-2,3076923
860	24,6923077
860	-15,3076923
861	7,6923077
861	-4,3076923
861	8,6923077
861	20,6923077
862	17,6923077
862	0,6923077
862	-9,3076923
862	-8,3076923
863	3,6923077
863	1,6923077
863	-0,3076923
863	7,6923077
864	18,6923077
864	-24,3076923
864	-7,3076923
864	3,6923077
864	-5,3076923
865	11,6923077
865	7,6923077
865	13,6923077
865	-7,3076923
866	-4,3076923
866	4,6923077
866	18,6923077
866	0,6923077
867	18,6923077
867	-6,3076923
867	-1,3076923
867	31,6923077
868	22,6923077
868	-14,3076923
868	-15,3076923
868	15,6923077
869	12,6923077
869	8,6923077
869	-1,3076923
869	-1,3076923
870	31,6923077
870	3,6923077
870	10,6923077
870	25,6923077
871	11,6923077
871	-19,3076923
871	-5,3076923
871	-18,3076923
872	23,6923077
872	-12,3076923
872	-0,3076923
872	5,6923077
873	-5,3076923
873	-1,3076923
873	-16,3076923
873	13,6923077
874	-22,3076923
874	-5,3076923
874	-8,3076923
874	3,6923077
875	3,6923077
875	-18,3076923
875	-22,3076923
875	6,6923077
876	-11,3076923
876	25,6923077
876	-0,3076923
876	-11,3076923
877	-3,3076923
877	-6,3076923
877	28,6923077
877	3,6923077
878	1,6923077
878	-23,3076923
878	14,6923077
878	24,6923077
879	23,6923077
879	-4,3076923
879	10,6923077
879	-1,3076923
880	11,6923077
880	1,6923077
880	27,6923077
880	-2,3076923
880	0,6923077
881	27,6923077
881	11,6923077
881	-7,3076923
881	-24,3076923
882	-9,3076923
882	-5,3076923
882	8,6923077
882	-1,3076923
883	5,6923077
883	-36,3076923
883	-1,3076923
883	-12,3076923
884	29,6923077
884	1,6923077
884	-0,3076923
884	11,6923077
885	10,6923077
885	6,6923077
885	-9,3076923
885	6,6923077
886	-5,3076923
886	1,6923077
886	-7,3076923
886	19,6923077
887	24,6923077
887	14,6923077
887	-29,3076923
887	-15,3076923
888	-0,3076923
888	-11,3076923
888	-8,3076923
888	-20,3076923
889	-4,3076923
889	29,6923077
889	2,6923077
889	4,6923077
890	-2,3076923
890	-21,3076923
890	24,6923077
890	7,6923077
891	0,6923077
891	-20,3076923
891	15,6923077
891	31,6923077
892	-10,3076923
892	-19,3076923
892	-15,3076923
892	35,6923077
893	-1,3076923
893	-15,3076923
893	-19,3076923
893	3,6923077
894	18,6923077
894	6,6923077
894	4,6923077
894	21,6923077
894	-5,3076923
895	-5,3076923
895	8,6923077
895	7,6923077
895	4,6923077
896	30,6923077
896	10,6923077
896	22,6923077
896	24,6923077
897	1,6923077
897	9,6923077
897	25,6923077
897	15,6923077
898	9,6923077
898	0,6923077
898	-15,3076923
898	-23,3076923
899	0,6923077
899	-35,3076923
899	-2,3076923
899	-0,3076923
900	-1,3076923
900	8,6923077
900	3,6923077
900	-3,3076923
901	33,6923077
901	13,6923077
901	16,6923077
901	1,6923077
902	-11,3076923
902	16,6923077
902	8,6923077
902	1,6923077
903	-5,3076923
903	8,6923077
903	-7,3076923
903	21,6923077
904	-13,3076923
904	-4,3076923
904	19,6923077
904	31,6923077
905	-3,3076923
905	13,6923077
905	-4,3076923
905	1,6923077
906	6,6923077
906	4,6923077
906	12,6923077
906	5,6923077
906	-14,3076923
907	9,6923077
907	13,6923077
907	-12,3076923
907	16,6923077
908	1,6923077
908	2,6923077
908	26,6923077
908	-12,3076923
909	3,6923077
909	-21,3076923
909	-26,3076923
909	-1,3076923
910	4,6923077
910	-10,3076923
910	9,6923077
910	-2,3076923
911	0,6923077
911	-2,3076923
911	5,6923077
911	5,6923077
912	4,6923077
912	17,6923077
912	6,6923077
912	5,6923077
913	-1,3076923
913	-7,3076923
913	10,6923077
913	0,6923077
914	8,6923077
914	-17,3076923
914	11,6923077
914	5,6923077
915	-18,3076923
915	-12,3076923
915	35,6923077
915	25,6923077
916	13,6923077
916	17,6923077
916	21,6923077
916	-2,3076923
917	12,6923077
917	20,6923077
917	-11,3076923
917	-2,3076923
917	-6,3076923
918	-4,3076923
918	11,6923077
918	-14,3076923
918	-5,3076923
919	5,6923077
919	16,6923077
919	34,6923077
919	-3,3076923
920	0,6923077
920	-2,3076923
920	-5,3076923
920	-12,3076923
921	-13,3076923
921	4,6923077
921	3,6923077
921	-7,3076923
922	-13,3076923
922	-12,3076923
922	-6,3076923
922	-2,3076923
923	-5,3076923
923	18,6923077
923	-15,3076923
923	-15,3076923
924	-5,3076923
924	-19,3076923
924	-26,3076923
924	-5,3076923
925	-10,3076923
925	-4,3076923
925	21,6923077
925	13,6923077
926	-13,3076923
926	3,6923077
926	6,6923077
926	4,6923077
927	-1,3076923
927	-21,3076923
927	-7,3076923
927	-14,3076923
928	-15,3076923
928	-17,3076923
928	-31,3076923
928	-29,3076923
928	26,6923077
929	13,6923077
929	0,6923077
929	-3,3076923
929	7,6923077
930	14,6923077
930	-0,3076923
930	10,6923077
930	-11,3076923
931	20,6923077
931	-22,3076923
931	-4,3076923
931	19,6923077
932	10,6923077
932	-15,3076923
932	2,6923077
932	-2,3076923
933	13,6923077
933	2,6923077
933	16,6923077
933	-13,3076923
934	1,6923077
934	21,6923077
934	-3,3076923
934	9,6923077
935	1,6923077
935	0,6923077
935	-3,3076923
935	13,6923077
936	-5,3076923
936	19,6923077
936	-26,3076923
936	-10,3076923
937	8,6923077
937	39,6923077
937	7,6923077
937	5,6923077
938	-14,3076923
938	6,6923077
938	24,6923077
938	30,6923077
938	10,6923077
939	25,6923077
939	19,6923077
939	14,6923077
939	12,6923077
940	0,6923077
940	3,6923077
940	-9,3076923
940	-12,3076923
941	-4,3076923
941	1,6923077
941	-19,3076923
941	-9,3076923
942	14,6923077
942	13,6923077
942	11,6923077
942	2,6923077
943	-2,3076923
943	-5,3076923
943	0,6923077
943	2,6923077
944	-2,3076923
944	21,6923077
944	7,6923077
944	24,6923077
945	1,6923077
945	1,6923077
945	-9,3076923
945	-7,3076923
946	11,6923077
946	-1,3076923
946	15,6923077
946	4,6923077
947	13,6923077
947	25,6923077
947	15,6923077
947	-5,3076923
947	25,6923077
948	-7,3076923
948	-5,3076923
948	12,6923077
948	7,6923077
949	10,6923077
949	-15,3076923
949	16,6923077
949	14,6923077
950	16,6923077
950	-9,3076923
950	-6,3076923
950	-8,3076923
951	3,6923077
951	-8,3076923
951	-0,3076923
951	-2,3076923
952	10,6923077
952	21,6923077
952	-2,3076923
952	24,6923077
953	-20,3076923
953	-11,3076923
953	0,6923077
953	-16,3076923
954	-11,3076923
954	5,6923077
954	-0,3076923
954	9,6923077
955	-7,3076923
955	12,6923077
955	-0,3076923
955	-26,3076923
956	24,6923077
956	4,6923077
956	9,6923077
956	-12,3076923
956	1,6923077
957	27,6923077
957	31,6923077
957	13,6923077
957	-12,3076923
958	-1,3076923
958	-8,3076923
958	4,6923077
958	6,6923077
959	-9,3076923
959	2,6923077
959	-7,3076923
959	17,6923077
960	40,6923077
960	21,6923077
960	1,6923077
960	5,6923077
961	0,6923077
961	10,6923077
961	-16,3076923
961	-11,3076923
962	-4,3076923
962	10,6923077
962	-5,3076923
962	6,6923077
963	-6,3076923
963	9,6923077
963	17,6923077
963	-17,3076923
964	-8,3076923
964	24,6923077
964	-8,3076923
964	-13,3076923
964	12,6923077
965	6,6923077
965	-14,3076923
965	11,6923077
965	-5,3076923
966	24,6923077
966	17,6923077
966	11,6923077
966	1,6923077
967	4,6923077
967	-5,3076923
967	12,6923077
967	1,6923077
968	14,6923077
968	29,6923077
968	5,6923077
968	10,6923077
969	17,6923077
969	0,6923077
969	6,6923077
969	13,6923077
970	22,6923077
970	-1,3076923
970	-0,3076923
970	2,6923077
971	-14,3076923
971	-27,3076923
971	5,6923077
971	5,6923077
972	12,6923077
972	-23,3076923
972	0,6923077
972	-15,3076923
972	-16,3076923
973	-11,3076923
973	0,6923077
973	6,6923077
973	-23,3076923
974	2,6923077
974	-0,3076923
974	31,6923077
974	8,6923077
975	19,6923077
975	-8,3076923
975	21,6923077
975	2,6923077
976	-43,3076923
976	-13,3076923
976	21,6923077
976	-4,3076923
977	21,6923077
977	3,6923077
977	-24,3076923
977	18,6923077
978	36,6923077
978	25,6923077
978	-3,3076923
978	32,6923077
979	4,6923077
979	15,6923077
979	22,6923077
979	20,6923077
980	-22,3076923
980	11,6923077
980	9,6923077
980	12,6923077
980	4,6923077
981	-15,3076923
981	1,6923077
981	8,6923077
981	-3,3076923
982	-27,3076923
982	-17,3076923
982	20,6923077
982	18,6923077
983	-7,3076923
983	-0,3076923
983	-22,3076923
983	11,6923077
984	28,6923077
984	34,6923077
984	3,6923077
984	-15,3076923
985	-7,3076923
985	-4,3076923
985	14,6923077
985	22,6923077
986	24,6923077
986	-3,3076923
986	7,6923077
986	3,6923077
987	2,6923077
987	9,6923077
987	17,6923077
987	5,6923077
988	9,6923077
988	-2,3076923
988	3,6923077
988	29,6923077
988	16,6923077
989	1,6923077
989	15,6923077
989	7,6923077
989	2,6923077
990	-17,3076923
990	-1,3076923
990	-14,3076923
990	-35,3076923
991	-10,3076923
991	22,6923077
991	-2,3076923
991	22,6923077
992	11,6923077
992	-4,3076923
992	3,6923077
992	9,6923077
993	15,6923077
993	2,6923077
993	4,6923077
993	7,6923077
994	-0,3076923
994	16,6923077
994	-0,3076923
994	2,6923077
995	21,6923077
995	4,6923077
995	15,6923077
995	15,6923077
995	23,6923077
996	25,6923077
996	12,6923077
996	7,6923077
996	8,6923077
997	30,6923077
997	-30,3076923
997	3,6923077
997	23,6923077
998	8,6923077
998	4,6923077
998	7,6923077
998	-13,3076923
999	20,6923077
999	6,6923077
999	8,6923077
999	0,6923077
1000	11,6923077
1000	38,6923077
1000	-2,3076923
1000	-11,3076923
1001	10,6923077
1001	33,6923077
1001	9,6923077
1001	9,6923077
1002	2,6923077
1002	1,6923077
1002	12,6923077
1002	21,6923077
1002	-12,3076923
1003	-9,3076923
1003	-6,3076923
1003	6,6923077
1003	-2,3076923
1004	9,6923077
1004	-6,3076923
1004	9,6923077
1004	29,6923077
1005	4,6923077
1005	-11,3076923
1005	6,6923077
1005	1,6923077
1006	-10,3076923
1006	-7,3076923
1006	1,6923077
1006	8,6923077
1007	-17,3076923
1007	-4,3076923
1007	-4,3076923
1007	-23,3076923
1008	-19,3076923
1008	13,6923077
1008	-2,3076923
1008	1,6923077
1008	-0,3076923
1009	-5,3076923
1009	-15,3076923
1009	6,6923077
1009	13,6923077
1010	-1,3076923
1010	-15,3076923
1010	-11,3076923
1010	-2,3076923
1011	12,6923077
1011	26,6923077
1011	22,6923077
1011	21,6923077
1012	27,6923077
1012	-2,3076923
1012	15,6923077
1012	-8,3076923
1013	-25,3076923
1013	-5,3076923
1013	24,6923077
1013	8,6923077
1014	10,6923077
1014	19,6923077
1014	15,6923077
1014	5,6923077
1015	5,6923077
1015	1,6923077
1015	2,6923077
1015	6,6923077
1015	-2,3076923
1016	21,6923077
1016	8,6923077
1016	20,6923077
1016	12,6923077
1017	15,6923077
1017	10,6923077
1017	-7,3076923
1017	8,6923077
1018	-2,3076923
1018	-2,3076923
1018	7,6923077
1018	-10,3076923
1019	-1,3076923
1019	14,6923077
1019	-0,3076923
1019	3,6923077
1020	-17,3076923
1020	21,6923077
1020	25,6923077
1020	23,6923077
1021	0,6923077
1021	-15,3076923
1021	-0,3076923
1021	-3,3076923
1021	9,6923077
1022	2,6923077
1022	10,6923077
1022	-3,3076923
1022	1,6923077
1023	-10,3076923
1023	-11,3076923
1023	3,6923077
1023	19,6923077
1024	6,6923077
1024	-8,3076923
1024	-3,3076923
1024	22,6923077
1025	-4,3076923
1025	-30,3076923
1025	-15,3076923
1025	13,6923077
1026	2,6923077
1026	18,6923077
1026	5,6923077
1026	-3,3076923
1027	5,6923077
1027	-12,3076923
1027	28,6923077
1027	31,6923077
1027	-6,3076923
1028	7,6923077
1028	-13,3076923
1028	-7,3076923
1028	13,6923077
1029	-21,3076923
1029	-5,3076923
1029	5,6923077
1029	7,6923077
1030	12,6923077
1030	13,6923077
1030	-11,3076923
1030	-6,3076923
1031	5,6923077
1031	7,6923077
1031	17,6923077
1031	-24,3076923
1032	-4,3076923
1032	22,6923077
1032	-7,3076923
1032	7,6923077
1033	16,6923077
1033	16,6923077
1033	6,6923077
1033	14,6923077
1034	3,6923077
1034	-9,3076923
1034	-10,3076923
1034	-4,3076923
1034	-20,3076923
1035	-4,3076923
1035	2,6923077
1035	4,6923077
1035	14,6923077
1036	37,6923077
1036	-9,3076923
1036	13,6923077
1036	7,6923077
1037	-13,3076923
1037	-16,3076923
1037	14,6923077
1037	38,6923077
1038	11,6923077
1038	19,6923077
1038	-16,3076923
1038	6,6923077
1039	5,6923077
1039	-1,3076923
1039	-17,3076923
1039	-27,3076923
1039	-13,3076923
1040	-17,3076923
1040	10,6923077
1040	12,6923077
1040	18,6923077
1041	10,6923077
1041	13,6923077
1041	12,6923077
1041	17,6923077
1042	-1,3076923
1042	3,6923077
1042	-3,3076923
1042	11,6923077
1043	19,6923077
1043	46,6923077
1043	-1,3076923
1043	-14,3076923
1044	-0,3076923
1044	-39,3076923
1044	-4,3076923
1044	-14,3076923
1045	3,6923077
1045	-16,3076923
1045	-19,3076923
1045	-16,3076923
1045	-18,3076923
1046	-0,3076923
1046	21,6923077
1046	-1,3076923
1046	-2,3076923
1047	-15,3076923
1047	16,6923077
1047	-20,3076923
1047	25,6923077
1048	13,6923077
1048	-4,3076923
1048	22,6923077
1048	-3,3076923
1049	-26,3076923
1049	5,6923077
1049	17,6923077
1049	16,6923077
1050	1,6923077
1050	-7,3076923
1050	-7,3076923
1050	6,6923077
1051	18,6923077
1051	20,6923077
1051	-12,3076923
1051	-13,3076923
1051	-21,3076923
1052	6,6923077
1052	-6,3076923
1052	6,6923077
1052	-13,3076923
1053	-1,3076923
1053	5,6923077
1053	20,6923077
1053	5,6923077
1054	28,6923077
1054	-10,3076923
1054	6,6923077
1054	-14,3076923
1055	-20,3076923
1055	-4,3076923
1055	-13,3076923
1055	8,6923077
1056	32,6923077
1056	11,6923077
1056	-17,3076923
1056	-6,3076923
1056	9,6923077
1057	26,6923077
1057	-13,3076923
1057	-14,3076923
1057	30,6923077
1058	-15,3076923
1058	0,6923077
1058	-23,3076923
1058	2,6923077
1059	19,6923077
1059	10,6923077
1059	-30,3076923
1059	-15,3076923
1060	17,6923077
1060	8,6923077
1060	12,6923077
1060	11,6923077
1061	20,6923077
1061	25,6923077
1061	8,6923077
1061	18,6923077
1062	8,6923077
1062	19,6923077
1062	-9,3076923
1062	10,6923077
1062	1,6923077
1063	-1,3076923
1063	-2,3076923
1063	14,6923077
1063	18,6923077
1064	-10,3076923
1064	-0,3076923
1064	-0,3076923
1064	-4,3076923
1065	25,6923077
1065	16,6923077
1065	4,6923077
1065	-0,3076923
1066	16,6923077
1066	3,6923077
1066	0,6923077
1066	29,6923077
1067	8,6923077
1067	19,6923077
1067	6,6923077
1067	-12,3076923
1067	16,6923077
1068	2,6923077
1068	13,6923077
1068	-4,3076923
1068	10,6923077
1069	23,6923077
1069	2,6923077
1069	-9,3076923
1069	0,6923077
1070	7,6923077
1070	3,6923077
1070	-0,3076923
1070	-0,3076923
1071	14,6923077
1071	9,6923077
1071	11,6923077
1071	11,6923077
1072	26,6923077
1072	1,6923077
1072	10,6923077
1072	20,6923077
1072	16,6923077
1073	5,6923077
1073	8,6923077
1073	-18,3076923
1073	-0,3076923
1074	-19,3076923
1074	9,6923077
1074	13,6923077
1074	7,6923077
1075	30,6923077
1075	10,6923077
1075	16,6923077
1075	0,6923077
1076	-20,3076923
1076	3,6923077
1076	7,6923077
1076	-3,3076923
1077	-13,3076923
1077	-10,3076923
1077	-2,3076923
1077	-18,3076923
1077	35,6923077
1078	-10,3076923
1078	-14,3076923
1078	1,6923077
1078	-8,3076923
1079	9,6923077
1079	39,6923077
1079	-16,3076923
1079	-13,3076923
1080	1,6923077
1080	-20,3076923
1080	-23,3076923
1080	0,6923077
1081	-8,3076923
1081	10,6923077
1081	-2,3076923
1081	12,6923077
1082	13,6923077
1082	-18,3076923
1082	-16,3076923
1082	7,6923077
1082	0,6923077
1083	-35,3076923
1083	10,6923077
1083	17,6923077
1083	6,6923077
1084	14,6923077
1084	1,6923077
1084	25,6923077
1084	5,6923077
1085	25,6923077
1085	9,6923077
1085	16,6923077
1085	5,6923077
1086	-9,3076923
1086	15,6923077
1086	1,6923077
1086	16,6923077
1087	11,6923077
1087	-4,3076923
1087	21,6923077
1087	12,6923077
1087	19,6923077
1088	-1,3076923
1088	0,6923077
1088	-4,3076923
1088	-10,3076923
1089	7,6923077
1089	4,6923077
1089	-17,3076923
1089	15,6923077
1090	40,6923077
1090	0,6923077
1090	6,6923077
1090	12,6923077
1091	-1,3076923
1091	6,6923077
1091	3,6923077
1091	-7,3076923
1092	30,6923077
1092	1,6923077
1092	3,6923077
1092	-5,3076923
1092	-15,3076923
1093	2,6923077
1093	-10,3076923
1093	-16,3076923
1093	-5,3076923
1094	4,6923077
1094	-5,3076923
1094	9,6923077
1094	38,6923077
1095	-4,3076923
1095	7,6923077
1095	-1,3076923
1095	7,6923077
1096	16,6923077
1096	-39,3076923
1096	-39,3076923
1096	3,6923077
1097	4,6923077
1097	-21,3076923
1097	-8,3076923
1097	16,6923077
1097	-13,3076923
1098	27,6923077
1098	43,6923077
1098	10,6923077
1098	-21,3076923
1099	2,6923077
1099	14,6923077
1099	15,6923077
1099	22,6923077
1100	-5,3076923
1100	-17,3076923
1100	-3,3076923
1100	5,6923077
1101	-16,3076923
1101	1,6923077
1101	23,6923077
1101	-24,3076923
1101	4,6923077
1102	-0,3076923
1102	15,6923077
1102	-1,3076923
1102	2,6923077
1103	19,6923077
1103	-12,3076923
1103	9,6923077
1103	-2,3076923
1104	6,6923077
1104	10,6923077
1104	-0,3076923
1104	20,6923077
1105	-4,3076923
1105	17,6923077
1105	25,6923077
1105	35,6923077
1106	22,6923077
1106	-0,3076923
1106	2,6923077
1106	-11,3076923
1106	-6,3076923
1107	2,6923077
1107	19,6923077
1107	29,6923077
1107	-0,3076923
1108	-22,3076923
1108	8,6923077
1108	18,6923077
1108	-21,3076923
1109	-19,3076923
1109	9,6923077
1109	1,6923077
1109	14,6923077
1110	15,6923077
1110	8,6923077
1110	-12,3076923
1110	-11,3076923
1110	1,6923077
1111	14,6923077
1111	10,6923077
1111	-2,3076923
1111	1,6923077
1112	-11,3076923
1112	5,6923077
1112	8,6923077
1112	8,6923077
1113	-20,3076923
1113	-12,3076923
1113	-16,3076923
1113	25,6923077
1114	24,6923077
1114	3,6923077
1114	8,6923077
1114	15,6923077
1115	7,6923077
1115	3,6923077
1115	1,6923077
1115	-11,3076923
1115	28,6923077
1116	-1,3076923
1116	-15,3076923
1116	-24,3076923
1116	-18,3076923
1117	4,6923077
1117	-27,3076923
1117	13,6923077
1117	2,6923077
1118	18,6923077
