196	-21,1538462
196	-21,1538462
196	-21,1538462
197	-4,1538462
197	3,8461538
197	33,8461538
197	11,8461538
198	0,8461538
198	-5,1538462
198	-19,1538462
199	10,8461538
199	10,8461538
199	19,8461538
199	12,8461538
200	30,8461538
200	0,8461538
200	27,8461538
200	-12,1538462
201	5,8461538
201	6,8461538
201	8,8461538
201	-8,1538462
202	30,8461538
202	14,8461538
202	-16,1538462
203	1,8461538
203	-21,1538462
203	11,8461538
203	14,8461538
204	11,8461538
204	6,8461538
204	-26,1538462
204	-4,1538462
205	2,8461538
205	-24,1538462
205	-17,1538462
205	15,8461538
206	-1,1538462
206	19,8461538
206	12,8461538
207	-4,1538462
207	2,8461538
207	17,8461538
207	-4,1538462
208	-10,1538462
208	2,8461538
208	-4,1538462
208	12,8461538
209	18,8461538
209	20,8461538
209	7,8461538
209	4,8461538
210	17,8461538
210	12,8461538
210	9,8461538
211	-11,1538462
211	2,8461538
211	-13,1538462
211	-10,1538462
212	-24,1538462
212	-26,1538462
212	7,8461538
212	-2,1538462
213	27,8461538
213	-8,1538462
213	7,8461538
213	17,8461538
214	14,8461538
214	4,8461538
214	14,8461538
215	-1,1538462
215	-15,1538462
215	-7,1538462
215	-9,1538462
216	15,8461538
216	3,8461538
216	22,8461538
216	23,8461538
217	8,8461538
217	18,8461538
217	3,8461538
217	14,8461538
218	-5,1538462
218	-16,1538462
218	-3,1538462
219	16,8461538
219	-18,1538462
219	14,8461538
219	1,8461538
220	22,8461538
220	-7,1538462
220	-14,1538462
220	-18,1538462
221	6,8461538
221	-15,1538462
221	-0,1538462
221	4,8461538
222	9,8461538
222	13,8461538
222	-13,1538462
223	11,8461538
223	-8,1538462
223	2,8461538
223	-24,1538462
224	22,8461538
224	-21,1538462
224	-12,1538462
224	-5,1538462
225	13,8461538
225	19,8461538
225	1,8461538
225	20,8461538
226	9,8461538
226	-13,1538462
226	17,8461538
227	14,8461538
227	3,8461538
227	-2,1538462
227	17,8461538
228	10,8461538
228	23,8461538
228	7,8461538
228	22,8461538
229	17,8461538
229	-11,1538462
229	-19,1538462
229	-5,1538462
230	14,8461538
230	-1,1538462
230	11,8461538
231	15,8461538
231	7,8461538
231	-18,1538462
231	42,8461538
232	17,8461538
232	20,8461538
232	15,8461538
232	-2,1538462
233	-0,1538462
233	6,8461538
233	6,8461538
233	13,8461538
234	-4,1538462
234	5,8461538
234	-18,1538462
235	27,8461538
235	9,8461538
235	8,8461538
235	7,8461538
236	21,8461538
236	9,8461538
236	9,8461538
236	16,8461538
237	23,8461538
237	3,8461538
237	15,8461538
237	6,8461538
238	20,8461538
238	7,8461538
238	-4,1538462
239	-11,1538462
239	-15,1538462
239	1,8461538
239	0,8461538
240	6,8461538
240	-2,1538462
240	3,8461538
240	24,8461538
241	5,8461538
241	17,8461538
241	20,8461538
241	21,8461538
242	-9,1538462
242	-5,1538462
242	-2,1538462
243	-2,1538462
243	15,8461538
243	-0,1538462
243	6,8461538
244	0,8461538
244	-7,1538462
244	8,8461538
244	4,8461538
245	22,8461538
245	5,8461538
245	5,8461538
245	1,8461538
246	-1,1538462
246	-9,1538462
246	-9,1538462
247	-5,1538462
247	9,8461538
247	-8,1538462
247	-4,1538462
248	14,8461538
248	7,8461538
248	-9,1538462
248	20,8461538
249	7,8461538
249	-5,1538462
249	-1,1538462
249	30,8461538
250	25,8461538
250	31,8461538
250	12,8461538
251	0,8461538
251	-1,1538462
251	15,8461538
251	-3,1538462
252	-13,1538462
252	29,8461538
252	18,8461538
252	-1,1538462
253	6,8461538
253	10,8461538
253	-6,1538462
253	21,8461538
254	7,8461538
254	-4,1538462
254	4,8461538
254	2,8461538
255	-8,1538462
255	-11,1538462
255	4,8461538
256	-13,1538462
256	-32,1538462
256	11,8461538
256	23,8461538
257	7,8461538
257	9,8461538
257	22,8461538
257	25,8461538
258	16,8461538
258	-3,1538462
258	7,8461538
258	-11,1538462
259	-1,1538462
259	-7,1538462
259	17,8461538
260	9,8461538
260	0,8461538
260	4,8461538
260	-7,1538462
261	4,8461538
261	20,8461538
261	2,8461538
261	9,8461538
262	-1,1538462
262	11,8461538
262	-14,1538462
262	-14,1538462
263	45,8461538
263	9,8461538
263	1,8461538
264	9,8461538
264	1,8461538
264	-24,1538462
264	8,8461538
265	-10,1538462
265	5,8461538
265	2,8461538
265	-10,1538462
266	6,8461538
266	5,8461538
266	8,8461538
266	-20,1538462
267	33,8461538
267	6,8461538
267	14,8461538
268	33,8461538
268	20,8461538
268	8,8461538
268	41,8461538
269	0,8461538
269	11,8461538
269	-19,1538462
269	-0,1538462
270	4,8461538
270	13,8461538
270	-18,1538462
270	-13,1538462
271	-2,1538462
271	8,8461538
271	19,8461538
271	-19,1538462
272	1,8461538
272	19,8461538
272	-3,1538462
273	-1,1538462
273	9,8461538
273	2,8461538
273	0,8461538
274	-10,1538462
274	3,8461538
274	-2,1538462
274	9,8461538
275	32,8461538
275	13,8461538
275	10,8461538
275	17,8461538
276	13,8461538
276	8,8461538
276	-14,1538462
277	1,8461538
277	31,8461538
277	14,8461538
277	1,8461538
278	9,8461538
278	21,8461538
278	7,8461538
278	7,8461538
279	6,8461538
279	1,8461538
279	28,8461538
279	9,8461538
280	-29,1538462
280	-4,1538462
280	-11,1538462
280	-8,1538462
281	-10,1538462
281	7,8461538
281	11,8461538
282	-8,1538462
282	-2,1538462
282	5,8461538
282	-11,1538462
283	-14,1538462
283	-14,1538462
283	12,8461538
283	17,8461538
284	20,8461538
284	-3,1538462
284	-4,1538462
284	14,8461538
285	0,8461538
285	19,8461538
285	17,8461538
286	37,8461538
286	12,8461538
286	-4,1538462
286	-11,1538462
287	26,8461538
287	5,8461538
287	-7,1538462
287	8,8461538
288	2,8461538
288	-0,1538462
288	3,8461538
288	1,8461538
289	26,8461538
289	6,8461538
289	15,8461538
290	16,8461538
290	-2,1538462
290	24,8461538
290	0,8461538
291	9,8461538
291	8,8461538
291	-11,1538462
291	-22,1538462
292	29,8461538
292	-16,1538462
292	3,8461538
292	33,8461538
293	-16,1538462
293	15,8461538
293	31,8461538
293	27,8461538
294	16,8461538
294	18,8461538
294	32,8461538
295	22,8461538
295	36,8461538
295	17,8461538
295	11,8461538
296	32,8461538
296	9,8461538
296	15,8461538
296	-4,1538462
297	-7,1538462
297	23,8461538
297	20,8461538
297	33,8461538
298	40,8461538
298	-10,1538462
298	39,8461538
299	22,8461538
299	37,8461538
299	19,8461538
299	0,8461538
300	-6,1538462
300	12,8461538
300	-15,1538462
300	21,8461538
301	3,8461538
301	18,8461538
301	-22,1538462
301	11,8461538
302	16,8461538
302	-3,1538462
302	36,8461538
302	20,8461538
303	20,8461538
303	14,8461538
303	8,8461538
304	4,8461538
304	13,8461538
304	26,8461538
304	-3,1538462
305	23,8461538
305	21,8461538
305	9,8461538
305	-10,1538462
306	7,8461538
306	-5,1538462
306	10,8461538
306	37,8461538
307	16,8461538
307	41,8461538
307	16,8461538
307	0,8461538
308	16,8461538
308	15,8461538
308	31,8461538
309	48,8461538
309	23,8461538
309	31,8461538
309	30,8461538
310	38,8461538
310	14,8461538
310	38,8461538
310	32,8461538
311	46,8461538
311	56,8461538
311	59,8461538
311	44,8461538
312	47,8461538
312	90,8461538
312	69,8461538
313	65,8461538
313	72,8461538
313	67,8461538
313	37,8461538
314	84,8461538
314	81,8461538
314	67,8461538
314	73,8461538
315	67,8461538
315	58,8461538
315	66,8461538
315	54,8461538
316	71,8461538
316	72,8461538
316	43,8461538
316	42,8461538
317	65,8461538
317	55,8461538
317	35,8461538
318	47,8461538
318	52,8461538
318	54,8461538
318	47,8461538
319	39,8461538
319	31,8461538
319	26,8461538
319	44,8461538
320	30,8461538
320	38,8461538
320	23,8461538
320	5,8461538
321	18,8461538
321	11,8461538
321	5,8461538
321	2,8461538
322	-4,1538462
322	11,8461538
322	3,8461538
323	-0,1538462
323	39,8461538
323	9,8461538
323	0,8461538
324	1,8461538
324	9,8461538
324	5,8461538
324	11,8461538
325	5,8461538
325	6,8461538
325	11,8461538
325	19,8461538
326	10,8461538
326	3,8461538
326	5,8461538
327	7,8461538
327	40,8461538
327	21,8461538
327	-3,1538462
328	19,8461538
328	7,8461538
328	11,8461538
328	0,8461538
329	24,8461538
329	-0,1538462
329	17,8461538
329	33,8461538
330	30,8461538
330	17,8461538
330	32,8461538
330	45,8461538
331	21,8461538
331	28,8461538
331	46,8461538
332	73,8461538
332	62,8461538
332	89,8461538
332	74,8461538
333	62,8461538
333	72,8461538
333	97,8461538
333	78,8461538
334	90,8461538
334	103,8461538
334	94,8461538
334	106,8461538
335	99,8461538
335	88,8461538
335	90,8461538
335	110,8461538
336	87,8461538
336	153,8461538
336	128,8461538
337	108,8461538
337	133,8461538
337	109,8461538
337	120,8461538
338	142,8461538
338	108,8461538
338	109,8461538
338	117,8461538
339	122,8461538
339	93,8461538
339	88,8461538
339	110,8461538
340	77,8461538
340	70,8461538
340	50,8461538
340	52,8461538
341	55,8461538
341	75,8461538
341	59,8461538
342	22,8461538
342	58,8461538
342	63,8461538
342	35,8461538
343	29,8461538
343	17,8461538
343	31,8461538
343	15,8461538
344	45,8461538
344	34,8461538
344	41,8461538
344	7,8461538
345	-18,1538462
345	33,8461538
345	11,8461538
345	25,8461538
346	14,8461538
346	22,8461538
346	1,8461538
347	15,8461538
347	30,8461538
347	14,8461538
347	6,8461538
348	5,8461538
348	20,8461538
348	36,8461538
348	0,8461538
349	22,8461538
349	33,8461538
349	21,8461538
349	22,8461538
350	30,8461538
350	33,8461538
350	57,8461538
350	63,8461538
351	55,8461538
351	36,8461538
351	34,8461538
352	35,8461538
352	77,8461538
352	90,8461538
352	90,8461538
353	75,8461538
353	96,8461538
353	48,8461538
353	69,8461538
354	84,8461538
354	122,8461538
354	112,8461538
354	75,8461538
355	86,8461538
355	110,8461538
355	74,8461538
355	86,8461538
356	66,8461538
356	73,8461538
356	83,8461538
357	104,8461538
357	95,8461538
357	121,8461538
357	110,8461538
358	118,8461538
358	133,8461538
358	110,8461538
358	97,8461538
359	52,8461538
359	66,8461538
359	79,8461538
359	89,8461538
360	90,8461538
360	65,8461538
360	38,8461538
360	57,8461538
361	50,8461538
361	33,8461538
361	70,8461538
362	72,8461538
362	90,8461538
362	81,8461538
362	71,8461538
363	36,8461538
363	53,8461538
363	14,8461538
363	14,8461538
364	26,8461538
364	9,8461538
364	-5,1538462
364	28,8461538
365	28,8461538
365	44,8461538
365	14,8461538
365	24,8461538
366	11,8461538
366	21,8461538
366	28,8461538
367	18,8461538
367	25,8461538
367	30,8461538
367	20,8461538
368	0,8461538
368	10,8461538
368	28,8461538
368	18,8461538
369	-15,1538462
369	11,8461538
369	6,8461538
369	-3,1538462
370	23,8461538
370	-5,1538462
370	9,8461538
370	50,8461538
371	29,8461538
371	30,8461538
371	40,8461538
371	32,8461538
372	46,8461538
372	51,8461538
372	33,8461538
373	65,8461538
373	52,8461538
373	26,8461538
373	22,8461538
374	27,8461538
374	32,8461538
374	31,8461538
374	41,8461538
375	61,8461538
375	63,8461538
375	58,8461538
375	68,8461538
376	59,8461538
376	68,8461538
376	71,8461538
376	50,8461538
377	49,8461538
377	57,8461538
377	52,8461538
378	48,8461538
378	43,8461538
378	87,8461538
378	38,8461538
379	49,8461538
379	55,8461538
379	69,8461538
379	65,8461538
380	41,8461538
380	31,8461538
380	64,8461538
380	56,8461538
381	61,8461538
381	34,8461538
381	79,8461538
381	43,8461538
382	48,8461538
382	30,8461538
382	57,8461538
383	20,8461538
383	11,8461538
383	47,8461538
383	39,8461538
384	38,8461538
384	36,8461538
384	56,8461538
384	35,8461538
385	50,8461538
385	52,8461538
385	48,8461538
385	54,8461538
386	42,8461538
386	19,8461538
386	18,8461538
386	18,8461538
387	22,8461538
387	8,8461538
387	7,8461538
387	9,8461538
388	16,8461538
388	37,8461538
388	21,8461538
389	-4,1538462
389	4,8461538
389	18,8461538
389	1,8461538
390	38,8461538
390	47,8461538
390	25,8461538
390	8,8461538
391	19,8461538
391	11,8461538
391	16,8461538
391	22,8461538
392	49,8461538
392	19,8461538
392	9,8461538
392	17,8461538
393	17,8461538
393	12,8461538
393	41,8461538
394	36,8461538
394	39,8461538
394	43,8461538
394	43,8461538
395	27,8461538
395	33,8461538
395	17,8461538
395	25,8461538
396	10,8461538
396	47,8461538
396	30,8461538
396	42,8461538
397	-6,1538462
397	38,8461538
397	7,8461538
397	12,8461538
398	41,8461538
398	21,8461538
398	27,8461538
398	22,8461538
399	42,8461538
399	39,8461538
399	54,8461538
400	45,8461538
400	16,8461538
400	33,8461538
400	20,8461538
401	36,8461538
401	53,8461538
401	26,8461538
401	21,8461538
402	59,8461538
402	43,8461538
402	30,8461538
402	8,8461538
403	32,8461538
403	52,8461538
403	26,8461538
403	30,8461538
404	17,8461538
404	69,8461538
404	29,8461538
405	47,8461538
405	40,8461538
405	54,8461538
405	35,8461538
406	45,8461538
406	17,8461538
406	24,8461538
406	42,8461538
407	16,8461538
407	36,8461538
407	20,8461538
407	21,8461538
408	-5,1538462
408	17,8461538
408	2,8461538
408	25,8461538
409	4,8461538
409	3,8461538
409	38,8461538
409	20,8461538
410	31,8461538
410	17,8461538
410	42,8461538
411	43,8461538
411	10,8461538
411	11,8461538
411	-3,1538462
412	18,8461538
412	23,8461538
412	11,8461538
412	10,8461538
413	-11,1538462
413	2,8461538
413	12,8461538
413	-6,1538462
414	0,8461538
414	11,8461538
414	-16,1538462
414	-11,1538462
415	42,8461538
415	40,8461538
415	11,8461538
415	12,8461538
416	-9,1538462
416	6,8461538
416	21,8461538
417	32,8461538
417	10,8461538
417	16,8461538
417	11,8461538
418	-0,1538462
418	13,8461538
418	-9,1538462
418	-4,1538462
419	37,8461538
419	14,8461538
419	19,8461538
419	6,8461538
420	13,8461538
420	5,8461538
420	18,8461538
420	21,8461538
421	36,8461538
421	28,8461538
421	14,8461538
421	9,8461538
422	0,8461538
422	38,8461538
422	0,8461538
423	15,8461538
423	18,8461538
423	37,8461538
423	22,8461538
424	29,8461538
424	6,8461538
424	9,8461538
424	31,8461538
425	35,8461538
425	11,8461538
425	8,8461538
425	14,8461538
426	2,8461538
426	10,8461538
426	38,8461538
426	36,8461538
427	23,8461538
427	-2,1538462
427	5,8461538
427	16,8461538
428	28,8461538
428	62,8461538
428	19,8461538
429	13,8461538
429	26,8461538
429	-0,1538462
429	48,8461538
430	20,8461538
430	20,8461538
430	25,8461538
430	11,8461538
431	31,8461538
431	-14,1538462
431	-4,1538462
431	27,8461538
432	39,8461538
432	10,8461538
432	19,8461538
432	15,8461538
433	15,8461538
433	-2,1538462
433	25,8461538
433	16,8461538
434	11,8461538
434	-8,1538462
434	4,8461538
435	-9,1538462
435	17,8461538
435	-0,1538462
435	-9,1538462
436	15,8461538
436	43,8461538
436	10,8461538
436	2,8461538
437	1,8461538
437	-1,1538462
437	7,8461538
437	5,8461538
438	17,8461538
438	29,8461538
438	49,8461538
438	39,8461538
439	18,8461538
439	1,8461538
439	3,8461538
439	13,8461538
440	10,8461538
440	12,8461538
440	28,8461538
441	4,8461538
441	5,8461538
441	29,8461538
441	22,8461538
442	13,8461538
442	11,8461538
442	46,8461538
442	6,8461538
443	15,8461538
443	15,8461538
443	20,8461538
443	13,8461538
444	-17,1538462
444	8,8461538
444	5,8461538
444	9,8461538
445	-13,1538462
445	12,8461538
445	13,8461538
445	33,8461538
446	-17,1538462
446	2,8461538
446	6,8461538
447	33,8461538
447	-9,1538462
447	18,8461538
447	6,8461538
448	8,8461538
448	0,8461538
448	-7,1538462
448	-0,1538462
449	-0,1538462
449	12,8461538
449	-15,1538462
449	1,8461538
450	-10,1538462
450	8,8461538
450	1,8461538
450	3,8461538
451	23,8461538
451	-1,1538462
451	5,8461538
451	19,8461538
452	4,8461538
452	-20,1538462
452	-1,1538462
452	14,8461538
453	23,8461538
453	20,8461538
453	0,8461538
454	8,8461538
454	13,8461538
454	17,8461538
454	30,8461538
455	-4,1538462
455	4,8461538
455	-5,1538462
455	3,8461538
456	1,8461538
456	13,8461538
456	4,8461538
456	23,8461538
457	-21,1538462
457	7,8461538
457	11,8461538
457	-10,1538462
458	-3,1538462
458	2,8461538
458	-11,1538462
458	22,8461538
459	-9,1538462
459	-7,1538462
459	27,8461538
460	26,8461538
460	18,8461538
460	30,8461538
460	-11,1538462
461	4,8461538
461	2,8461538
461	15,8461538
461	24,8461538
462	27,8461538
462	-2,1538462
462	-14,1538462
462	10,8461538
463	-4,1538462
463	22,8461538
463	-13,1538462
463	-1,1538462
464	-11,1538462
464	9,8461538
464	-1,1538462
464	-15,1538462
465	13,8461538
465	33,8461538
465	29,8461538
465	10,8461538
466	-28,1538462
466	15,8461538
466	26,8461538
467	14,8461538
467	18,8461538
467	6,8461538
467	-4,1538462
468	-3,1538462
468	45,8461538
468	-10,1538462
468	-3,1538462
469	16,8461538
469	5,8461538
469	-20,1538462
469	15,8461538
470	7,8461538
470	10,8461538
470	9,8461538
470	-2,1538462
471	9,8461538
471	3,8461538
471	21,8461538
471	12,8461538
472	49,8461538
472	35,8461538
472	22,8461538
472	35,8461538
473	8,8461538
473	28,8461538
473	5,8461538
474	18,8461538
474	-6,1538462
474	44,8461538
474	6,8461538
475	-10,1538462
475	-0,1538462
475	22,8461538
475	23,8461538
476	5,8461538
476	10,8461538
476	-4,1538462
476	5,8461538
477	5,8461538
477	1,8461538
477	-24,1538462
477	14,8461538
478	-5,1538462
478	-23,1538462
478	4,8461538
478	-7,1538462
479	-5,1538462
479	9,8461538
479	-6,1538462
479	-5,1538462
480	4,8461538
480	5,8461538
480	2,8461538
481	13,8461538
481	13,8461538
481	15,8461538
481	19,8461538
482	63,8461538
482	0,8461538
482	8,8461538
482	7,8461538
483	-12,1538462
483	23,8461538
483	6,8461538
483	13,8461538
484	-5,1538462
484	7,8461538
484	28,8461538
484	-17,1538462
485	27,8461538
485	33,8461538
485	29,8461538
485	-1,1538462
486	3,8461538
486	21,8461538
486	-14,1538462
486	-4,1538462
487	-18,1538462
487	20,8461538
487	6,8461538
488	20,8461538
488	9,8461538
488	-13,1538462
488	6,8461538
489	-0,1538462
489	8,8461538
489	10,8461538
489	13,8461538
490	10,8461538
490	15,8461538
490	3,8461538
490	3,8461538
491	-15,1538462
491	20,8461538
491	-1,1538462
491	-1,1538462
492	-12,1538462
492	16,8461538
492	11,8461538
492	9,8461538
493	-6,1538462
493	-0,1538462
493	8,8461538
493	2,8461538
494	-17,1538462
494	1,8461538
494	14,8461538
495	4,8461538
495	-8,1538462
495	12,8461538
495	-6,1538462
496	2,8461538
496	-28,1538462
496	18,8461538
496	6,8461538
497	-16,1538462
497	11,8461538
497	21,8461538
497	11,8461538
498	-5,1538462
498	-1,1538462
498	18,8461538
498	-6,1538462
499	-5,1538462
499	16,8461538
499	-10,1538462
499	38,8461538
500	23,8461538
500	27,8461538
500	-14,1538462
500	0,8461538
501	-0,1538462
501	-9,1538462
501	-2,1538462
502	-6,1538462
502	29,8461538
502	10,8461538
502	-1,1538462
503	18,8461538
503	3,8461538
503	15,8461538
503	1,8461538
504	-4,1538462
504	-19,1538462
504	2,8461538
504	23,8461538
505	5,8461538
505	1,8461538
505	11,8461538
505	33,8461538
506	18,8461538
506	12,8461538
506	-1,1538462
506	14,8461538
507	2,8461538
507	17,8461538
507	4,8461538
507	-22,1538462
508	4,8461538
508	10,8461538
508	10,8461538
508	37,8461538
509	11,8461538
509	24,8461538
509	-4,1538462
510	11,8461538
510	8,8461538
510	-0,1538462
510	10,8461538
511	12,8461538
511	7,8461538
511	-15,1538462
511	-23,1538462
512	16,8461538
512	-0,1538462
512	-2,1538462
512	-10,1538462
513	-15,1538462
513	20,8461538
513	17,8461538
513	-5,1538462
514	-20,1538462
514	13,8461538
514	-2,1538462
514	4,8461538
515	12,8461538
515	7,8461538
515	-2,1538462
515	18,8461538
516	13,8461538
516	32,8461538
516	12,8461538
516	-24,1538462
517	-22,1538462
517	8,8461538
517	-2,1538462
518	-20,1538462
518	10,8461538
518	15,8461538
518	-2,1538462
519	28,8461538
519	19,8461538
519	4,8461538
519	39,8461538
520	-4,1538462
520	-3,1538462
520	34,8461538
520	21,8461538
521	-5,1538462
521	9,8461538
521	-2,1538462
521	30,8461538
522	31,8461538
522	15,8461538
522	7,8461538
522	3,8461538
523	14,8461538
523	13,8461538
523	10,8461538
523	-11,1538462
524	-2,1538462
524	-24,1538462
524	3,8461538
524	29,8461538
525	6,8461538
525	15,8461538
525	16,8461538
526	17,8461538
526	13,8461538
526	21,8461538
526	11,8461538
527	-24,1538462
527	-7,1538462
527	18,8461538
527	-13,1538462
528	28,8461538
528	16,8461538
528	0,8461538
528	34,8461538
529	9,8461538
529	-26,1538462
529	-5,1538462
529	37,8461538
530	34,8461538
530	-3,1538462
530	-0,1538462
530	-6,1538462
531	10,8461538
531	-9,1538462
531	20,8461538
531	17,8461538
532	12,8461538
532	-3,1538462
532	11,8461538
532	18,8461538
533	5,8461538
533	-12,1538462
533	-8,1538462
534	3,8461538
534	10,8461538
534	33,8461538
534	15,8461538
535	20,8461538
535	7,8461538
535	14,8461538
535	3,8461538
536	15,8461538
536	22,8461538
536	-4,1538462
536	-19,1538462
537	9,8461538
537	5,8461538
537	15,8461538
537	-10,1538462
538	-17,1538462
538	-8,1538462
538	25,8461538
538	22,8461538
539	28,8461538
539	12,8461538
539	-11,1538462
539	10,8461538
540	29,8461538
540	-6,1538462
540	27,8461538
540	-0,1538462
541	21,8461538
541	-35,1538462
541	-16,1538462
541	-0,1538462
542	28,8461538
542	-6,1538462
542	14,8461538
543	-4,1538462
543	-4,1538462
543	8,8461538
543	37,8461538
544	16,8461538
544	14,8461538
544	-3,1538462
544	18,8461538
545	-6,1538462
545	14,8461538
545	9,8461538
545	-14,1538462
546	21,8461538
546	14,8461538
546	-17,1538462
546	2,8461538
547	-7,1538462
547	-6,1538462
547	5,8461538
547	-4,1538462
548	-10,1538462
548	16,8461538
548	10,8461538
548	8,8461538
549	-10,1538462
549	25,8461538
549	13,8461538
549	-7,1538462
550	11,8461538
550	-14,1538462
550	3,8461538
550	-25,1538462
551	-11,1538462
551	3,8461538
551	5,8461538
552	-13,1538462
552	-5,1538462
552	-2,1538462
552	6,8461538
553	12,8461538
553	9,8461538
553	-13,1538462
553	12,8461538
554	6,8461538
554	14,8461538
554	12,8461538
554	-0,1538462
555	-1,1538462
555	39,8461538
555	2,8461538
555	-3,1538462
556	13,8461538
556	2,8461538
556	15,8461538
556	27,8461538
557	22,8461538
557	12,8461538
557	-20,1538462
557	-8,1538462
558	17,8461538
558	-14,1538462
558	42,8461538
558	14,8461538
559	16,8461538
559	-4,1538462
559	-13,1538462
559	-12,1538462
560	28,8461538
560	29,8461538
560	4,8461538
561	-9,1538462
561	19,8461538
561	-4,1538462
561	3,8461538
562	4,8461538
562	-1,1538462
562	31,8461538
562	0,8461538
563	23,8461538
563	-11,1538462
563	-4,1538462
563	17,8461538
564	-0,1538462
564	4,8461538
564	-7,1538462
564	11,8461538
565	-1,1538462
565	8,8461538
565	7,8461538
565	7,8461538
566	5,8461538
566	12,8461538
566	-3,1538462
566	19,8461538
567	14,8461538
567	-1,1538462
567	-0,1538462
567	-15,1538462
568	-11,1538462
568	13,8461538
568	22,8461538
568	5,8461538
569	-13,1538462
569	8,8461538
569	9,8461538
569	-4,1538462
570	7,8461538
570	-2,1538462
570	17,8461538
571	-0,1538462
571	-5,1538462
571	-20,1538462
571	10,8461538
572	-23,1538462
572	8,8461538
572	-4,1538462
572	23,8461538
573	18,8461538
573	1,8461538
573	-30,1538462
573	1,8461538
574	5,8461538
574	11,8461538
574	16,8461538
574	20,8461538
575	8,8461538
575	-5,1538462
575	-6,1538462
575	-7,1538462
576	8,8461538
576	18,8461538
576	40,8461538
576	-3,1538462
577	-0,1538462
577	-3,1538462
577	4,8461538
577	4,8461538
578	4,8461538
578	-18,1538462
578	6,8461538
578	5,8461538
579	0,8461538
579	-22,1538462
579	-34,1538462
579	-17,1538462
580	13,8461538
580	4,8461538
580	-22,1538462
581	29,8461538
581	24,8461538
581	25,8461538
581	3,8461538
582	-5,1538462
582	0,8461538
582	33,8461538
582	16,8461538
583	-23,1538462
583	-18,1538462
583	-0,1538462
583	10,8461538
584	11,8461538
584	2,8461538
584	12,8461538
584	28,8461538
585	10,8461538
585	4,8461538
585	27,8461538
585	17,8461538
586	5,8461538
586	20,8461538
586	0,8461538
586	1,8461538
587	-0,1538462
587	-27,1538462
587	3,8461538
587	-16,1538462
588	4,8461538
588	35,8461538
588	11,8461538
588	-1,1538462
589	10,8461538
589	-11,1538462
589	4,8461538
589	-22,1538462
590	10,8461538
590	14,8461538
590	-10,1538462
590	19,8461538
591	13,8461538
591	12,8461538
591	-7,1538462
592	10,8461538
592	-2,1538462
592	-9,1538462
592	-0,1538462
593	25,8461538
593	0,8461538
593	-25,1538462
593	-0,1538462
594	38,8461538
594	13,8461538
594	0,8461538
594	10,8461538
595	-9,1538462
595	-7,1538462
595	15,8461538
595	23,8461538
596	15,8461538
596	20,8461538
596	-9,1538462
596	23,8461538
597	29,8461538
597	2,8461538
597	-10,1538462
597	-232,1538462
598	-50,1538462
598	9,8461538
598	3,8461538
598	-12,1538462
599	8,8461538
599	-1,1538462
599	-19,1538462
599	15,8461538
600	2,8461538
600	15,8461538
600	-11,1538462
600	4,8461538
601	-15,1538462
601	-3,1538462
601	17,8461538
601	-3,1538462
602	20,8461538
602	-6,1538462
602	-2,1538462
603	10,8461538
603	19,8461538
603	29,8461538
603	7,8461538
604	-0,1538462
604	14,8461538
604	7,8461538
604	-4,1538462
605	37,8461538
605	13,8461538
605	-2,1538462
605	7,8461538
606	-0,1538462
606	11,8461538
606	8,8461538
606	13,8461538
607	-9,1538462
607	-1,1538462
607	16,8461538
607	27,8461538
608	19,8461538
608	28,8461538
608	10,8461538
608	20,8461538
609	21,8461538
609	23,8461538
609	49,8461538
609	-5,1538462
610	11,8461538
610	0,8461538
610	3,8461538
610	-9,1538462
611	-3,1538462
611	3,8461538
611	9,8461538
611	6,8461538
612	-7,1538462
612	6,8461538
612	22,8461538
612	-1,1538462
613	-2,1538462
613	2,8461538
613	11,8461538
613	4,8461538
614	30,8461538
614	5,8461538
614	-4,1538462
614	-6,1538462
615	7,8461538
615	0,8461538
615	2,8461538
616	-21,1538462
616	-14,1538462
616	14,8461538
616	-13,1538462
617	13,8461538
617	0,8461538
617	-23,1538462
617	-6,1538462
618	7,8461538
618	31,8461538
618	0,8461538
618	-4,1538462
619	-6,1538462
619	26,8461538
619	-5,1538462
619	-4,1538462
620	21,8461538
620	19,8461538
620	2,8461538
620	3,8461538
621	-0,1538462
621	38,8461538
621	-2,1538462
621	-8,1538462
622	0,8461538
622	-2,1538462
622	6,8461538
622	8,8461538
623	9,8461538
623	6,8461538
623	11,8461538
623	6,8461538
624	-5,1538462
624	12,8461538
624	6,8461538
624	4,8461538
625	1,8461538
625	29,8461538
625	-4,1538462
625	-2,1538462
626	5,8461538
626	-42,1538462
626	0,8461538
626	-1,1538462
627	7,8461538
627	-15,1538462
627	20,8461538
627	14,8461538
628	-6,1538462
628	-1,1538462
628	15,8461538
629	-1,1538462
629	-4,1538462
629	14,8461538
629	-10,1538462
630	2,8461538
630	-12,1538462
630	-11,1538462
630	16,8461538
631	1,8461538
631	4,8461538
631	-3,1538462
631	-19,1538462
632	-5,1538462
632	-0,1538462
632	-1,1538462
632	-10,1538462
633	-4,1538462
633	4,8461538
633	1,8461538
633	5,8461538
634	-14,1538462
634	-17,1538462
634	-12,1538462
634	10,8461538
635	-10,1538462
635	3,8461538
635	-40,1538462
635	18,8461538
636	18,8461538
636	35,8461538
636	3,8461538
636	-15,1538462
637	-6,1538462
637	8,8461538
637	8,8461538
637	6,8461538
638	13,8461538
638	22,8461538
638	-5,1538462
638	-17,1538462
639	-23,1538462
639	-28,1538462
639	2,8461538
639	39,8461538
640	-0,1538462
640	11,8461538
640	0,8461538
640	9,8461538
641	-10,1538462
641	2,8461538
641	6,8461538
641	-9,1538462
642	-14,1538462
642	6,8461538
642	-7,1538462
642	9,8461538
643	13,8461538
643	12,8461538
643	33,8461538
644	10,8461538
644	3,8461538
644	14,8461538
644	17,8461538
645	-20,1538462
645	-35,1538462
645	0,8461538
645	2,8461538
646	0,8461538
646	11,8461538
646	-7,1538462
646	13,8461538
647	6,8461538
647	36,8461538
647	4,8461538
647	0,8461538
648	15,8461538
648	23,8461538
648	-17,1538462
648	10,8461538
649	8,8461538
649	27,8461538
649	21,8461538
649	11,8461538
650	18,8461538
650	23,8461538
650	13,8461538
650	6,8461538
651	-10,1538462
651	5,8461538
651	-0,1538462
651	22,8461538
652	13,8461538
652	-3,1538462
652	3,8461538
652	4,8461538
653	25,8461538
653	22,8461538
653	-2,1538462
653	-5,1538462
654	-12,1538462
654	12,8461538
654	28,8461538
654	22,8461538
655	15,8461538
655	41,8461538
655	-1,1538462
655	1,8461538
656	26,8461538
656	18,8461538
656	-23,1538462
656	-3,1538462
657	17,8461538
657	-4,1538462
657	4,8461538
657	4,8461538
658	-1,1538462
658	-5,1538462
658	15,8461538
658	-3,1538462
659	15,8461538
659	13,8461538
659	16,8461538
660	12,8461538
660	-8,1538462
660	20,8461538
660	16,8461538
661	8,8461538
661	26,8461538
661	29,8461538
661	-2,1538462
662	15,8461538
662	5,8461538
662	14,8461538
662	0,8461538
663	-10,1538462
663	6,8461538
663	9,8461538
663	31,8461538
664	24,8461538
664	11,8461538
664	4,8461538
664	29,8461538
665	47,8461538
665	15,8461538
665	41,8461538
665	-0,1538462
666	-5,1538462
666	22,8461538
666	19,8461538
666	-0,1538462
667	16,8461538
667	8,8461538
667	-8,1538462
667	-13,1538462
668	-13,1538462
668	1,8461538
668	35,8461538
668	6,8461538
669	-2,1538462
669	-10,1538462
669	16,8461538
669	-19,1538462
670	20,8461538
670	15,8461538
670	18,8461538
670	7,8461538
671	3,8461538
671	44,8461538
671	-4,1538462
671	23,8461538
672	38,8461538
672	5,8461538
672	34,8461538
672	31,8461538
673	23,8461538
673	14,8461538
673	12,8461538
673	30,8461538
674	14,8461538
674	16,8461538
674	-8,1538462
674	8,8461538
675	-39,1538462
675	19,8461538
675	-19,1538462
675	19,8461538
676	-0,1538462
676	24,8461538
676	-4,1538462
676	18,8461538
677	6,8461538
677	-8,1538462
677	-16,1538462
677	6,8461538
678	36,8461538
678	10,8461538
678	7,8461538
678	20,8461538
679	5,8461538
679	8,8461538
679	25,8461538
680	23,8461538
680	-5,1538462
680	30,8461538
680	32,8461538
681	19,8461538
681	7,8461538
681	1,8461538
681	-0,1538462
682	-2,1538462
682	3,8461538
682	30,8461538
682	18,8461538
683	-13,1538462
683	4,8461538
683	29,8461538
683	14,8461538
684	-18,1538462
684	-0,1538462
684	7,8461538
684	14,8461538
685	4,8461538
685	-8,1538462
685	11,8461538
685	2,8461538
686	25,8461538
686	11,8461538
686	7,8461538
686	9,8461538
687	30,8461538
687	43,8461538
687	0,8461538
687	25,8461538
688	-4,1538462
688	-9,1538462
688	-3,1538462
688	-5,1538462
689	5,8461538
689	-0,1538462
689	42,8461538
689	-10,1538462
690	6,8461538
690	2,8461538
690	-20,1538462
690	-3,1538462
691	33,8461538
691	11,8461538
691	2,8461538
691	25,8461538
692	5,8461538
692	2,8461538
692	-15,1538462
692	-20,1538462
693	2,8461538
693	-14,1538462
693	-13,1538462
693	-8,1538462
694	6,8461538
694	16,8461538
694	2,8461538
694	-2,1538462
695	-22,1538462
695	25,8461538
695	-9,1538462
695	-15,1538462
696	-7,1538462
696	9,8461538
696	-0,1538462
696	3,8461538
697	-7,1538462
697	0,8461538
697	8,8461538
697	28,8461538
698	-4,1538462
698	-9,1538462
698	5,8461538
698	-2,1538462
699	20,8461538
699	-9,1538462
699	7,8461538
699	5,8461538
700	-3,1538462
700	1,8461538
700	-2,1538462
700	-10,1538462
701	-3,1538462
701	-10,1538462
701	12,8461538
701	-11,1538462
702	1,8461538
702	-0,1538462
702	7,8461538
702	-8,1538462
703	-10,1538462
703	-3,1538462
703	-2,1538462
703	-12,1538462
704	-3,1538462
704	-2,1538462
704	14,8461538
704	34,8461538
705	22,8461538
705	14,8461538
705	24,8461538
706	0,8461538
706	22,8461538
706	8,8461538
706	14,8461538
707	16,8461538
707	-31,1538462
707	-3,1538462
707	22,8461538
708	2,8461538
708	14,8461538
708	-9,1538462
708	14,8461538
709	-5,1538462
709	10,8461538
709	-7,1538462
709	-18,1538462
710	9,8461538
710	15,8461538
710	-9,1538462
710	16,8461538
711	-11,1538462
711	23,8461538
711	16,8461538
711	9,8461538
712	7,8461538
712	7,8461538
712	-14,1538462
712	-24,1538462
713	-7,1538462
713	9,8461538
713	9,8461538
713	13,8461538
714	14,8461538
714	5,8461538
714	4,8461538
714	6,8461538
715	0,8461538
715	-15,1538462
715	7,8461538
715	17,8461538
716	5,8461538
716	7,8461538
716	7,8461538
716	4,8461538
717	-2,1538462
717	8,8461538
717	26,8461538
717	9,8461538
718	2,8461538
718	-3,1538462
718	-5,1538462
718	-19,1538462
719	-0,1538462
719	-19,1538462
719	33,8461538
719	2,8461538
720	4,8461538
720	-3,1538462
720	5,8461538
720	6,8461538
721	33,8461538
721	1,8461538
721	-2,1538462
721	-3,1538462
722	34,8461538
722	17,8461538
722	1,8461538
722	-18,1538462
723	-0,1538462
723	6,8461538
723	-2,1538462
723	8,8461538
724	9,8461538
724	25,8461538
724	13,8461538
724	4,8461538
725	3,8461538
725	35,8461538
725	-2,1538462
725	3,8461538
726	-7,1538462
726	7,8461538
726	23,8461538
726	-7,1538462
727	9,8461538
727	-17,1538462
727	7,8461538
727	4,8461538
728	4,8461538
728	-13,1538462
728	1,8461538
728	-5,1538462
729	-11,1538462
729	17,8461538
729	24,8461538
729	9,8461538
730	19,8461538
730	-25,1538462
730	3,8461538
730	-2,1538462
731	3,8461538
731	-2,1538462
731	-8,1538462
731	17,8461538
732	-2,1538462
732	-17,1538462
732	-10,1538462
732	19,8461538
733	0,8461538
733	6,8461538
733	1,8461538
733	3,8461538
734	-0,1538462
734	3,8461538
734	9,8461538
734	32,8461538
735	-13,1538462
735	1,8461538
735	22,8461538
735	27,8461538
736	-3,1538462
736	2,8461538
736	-25,1538462
736	13,8461538
737	24,8461538
737	13,8461538
737	-7,1538462
737	7,8461538
738	3,8461538
738	4,8461538
738	-11,1538462
738	27,8461538
739	21,8461538
739	22,8461538
739	-32,1538462
739	2,8461538
740	0,8461538
740	-1,1538462
740	15,8461538
740	-6,1538462
741	-1,1538462
741	12,8461538
741	-1,1538462
741	0,8461538
742	-0,1538462
742	21,8461538
742	0,8461538
742	0,8461538
743	17,8461538
743	32,8461538
743	14,8461538
743	5,8461538
744	8,8461538
744	3,8461538
744	27,8461538
744	13,8461538
745	4,8461538
745	3,8461538
745	26,8461538
745	-13,1538462
746	-14,1538462
746	0,8461538
746	1,8461538
746	6,8461538
747	30,8461538
747	30,8461538
747	7,8461538
747	-10,1538462
748	-9,1538462
748	12,8461538
748	-7,1538462
748	27,8461538
749	-7,1538462
749	-0,1538462
749	2,8461538
749	-19,1538462
750	-4,1538462
750	2,8461538
750	2,8461538
750	-0,1538462
751	37,8461538
751	12,8461538
751	-1,1538462
751	1,8461538
752	12,8461538
752	8,8461538
752	26,8461538
752	25,8461538
753	-10,1538462
753	8,8461538
753	-5,1538462
753	19,8461538
754	13,8461538
754	-6,1538462
754	-9,1538462
754	24,8461538
755	11,8461538
755	-0,1538462
755	6,8461538
755	-10,1538462
756	9,8461538
756	15,8461538
756	16,8461538
756	23,8461538
757	-5,1538462
757	17,8461538
757	0,8461538
757	11,8461538
758	2,8461538
758	-9,1538462
758	-6,1538462
758	23,8461538
759	0,8461538
759	27,8461538
759	11,8461538
759	-0,1538462
760	15,8461538
760	-3,1538462
760	3,8461538
760	-10,1538462
761	0,8461538
761	16,8461538
761	-7,1538462
761	-1,1538462
762	20,8461538
762	13,8461538
762	-10,1538462
762	-14,1538462
763	6,8461538
763	2,8461538
763	15,8461538
763	27,8461538
764	7,8461538
764	1,8461538
764	10,8461538
764	16,8461538
765	21,8461538
765	-2,1538462
765	5,8461538
765	31,8461538
766	-17,1538462
766	-9,1538462
766	9,8461538
766	-4,1538462
767	3,8461538
767	-0,1538462
767	-5,1538462
767	7,8461538
768	29,8461538
768	6,8461538
768	10,8461538
768	28,8461538
769	5,8461538
769	15,8461538
769	11,8461538
769	-5,1538462
770	6,8461538
770	-17,1538462
770	9,8461538
770	17,8461538
771	11,8461538
771	20,8461538
771	7,8461538
771	18,8461538
772	13,8461538
772	4,8461538
772	24,8461538
772	31,8461538
773	-7,1538462
773	-23,1538462
773	8,8461538
773	-10,1538462
774	6,8461538
774	4,8461538
774	14,8461538
774	-4,1538462
775	16,8461538
775	-9,1538462
775	-16,1538462
775	4,8461538
776	-35,1538462
776	1,8461538
776	31,8461538
776	-22,1538462
777	13,8461538
777	17,8461538
777	14,8461538
777	-12,1538462
778	2,8461538
778	1,8461538
778	6,8461538
778	39,8461538
779	24,8461538
779	4,8461538
779	-5,1538462
779	31,8461538
780	38,8461538
780	22,8461538
780	16,8461538
780	20,8461538
781	3,8461538
781	-20,1538462
781	28,8461538
781	-3,1538462
782	13,8461538
782	17,8461538
782	13,8461538
782	26,8461538
783	5,8461538
783	-17,1538462
783	-8,1538462
783	-4,1538462
784	5,8461538
784	27,8461538
784	25,8461538
784	-18,1538462
785	-7,1538462
785	11,8461538
785	-1,1538462
785	-0,1538462
786	-3,1538462
786	-7,1538462
786	12,8461538
786	11,8461538
787	10,8461538
787	2,8461538
787	-6,1538462
787	-0,1538462
788	-1,1538462
788	-30,1538462
788	-13,1538462
788	0,8461538
789	9,8461538
789	-1,1538462
789	-14,1538462
789	-12,1538462
790	7,8461538
790	9,8461538
790	17,8461538
790	18,8461538
791	-3,1538462
791	-4,1538462
791	-19,1538462
791	-15,1538462
792	6,8461538
792	5,8461538
792	39,8461538
792	-4,1538462
793	16,8461538
793	18,8461538
793	1,8461538
793	4,8461538
794	15,8461538
794	-11,1538462
794	18,8461538
794	-18,1538462
795	-20,1538462
795	17,8461538
795	-14,1538462
795	-8,1538462
796	5,8461538
796	5,8461538
796	-2,1538462
796	1,8461538
797	-3,1538462
797	-14,1538462
797	22,8461538
797	-0,1538462
798	-12,1538462
798	10,8461538
798	11,8461538
798	36,8461538
799	-30,1538462
799	14,8461538
799	3,8461538
799	-5,1538462
800	-0,1538462
800	25,8461538
800	8,8461538
800	-5,1538462
801	16,8461538
801	-4,1538462
801	8,8461538
801	2,8461538
802	-17,1538462
802	10,8461538
802	-2,1538462
802	1,8461538
803	16,8461538
803	2,8461538
803	29,8461538
803	21,8461538
804	-10,1538462
804	-12,1538462
804	-7,1538462
804	5,8461538
805	5,8461538
805	-30,1538462
805	22,8461538
805	-19,1538462
806	4,8461538
806	-2,1538462
806	28,8461538
806	14,8461538
807	0,8461538
807	5,8461538
807	3,8461538
807	-0,1538462
808	-13,1538462
808	-0,1538462
808	0,8461538
808	13,8461538
809	-1,1538462
809	28,8461538
809	10,8461538
809	-6,1538462
810	5,8461538
810	14,8461538
810	-5,1538462
810	0,8461538
811	17,8461538
811	-0,1538462
811	-8,1538462
811	4,8461538
812	-10,1538462
812	20,8461538
812	10,8461538
812	1,8461538
813	-21,1538462
813	13,8461538
813	15,8461538
813	-12,1538462
814	24,8461538
814	4,8461538
814	-2,1538462
814	26,8461538
815	20,8461538
815	5,8461538
815	16,8461538
815	9,8461538
816	27,8461538
816	31,8461538
816	-6,1538462
816	11,8461538
817	18,8461538
817	34,8461538
817	9,8461538
817	7,8461538
818	-3,1538462
818	17,8461538
818	-15,1538462
818	-10,1538462
819	19,8461538
819	33,8461538
819	20,8461538
819	9,8461538
820	-1,1538462
820	8,8461538
820	-10,1538462
820	10,8461538
820	-2,1538462
821	-8,1538462
821	6,8461538
821	-3,1538462
821	2,8461538
822	10,8461538
822	-2,1538462
822	-30,1538462
822	-9,1538462
823	-5,1538462
823	-1,1538462
823	7,8461538
823	-0,1538462
824	-16,1538462
824	-3,1538462
824	1,8461538
824	14,8461538
825	8,8461538
825	18,8461538
825	-6,1538462
825	24,8461538
826	19,8461538
826	6,8461538
826	11,8461538
826	-7,1538462
827	1,8461538
827	-16,1538462
827	-9,1538462
827	4,8461538
828	-6,1538462
828	-16,1538462
828	-7,1538462
828	5,8461538
829	13,8461538
829	18,8461538
829	37,8461538
829	7,8461538
830	0,8461538
830	27,8461538
830	19,8461538
830	22,8461538
831	32,8461538
831	14,8461538
831	-5,1538462
831	21,8461538
832	23,8461538
832	-6,1538462
832	14,8461538
832	16,8461538
833	19,8461538
833	3,8461538
833	-8,1538462
833	-15,1538462
834	28,8461538
834	7,8461538
834	10,8461538
834	-0,1538462
835	-13,1538462
835	15,8461538
835	-10,1538462
835	12,8461538
836	2,8461538
836	14,8461538
836	19,8461538
836	18,8461538
837	8,8461538
837	14,8461538
837	-0,1538462
837	-8,1538462
838	-0,1538462
838	13,8461538
838	20,8461538
838	-3,1538462
839	19,8461538
839	-12,1538462
839	18,8461538
839	34,8461538
840	-1,1538462
840	-3,1538462
840	11,8461538
840	-11,1538462
841	-25,1538462
841	17,8461538
841	1,8461538
841	-9,1538462
842	1,8461538
842	23,8461538
842	1,8461538
842	27,8461538
843	1,8461538
843	11,8461538
843	8,8461538
843	3,8461538
844	-7,1538462
844	12,8461538
844	8,8461538
844	0,8461538
845	-8,1538462
845	5,8461538
845	19,8461538
845	0,8461538
845	12,8461538
846	-3,1538462
846	16,8461538
846	6,8461538
846	8,8461538
847	-3,1538462
847	-2,1538462
847	3,8461538
847	-16,1538462
848	-11,1538462
848	-9,1538462
848	26,8461538
848	-1,1538462
849	-9,1538462
849	-5,1538462
849	0,8461538
849	-1,1538462
850	-1,1538462
850	19,8461538
850	-0,1538462
850	2,8461538
851	-4,1538462
851	0,8461538
851	29,8461538
851	9,8461538
852	-24,1538462
852	-1,1538462
852	16,8461538
852	-1,1538462
853	13,8461538
853	-2,1538462
853	-34,1538462
853	18,8461538
854	7,8461538
854	3,8461538
854	-23,1538462
854	-25,1538462
855	-14,1538462
855	3,8461538
855	11,8461538
855	4,8461538
856	-8,1538462
856	1,8461538
856	0,8461538
856	-8,1538462
857	-16,1538462
857	23,8461538
857	-7,1538462
857	12,8461538
858	44,8461538
858	-1,1538462
858	18,8461538
858	13,8461538
859	16,8461538
859	-8,1538462
859	16,8461538
859	-8,1538462
860	5,8461538
860	2,8461538
860	28,8461538
860	-2,1538462
861	30,8461538
861	-11,1538462
861	5,8461538
861	9,8461538
862	-9,1538462
862	19,8461538
862	4,8461538
862	17,8461538
863	9,8461538
863	-0,1538462
863	-7,1538462
863	9,8461538
864	17,8461538
864	-7,1538462
864	-4,1538462
864	-3,1538462
864	6,8461538
865	28,8461538
865	0,8461538
865	-10,1538462
865	3,8461538
866	-17,1538462
866	1,8461538
866	11,8461538
866	21,8461538
867	15,8461538
867	1,8461538
867	-7,1538462
867	8,8461538
868	22,8461538
868	1,8461538
868	20,8461538
868	22,8461538
869	9,8461538
869	13,8461538
869	-5,1538462
869	-17,1538462
870	31,8461538
870	17,8461538
870	19,8461538
870	12,8461538
871	13,8461538
871	-13,1538462
871	4,8461538
871	-5,1538462
872	22,8461538
872	-5,1538462
872	10,8461538
872	6,8461538
873	-5,1538462
873	-6,1538462
873	-6,1538462
873	3,8461538
874	15,8461538
874	13,8461538
874	11,8461538
874	-6,1538462
875	35,8461538
875	-4,1538462
875	-30,1538462
875	13,8461538
876	10,8461538
876	24,8461538
876	8,8461538
876	-5,1538462
877	6,8461538
877	-6,1538462
877	-9,1538462
877	10,8461538
878	-19,1538462
878	-13,1538462
878	45,8461538
878	38,8461538
879	38,8461538
879	-22,1538462
879	9,8461538
879	-0,1538462
880	-3,1538462
880	-7,1538462
880	24,8461538
880	7,8461538
880	18,8461538
881	19,8461538
881	18,8461538
881	-8,1538462
881	-1,1538462
882	-0,1538462
882	-1,1538462
882	12,8461538
882	-9,1538462
883	17,8461538
883	-12,1538462
883	15,8461538
883	-17,1538462
884	18,8461538
884	12,8461538
884	-13,1538462
884	-1,1538462
885	-5,1538462
885	14,8461538
885	17,8461538
885	4,8461538
886	-1,1538462
886	-7,1538462
886	17,8461538
886	6,8461538
887	18,8461538
887	8,8461538
887	-3,1538462
887	-9,1538462
888	9,8461538
888	11,8461538
888	-6,1538462
888	-26,1538462
889	20,8461538
889	13,8461538
889	-9,1538462
889	-7,1538462
890	7,8461538
890	-43,1538462
890	-9,1538462
890	-3,1538462
891	-3,1538462
891	-3,1538462
891	8,8461538
891	-10,1538462
892	-19,1538462
892	5,8461538
892	-19,1538462
892	35,8461538
893	9,8461538
893	7,8461538
893	-2,1538462
893	10,8461538
894	17,8461538
894	3,8461538
894	12,8461538
894	24,8461538
894	3,8461538
895	-4,1538462
895	26,8461538
895	15,8461538
895	-11,1538462
896	12,8461538
896	16,8461538
896	-3,1538462
896	14,8461538
897	26,8461538
897	20,8461538
897	25,8461538
897	11,8461538
898	2,8461538
898	0,8461538
898	-8,1538462
898	-1,1538462
899	-16,1538462
899	-20,1538462
899	6,8461538
899	1,8461538
900	7,8461538
900	1,8461538
900	-1,1538462
900	28,8461538
901	17,8461538
901	5,8461538
901	27,8461538
901	18,8461538
902	-14,1538462
902	-7,1538462
902	-20,1538462
902	-14,1538462
903	6,8461538
903	21,8461538
903	-12,1538462
903	4,8461538
904	-3,1538462
904	2,8461538
904	6,8461538
904	13,8461538
905	-5,1538462
905	21,8461538
905	23,8461538
905	23,8461538
906	18,8461538
906	3,8461538
906	-0,1538462
906	20,8461538
906	-9,1538462
907	-7,1538462
907	7,8461538
907	-3,1538462
907	8,8461538
908	2,8461538
908	30,8461538
908	24,8461538
908	-11,1538462
909	-4,1538462
909	-14,1538462
909	-10,1538462
909	-10,1538462
910	-9,1538462
910	-6,1538462
910	-0,1538462
910	-15,1538462
911	-0,1538462
911	0,8461538
911	16,8461538
911	14,8461538
912	-14,1538462
912	0,8461538
912	-9,1538462
912	19,8461538
913	25,8461538
913	-1,1538462
913	26,8461538
913	3,8461538
914	14,8461538
914	-2,1538462
914	1,8461538
914	-15,1538462
915	-25,1538462
915	-8,1538462
915	25,8461538
915	22,8461538
916	-4,1538462
916	14,8461538
916	20,8461538
916	-9,1538462
917	-11,1538462
917	7,8461538
917	-6,1538462
917	10,8461538
917	-10,1538462
918	14,8461538
918	21,8461538
918	-11,1538462
918	-8,1538462
919	5,8461538
919	1,8461538
919	24,8461538
919	3,8461538
920	-0,1538462
920	-5,1538462
920	14,8461538
920	11,8461538
921	-12,1538462
921	19,8461538
921	-5,1538462
921	-0,1538462
922	4,8461538
922	11,8461538
922	4,8461538
922	-16,1538462
923	-10,1538462
923	4,8461538
923	-14,1538462
923	-11,1538462
924	-3,1538462
924	-21,1538462
924	-14,1538462
924	-0,1538462
925	0,8461538
925	24,8461538
925	5,8461538
925	30,8461538
926	-0,1538462
926	12,8461538
926	6,8461538
926	5,8461538
927	-1,1538462
927	-7,1538462
927	31,8461538
927	7,8461538
928	-24,1538462
928	-16,1538462
928	-18,1538462
928	-0,1538462
928	27,8461538
929	15,8461538
929	-17,1538462
929	-9,1538462
929	-16,1538462
930	-1,1538462
930	9,8461538
930	-6,1538462
930	14,8461538
931	1,8461538
931	-1,1538462
931	22,8461538
931	19,8461538
932	17,8461538
932	-6,1538462
932	-22,1538462
932	-26,1538462
933	19,8461538
933	1,8461538
933	-5,1538462
933	-33,1538462
934	12,8461538
934	2,8461538
934	-7,1538462
934	26,8461538
935	33,8461538
935	-6,1538462
935	-12,1538462
935	-5,1538462
936	-14,1538462
936	2,8461538
936	-12,1538462
936	21,8461538
937	21,8461538
937	11,8461538
937	6,8461538
937	18,8461538
938	-4,1538462
938	1,8461538
938	-16,1538462
938	21,8461538
938	14,8461538
939	6,8461538
939	7,8461538
939	13,8461538
939	-0,1538462
940	13,8461538
940	-1,1538462
940	-19,1538462
940	-21,1538462
941	-9,1538462
941	-23,1538462
941	-31,1538462
941	-2,1538462
942	-20,1538462
942	-22,1538462
942	-5,1538462
942	15,8461538
943	3,8461538
943	0,8461538
943	19,8461538
943	-3,1538462
944	-5,1538462
944	9,8461538
944	11,8461538
944	15,8461538
945	15,8461538
945	15,8461538
945	-2,1538462
945	4,8461538
946	-6,1538462
946	12,8461538
946	4,8461538
946	-6,1538462
947	34,8461538
947	11,8461538
947	-9,1538462
947	-2,1538462
947	10,8461538
948	11,8461538
948	-15,1538462
948	-7,1538462
948	-2,1538462
949	6,8461538
949	2,8461538
949	-4,1538462
949	7,8461538
950	22,8461538
950	12,8461538
950	24,8461538
950	2,8461538
951	1,8461538
951	-18,1538462
951	6,8461538
951	-13,1538462
952	3,8461538
952	32,8461538
952	39,8461538
952	59,8461538
953	-19,1538462
953	11,8461538
953	13,8461538
953	2,8461538
954	-28,1538462
954	7,8461538
954	-19,1538462
954	-15,1538462
955	-17,1538462
955	10,8461538
955	7,8461538
955	-4,1538462
956	12,8461538
956	-1,1538462
956	-12,1538462
956	16,8461538
956	6,8461538
957	18,8461538
957	37,8461538
957	13,8461538
957	3,8461538
958	-6,1538462
958	-8,1538462
958	2,8461538
958	7,8461538
959	-10,1538462
959	-7,1538462
959	12,8461538
959	8,8461538
960	29,8461538
960	12,8461538
960	-14,1538462
960	8,8461538
961	28,8461538
961	3,8461538
961	5,8461538
961	10,8461538
962	19,8461538
962	-22,1538462
962	-20,1538462
962	17,8461538
963	-8,1538462
963	6,8461538
963	24,8461538
963	-9,1538462
964	2,8461538
964	11,8461538
964	1,8461538
964	-3,1538462
964	-4,1538462
965	14,8461538
965	-1,1538462
965	7,8461538
965	5,8461538
966	35,8461538
966	16,8461538
966	-22,1538462
966	8,8461538
967	8,8461538
967	-3,1538462
967	-3,1538462
967	-0,1538462
968	-5,1538462
968	20,8461538
968	-8,1538462
968	13,8461538
969	16,8461538
969	-9,1538462
969	-1,1538462
969	-16,1538462
970	7,8461538
970	-14,1538462
970	-9,1538462
970	-3,1538462
971	14,8461538
971	25,8461538
971	10,8461538
971	10,8461538
972	4,8461538
972	-3,1538462
972	-9,1538462
972	0,8461538
972	3,8461538
973	-40,1538462
973	-21,1538462
973	12,8461538
973	-14,1538462
974	-19,1538462
974	-2,1538462
974	12,8461538
974	4,8461538
975	26,8461538
975	0,8461538
975	10,8461538
975	2,8461538
976	-13,1538462
976	-14,1538462
976	11,8461538
976	8,8461538
977	6,8461538
977	-5,1538462
977	4,8461538
977	10,8461538
978	19,8461538
978	13,8461538
978	-31,1538462
978	18,8461538
979	-3,1538462
979	9,8461538
979	12,8461538
979	14,8461538
980	-18,1538462
980	21,8461538
980	-8,1538462
980	0,8461538
980	-7,1538462
981	-9,1538462
981	15,8461538
981	17,8461538
981	-5,1538462
982	-7,1538462
982	-5,1538462
982	24,8461538
982	21,8461538
983	0,8461538
983	29,8461538
983	-3,1538462
983	8,8461538
984	12,8461538
984	20,8461538
984	-12,1538462
984	14,8461538
985	1,8461538
985	16,8461538
985	4,8461538
985	-11,1538462
986	-7,1538462
986	4,8461538
986	11,8461538
986	-3,1538462
987	-3,1538462
987	22,8461538
987	23,8461538
987	4,8461538
988	9,8461538
988	4,8461538
988	-18,1538462
988	1,8461538
988	21,8461538
989	-13,1538462
989	-11,1538462
989	10,8461538
989	-12,1538462
990	-12,1538462
990	-14,1538462
990	-7,1538462
990	-0,1538462
991	11,8461538
991	25,8461538
991	-2,1538462
991	10,8461538
992	0,8461538
992	0,8461538
992	-9,1538462
992	10,8461538
993	12,8461538
993	14,8461538
993	-6,1538462
993	8,8461538
994	5,8461538
994	9,8461538
994	19,8461538
994	5,8461538
995	-12,1538462
995	-4,1538462
995	15,8461538
995	37,8461538
995	20,8461538
996	5,8461538
996	26,8461538
996	22,8461538
996	25,8461538
997	13,8461538
997	-13,1538462
997	-4,1538462
997	6,8461538
998	-1,1538462
998	-4,1538462
998	-17,1538462
998	-10,1538462
999	3,8461538
999	-4,1538462
999	7,8461538
999	-5,1538462
1000	-16,1538462
1000	23,8461538
1000	14,8461538
1000	2,8461538
1001	-6,1538462
1001	-4,1538462
1001	22,8461538
1001	-7,1538462
1002	6,8461538
1002	12,8461538
1002	26,8461538
1002	13,8461538
1002	-5,1538462
1003	-4,1538462
1003	14,8461538
1003	18,8461538
1003	19,8461538
1004	3,8461538
1004	6,8461538
1004	-5,1538462
1004	26,8461538
1005	-2,1538462
1005	-2,1538462
1005	15,8461538
1005	27,8461538
1006	-21,1538462
1006	-8,1538462
1006	8,8461538
1006	1,8461538
1007	-13,1538462
1007	-15,1538462
1007	-29,1538462
1007	-1,1538462
1008	-21,1538462
1008	13,8461538
1008	39,8461538
1008	16,8461538
1008	19,8461538
1009	0,8461538
1009	-10,1538462
1009	6,8461538
1009	16,8461538
1010	-3,1538462
1010	-8,1538462
1010	-14,1538462
1010	-12,1538462
1011	17,8461538
1011	15,8461538
1011	-6,1538462
1011	32,8461538
1012	5,8461538
1012	1,8461538
1012	24,8461538
1012	-0,1538462
1013	-14,1538462
1013	-2,1538462
1013	22,8461538
1013	9,8461538
1014	12,8461538
1014	-3,1538462
1014	33,8461538
1014	15,8461538
1015	-2,1538462
1015	10,8461538
1015	-11,1538462
1015	-7,1538462
1015	26,8461538
1016	32,8461538
1016	28,8461538
1016	-8,1538462
1016	11,8461538
1017	-13,1538462
1017	5,8461538
1017	-0,1538462
1017	-12,1538462
1018	3,8461538
1018	13,8461538
1018	0,8461538
1018	10,8461538
1019	5,8461538
1019	11,8461538
1019	-0,1538462
1019	14,8461538
1020	-13,1538462
1020	24,8461538
1020	19,8461538
1020	-0,1538462
1021	12,8461538
1021	14,8461538
1021	3,8461538
1021	21,8461538
1021	27,8461538
1022	3,8461538
1022	3,8461538
1022	3,8461538
1022	11,8461538
1023	-14,1538462
1023	-5,1538462
1023	-3,1538462
1023	12,8461538
1024	29,8461538
1024	-12,1538462
1024	0,8461538
1024	15,8461538
1025	13,8461538
1025	-1,1538462
1025	-6,1538462
1025	-14,1538462
1026	-13,1538462
1026	-4,1538462
1026	5,8461538
1026	7,8461538
1027	10,8461538
1027	-13,1538462
1027	23,8461538
1027	-6,1538462
1027	-18,1538462
1028	-11,1538462
1028	-6,1538462
1028	17,8461538
1028	5,8461538
1029	-24,1538462
1029	-3,1538462
1029	-2,1538462
1029	1,8461538
1030	9,8461538
1030	-16,1538462
1030	3,8461538
1030	-6,1538462
1031	-2,1538462
1031	-0,1538462
1031	12,8461538
1031	-22,1538462
1032	0,8461538
1032	12,8461538
1032	-12,1538462
1032	10,8461538
1033	11,8461538
1033	31,8461538
1033	17,8461538
1033	14,8461538
1034	9,8461538
1034	8,8461538
1034	-21,1538462
1034	-4,1538462
1034	-2,1538462
1035	22,8461538
1035	-15,1538462
1035	-1,1538462
1035	-4,1538462
1036	15,8461538
1036	2,8461538
1036	13,8461538
1036	-10,1538462
1037	-1,1538462
1037	-2,1538462
1037	-12,1538462
1037	23,8461538
1038	14,8461538
1038	-7,1538462
1038	-5,1538462
1038	20,8461538
1039	16,8461538
1039	5,8461538
1039	12,8461538
1039	7,8461538
1039	3,8461538
1040	0,8461538
1040	-3,1538462
1040	30,8461538
1040	11,8461538
1041	-9,1538462
1041	-16,1538462
1041	-1,1538462
1041	0,8461538
1042	22,8461538
1042	-3,1538462
1042	25,8461538
1042	11,8461538
1043	15,8461538
1043	41,8461538
1043	6,8461538
1043	15,8461538
1044	9,8461538
1044	-0,1538462
1044	15,8461538
1044	-5,1538462
1045	2,8461538
1045	-10,1538462
1045	12,8461538
1045	-24,1538462
1045	-20,1538462
1046	-3,1538462
1046	-5,1538462
1046	6,8461538
1046	-1,1538462
1047	-24,1538462
1047	15,8461538
1047	-13,1538462
1047	-1,1538462
1048	10,8461538
1048	1,8461538
1048	0,8461538
1048	11,8461538
1049	-14,1538462
1049	13,8461538
1049	17,8461538
1049	12,8461538
1050	-14,1538462
1050	-9,1538462
1050	-10,1538462
1050	-24,1538462
1051	10,8461538
1051	8,8461538
1051	-8,1538462
1051	-14,1538462
1051	12,8461538
1052	10,8461538
1052	0,8461538
1052	-9,1538462
1052	-14,1538462
1053	1,8461538
1053	10,8461538
1053	0,8461538
1053	12,8461538
1054	11,8461538
1054	-7,1538462
1054	-1,1538462
1054	-8,1538462
1055	21,8461538
1055	29,8461538
1055	-7,1538462
1055	7,8461538
1056	-3,1538462
1056	-3,1538462
1056	-6,1538462
1056	12,8461538
1056	-1,1538462
1057	24,8461538
1057	11,8461538
1057	18,8461538
1057	34,8461538
1058	-6,1538462
1058	-1,1538462
1058	6,8461538
1058	4,8461538
1059	26,8461538
1059	-10,1538462
1059	2,8461538
1059	-1,1538462
1060	17,8461538
1060	21,8461538
1060	5,8461538
1060	21,8461538
1061	7,8461538
1061	21,8461538
1061	4,8461538
1061	0,8461538
1062	-1,1538462
1062	-1,1538462
1062	3,8461538
1062	19,8461538
1062	4,8461538
1063	-21,1538462
1063	-11,1538462
1063	10,8461538
1063	2,8461538
1064	-36,1538462
1064	8,8461538
1064	2,8461538
1064	8,8461538
1065	-2,1538462
1065	6,8461538
1065	-1,1538462
1065	-7,1538462
1066	9,8461538
1066	-3,1538462
1066	-26,1538462
1066	23,8461538
1067	3,8461538
1067	9,8461538
1067	13,8461538
1067	7,8461538
1067	2,8461538
1068	13,8461538
1068	7,8461538
1068	-1,1538462
1068	14,8461538
1069	17,8461538
1069	25,8461538
1069	17,8461538
1069	13,8461538
1070	13,8461538
1070	-17,1538462
1070	-4,1538462
1070	-10,1538462
1071	12,8461538
1071	19,8461538
1071	5,8461538
1071	-0,1538462
1072	25,8461538
1072	7,8461538
1072	-4,1538462
1072	1,8461538
1072	25,8461538
1073	-4,1538462
1073	10,8461538
1073	-15,1538462
1073	-19,1538462
1074	8,8461538
1074	-14,1538462
1074	-7,1538462
1074	9,8461538
1075	11,8461538
1075	-4,1538462
1075	8,8461538
1075	2,8461538
1076	-7,1538462
1076	9,8461538
1076	-6,1538462
1076	1,8461538
1077	-12,1538462
1077	-11,1538462
1077	9,8461538
1077	-8,1538462
1077	24,8461538
1078	5,8461538
1078	13,8461538
1078	2,8461538
1078	2,8461538
1079	-5,1538462
1079	26,8461538
1079	5,8461538
1079	22,8461538
1080	-9,1538462
1080	-22,1538462
1080	14,8461538
1080	1,8461538
1081	-17,1538462
1081	15,8461538
1081	17,8461538
1081	2,8461538
1082	33,8461538
1082	-5,1538462
1082	17,8461538
1082	-2,1538462
1082	10,8461538
1083	7,8461538
1083	15,8461538
1083	22,8461538
1083	8,8461538
1084	9,8461538
1084	1,8461538
1084	34,8461538
1084	14,8461538
1085	11,8461538
1085	-8,1538462
1085	0,8461538
1085	10,8461538
1086	12,8461538
1086	1,8461538
1086	-11,1538462
1086	4,8461538
1087	7,8461538
1087	-4,1538462
1087	-28,1538462
1087	0,8461538
1087	28,8461538
1088	-7,1538462
1088	-2,1538462
1088	-6,1538462
1088	6,8461538
1089	-3,1538462
1089	7,8461538
1089	-20,1538462
1089	13,8461538
1090	13,8461538
1090	20,8461538
1090	-1,1538462
1090	16,8461538
1091	22,8461538
1091	14,8461538
1091	29,8461538
1091	8,8461538
1092	31,8461538
1092	19,8461538
1092	3,8461538
1092	1,8461538
1092	-16,1538462
1093	-0,1538462
1093	8,8461538
1093	-11,1538462
1093	1,8461538
1094	2,8461538
1094	1,8461538
1094	6,8461538
1094	16,8461538
1095	8,8461538
1095	36,8461538
1095	0,8461538
1095	14,8461538
1096	20,8461538
1096	-18,1538462
1096	-31,1538462
1096	5,8461538
1097	6,8461538
1097	10,8461538
1097	-12,1538462
1097	20,8461538
1097	16,8461538
1098	18,8461538
1098	32,8461538
1098	-3,1538462
1098	11,8461538
1099	18,8461538
1099	9,8461538
1099	-2,1538462
1099	2,8461538
1100	-6,1538462
1100	-5,1538462
1100	-6,1538462
1100	-7,1538462
1101	18,8461538
1101	16,8461538
1101	41,8461538
1101	-2,1538462
1101	-2,1538462
1102	-8,1538462
1102	4,8461538
1102	4,8461538
1102	-9,1538462
1103	10,8461538
1103	3,8461538
1103	5,8461538
1103	2,8461538
1104	-12,1538462
1104	-6,1538462
1104	18,8461538
1104	0,8461538
1105	8,8461538
1105	15,8461538
1105	9,8461538
1105	30,8461538
1106	2,8461538
1106	-12,1538462
1106	-12,1538462
1106	-8,1538462
1106	-11,1538462
1107	15,8461538
1107	32,8461538
1107	24,8461538
1107	3,8461538
1108	-8,1538462
1108	2,8461538
1108	2,8461538
1108	-5,1538462
1109	-9,1538462
1109	8,8461538
1109	-16,1538462
1109	8,8461538
1110	-8,1538462
1110	23,8461538
1110	8,8461538
1110	-8,1538462
1110	4,8461538
1111	12,8461538
1111	35,8461538
1111	2,8461538
1111	9,8461538
1112	10,8461538
1112	-1,1538462
1112	9,8461538
1112	10,8461538
1113	-3,1538462
1113	-22,1538462
1113	-4,1538462
1113	22,8461538
1114	17,8461538
1114	2,8461538
1114	11,8461538
1114	-3,1538462
1115	19,8461538
1115	8,8461538
1115	6,8461538
1115	7,8461538
1115	-12,1538462
1116	16,8461538
1116	-24,1538462
1116	-11,1538462
1116	0,8461538
1117	5,8461538
1117	-6,1538462
1117	10,8461538
1117	15,8461538
1118	11,8461538
