196	-35,1538462
196	-35,1538462
196	-35,1538462
197	-4,1538462
197	19,8461538
197	50,8461538
197	24,8461538
198	18,8461538
198	-6,1538462
198	-20,1538462
199	0,8461538
199	10,8461538
199	9,8461538
199	-6,1538462
200	43,8461538
200	12,8461538
200	15,8461538
200	-20,1538462
201	9,8461538
201	4,8461538
201	30,8461538
201	12,8461538
202	21,8461538
202	5,8461538
202	-26,1538462
203	5,8461538
203	6,8461538
203	49,8461538
203	11,8461538
204	23,8461538
204	14,8461538
204	-26,1538462
204	0,8461538
205	-13,1538462
205	-8,1538462
205	-23,1538462
205	9,8461538
206	-8,1538462
206	16,8461538
206	4,8461538
207	-2,1538462
207	7,8461538
207	10,8461538
207	-22,1538462
208	8,8461538
208	3,8461538
208	-19,1538462
208	-20,1538462
209	-0,1538462
209	-3,1538462
209	6,8461538
209	-1,1538462
210	8,8461538
210	11,8461538
210	-1,1538462
211	-12,1538462
211	15,8461538
211	-8,1538462
211	19,8461538
212	-21,1538462
212	-1,1538462
212	-5,1538462
212	18,8461538
213	18,8461538
213	-25,1538462
213	19,8461538
213	14,8461538
214	26,8461538
214	17,8461538
214	5,8461538
215	18,8461538
215	2,8461538
215	0,8461538
215	8,8461538
216	9,8461538
216	6,8461538
216	23,8461538
216	5,8461538
217	14,8461538
217	17,8461538
217	1,8461538
217	-5,1538462
218	-8,1538462
218	-21,1538462
218	10,8461538
219	26,8461538
219	-9,1538462
219	21,8461538
219	13,8461538
220	-0,1538462
220	-1,1538462
220	-6,1538462
220	-5,1538462
221	22,8461538
221	-29,1538462
221	0,8461538
221	-13,1538462
222	16,8461538
222	24,8461538
222	-12,1538462
223	26,8461538
223	-1,1538462
223	-9,1538462
223	-15,1538462
224	5,8461538
224	-9,1538462
224	6,8461538
224	-16,1538462
225	13,8461538
225	7,8461538
225	17,8461538
225	17,8461538
226	11,8461538
226	-31,1538462
226	18,8461538
227	16,8461538
227	11,8461538
227	4,8461538
227	21,8461538
228	15,8461538
228	4,8461538
228	3,8461538
228	10,8461538
229	7,8461538
229	-3,1538462
229	-11,1538462
229	-15,1538462
230	3,8461538
230	-2,1538462
230	-7,1538462
231	-17,1538462
231	6,8461538
231	-25,1538462
231	5,8461538
232	3,8461538
232	22,8461538
232	30,8461538
232	-4,1538462
233	5,8461538
233	14,8461538
233	5,8461538
233	1,8461538
234	-13,1538462
234	22,8461538
234	3,8461538
235	13,8461538
235	18,8461538
235	9,8461538
235	14,8461538
236	2,8461538
236	15,8461538
236	10,8461538
236	-19,1538462
237	17,8461538
237	-4,1538462
237	11,8461538
237	-0,1538462
238	9,8461538
238	7,8461538
238	-10,1538462
239	-4,1538462
239	-13,1538462
239	-14,1538462
239	-4,1538462
240	-12,1538462
240	18,8461538
240	-13,1538462
240	13,8461538
241	12,8461538
241	-0,1538462
241	-2,1538462
241	-7,1538462
242	-32,1538462
242	-24,1538462
242	-11,1538462
243	-20,1538462
243	20,8461538
243	0,8461538
243	6,8461538
244	-5,1538462
244	-6,1538462
244	-3,1538462
244	-2,1538462
245	-7,1538462
245	28,8461538
245	-7,1538462
245	8,8461538
246	-14,1538462
246	21,8461538
246	-10,1538462
247	12,8461538
247	-2,1538462
247	4,8461538
247	28,8461538
248	11,8461538
248	1,8461538
248	7,8461538
248	-2,1538462
249	4,8461538
249	-21,1538462
249	-7,1538462
249	6,8461538
250	17,8461538
250	51,8461538
250	2,8461538
251	3,8461538
251	28,8461538
251	2,8461538
251	-14,1538462
252	-14,1538462
252	3,8461538
252	24,8461538
252	2,8461538
253	28,8461538
253	18,8461538
253	-11,1538462
253	1,8461538
254	-8,1538462
254	21,8461538
254	8,8461538
254	-0,1538462
255	-5,1538462
255	-13,1538462
255	10,8461538
256	-18,1538462
256	-15,1538462
256	6,8461538
256	8,8461538
257	-2,1538462
257	-0,1538462
257	7,8461538
257	3,8461538
258	16,8461538
258	-7,1538462
258	22,8461538
258	0,8461538
259	0,8461538
259	30,8461538
259	4,8461538
260	2,8461538
260	-20,1538462
260	-12,1538462
260	-6,1538462
261	-4,1538462
261	24,8461538
261	9,8461538
261	10,8461538
262	2,8461538
262	-3,1538462
262	-3,1538462
262	-15,1538462
263	32,8461538
263	12,8461538
263	3,8461538
264	20,8461538
264	-10,1538462
264	-4,1538462
264	17,8461538
265	-0,1538462
265	3,8461538
265	4,8461538
265	-0,1538462
266	-5,1538462
266	-14,1538462
266	-5,1538462
266	3,8461538
267	40,8461538
267	3,8461538
267	24,8461538
268	11,8461538
268	27,8461538
268	8,8461538
268	44,8461538
269	10,8461538
269	3,8461538
269	-20,1538462
269	20,8461538
270	-13,1538462
270	17,8461538
270	-4,1538462
270	20,8461538
271	2,8461538
271	24,8461538
271	29,8461538
271	-17,1538462
272	6,8461538
272	19,8461538
272	4,8461538
273	13,8461538
273	13,8461538
273	-11,1538462
273	5,8461538
274	-2,1538462
274	-3,1538462
274	6,8461538
274	15,8461538
275	39,8461538
275	-14,1538462
275	-2,1538462
275	-3,1538462
276	31,8461538
276	0,8461538
276	-2,1538462
277	12,8461538
277	43,8461538
277	31,8461538
277	-6,1538462
278	6,8461538
278	26,8461538
278	10,8461538
278	-0,1538462
279	-2,1538462
279	-3,1538462
279	14,8461538
279	8,8461538
280	-13,1538462
280	-8,1538462
280	-17,1538462
280	-5,1538462
281	19,8461538
281	20,8461538
281	-3,1538462
282	0,8461538
282	16,8461538
282	-8,1538462
282	-7,1538462
283	-1,1538462
283	-24,1538462
283	-9,1538462
283	8,8461538
284	16,8461538
284	-0,1538462
284	-18,1538462
284	1,8461538
285	-24,1538462
285	-10,1538462
285	17,8461538
286	20,8461538
286	-17,1538462
286	-18,1538462
286	6,8461538
287	14,8461538
287	4,8461538
287	-4,1538462
287	19,8461538
288	-3,1538462
288	10,8461538
288	25,8461538
288	10,8461538
289	2,8461538
289	-6,1538462
289	13,8461538
290	1,8461538
290	-6,1538462
290	14,8461538
290	2,8461538
291	21,8461538
291	-8,1538462
291	4,8461538
291	4,8461538
292	-9,1538462
292	-7,1538462
292	0,8461538
292	9,8461538
293	-2,1538462
293	11,8461538
293	14,8461538
293	23,8461538
294	-4,1538462
294	13,8461538
294	6,8461538
295	30,8461538
295	28,8461538
295	-6,1538462
295	13,8461538
296	-14,1538462
296	13,8461538
296	21,8461538
296	-9,1538462
297	1,8461538
297	12,8461538
297	3,8461538
297	13,8461538
298	15,8461538
298	-45,1538462
298	12,8461538
299	-11,1538462
299	20,8461538
299	7,8461538
299	0,8461538
300	3,8461538
300	-2,1538462
300	-6,1538462
300	20,8461538
301	3,8461538
301	3,8461538
301	-26,1538462
301	-16,1538462
302	-17,1538462
302	2,8461538
302	9,8461538
302	31,8461538
303	32,8461538
303	3,8461538
303	-8,1538462
304	0,8461538
304	13,8461538
304	18,8461538
304	5,8461538
305	16,8461538
305	27,8461538
305	-4,1538462
305	-23,1538462
306	1,8461538
306	-18,1538462
306	8,8461538
306	17,8461538
307	13,8461538
307	18,8461538
307	1,8461538
307	11,8461538
308	12,8461538
308	-1,1538462
308	10,8461538
309	16,8461538
309	15,8461538
309	7,8461538
309	-0,1538462
310	10,8461538
310	-3,1538462
310	5,8461538
310	-17,1538462
311	-12,1538462
311	26,8461538
311	17,8461538
311	8,8461538
312	35,8461538
312	34,8461538
312	21,8461538
313	14,8461538
313	27,8461538
313	24,8461538
313	-2,1538462
314	-14,1538462
314	-2,1538462
314	-5,1538462
314	6,8461538
315	10,8461538
315	19,8461538
315	30,8461538
315	2,8461538
316	-9,1538462
316	0,8461538
316	17,8461538
316	-11,1538462
317	11,8461538
317	-5,1538462
317	15,8461538
318	4,8461538
318	2,8461538
318	-0,1538462
318	-17,1538462
319	9,8461538
319	2,8461538
319	5,8461538
319	6,8461538
320	24,8461538
320	3,8461538
320	11,8461538
320	0,8461538
321	12,8461538
321	3,8461538
321	-9,1538462
321	11,8461538
322	1,8461538
322	23,8461538
322	6,8461538
323	19,8461538
323	22,8461538
323	-3,1538462
323	29,8461538
324	-3,1538462
324	3,8461538
324	-32,1538462
324	-6,1538462
325	-25,1538462
325	0,8461538
325	-9,1538462
325	17,8461538
326	-5,1538462
326	-1,1538462
326	9,8461538
327	3,8461538
327	22,8461538
327	16,8461538
327	-12,1538462
328	4,8461538
328	-20,1538462
328	33,8461538
328	5,8461538
329	-6,1538462
329	-38,1538462
329	-14,1538462
329	-3,1538462
330	-9,1538462
330	-7,1538462
330	8,8461538
330	-4,1538462
331	-32,1538462
331	5,8461538
331	13,8461538
332	9,8461538
332	17,8461538
332	15,8461538
332	10,8461538
333	9,8461538
333	-8,1538462
333	15,8461538
333	15,8461538
334	16,8461538
334	15,8461538
334	18,8461538
334	11,8461538
335	12,8461538
335	6,8461538
335	-0,1538462
335	40,8461538
336	35,8461538
336	51,8461538
336	16,8461538
337	8,8461538
337	16,8461538
337	2,8461538
337	14,8461538
338	26,8461538
338	11,8461538
338	-1,1538462
338	26,8461538
339	13,8461538
339	16,8461538
339	33,8461538
339	10,8461538
340	-9,1538462
340	31,8461538
340	-11,1538462
340	7,8461538
341	3,8461538
341	14,8461538
341	7,8461538
342	4,8461538
342	0,8461538
342	16,8461538
342	11,8461538
343	7,8461538
343	9,8461538
343	-22,1538462
343	24,8461538
344	26,8461538
344	8,8461538
344	12,8461538
344	-2,1538462
345	-29,1538462
345	1,8461538
345	9,8461538
345	21,8461538
346	7,8461538
346	20,8461538
346	-4,1538462
347	15,8461538
347	18,8461538
347	9,8461538
347	-5,1538462
348	3,8461538
348	-0,1538462
348	46,8461538
348	4,8461538
349	22,8461538
349	-13,1538462
349	13,8461538
349	-5,1538462
350	-14,1538462
350	13,8461538
350	7,8461538
350	-2,1538462
351	9,8461538
351	-1,1538462
351	-16,1538462
352	4,8461538
352	13,8461538
352	11,8461538
352	36,8461538
353	21,8461538
353	11,8461538
353	6,8461538
353	14,8461538
354	5,8461538
354	33,8461538
354	46,8461538
354	2,8461538
355	16,8461538
355	26,8461538
355	-7,1538462
355	9,8461538
356	34,8461538
356	4,8461538
356	16,8461538
357	-0,1538462
357	-0,1538462
357	24,8461538
357	9,8461538
358	34,8461538
358	26,8461538
358	20,8461538
358	8,8461538
359	0,8461538
359	11,8461538
359	0,8461538
359	-10,1538462
360	14,8461538
360	15,8461538
360	26,8461538
360	14,8461538
361	15,8461538
361	-3,1538462
361	17,8461538
362	36,8461538
362	27,8461538
362	25,8461538
362	10,8461538
363	4,8461538
363	-1,1538462
363	0,8461538
363	8,8461538
364	14,8461538
364	-17,1538462
364	-12,1538462
364	4,8461538
365	14,8461538
365	15,8461538
365	-19,1538462
365	25,8461538
366	5,8461538
366	3,8461538
366	4,8461538
367	-5,1538462
367	-3,1538462
367	16,8461538
367	-5,1538462
368	-8,1538462
368	7,8461538
368	2,8461538
368	-11,1538462
369	-1,1538462
369	-4,1538462
369	-14,1538462
369	-7,1538462
370	3,8461538
370	-12,1538462
370	-23,1538462
370	6,8461538
371	10,8461538
371	3,8461538
371	5,8461538
371	32,8461538
372	3,8461538
372	0,8461538
372	12,8461538
373	19,8461538
373	18,8461538
373	-6,1538462
373	18,8461538
374	-14,1538462
374	2,8461538
374	12,8461538
374	-2,1538462
375	11,8461538
375	17,8461538
375	15,8461538
375	29,8461538
376	10,8461538
376	6,8461538
376	0,8461538
376	19,8461538
377	-3,1538462
377	22,8461538
377	36,8461538
378	10,8461538
378	6,8461538
378	41,8461538
378	4,8461538
379	29,8461538
379	7,8461538
379	-2,1538462
379	15,8461538
380	12,8461538
380	22,8461538
380	25,8461538
380	1,8461538
381	18,8461538
381	-16,1538462
381	16,8461538
381	-1,1538462
382	13,8461538
382	19,8461538
382	33,8461538
383	-14,1538462
383	-25,1538462
383	24,8461538
383	-10,1538462
384	-3,1538462
384	7,8461538
384	-5,1538462
384	6,8461538
385	-5,1538462
385	7,8461538
385	18,8461538
385	25,8461538
386	7,8461538
386	12,8461538
386	15,8461538
386	13,8461538
387	16,8461538
387	-2,1538462
387	-16,1538462
387	-9,1538462
388	-7,1538462
388	21,8461538
388	16,8461538
389	-8,1538462
389	-31,1538462
389	0,8461538
389	-1,1538462
390	1,8461538
390	23,8461538
390	3,8461538
390	4,8461538
391	1,8461538
391	5,8461538
391	-5,1538462
391	0,8461538
392	11,8461538
392	-1,1538462
392	16,8461538
392	15,8461538
393	-14,1538462
393	7,8461538
393	20,8461538
394	6,8461538
394	9,8461538
394	18,8461538
394	30,8461538
395	-21,1538462
395	-9,1538462
395	13,8461538
395	-7,1538462
396	-10,1538462
396	-0,1538462
396	-16,1538462
396	9,8461538
397	-26,1538462
397	10,8461538
397	5,8461538
397	7,8461538
398	26,8461538
398	-14,1538462
398	-16,1538462
398	-1,1538462
399	0,8461538
399	12,8461538
399	9,8461538
400	2,8461538
400	10,8461538
400	-3,1538462
400	19,8461538
401	29,8461538
401	25,8461538
401	14,8461538
401	1,8461538
402	4,8461538
402	16,8461538
402	3,8461538
402	11,8461538
403	3,8461538
403	32,8461538
403	4,8461538
403	-8,1538462
404	9,8461538
404	16,8461538
404	10,8461538
405	15,8461538
405	11,8461538
405	23,8461538
405	1,8461538
406	16,8461538
406	17,8461538
406	20,8461538
406	31,8461538
407	10,8461538
407	-13,1538462
407	-20,1538462
407	28,8461538
408	8,8461538
408	7,8461538
408	-28,1538462
408	6,8461538
409	20,8461538
409	1,8461538
409	11,8461538
409	7,8461538
410	6,8461538
410	0,8461538
410	16,8461538
411	15,8461538
411	-0,1538462
411	34,8461538
411	-16,1538462
412	-7,1538462
412	-0,1538462
412	-1,1538462
412	3,8461538
413	-12,1538462
413	-16,1538462
413	2,8461538
413	-2,1538462
414	-11,1538462
414	12,8461538
414	0,8461538
414	6,8461538
415	15,8461538
415	16,8461538
415	9,8461538
415	-4,1538462
416	-4,1538462
416	-7,1538462
416	-12,1538462
417	9,8461538
417	10,8461538
417	26,8461538
417	14,8461538
418	9,8461538
418	21,8461538
418	18,8461538
418	-8,1538462
419	15,8461538
419	-13,1538462
419	21,8461538
419	5,8461538
420	18,8461538
420	11,8461538
420	20,8461538
420	22,8461538
421	23,8461538
421	22,8461538
421	5,8461538
421	-0,1538462
422	3,8461538
422	5,8461538
422	6,8461538
423	9,8461538
423	-5,1538462
423	20,8461538
423	-9,1538462
424	11,8461538
424	-7,1538462
424	1,8461538
424	9,8461538
425	38,8461538
425	-16,1538462
425	18,8461538
425	16,8461538
426	-0,1538462
426	-4,1538462
426	12,8461538
426	18,8461538
427	18,8461538
427	-8,1538462
427	-9,1538462
427	14,8461538
428	26,8461538
428	30,8461538
428	-18,1538462
429	3,8461538
429	-2,1538462
429	-9,1538462
429	28,8461538
430	16,8461538
430	14,8461538
430	1,8461538
430	22,8461538
431	3,8461538
431	-10,1538462
431	-9,1538462
431	22,8461538
432	5,8461538
432	-7,1538462
432	-6,1538462
432	25,8461538
433	-2,1538462
433	-10,1538462
433	17,8461538
433	-6,1538462
434	1,8461538
434	20,8461538
434	20,8461538
435	1,8461538
435	3,8461538
435	10,8461538
435	-3,1538462
436	2,8461538
436	25,8461538
436	-1,1538462
436	-22,1538462
437	27,8461538
437	-1,1538462
437	-6,1538462
437	10,8461538
438	27,8461538
438	26,8461538
438	22,8461538
438	18,8461538
439	13,8461538
439	11,8461538
439	-3,1538462
439	19,8461538
440	20,8461538
440	-5,1538462
440	3,8461538
441	-15,1538462
441	-13,1538462
441	12,8461538
441	22,8461538
442	2,8461538
442	25,8461538
442	14,8461538
442	10,8461538
443	5,8461538
443	22,8461538
443	10,8461538
443	-16,1538462
444	-18,1538462
444	-15,1538462
444	-3,1538462
444	1,8461538
445	-0,1538462
445	1,8461538
445	2,8461538
445	16,8461538
446	-4,1538462
446	-17,1538462
446	1,8461538
447	-1,1538462
447	13,8461538
447	32,8461538
447	19,8461538
448	21,8461538
448	-18,1538462
448	-7,1538462
448	-9,1538462
449	7,8461538
449	-3,1538462
449	-2,1538462
449	4,8461538
450	-3,1538462
450	-9,1538462
450	-1,1538462
450	9,8461538
451	5,8461538
451	-14,1538462
451	-29,1538462
451	3,8461538
452	13,8461538
452	-17,1538462
452	6,8461538
452	10,8461538
453	23,8461538
453	13,8461538
453	3,8461538
454	9,8461538
454	8,8461538
454	17,8461538
454	-3,1538462
455	-22,1538462
455	-14,1538462
455	-8,1538462
455	1,8461538
456	3,8461538
456	13,8461538
456	-18,1538462
456	16,8461538
457	-2,1538462
457	-6,1538462
457	-10,1538462
457	2,8461538
458	11,8461538
458	-7,1538462
458	-6,1538462
458	8,8461538
459	-0,1538462
459	10,8461538
459	26,8461538
460	14,8461538
460	2,8461538
460	18,8461538
460	2,8461538
461	-4,1538462
461	-0,1538462
461	27,8461538
461	29,8461538
462	19,8461538
462	17,8461538
462	-12,1538462
462	-8,1538462
463	2,8461538
463	-1,1538462
463	-3,1538462
463	10,8461538
464	12,8461538
464	12,8461538
464	12,8461538
464	-0,1538462
465	-10,1538462
465	16,8461538
465	29,8461538
465	9,8461538
466	-26,1538462
466	18,8461538
466	-0,1538462
467	-1,1538462
467	2,8461538
467	0,8461538
467	-11,1538462
468	-8,1538462
468	20,8461538
468	-1,1538462
468	-5,1538462
469	30,8461538
469	-4,1538462
469	-27,1538462
469	-3,1538462
470	18,8461538
470	-3,1538462
470	13,8461538
470	4,8461538
471	24,8461538
471	1,8461538
471	20,8461538
471	12,8461538
472	16,8461538
472	24,8461538
472	3,8461538
472	29,8461538
473	0,8461538
473	31,8461538
473	10,8461538
474	11,8461538
474	-28,1538462
474	18,8461538
474	-12,1538462
475	-5,1538462
475	-5,1538462
475	15,8461538
475	3,8461538
476	14,8461538
476	11,8461538
476	-15,1538462
476	17,8461538
477	24,8461538
477	7,8461538
477	-8,1538462
477	8,8461538
478	-13,1538462
478	-16,1538462
478	-21,1538462
478	-7,1538462
479	-10,1538462
479	-3,1538462
479	-1,1538462
479	0,8461538
480	17,8461538
480	-5,1538462
480	-5,1538462
481	17,8461538
481	-4,1538462
481	8,8461538
481	4,8461538
482	53,8461538
482	-9,1538462
482	-13,1538462
482	-2,1538462
483	-22,1538462
483	-2,1538462
483	9,8461538
483	-7,1538462
484	2,8461538
484	15,8461538
484	13,8461538
484	-14,1538462
485	9,8461538
485	18,8461538
485	-0,1538462
485	10,8461538
486	-0,1538462
486	-3,1538462
486	2,8461538
486	-9,1538462
487	-10,1538462
487	15,8461538
487	24,8461538
488	15,8461538
488	18,8461538
488	-15,1538462
488	-4,1538462
489	4,8461538
489	20,8461538
489	33,8461538
489	-8,1538462
490	26,8461538
490	-5,1538462
490	-18,1538462
490	12,8461538
491	9,8461538
491	0,8461538
491	3,8461538
491	20,8461538
492	1,8461538
492	-1,1538462
492	2,8461538
492	-16,1538462
493	14,8461538
493	7,8461538
493	15,8461538
493	2,8461538
494	-19,1538462
494	-5,1538462
494	15,8461538
495	-0,1538462
495	-13,1538462
495	-11,1538462
495	-20,1538462
496	38,8461538
496	6,8461538
496	3,8461538
496	-4,1538462
497	-7,1538462
497	26,8461538
497	2,8461538
497	10,8461538
498	13,8461538
498	-12,1538462
498	6,8461538
498	-6,1538462
499	15,8461538
499	11,8461538
499	8,8461538
499	39,8461538
500	27,8461538
500	19,8461538
500	-0,1538462
500	0,8461538
501	-7,1538462
501	-9,1538462
501	9,8461538
502	-5,1538462
502	18,8461538
502	25,8461538
502	7,8461538
503	16,8461538
503	-5,1538462
503	13,8461538
503	-14,1538462
504	2,8461538
504	7,8461538
504	19,8461538
504	32,8461538
505	22,8461538
505	14,8461538
505	-3,1538462
505	6,8461538
506	23,8461538
506	2,8461538
506	-32,1538462
506	-7,1538462
507	22,8461538
507	3,8461538
507	13,8461538
507	-4,1538462
508	2,8461538
508	2,8461538
508	10,8461538
508	26,8461538
509	1,8461538
509	-6,1538462
509	2,8461538
510	6,8461538
510	17,8461538
510	-1,1538462
510	29,8461538
511	35,8461538
511	28,8461538
511	-1,1538462
511	-18,1538462
512	19,8461538
512	-6,1538462
512	9,8461538
512	-5,1538462
513	-16,1538462
513	1,8461538
513	14,8461538
513	5,8461538
514	-25,1538462
514	4,8461538
514	8,8461538
514	-11,1538462
515	2,8461538
515	14,8461538
515	-11,1538462
515	11,8461538
516	22,8461538
516	12,8461538
516	36,8461538
516	6,8461538
517	4,8461538
517	-0,1538462
517	-1,1538462
518	-12,1538462
518	-0,1538462
518	22,8461538
518	10,8461538
519	41,8461538
519	7,8461538
519	-5,1538462
519	31,8461538
520	13,8461538
520	-20,1538462
520	37,8461538
520	21,8461538
521	-29,1538462
521	28,8461538
521	9,8461538
521	11,8461538
522	31,8461538
522	21,8461538
522	7,8461538
522	15,8461538
523	7,8461538
523	8,8461538
523	-10,1538462
523	-6,1538462
524	11,8461538
524	3,8461538
524	13,8461538
524	15,8461538
525	11,8461538
525	-1,1538462
525	5,8461538
526	13,8461538
526	34,8461538
526	18,8461538
526	12,8461538
527	-14,1538462
527	23,8461538
527	20,8461538
527	8,8461538
528	10,8461538
528	-5,1538462
528	-4,1538462
528	26,8461538
529	13,8461538
529	-17,1538462
529	-18,1538462
529	37,8461538
530	21,8461538
530	-4,1538462
530	12,8461538
530	-4,1538462
531	20,8461538
531	-4,1538462
531	35,8461538
531	16,8461538
532	2,8461538
532	15,8461538
532	-2,1538462
532	25,8461538
533	9,8461538
533	2,8461538
533	0,8461538
534	15,8461538
534	9,8461538
534	25,8461538
534	7,8461538
535	-0,1538462
535	14,8461538
535	44,8461538
535	26,8461538
536	23,8461538
536	11,8461538
536	-16,1538462
536	-23,1538462
537	4,8461538
537	-4,1538462
537	12,8461538
537	-5,1538462
538	-4,1538462
538	1,8461538
538	15,8461538
538	0,8461538
539	18,8461538
539	1,8461538
539	-7,1538462
539	13,8461538
540	-1,1538462
540	-5,1538462
540	3,8461538
540	-4,1538462
541	1,8461538
541	-5,1538462
541	-13,1538462
541	2,8461538
542	-6,1538462
542	-15,1538462
542	10,8461538
543	-1,1538462
543	-2,1538462
543	-14,1538462
543	36,8461538
544	-16,1538462
544	2,8461538
544	6,8461538
544	-13,1538462
545	-31,1538462
545	3,8461538
545	2,8461538
545	-10,1538462
546	17,8461538
546	-1,1538462
546	15,8461538
546	-8,1538462
547	-24,1538462
547	-8,1538462
547	10,8461538
547	-14,1538462
548	5,8461538
548	5,8461538
548	20,8461538
548	1,8461538
549	-7,1538462
549	26,8461538
549	26,8461538
549	3,8461538
550	15,8461538
550	-1,1538462
550	11,8461538
550	-23,1538462
551	-5,1538462
551	-5,1538462
551	11,8461538
552	-36,1538462
552	-13,1538462
552	7,8461538
552	7,8461538
553	-2,1538462
553	9,8461538
553	-19,1538462
553	27,8461538
554	10,8461538
554	-1,1538462
554	7,8461538
554	-23,1538462
555	19,8461538
555	38,8461538
555	26,8461538
555	8,8461538
556	9,8461538
556	-7,1538462
556	-18,1538462
556	25,8461538
557	46,8461538
557	3,8461538
557	-11,1538462
557	-9,1538462
558	-17,1538462
558	-8,1538462
558	15,8461538
558	11,8461538
559	24,8461538
559	6,8461538
559	21,8461538
559	-15,1538462
560	7,8461538
560	16,8461538
560	-8,1538462
561	1,8461538
561	8,8461538
561	-17,1538462
561	12,8461538
562	0,8461538
562	0,8461538
562	3,8461538
562	1,8461538
563	-0,1538462
563	8,8461538
563	7,8461538
563	2,8461538
564	-7,1538462
564	12,8461538
564	-7,1538462
564	6,8461538
565	21,8461538
565	19,8461538
565	9,8461538
565	11,8461538
566	4,8461538
566	-30,1538462
566	1,8461538
566	6,8461538
567	3,8461538
567	-21,1538462
567	-16,1538462
567	-28,1538462
568	-25,1538462
568	0,8461538
568	31,8461538
568	4,8461538
569	-20,1538462
569	11,8461538
569	6,8461538
569	17,8461538
570	10,8461538
570	-9,1538462
570	1,8461538
571	16,8461538
571	-4,1538462
571	-12,1538462
571	12,8461538
572	5,8461538
572	10,8461538
572	-15,1538462
572	-1,1538462
573	2,8461538
573	-8,1538462
573	-11,1538462
573	-14,1538462
574	-1,1538462
574	1,8461538
574	-7,1538462
574	21,8461538
575	7,8461538
575	-11,1538462
575	16,8461538
575	-2,1538462
576	7,8461538
576	-8,1538462
576	28,8461538
576	-14,1538462
577	-16,1538462
577	21,8461538
577	14,8461538
577	16,8461538
578	33,8461538
578	10,8461538
578	-4,1538462
578	26,8461538
579	6,8461538
579	-22,1538462
579	3,8461538
579	-14,1538462
580	-10,1538462
580	3,8461538
580	-7,1538462
581	19,8461538
581	0,8461538
581	30,8461538
581	3,8461538
582	-15,1538462
582	-8,1538462
582	5,8461538
582	0,8461538
583	-33,1538462
583	-0,1538462
583	-1,1538462
583	3,8461538
584	9,8461538
584	8,8461538
584	15,8461538
584	4,8461538
585	17,8461538
585	6,8461538
585	-4,1538462
585	1,8461538
586	13,8461538
586	32,8461538
586	15,8461538
586	16,8461538
587	0,8461538
587	-27,1538462
587	-9,1538462
587	-0,1538462
588	-15,1538462
588	21,8461538
588	10,8461538
588	-12,1538462
589	19,8461538
589	-9,1538462
589	3,8461538
589	-35,1538462
590	2,8461538
590	-6,1538462
590	-12,1538462
590	-1,1538462
591	-11,1538462
591	4,8461538
591	-14,1538462
592	-16,1538462
592	2,8461538
592	9,8461538
592	6,8461538
593	26,8461538
593	5,8461538
593	-9,1538462
593	1,8461538
594	63,8461538
594	-5,1538462
594	16,8461538
594	1,8461538
595	-9,1538462
595	-37,1538462
595	9,8461538
595	2,8461538
596	7,8461538
596	-7,1538462
596	-21,1538462
596	14,8461538
597	14,8461538
597	1,8461538
597	28,8461538
597	-225,1538462
598	-29,1538462
598	-12,1538462
598	-18,1538462
598	-10,1538462
599	5,8461538
599	6,8461538
599	-2,1538462
599	-1,1538462
600	-12,1538462
600	-2,1538462
600	-4,1538462
600	24,8461538
601	-34,1538462
601	3,8461538
601	6,8461538
601	-11,1538462
602	-1,1538462
602	8,8461538
602	19,8461538
603	-14,1538462
603	17,8461538
603	27,8461538
603	6,8461538
604	-15,1538462
604	8,8461538
604	7,8461538
604	-12,1538462
605	19,8461538
605	10,8461538
605	11,8461538
605	-3,1538462
606	-6,1538462
606	7,8461538
606	7,8461538
606	17,8461538
607	-19,1538462
607	-12,1538462
607	19,8461538
607	21,8461538
608	10,8461538
608	9,8461538
608	19,8461538
608	2,8461538
609	-0,1538462
609	1,8461538
609	9,8461538
609	-2,1538462
610	-0,1538462
610	3,8461538
610	-8,1538462
610	6,8461538
611	4,8461538
611	-6,1538462
611	-8,1538462
611	-9,1538462
612	0,8461538
612	-5,1538462
612	14,8461538
612	-7,1538462
613	15,8461538
613	14,8461538
613	5,8461538
613	7,8461538
614	27,8461538
614	0,8461538
614	7,8461538
614	8,8461538
615	-5,1538462
615	25,8461538
615	-5,1538462
616	-16,1538462
616	-16,1538462
616	6,8461538
616	-15,1538462
617	-6,1538462
617	2,8461538
617	13,8461538
617	-23,1538462
618	-19,1538462
618	21,8461538
618	4,8461538
618	20,8461538
619	10,8461538
619	5,8461538
619	4,8461538
619	-12,1538462
620	1,8461538
620	13,8461538
620	-3,1538462
620	-26,1538462
621	-7,1538462
621	29,8461538
621	11,8461538
621	-18,1538462
622	6,8461538
622	9,8461538
622	16,8461538
622	14,8461538
623	-16,1538462
623	-3,1538462
623	15,8461538
623	22,8461538
624	-14,1538462
624	-4,1538462
624	12,8461538
624	-3,1538462
625	7,8461538
625	26,8461538
625	-1,1538462
625	2,8461538
626	-1,1538462
626	-1,1538462
626	11,8461538
626	1,8461538
627	-3,1538462
627	-21,1538462
627	0,8461538
627	1,8461538
628	5,8461538
628	6,8461538
628	16,8461538
629	-7,1538462
629	9,8461538
629	-16,1538462
629	-0,1538462
630	22,8461538
630	-1,1538462
630	-23,1538462
630	10,8461538
631	-26,1538462
631	22,8461538
631	-10,1538462
631	-10,1538462
632	-2,1538462
632	2,8461538
632	-6,1538462
632	-19,1538462
633	17,8461538
633	12,8461538
633	-8,1538462
633	-8,1538462
634	3,8461538
634	11,8461538
634	-17,1538462
634	-10,1538462
635	7,8461538
635	-13,1538462
635	-23,1538462
635	4,8461538
636	12,8461538
636	7,8461538
636	-9,1538462
636	-18,1538462
637	-4,1538462
637	11,8461538
637	21,8461538
637	-19,1538462
638	9,8461538
638	1,8461538
638	-5,1538462
638	1,8461538
639	-19,1538462
639	-10,1538462
639	7,8461538
639	22,8461538
640	3,8461538
640	4,8461538
640	-15,1538462
640	9,8461538
641	12,8461538
641	-14,1538462
641	7,8461538
641	8,8461538
642	3,8461538
642	26,8461538
642	12,8461538
642	7,8461538
643	7,8461538
643	-2,1538462
643	2,8461538
644	3,8461538
644	13,8461538
644	-5,1538462
644	-0,1538462
645	3,8461538
645	-15,1538462
645	21,8461538
645	14,8461538
646	-17,1538462
646	0,8461538
646	2,8461538
646	-1,1538462
647	15,8461538
647	27,8461538
647	14,8461538
647	14,8461538
648	33,8461538
648	19,8461538
648	-9,1538462
648	21,8461538
649	22,8461538
649	20,8461538
649	-17,1538462
649	2,8461538
650	12,8461538
650	-10,1538462
650	2,8461538
650	-2,1538462
651	20,8461538
651	27,8461538
651	11,8461538
651	22,8461538
652	4,8461538
652	5,8461538
652	-8,1538462
652	-4,1538462
653	20,8461538
653	23,8461538
653	12,8461538
653	-1,1538462
654	0,8461538
654	8,8461538
654	16,8461538
654	15,8461538
655	19,8461538
655	11,8461538
655	7,8461538
655	6,8461538
656	12,8461538
656	-8,1538462
656	-16,1538462
656	-4,1538462
657	15,8461538
657	-16,1538462
657	4,8461538
657	14,8461538
658	-0,1538462
658	8,8461538
658	-0,1538462
658	-25,1538462
659	3,8461538
659	18,8461538
659	4,8461538
660	0,8461538
660	-11,1538462
660	5,8461538
660	8,8461538
661	-17,1538462
661	7,8461538
661	2,8461538
661	-7,1538462
662	17,8461538
662	10,8461538
662	16,8461538
662	-0,1538462
663	-16,1538462
663	16,8461538
663	21,8461538
663	8,8461538
664	16,8461538
664	9,8461538
664	15,8461538
664	10,8461538
665	33,8461538
665	10,8461538
665	12,8461538
665	2,8461538
666	-7,1538462
666	19,8461538
666	10,8461538
666	1,8461538
667	18,8461538
667	4,8461538
667	24,8461538
667	-14,1538462
668	-1,1538462
668	-12,1538462
668	-13,1538462
668	0,8461538
669	2,8461538
669	-10,1538462
669	11,8461538
669	-15,1538462
670	6,8461538
670	13,8461538
670	7,8461538
670	11,8461538
671	4,8461538
671	29,8461538
671	4,8461538
671	8,8461538
672	12,8461538
672	0,8461538
672	20,8461538
672	1,8461538
673	-3,1538462
673	-19,1538462
673	-1,1538462
673	28,8461538
674	-11,1538462
674	-1,1538462
674	7,8461538
674	12,8461538
675	-7,1538462
675	17,8461538
675	-11,1538462
675	8,8461538
676	17,8461538
676	8,8461538
676	-12,1538462
676	23,8461538
677	10,8461538
677	4,8461538
677	6,8461538
677	1,8461538
678	24,8461538
678	14,8461538
678	10,8461538
678	31,8461538
679	-14,1538462
679	2,8461538
679	19,8461538
680	13,8461538
680	17,8461538
680	15,8461538
680	6,8461538
681	19,8461538
681	10,8461538
681	-4,1538462
681	8,8461538
682	17,8461538
682	8,8461538
682	1,8461538
682	2,8461538
683	-29,1538462
683	-0,1538462
683	1,8461538
683	10,8461538
684	13,8461538
684	7,8461538
684	22,8461538
684	10,8461538
685	17,8461538
685	-6,1538462
685	14,8461538
685	-14,1538462
686	5,8461538
686	8,8461538
686	10,8461538
686	0,8461538
687	27,8461538
687	35,8461538
687	7,8461538
687	16,8461538
688	-18,1538462
688	18,8461538
688	-12,1538462
688	-14,1538462
689	16,8461538
689	6,8461538
689	30,8461538
689	-7,1538462
690	4,8461538
690	-11,1538462
690	-21,1538462
690	-7,1538462
691	10,8461538
691	12,8461538
691	6,8461538
691	19,8461538
692	-8,1538462
692	11,8461538
692	15,8461538
692	2,8461538
693	12,8461538
693	-7,1538462
693	-11,1538462
693	-17,1538462
694	6,8461538
694	20,8461538
694	-1,1538462
694	1,8461538
695	2,8461538
695	26,8461538
695	-2,1538462
695	-20,1538462
696	-6,1538462
696	-4,1538462
696	-6,1538462
696	10,8461538
697	-4,1538462
697	-7,1538462
697	-8,1538462
697	-0,1538462
698	0,8461538
698	-23,1538462
698	-4,1538462
698	26,8461538
699	4,8461538
699	14,8461538
699	14,8461538
699	5,8461538
700	5,8461538
700	-13,1538462
700	-7,1538462
700	-22,1538462
701	12,8461538
701	-5,1538462
701	16,8461538
701	7,8461538
702	-19,1538462
702	3,8461538
702	-14,1538462
702	-14,1538462
703	-7,1538462
703	21,8461538
703	10,8461538
703	19,8461538
704	15,8461538
704	8,8461538
704	2,8461538
704	33,8461538
705	28,8461538
705	16,8461538
705	24,8461538
706	16,8461538
706	9,8461538
706	18,8461538
706	17,8461538
707	8,8461538
707	-21,1538462
707	40,8461538
707	32,8461538
708	10,8461538
708	19,8461538
708	-4,1538462
708	15,8461538
709	5,8461538
709	-1,1538462
709	8,8461538
709	-20,1538462
710	13,8461538
710	-16,1538462
710	2,8461538
710	32,8461538
711	15,8461538
711	9,8461538
711	16,8461538
711	3,8461538
712	10,8461538
712	-7,1538462
712	7,8461538
712	-7,1538462
713	-11,1538462
713	-1,1538462
713	28,8461538
713	25,8461538
714	33,8461538
714	6,8461538
714	-4,1538462
714	-13,1538462
715	15,8461538
715	-7,1538462
715	-11,1538462
715	4,8461538
716	9,8461538
716	13,8461538
716	-0,1538462
716	12,8461538
717	8,8461538
717	6,8461538
717	26,8461538
717	7,8461538
718	-6,1538462
718	-1,1538462
718	-15,1538462
718	5,8461538
719	0,8461538
719	-10,1538462
719	7,8461538
719	-13,1538462
720	-14,1538462
720	-10,1538462
720	-4,1538462
720	17,8461538
721	22,8461538
721	21,8461538
721	14,8461538
721	4,8461538
722	10,8461538
722	12,8461538
722	4,8461538
722	-22,1538462
723	11,8461538
723	9,8461538
723	12,8461538
723	21,8461538
724	25,8461538
724	14,8461538
724	-2,1538462
724	-7,1538462
725	18,8461538
725	29,8461538
725	-6,1538462
725	-10,1538462
726	-11,1538462
726	-7,1538462
726	14,8461538
726	1,8461538
727	2,8461538
727	-18,1538462
727	19,8461538
727	0,8461538
728	-14,1538462
728	-13,1538462
728	10,8461538
728	-14,1538462
729	2,8461538
729	-14,1538462
729	-2,1538462
729	0,8461538
730	20,8461538
730	-29,1538462
730	-17,1538462
730	-11,1538462
731	0,8461538
731	-2,1538462
731	-11,1538462
731	12,8461538
732	-4,1538462
732	-9,1538462
732	1,8461538
732	26,8461538
733	24,8461538
733	-7,1538462
733	8,8461538
733	1,8461538
734	-15,1538462
734	-11,1538462
734	-6,1538462
734	25,8461538
735	-28,1538462
735	-17,1538462
735	8,8461538
735	10,8461538
736	-15,1538462
736	-1,1538462
736	-41,1538462
736	16,8461538
737	3,8461538
737	-18,1538462
737	-12,1538462
737	6,8461538
738	-2,1538462
738	-0,1538462
738	-20,1538462
738	-9,1538462
739	2,8461538
739	29,8461538
739	5,8461538
739	27,8461538
740	-0,1538462
740	-10,1538462
740	-2,1538462
740	-17,1538462
741	-16,1538462
741	-9,1538462
741	1,8461538
741	-8,1538462
742	2,8461538
742	10,8461538
742	-8,1538462
742	-4,1538462
743	0,8461538
743	9,8461538
743	-4,1538462
743	8,8461538
744	5,8461538
744	7,8461538
744	10,8461538
744	2,8461538
745	5,8461538
745	0,8461538
745	4,8461538
745	-23,1538462
746	-9,1538462
746	15,8461538
746	16,8461538
746	33,8461538
747	17,8461538
747	13,8461538
747	11,8461538
747	0,8461538
748	5,8461538
748	23,8461538
748	1,8461538
748	14,8461538
749	-6,1538462
749	13,8461538
749	9,8461538
749	-10,1538462
750	7,8461538
750	13,8461538
750	38,8461538
750	-1,1538462
751	24,8461538
751	12,8461538
751	12,8461538
751	4,8461538
752	-9,1538462
752	-3,1538462
752	19,8461538
752	19,8461538
753	-16,1538462
753	-6,1538462
753	5,8461538
753	20,8461538
754	9,8461538
754	-12,1538462
754	-22,1538462
754	1,8461538
755	0,8461538
755	4,8461538
755	21,8461538
755	-1,1538462
756	-11,1538462
756	-3,1538462
756	14,8461538
756	16,8461538
757	-16,1538462
757	8,8461538
757	2,8461538
757	6,8461538
758	-4,1538462
758	-6,1538462
758	-0,1538462
758	34,8461538
759	8,8461538
759	20,8461538
759	7,8461538
759	-5,1538462
760	6,8461538
760	-13,1538462
760	3,8461538
760	9,8461538
761	16,8461538
761	27,8461538
761	2,8461538
761	-20,1538462
762	19,8461538
762	-0,1538462
762	11,8461538
762	-12,1538462
763	-5,1538462
763	14,8461538
763	-12,1538462
763	4,8461538
764	-12,1538462
764	-13,1538462
764	7,8461538
764	-1,1538462
765	24,8461538
765	3,8461538
765	2,8461538
765	13,8461538
766	-7,1538462
766	4,8461538
766	9,8461538
766	7,8461538
767	-12,1538462
767	9,8461538
767	0,8461538
767	-5,1538462
768	-16,1538462
768	0,8461538
768	-6,1538462
768	7,8461538
769	-11,1538462
769	25,8461538
769	-0,1538462
769	-20,1538462
770	-0,1538462
770	-9,1538462
770	6,8461538
770	-10,1538462
771	2,8461538
771	14,8461538
771	-12,1538462
771	8,8461538
772	13,8461538
772	-3,1538462
772	5,8461538
772	11,8461538
773	-14,1538462
773	-13,1538462
773	-7,1538462
773	-5,1538462
774	17,8461538
774	11,8461538
774	-15,1538462
774	-16,1538462
775	-12,1538462
775	-13,1538462
775	-11,1538462
775	-8,1538462
776	-15,1538462
776	6,8461538
776	19,8461538
776	-13,1538462
777	9,8461538
777	-1,1538462
777	32,8461538
777	16,8461538
778	-11,1538462
778	-4,1538462
778	6,8461538
778	-13,1538462
779	20,8461538
779	18,8461538
779	-6,1538462
779	22,8461538
780	25,8461538
780	6,8461538
780	16,8461538
780	8,8461538
781	-5,1538462
781	-15,1538462
781	14,8461538
781	2,8461538
782	21,8461538
782	11,8461538
782	6,8461538
782	40,8461538
783	-0,1538462
783	-9,1538462
783	5,8461538
783	-10,1538462
784	-2,1538462
784	5,8461538
784	36,8461538
784	5,8461538
785	-24,1538462
785	25,8461538
785	4,8461538
785	-11,1538462
786	-4,1538462
786	-18,1538462
786	-2,1538462
786	18,8461538
787	19,8461538
787	-2,1538462
787	3,8461538
787	-8,1538462
788	-2,1538462
788	-4,1538462
788	5,8461538
788	3,8461538
789	-1,1538462
789	11,8461538
789	5,8461538
789	-16,1538462
790	3,8461538
790	4,8461538
790	-11,1538462
790	3,8461538
791	-10,1538462
791	-7,1538462
791	-5,1538462
791	-38,1538462
792	-1,1538462
792	8,8461538
792	23,8461538
792	20,8461538
793	19,8461538
793	3,8461538
793	-11,1538462
793	19,8461538
794	32,8461538
794	-10,1538462
794	5,8461538
794	-10,1538462
795	-5,1538462
795	16,8461538
795	10,8461538
795	8,8461538
796	2,8461538
796	21,8461538
796	-16,1538462
796	-8,1538462
797	12,8461538
797	-18,1538462
797	22,8461538
797	16,8461538
798	15,8461538
798	5,8461538
798	7,8461538
798	28,8461538
799	-1,1538462
799	-8,1538462
799	0,8461538
799	-19,1538462
800	21,8461538
800	22,8461538
800	21,8461538
800	-19,1538462
801	27,8461538
801	3,8461538
801	17,8461538
801	-6,1538462
802	15,8461538
802	-4,1538462
802	10,8461538
802	8,8461538
803	3,8461538
803	-17,1538462
803	-11,1538462
803	6,8461538
804	-12,1538462
804	3,8461538
804	-16,1538462
804	4,8461538
805	-2,1538462
805	-24,1538462
805	18,8461538
805	-13,1538462
806	10,8461538
806	-8,1538462
806	49,8461538
806	38,8461538
807	-7,1538462
807	11,8461538
807	-5,1538462
807	6,8461538
808	0,8461538
808	-8,1538462
808	-8,1538462
808	9,8461538
809	-9,1538462
809	-0,1538462
809	0,8461538
809	-4,1538462
810	10,8461538
810	11,8461538
810	-9,1538462
810	11,8461538
811	-8,1538462
811	9,8461538
811	-13,1538462
811	-4,1538462
812	9,8461538
812	18,8461538
812	14,8461538
812	-15,1538462
813	-9,1538462
813	22,8461538
813	5,8461538
813	9,8461538
814	4,8461538
814	6,8461538
814	14,8461538
814	4,8461538
815	19,8461538
815	21,8461538
815	12,8461538
815	0,8461538
816	21,8461538
816	18,8461538
816	5,8461538
816	9,8461538
817	4,8461538
817	8,8461538
817	-9,1538462
817	20,8461538
818	3,8461538
818	20,8461538
818	-4,1538462
818	-21,1538462
819	9,8461538
819	22,8461538
819	12,8461538
819	13,8461538
820	8,8461538
820	-9,1538462
820	-6,1538462
820	18,8461538
820	5,8461538
821	-9,1538462
821	-20,1538462
821	-7,1538462
821	-0,1538462
822	21,8461538
822	6,8461538
822	-25,1538462
822	-9,1538462
823	-11,1538462
823	3,8461538
823	-19,1538462
823	-21,1538462
824	-1,1538462
824	20,8461538
824	10,8461538
824	27,8461538
825	20,8461538
825	22,8461538
825	-7,1538462
825	31,8461538
826	-8,1538462
826	-3,1538462
826	22,8461538
826	0,8461538
827	-11,1538462
827	-0,1538462
827	10,8461538
827	-5,1538462
828	-3,1538462
828	-13,1538462
828	9,8461538
828	-13,1538462
829	25,8461538
829	25,8461538
829	30,8461538
829	13,8461538
830	16,8461538
830	31,8461538
830	4,8461538
830	12,8461538
831	27,8461538
831	-0,1538462
831	-0,1538462
831	17,8461538
832	11,8461538
832	-5,1538462
832	17,8461538
832	-2,1538462
833	22,8461538
833	-10,1538462
833	-29,1538462
833	17,8461538
834	43,8461538
834	6,8461538
834	-4,1538462
834	-21,1538462
835	-11,1538462
835	11,8461538
835	-10,1538462
835	9,8461538
836	6,8461538
836	1,8461538
836	23,8461538
836	34,8461538
837	10,8461538
837	-17,1538462
837	-18,1538462
837	9,8461538
838	-18,1538462
838	5,8461538
838	31,8461538
838	6,8461538
839	24,8461538
839	-26,1538462
839	-8,1538462
839	30,8461538
840	20,8461538
840	6,8461538
840	-2,1538462
840	-5,1538462
841	-22,1538462
841	-1,1538462
841	-1,1538462
841	-13,1538462
842	1,8461538
842	14,8461538
842	4,8461538
842	28,8461538
843	12,8461538
843	23,8461538
843	13,8461538
843	-1,1538462
844	-1,1538462
844	9,8461538
844	10,8461538
844	-13,1538462
845	2,8461538
845	21,8461538
845	10,8461538
845	10,8461538
845	-0,1538462
846	-24,1538462
846	-2,1538462
846	-20,1538462
846	12,8461538
847	5,8461538
847	-10,1538462
847	-4,1538462
847	-0,1538462
848	-1,1538462
848	-0,1538462
848	9,8461538
848	-2,1538462
849	-5,1538462
849	2,8461538
849	2,8461538
849	10,8461538
850	30,8461538
850	18,8461538
850	-4,1538462
850	32,8461538
851	14,8461538
851	-21,1538462
851	19,8461538
851	14,8461538
852	-19,1538462
852	12,8461538
852	22,8461538
852	5,8461538
853	12,8461538
853	11,8461538
853	-32,1538462
853	-13,1538462
854	-4,1538462
854	1,8461538
854	8,8461538
854	16,8461538
855	-2,1538462
855	-4,1538462
855	-5,1538462
855	-4,1538462
856	-5,1538462
856	12,8461538
856	5,8461538
856	-14,1538462
857	-24,1538462
857	11,8461538
857	5,8461538
857	-15,1538462
858	18,8461538
858	-1,1538462
858	9,8461538
858	-12,1538462
859	3,8461538
859	-11,1538462
859	28,8461538
859	-3,1538462
860	20,8461538
860	-0,1538462
860	27,8461538
860	-7,1538462
861	6,8461538
861	-6,1538462
861	-4,1538462
861	7,8461538
862	15,8461538
862	22,8461538
862	12,8461538
862	16,8461538
863	15,8461538
863	-4,1538462
863	-8,1538462
863	21,8461538
864	10,8461538
864	-30,1538462
864	-13,1538462
864	14,8461538
864	-7,1538462
865	18,8461538
865	-0,1538462
865	-0,1538462
865	5,8461538
866	-17,1538462
866	-16,1538462
866	6,8461538
866	22,8461538
867	10,8461538
867	-18,1538462
867	-12,1538462
867	7,8461538
868	8,8461538
868	-15,1538462
868	-7,1538462
868	1,8461538
869	-5,1538462
869	13,8461538
869	-21,1538462
869	-13,1538462
870	31,8461538
870	-4,1538462
870	-6,1538462
870	8,8461538
871	-3,1538462
871	-14,1538462
871	-16,1538462
871	-19,1538462
872	21,8461538
872	-13,1538462
872	1,8461538
872	4,8461538
873	-16,1538462
873	-18,1538462
873	-17,1538462
873	12,8461538
874	-0,1538462
874	8,8461538
874	16,8461538
874	1,8461538
875	20,8461538
875	-5,1538462
875	-28,1538462
875	13,8461538
876	-21,1538462
876	9,8461538
876	-6,1538462
876	-6,1538462
877	24,8461538
877	-9,1538462
877	6,8461538
877	-6,1538462
878	3,8461538
878	-30,1538462
878	25,8461538
878	27,8461538
879	12,8461538
879	-23,1538462
879	3,8461538
879	7,8461538
880	-3,1538462
880	-7,1538462
880	16,8461538
880	3,8461538
880	-6,1538462
881	34,8461538
881	18,8461538
881	-6,1538462
881	-26,1538462
882	-15,1538462
882	3,8461538
882	-1,1538462
882	-5,1538462
883	-5,1538462
883	-15,1538462
883	-2,1538462
883	-6,1538462
884	18,8461538
884	7,8461538
884	-21,1538462
884	21,8461538
885	8,8461538
885	22,8461538
885	14,8461538
885	12,8461538
886	-13,1538462
886	1,8461538
886	-7,1538462
886	0,8461538
887	3,8461538
887	-2,1538462
887	-24,1538462
887	-7,1538462
888	9,8461538
888	-13,1538462
888	-11,1538462
888	-33,1538462
889	1,8461538
889	-0,1538462
889	-23,1538462
889	12,8461538
890	21,8461538
890	-29,1538462
890	21,8461538
890	-6,1538462
891	-1,1538462
891	5,8461538
891	4,8461538
891	-4,1538462
892	-1,1538462
892	14,8461538
892	-22,1538462
892	25,8461538
893	23,8461538
893	-16,1538462
893	-2,1538462
893	-2,1538462
894	7,8461538
894	2,8461538
894	18,8461538
894	7,8461538
894	2,8461538
895	-16,1538462
895	7,8461538
895	8,8461538
895	8,8461538
896	25,8461538
896	28,8461538
896	13,8461538
896	33,8461538
897	19,8461538
897	9,8461538
897	22,8461538
897	34,8461538
898	-0,1538462
898	10,8461538
898	-17,1538462
898	-2,1538462
899	1,8461538
899	-12,1538462
899	-8,1538462
899	-0,1538462
900	8,8461538
900	29,8461538
900	-10,1538462
900	42,8461538
901	48,8461538
901	-10,1538462
901	-7,1538462
901	-11,1538462
902	29,8461538
902	-16,1538462
902	2,8461538
902	-1,1538462
903	1,8461538
903	8,8461538
903	-1,1538462
903	16,8461538
904	3,8461538
904	20,8461538
904	5,8461538
904	11,8461538
905	-9,1538462
905	3,8461538
905	3,8461538
905	-3,1538462
906	27,8461538
906	-1,1538462
906	2,8461538
906	-3,1538462
906	-0,1538462
907	47,8461538
907	23,8461538
907	-0,1538462
907	0,8461538
908	2,8461538
908	22,8461538
908	27,8461538
908	-5,1538462
909	22,8461538
909	5,8461538
909	-6,1538462
909	13,8461538
910	-7,1538462
910	-1,1538462
910	11,8461538
910	-0,1538462
911	13,8461538
911	-16,1538462
911	19,8461538
911	17,8461538
912	20,8461538
912	18,8461538
912	7,8461538
912	21,8461538
913	2,8461538
913	-25,1538462
913	-0,1538462
913	7,8461538
914	-3,1538462
914	9,8461538
914	19,8461538
914	8,8461538
915	-12,1538462
915	-34,1538462
915	20,8461538
915	14,8461538
916	14,8461538
916	16,8461538
916	34,8461538
916	15,8461538
917	-10,1538462
917	19,8461538
917	14,8461538
917	15,8461538
917	-28,1538462
918	-12,1538462
918	24,8461538
918	-14,1538462
918	-0,1538462
919	3,8461538
919	9,8461538
919	39,8461538
919	-11,1538462
920	-0,1538462
920	3,8461538
920	9,8461538
920	18,8461538
921	0,8461538
921	-4,1538462
921	-14,1538462
921	3,8461538
922	-2,1538462
922	7,8461538
922	10,8461538
922	-20,1538462
923	-7,1538462
923	17,8461538
923	-10,1538462
923	11,8461538
924	-13,1538462
924	-9,1538462
924	1,8461538
924	1,8461538
925	-8,1538462
925	-10,1538462
925	16,8461538
925	16,8461538
926	27,8461538
926	18,8461538
926	-0,1538462
926	4,8461538
927	-23,1538462
927	24,8461538
927	1,8461538
927	7,8461538
928	-0,1538462
928	-14,1538462
928	-0,1538462
928	6,8461538
928	23,8461538
929	13,8461538
929	-8,1538462
929	-7,1538462
929	-17,1538462
930	-12,1538462
930	3,8461538
930	8,8461538
930	13,8461538
931	0,8461538
931	-9,1538462
931	-2,1538462
931	-4,1538462
932	10,8461538
932	16,8461538
932	-6,1538462
932	-10,1538462
933	10,8461538
933	-0,1538462
933	4,8461538
933	12,8461538
934	10,8461538
934	21,8461538
934	18,8461538
934	19,8461538
935	14,8461538
935	9,8461538
935	-9,1538462
935	4,8461538
936	-11,1538462
936	16,8461538
936	-5,1538462
936	-13,1538462
937	20,8461538
937	11,8461538
937	15,8461538
937	21,8461538
938	1,8461538
938	-4,1538462
938	9,8461538
938	14,8461538
938	6,8461538
939	19,8461538
939	23,8461538
939	26,8461538
939	3,8461538
940	6,8461538
940	12,8461538
940	-8,1538462
940	3,8461538
941	-32,1538462
941	-3,1538462
941	-25,1538462
941	4,8461538
942	-4,1538462
942	13,8461538
942	-0,1538462
942	16,8461538
943	20,8461538
943	-9,1538462
943	-5,1538462
943	4,8461538
944	3,8461538
944	7,8461538
944	-3,1538462
944	13,8461538
945	6,8461538
945	2,8461538
945	2,8461538
945	-2,1538462
946	11,8461538
946	-3,1538462
946	-0,1538462
946	-20,1538462
947	11,8461538
947	8,8461538
947	15,8461538
947	-1,1538462
947	2,8461538
948	3,8461538
948	22,8461538
948	-5,1538462
948	8,8461538
949	3,8461538
949	-7,1538462
949	6,8461538
949	9,8461538
950	-2,1538462
950	10,8461538
950	-1,1538462
950	4,8461538
951	34,8461538
951	13,8461538
951	-1,1538462
951	5,8461538
952	8,8461538
952	32,8461538
952	0,8461538
952	50,8461538
953	-12,1538462
953	16,8461538
953	18,8461538
953	4,8461538
954	-16,1538462
954	17,8461538
954	5,8461538
954	-2,1538462
955	-11,1538462
955	13,8461538
955	-18,1538462
955	-18,1538462
956	22,8461538
956	10,8461538
956	0,8461538
956	3,8461538
956	-1,1538462
957	25,8461538
957	15,8461538
957	9,8461538
957	-6,1538462
958	-1,1538462
958	-10,1538462
958	-2,1538462
958	5,8461538
959	-8,1538462
959	-6,1538462
959	-3,1538462
959	7,8461538
960	28,8461538
960	-7,1538462
960	10,8461538
960	-9,1538462
961	12,8461538
961	4,8461538
961	-5,1538462
961	-4,1538462
962	3,8461538
962	18,8461538
962	31,8461538
962	10,8461538
963	13,8461538
963	21,8461538
963	36,8461538
963	-5,1538462
964	-10,1538462
964	19,8461538
964	-10,1538462
964	5,8461538
964	1,8461538
965	-3,1538462
965	-18,1538462
965	25,8461538
965	5,8461538
966	41,8461538
966	18,8461538
966	-10,1538462
966	5,8461538
967	-10,1538462
967	0,8461538
967	0,8461538
967	-22,1538462
968	-3,1538462
968	21,8461538
968	-10,1538462
968	8,8461538
969	-6,1538462
969	-2,1538462
969	8,8461538
969	2,8461538
970	20,8461538
970	7,8461538
970	13,8461538
970	20,8461538
971	26,8461538
971	-8,1538462
971	5,8461538
971	16,8461538
972	10,8461538
972	1,8461538
972	-1,1538462
972	5,8461538
972	-32,1538462
973	-34,1538462
973	-11,1538462
973	0,8461538
973	-12,1538462
974	-10,1538462
974	7,8461538
974	20,8461538
974	-5,1538462
975	-3,1538462
975	7,8461538
975	18,8461538
975	13,8461538
976	8,8461538
976	-4,1538462
976	-8,1538462
976	5,8461538
977	2,8461538
977	-2,1538462
977	10,8461538
977	29,8461538
978	32,8461538
978	0,8461538
978	0,8461538
978	13,8461538
979	27,8461538
979	1,8461538
979	20,8461538
979	19,8461538
980	11,8461538
980	38,8461538
980	-2,1538462
980	-0,1538462
980	14,8461538
981	12,8461538
981	29,8461538
981	17,8461538
981	-3,1538462
982	-18,1538462
982	-1,1538462
982	18,8461538
982	12,8461538
983	-22,1538462
983	4,8461538
983	11,8461538
983	4,8461538
984	23,8461538
984	21,8461538
984	-0,1538462
984	18,8461538
985	8,8461538
985	25,8461538
985	13,8461538
985	-5,1538462
986	-7,1538462
986	-0,1538462
986	6,8461538
986	-10,1538462
987	0,8461538
987	15,8461538
987	10,8461538
987	1,8461538
988	9,8461538
988	3,8461538
988	5,8461538
988	23,8461538
988	11,8461538
989	6,8461538
989	8,8461538
989	17,8461538
989	4,8461538
990	8,8461538
990	-1,1538462
990	-3,1538462
990	-10,1538462
991	-9,1538462
991	12,8461538
991	-7,1538462
991	-2,1538462
992	14,8461538
992	8,8461538
992	15,8461538
992	-3,1538462
993	-6,1538462
993	25,8461538
993	6,8461538
993	14,8461538
994	-0,1538462
994	5,8461538
994	0,8461538
994	5,8461538
995	6,8461538
995	-6,1538462
995	6,8461538
995	25,8461538
995	11,8461538
996	13,8461538
996	15,8461538
996	27,8461538
996	24,8461538
997	38,8461538
997	-20,1538462
997	-7,1538462
997	30,8461538
998	-2,1538462
998	6,8461538
998	7,8461538
998	15,8461538
999	1,8461538
999	-28,1538462
999	19,8461538
999	14,8461538
1000	-6,1538462
1000	18,8461538
1000	39,8461538
1000	5,8461538
1001	29,8461538
1001	19,8461538
1001	16,8461538
1001	4,8461538
1002	17,8461538
1002	22,8461538
1002	17,8461538
1002	31,8461538
1002	15,8461538
1003	0,8461538
1003	13,8461538
1003	21,8461538
1003	26,8461538
1004	21,8461538
1004	2,8461538
1004	6,8461538
1004	35,8461538
1005	-14,1538462
1005	-6,1538462
1005	4,8461538
1005	13,8461538
1006	-15,1538462
1006	20,8461538
1006	11,8461538
1006	3,8461538
1007	-0,1538462
1007	8,8461538
1007	-24,1538462
1007	0,8461538
1008	-2,1538462
1008	25,8461538
1008	8,8461538
1008	19,8461538
1008	14,8461538
1009	12,8461538
1009	9,8461538
1009	10,8461538
1009	6,8461538
1010	10,8461538
1010	-16,1538462
1010	23,8461538
1010	24,8461538
1011	6,8461538
1011	16,8461538
1011	-1,1538462
1011	17,8461538
1012	13,8461538
1012	-7,1538462
1012	8,8461538
1012	11,8461538
1013	-35,1538462
1013	-4,1538462
1013	25,8461538
1013	-0,1538462
1014	31,8461538
1014	-1,1538462
1014	14,8461538
1014	26,8461538
1015	13,8461538
1015	4,8461538
1015	8,8461538
1015	9,8461538
1015	25,8461538
1016	7,8461538
1016	20,8461538
1016	18,8461538
1016	9,8461538
1017	22,8461538
1017	9,8461538
1017	-7,1538462
1017	7,8461538
1018	3,8461538
1018	12,8461538
1018	9,8461538
1018	20,8461538
1019	-6,1538462
1019	22,8461538
1019	-2,1538462
1019	20,8461538
1020	3,8461538
1020	7,8461538
1020	1,8461538
1020	11,8461538
1021	-4,1538462
1021	-3,1538462
1021	7,8461538
1021	-3,1538462
1021	-2,1538462
1022	-9,1538462
1022	20,8461538
1022	8,8461538
1022	-5,1538462
1023	-13,1538462
1023	-15,1538462
1023	-1,1538462
1023	14,8461538
1024	26,8461538
1024	-9,1538462
1024	18,8461538
1024	6,8461538
1025	2,8461538
1025	-2,1538462
1025	10,8461538
1025	-1,1538462
1026	-27,1538462
1026	28,8461538
1026	22,8461538
1026	9,8461538
1027	28,8461538
1027	-3,1538462
1027	29,8461538
1027	11,8461538
1027	-8,1538462
1028	-15,1538462
1028	-16,1538462
1028	10,8461538
1028	25,8461538
1029	-6,1538462
1029	7,8461538
1029	12,8461538
1029	11,8461538
1030	16,8461538
1030	-2,1538462
1030	13,8461538
1030	-0,1538462
1031	23,8461538
1031	-4,1538462
1031	11,8461538
1031	-11,1538462
1032	8,8461538
1032	15,8461538
1032	-6,1538462
1032	-9,1538462
1033	15,8461538
1033	29,8461538
1033	-8,1538462
1033	4,8461538
1034	12,8461538
1034	-1,1538462
1034	-34,1538462
1034	-14,1538462
1034	-7,1538462
1035	27,8461538
1035	17,8461538
1035	3,8461538
1035	12,8461538
1036	29,8461538
1036	16,8461538
1036	19,8461538
1036	-6,1538462
1037	2,8461538
1037	1,8461538
1037	-1,1538462
1037	18,8461538
1038	22,8461538
1038	14,8461538
1038	3,8461538
1038	23,8461538
1039	12,8461538
1039	-0,1538462
1039	-7,1538462
1039	-8,1538462
1039	23,8461538
1040	4,8461538
1040	15,8461538
1040	11,8461538
1040	14,8461538
1041	16,8461538
1041	-25,1538462
1041	-7,1538462
1041	1,8461538
1042	6,8461538
1042	21,8461538
1042	6,8461538
1042	13,8461538
1043	8,8461538
1043	41,8461538
1043	33,8461538
1043	-9,1538462
1044	14,8461538
1044	-0,1538462
1044	20,8461538
1044	11,8461538
1045	-8,1538462
1045	-15,1538462
1045	4,8461538
1045	-35,1538462
1045	-23,1538462
1046	10,8461538
1046	-2,1538462
1046	24,8461538
1046	1,8461538
1047	-3,1538462
1047	35,8461538
1047	11,8461538
1047	11,8461538
1048	15,8461538
1048	16,8461538
1048	22,8461538
1048	20,8461538
1049	-2,1538462
1049	-0,1538462
1049	24,8461538
1049	7,8461538
1050	-12,1538462
1050	-1,1538462
1050	6,8461538
1050	-16,1538462
1051	19,8461538
1051	1,8461538
1051	-9,1538462
1051	9,8461538
1051	-7,1538462
1052	15,8461538
1052	8,8461538
1052	-4,1538462
1052	-10,1538462
1053	4,8461538
1053	4,8461538
1053	4,8461538
1053	11,8461538
1054	4,8461538
1054	10,8461538
1054	3,8461538
1054	9,8461538
1055	4,8461538
1055	7,8461538
1055	8,8461538
1055	38,8461538
1056	19,8461538
1056	12,8461538
1056	-14,1538462
1056	3,8461538
1056	-1,1538462
1057	20,8461538
1057	10,8461538
1057	24,8461538
1057	24,8461538
1058	-16,1538462
1058	16,8461538
1058	-3,1538462
1058	-3,1538462
1059	17,8461538
1059	-16,1538462
1059	-13,1538462
1059	-4,1538462
1060	33,8461538
1060	16,8461538
1060	8,8461538
1060	19,8461538
1061	25,8461538
1061	6,8461538
1061	26,8461538
1061	9,8461538
1062	7,8461538
1062	4,8461538
1062	-11,1538462
1062	1,8461538
1062	26,8461538
1063	-5,1538462
1063	-27,1538462
1063	10,8461538
1063	37,8461538
1064	-2,1538462
1064	-4,1538462
1064	-9,1538462
1064	-2,1538462
1065	15,8461538
1065	-3,1538462
1065	-11,1538462
1065	-2,1538462
1066	4,8461538
1066	5,8461538
1066	3,8461538
1066	22,8461538
1067	-0,1538462
1067	22,8461538
1067	41,8461538
1067	-6,1538462
1067	14,8461538
1068	27,8461538
1068	16,8461538
1068	10,8461538
1068	7,8461538
1069	16,8461538
1069	6,8461538
1069	8,8461538
1069	6,8461538
1070	-3,1538462
1070	-11,1538462
1070	24,8461538
1070	8,8461538
1071	-14,1538462
1071	20,8461538
1071	-5,1538462
1071	-11,1538462
1072	10,8461538
1072	31,8461538
1072	9,8461538
1072	-8,1538462
1072	25,8461538
1073	-2,1538462
1073	-12,1538462
1073	-25,1538462
1073	-15,1538462
1074	25,8461538
1074	13,8461538
1074	16,8461538
1074	5,8461538
1075	4,8461538
1075	4,8461538
1075	22,8461538
1075	13,8461538
1076	-13,1538462
1076	10,8461538
1076	14,8461538
1076	25,8461538
1077	15,8461538
1077	-1,1538462
1077	-1,1538462
1077	-4,1538462
1077	24,8461538
1078	22,8461538
1078	-7,1538462
1078	32,8461538
1078	-11,1538462
1079	2,8461538
1079	18,8461538
1079	7,8461538
1079	26,8461538
1080	19,8461538
1080	-23,1538462
1080	-9,1538462
1080	8,8461538
1081	-16,1538462
1081	-14,1538462
1081	19,8461538
1081	6,8461538
1082	13,8461538
1082	-9,1538462
1082	-9,1538462
1082	-8,1538462
1082	-3,1538462
1083	9,8461538
1083	7,8461538
1083	3,8461538
1083	-10,1538462
1084	7,8461538
1084	4,8461538
1084	5,8461538
1084	22,8461538
1085	7,8461538
1085	-7,1538462
1085	10,8461538
1085	18,8461538
1086	11,8461538
1086	-10,1538462
1086	-10,1538462
1086	1,8461538
1087	-2,1538462
1087	11,8461538
1087	0,8461538
1087	-0,1538462
1087	26,8461538
1088	3,8461538
1088	-2,1538462
1088	8,8461538
1088	9,8461538
1089	16,8461538
1089	5,8461538
1089	-13,1538462
1089	12,8461538
1090	8,8461538
1090	-0,1538462
1090	4,8461538
1090	7,8461538
1091	-10,1538462
1091	3,8461538
1091	13,8461538
1091	0,8461538
1092	16,8461538
1092	23,8461538
1092	-12,1538462
1092	10,8461538
1092	-6,1538462
1093	1,8461538
1093	7,8461538
1093	-2,1538462
1093	4,8461538
1094	-12,1538462
1094	-8,1538462
1094	11,8461538
1094	18,8461538
1095	-5,1538462
1095	38,8461538
1095	-16,1538462
1095	-1,1538462
1096	15,8461538
1096	-17,1538462
1096	-28,1538462
1096	7,8461538
1097	-11,1538462
1097	6,8461538
1097	14,8461538
1097	13,8461538
1097	12,8461538
1098	15,8461538
1098	29,8461538
1098	20,8461538
1098	9,8461538
1099	0,8461538
1099	19,8461538
1099	3,8461538
1099	-4,1538462
1100	-6,1538462
1100	-12,1538462
1100	22,8461538
1100	-19,1538462
1101	16,8461538
1101	-0,1538462
1101	27,8461538
1101	-14,1538462
1101	8,8461538
1102	-15,1538462
1102	21,8461538
1102	-10,1538462
1102	23,8461538
1103	11,8461538
1103	16,8461538
1103	12,8461538
1103	4,8461538
1104	6,8461538
1104	-9,1538462
1104	-17,1538462
1104	19,8461538
1105	12,8461538
1105	5,8461538
1105	32,8461538
1105	27,8461538
1106	24,8461538
1106	-5,1538462
1106	7,8461538
1106	-4,1538462
1106	1,8461538
1107	15,8461538
1107	40,8461538
1107	27,8461538
1107	-5,1538462
1108	-12,1538462
1108	-1,1538462
1108	27,8461538
1108	-5,1538462
1109	9,8461538
1109	-0,1538462
1109	-1,1538462
1109	4,8461538
1110	4,8461538
1110	18,8461538
1110	7,8461538
1110	11,8461538
1110	-5,1538462
1111	13,8461538
1111	14,8461538
1111	-11,1538462
1111	15,8461538
1112	8,8461538
1112	4,8461538
1112	16,8461538
1112	6,8461538
1113	-14,1538462
1113	-31,1538462
1113	-8,1538462
1113	27,8461538
1114	29,8461538
1114	8,8461538
1114	21,8461538
1114	-15,1538462
1115	17,8461538
1115	-9,1538462
1115	-17,1538462
1115	19,8461538
1115	31,8461538
1116	-0,1538462
1116	-8,1538462
1116	-2,1538462
1116	-14,1538462
1117	30,8461538
1117	-9,1538462
1117	10,8461538
1117	-3,1538462
1118	12,8461538
