196	51,4615385
196	51,4615385
196	51,4615385
197	-26,5384615
197	-14,5384615
197	12,4615385
197	2,4615385
198	-7,5384615
198	-11,5384615
198	-39,5384615
199	-10,5384615
199	-32,5384615
199	-26,5384615
199	-3,5384615
200	31,4615385
200	4,4615385
200	2,4615385
200	-10,5384615
201	-9,5384615
201	-13,5384615
201	-2,5384615
201	-5,5384615
202	5,4615385
202	-5,5384615
202	-34,5384615
203	-22,5384615
203	-0,5384615
203	16,4615385
203	-17,5384615
204	3,4615385
204	-1,5384615
204	-40,5384615
204	-8,5384615
205	-12,5384615
205	-31,5384615
205	-27,5384615
205	3,4615385
206	-34,5384615
206	-13,5384615
206	9,4615385
207	-9,5384615
207	-12,5384615
207	-7,5384615
207	-16,5384615
208	-11,5384615
208	-22,5384615
208	-36,5384615
208	-10,5384615
209	-12,5384615
209	-5,5384615
209	7,4615385
209	-10,5384615
210	3,4615385
210	-19,5384615
210	-17,5384615
211	-9,5384615
211	-3,5384615
211	-21,5384615
211	-3,5384615
212	-10,5384615
212	-10,5384615
212	-9,5384615
212	-19,5384615
213	6,4615385
213	-43,5384615
213	-13,5384615
213	-9,5384615
214	-1,5384615
214	-26,5384615
214	-19,5384615
215	-5,5384615
215	-25,5384615
215	-1,5384615
215	7,4615385
216	-9,5384615
216	-11,5384615
216	9,4615385
216	-0,5384615
217	-23,5384615
217	-6,5384615
217	-12,5384615
217	-10,5384615
218	-12,5384615
218	-30,5384615
218	-12,5384615
219	3,4615385
219	-35,5384615
219	-3,5384615
219	8,4615385
220	-12,5384615
220	-10,5384615
220	-17,5384615
220	-11,5384615
221	-39,5384615
221	-25,5384615
221	14,4615385
221	-3,5384615
222	3,4615385
222	-3,5384615
222	-10,5384615
223	16,4615385
223	-4,5384615
223	-27,5384615
223	-56,5384615
224	4,4615385
224	-19,5384615
224	-9,5384615
224	-30,5384615
225	-4,5384615
225	-19,5384615
225	-11,5384615
225	19,4615385
226	2,4615385
226	-19,5384615
226	3,4615385
227	-3,5384615
227	-1,5384615
227	-2,5384615
227	2,4615385
228	-25,5384615
228	-7,5384615
228	-14,5384615
228	3,4615385
229	-5,5384615
229	-27,5384615
229	-26,5384615
229	1,4615385
230	-29,5384615
230	-6,5384615
230	-15,5384615
231	-22,5384615
231	10,4615385
231	-30,5384615
231	14,4615385
232	-14,5384615
232	-2,5384615
232	22,4615385
232	-6,5384615
233	-6,5384615
233	-10,5384615
233	-10,5384615
233	1,4615385
234	-18,5384615
234	-7,5384615
234	-15,5384615
235	-20,5384615
235	13,4615385
235	3,4615385
235	11,4615385
236	3,4615385
236	-14,5384615
236	-16,5384615
236	-9,5384615
237	0,4615385
237	15,4615385
237	1,4615385
237	-23,5384615
238	-2,5384615
238	-26,5384615
238	-14,5384615
239	-6,5384615
239	-22,5384615
239	-4,5384615
239	4,4615385
240	-23,5384615
240	-14,5384615
240	-29,5384615
240	-7,5384615
241	-21,5384615
241	-15,5384615
241	-8,5384615
241	-6,5384615
242	-22,5384615
242	-15,5384615
242	-3,5384615
243	-21,5384615
243	2,4615385
243	-18,5384615
243	-5,5384615
244	-27,5384615
244	-14,5384615
244	-5,5384615
244	-3,5384615
245	-1,5384615
245	17,4615385
245	-16,5384615
245	10,4615385
246	-8,5384615
246	-7,5384615
246	-27,5384615
247	-46,5384615
247	-11,5384615
247	-4,5384615
247	12,4615385
248	-0,5384615
248	6,4615385
248	0,4615385
248	-22,5384615
249	-16,5384615
249	-24,5384615
249	-8,5384615
249	-11,5384615
250	5,4615385
250	19,4615385
250	-26,5384615
251	-10,5384615
251	2,4615385
251	-2,5384615
251	-27,5384615
252	-24,5384615
252	-4,5384615
252	19,4615385
252	-12,5384615
253	-5,5384615
253	8,4615385
253	-30,5384615
253	-23,5384615
254	-14,5384615
254	-1,5384615
254	-14,5384615
254	-2,5384615
255	-32,5384615
255	-5,5384615
255	-30,5384615
256	-25,5384615
256	-26,5384615
256	3,4615385
256	19,4615385
257	-5,5384615
257	-2,5384615
257	11,4615385
257	-9,5384615
258	17,4615385
258	-12,5384615
258	2,4615385
258	3,4615385
259	6,4615385
259	7,4615385
259	-8,5384615
260	-20,5384615
260	-35,5384615
260	-14,5384615
260	-5,5384615
261	-16,5384615
261	2,4615385
261	1,4615385
261	-33,5384615
262	2,4615385
262	31,4615385
262	-27,5384615
262	-39,5384615
263	25,4615385
263	-12,5384615
263	-21,5384615
264	-7,5384615
264	7,4615385
264	6,4615385
264	-8,5384615
265	-19,5384615
265	5,4615385
265	-6,5384615
265	-34,5384615
266	1,4615385
266	-2,5384615
266	2,4615385
266	-35,5384615
267	5,4615385
267	14,4615385
267	8,4615385
268	27,4615385
268	13,4615385
268	-27,5384615
268	13,4615385
269	-5,5384615
269	-11,5384615
269	-21,5384615
269	3,4615385
270	-8,5384615
270	-18,5384615
270	-20,5384615
270	-7,5384615
271	-29,5384615
271	10,4615385
271	8,4615385
271	-18,5384615
272	1,4615385
272	-5,5384615
272	-36,5384615
273	-10,5384615
273	-3,5384615
273	-0,5384615
273	4,4615385
274	-5,5384615
274	-25,5384615
274	-14,5384615
274	-0,5384615
275	-1,5384615
275	-16,5384615
275	-8,5384615
275	-9,5384615
276	6,4615385
276	-21,5384615
276	-34,5384615
277	-7,5384615
277	34,4615385
277	15,4615385
277	-33,5384615
278	-24,5384615
278	16,4615385
278	-5,5384615
278	-4,5384615
279	-19,5384615
279	3,4615385
279	18,4615385
279	-5,5384615
280	-25,5384615
280	-10,5384615
280	-13,5384615
280	-15,5384615
281	-15,5384615
281	14,4615385
281	-11,5384615
282	-27,5384615
282	-8,5384615
282	-19,5384615
282	-21,5384615
283	-17,5384615
283	-35,5384615
283	-5,5384615
283	6,4615385
284	-2,5384615
284	-6,5384615
284	-38,5384615
284	-15,5384615
285	-26,5384615
285	3,4615385
285	5,4615385
286	11,4615385
286	-16,5384615
286	-14,5384615
286	-11,5384615
287	-22,5384615
287	-33,5384615
287	-14,5384615
287	-2,5384615
288	-5,5384615
288	-12,5384615
288	-22,5384615
288	-11,5384615
289	-10,5384615
289	-18,5384615
289	-18,5384615
290	6,4615385
290	-15,5384615
290	0,4615385
290	-21,5384615
291	7,4615385
291	-2,5384615
291	-13,5384615
291	-29,5384615
292	-3,5384615
292	2,4615385
292	-11,5384615
292	7,4615385
293	-7,5384615
293	17,4615385
293	23,4615385
293	8,4615385
294	-8,5384615
294	-2,5384615
294	16,4615385
295	11,4615385
295	26,4615385
295	-3,5384615
295	-17,5384615
296	6,4615385
296	-13,5384615
296	-13,5384615
296	-20,5384615
297	0,4615385
297	-4,5384615
297	-15,5384615
297	-11,5384615
298	22,4615385
298	-31,5384615
298	10,4615385
299	-7,5384615
299	34,4615385
299	16,4615385
299	7,4615385
300	-5,5384615
300	-13,5384615
300	-9,5384615
300	-0,5384615
301	-13,5384615
301	-11,5384615
301	-38,5384615
301	-19,5384615
302	-13,5384615
302	-17,5384615
302	-1,5384615
302	7,4615385
303	0,4615385
303	-11,5384615
303	-16,5384615
304	0,4615385
304	9,4615385
304	11,4615385
304	-11,5384615
305	3,4615385
305	27,4615385
305	-8,5384615
305	-26,5384615
306	-1,5384615
306	-11,5384615
306	2,4615385
306	12,4615385
307	2,4615385
307	25,4615385
307	-21,5384615
307	10,4615385
308	-2,5384615
308	1,4615385
308	-15,5384615
309	10,4615385
309	3,4615385
309	-4,5384615
309	29,4615385
310	11,4615385
310	-11,5384615
310	11,4615385
310	-4,5384615
311	10,4615385
311	19,4615385
311	37,4615385
311	33,4615385
312	15,4615385
312	59,4615385
312	34,4615385
313	37,4615385
313	42,4615385
313	47,4615385
313	54,4615385
314	27,4615385
314	16,4615385
314	14,4615385
314	13,4615385
315	45,4615385
315	44,4615385
315	47,4615385
315	20,4615385
316	40,4615385
316	28,4615385
316	31,4615385
316	30,4615385
317	27,4615385
317	11,4615385
317	7,4615385
318	31,4615385
318	25,4615385
318	20,4615385
318	-2,5384615
319	21,4615385
319	14,4615385
319	12,4615385
319	2,4615385
320	24,4615385
320	11,4615385
320	19,4615385
320	-8,5384615
321	5,4615385
321	-22,5384615
321	-15,5384615
321	-5,5384615
322	11,4615385
322	-9,5384615
322	-10,5384615
323	-27,5384615
323	-5,5384615
323	-18,5384615
323	-10,5384615
324	-16,5384615
324	0,4615385
324	-6,5384615
324	13,4615385
325	-14,5384615
325	-16,5384615
325	-19,5384615
325	3,4615385
326	-9,5384615
326	-17,5384615
326	-6,5384615
327	-3,5384615
327	16,4615385
327	10,4615385
327	-20,5384615
328	1,4615385
328	-21,5384615
328	8,4615385
328	25,4615385
329	-24,5384615
329	-18,5384615
329	-24,5384615
329	14,4615385
330	2,4615385
330	-13,5384615
330	27,4615385
330	13,4615385
331	-12,5384615
331	-3,5384615
331	22,4615385
332	65,4615385
332	45,4615385
332	44,4615385
332	56,4615385
333	15,4615385
333	26,4615385
333	51,4615385
333	38,4615385
334	34,4615385
334	28,4615385
334	62,4615385
334	48,4615385
335	52,4615385
335	46,4615385
335	48,4615385
335	61,4615385
336	83,4615385
336	112,4615385
336	79,4615385
337	42,4615385
337	68,4615385
337	75,4615385
337	70,4615385
338	99,4615385
338	72,4615385
338	77,4615385
338	74,4615385
339	63,4615385
339	37,4615385
339	41,4615385
339	51,4615385
340	26,4615385
340	43,4615385
340	13,4615385
340	15,4615385
341	20,4615385
341	32,4615385
341	42,4615385
342	22,4615385
342	24,4615385
342	43,4615385
342	15,4615385
343	7,4615385
343	30,4615385
343	-14,5384615
343	8,4615385
344	9,4615385
344	15,4615385
344	5,4615385
344	-12,5384615
345	-24,5384615
345	2,4615385
345	-11,5384615
345	6,4615385
346	-12,5384615
346	11,4615385
346	-4,5384615
347	-17,5384615
347	-31,5384615
347	-21,5384615
347	-6,5384615
348	-11,5384615
348	-7,5384615
348	19,4615385
348	7,4615385
349	15,4615385
349	4,4615385
349	22,4615385
349	9,4615385
350	2,4615385
350	17,4615385
350	11,4615385
350	13,4615385
351	22,4615385
351	-8,5384615
351	11,4615385
352	-10,5384615
352	27,4615385
352	50,4615385
352	54,4615385
353	74,4615385
353	50,4615385
353	37,4615385
353	57,4615385
354	37,4615385
354	60,4615385
354	65,4615385
354	47,4615385
355	47,4615385
355	85,4615385
355	40,4615385
355	54,4615385
356	49,4615385
356	49,4615385
356	68,4615385
357	64,4615385
357	41,4615385
357	63,4615385
357	69,4615385
358	78,4615385
358	97,4615385
358	80,4615385
358	63,4615385
359	19,4615385
359	24,4615385
359	20,4615385
359	56,4615385
360	39,4615385
360	42,4615385
360	29,4615385
360	41,4615385
361	34,4615385
361	18,4615385
361	20,4615385
362	48,4615385
362	36,4615385
362	38,4615385
362	18,4615385
363	5,4615385
363	23,4615385
363	13,4615385
363	-6,5384615
364	17,4615385
364	-1,5384615
364	-14,5384615
364	17,4615385
365	16,4615385
365	9,4615385
365	-17,5384615
365	6,4615385
366	-4,5384615
366	-6,5384615
366	-11,5384615
367	-11,5384615
367	-1,5384615
367	19,4615385
367	-12,5384615
368	-26,5384615
368	5,4615385
368	2,4615385
368	-14,5384615
369	-29,5384615
369	-25,5384615
369	-34,5384615
369	-11,5384615
370	1,4615385
370	-17,5384615
370	-4,5384615
370	16,4615385
371	-6,5384615
371	-11,5384615
371	-0,5384615
371	8,4615385
372	9,4615385
372	-6,5384615
372	11,4615385
373	23,4615385
373	6,4615385
373	-3,5384615
373	-4,5384615
374	7,4615385
374	30,4615385
374	14,4615385
374	29,4615385
375	29,4615385
375	31,4615385
375	23,4615385
375	29,4615385
376	36,4615385
376	30,4615385
376	21,4615385
376	31,4615385
377	18,4615385
377	9,4615385
377	42,4615385
378	41,4615385
378	6,4615385
378	25,4615385
378	16,4615385
379	41,4615385
379	5,4615385
379	34,4615385
379	24,4615385
380	20,4615385
380	12,4615385
380	30,4615385
380	21,4615385
381	51,4615385
381	39,4615385
381	28,4615385
381	9,4615385
382	26,4615385
382	22,4615385
382	4,4615385
383	-0,5384615
383	-2,5384615
383	20,4615385
383	8,4615385
384	5,4615385
384	-1,5384615
384	27,4615385
384	26,4615385
385	7,4615385
385	7,4615385
385	25,4615385
385	-1,5384615
386	9,4615385
386	9,4615385
386	-8,5384615
386	1,4615385
387	7,4615385
387	-10,5384615
387	-15,5384615
387	-30,5384615
388	5,4615385
388	-9,5384615
388	2,4615385
389	-5,5384615
389	-24,5384615
389	3,4615385
389	-2,5384615
390	-13,5384615
390	-0,5384615
390	8,4615385
390	8,4615385
391	-1,5384615
391	1,4615385
391	3,4615385
391	-8,5384615
392	2,4615385
392	-5,5384615
392	-16,5384615
392	-3,5384615
393	3,4615385
393	2,4615385
393	-13,5384615
394	-1,5384615
394	-0,5384615
394	2,4615385
394	16,4615385
395	-2,5384615
395	-2,5384615
395	1,4615385
395	-6,5384615
396	-1,5384615
396	13,4615385
396	-8,5384615
396	8,4615385
397	-7,5384615
397	24,4615385
397	2,4615385
397	3,4615385
398	32,4615385
398	4,4615385
398	-7,5384615
398	2,4615385
399	11,4615385
399	8,4615385
399	5,4615385
400	-5,5384615
400	6,4615385
400	12,4615385
400	6,4615385
401	8,4615385
401	19,4615385
401	-2,5384615
401	23,4615385
402	37,4615385
402	-11,5384615
402	9,4615385
402	6,4615385
403	27,4615385
403	15,4615385
403	8,4615385
403	18,4615385
404	-17,5384615
404	28,4615385
404	2,4615385
405	-16,5384615
405	9,4615385
405	38,4615385
405	20,4615385
406	11,4615385
406	2,4615385
406	4,4615385
406	6,4615385
407	3,4615385
407	-3,5384615
407	-17,5384615
407	10,4615385
408	17,4615385
408	-7,5384615
408	-9,5384615
408	-11,5384615
409	3,4615385
409	-10,5384615
409	12,4615385
409	28,4615385
410	18,4615385
410	-3,5384615
410	29,4615385
411	20,4615385
411	13,4615385
411	1,4615385
411	-6,5384615
412	15,4615385
412	-2,5384615
412	-3,5384615
412	-15,5384615
413	-15,5384615
413	-8,5384615
413	6,4615385
413	-8,5384615
414	-4,5384615
414	-22,5384615
414	-25,5384615
414	-0,5384615
415	25,4615385
415	4,4615385
415	6,4615385
415	-2,5384615
416	-13,5384615
416	-13,5384615
416	-1,5384615
417	17,4615385
417	3,4615385
417	-16,5384615
417	-4,5384615
418	-13,5384615
418	5,4615385
418	-19,5384615
418	-29,5384615
419	4,4615385
419	-4,5384615
419	-7,5384615
419	-16,5384615
420	2,4615385
420	-10,5384615
420	-9,5384615
420	5,4615385
421	14,4615385
421	13,4615385
421	-2,5384615
421	12,4615385
422	-9,5384615
422	16,4615385
422	-26,5384615
423	-1,5384615
423	-14,5384615
423	27,4615385
423	7,4615385
424	10,4615385
424	-8,5384615
424	-29,5384615
424	0,4615385
425	3,4615385
425	-25,5384615
425	-3,5384615
425	18,4615385
426	-9,5384615
426	0,4615385
426	-5,5384615
426	12,4615385
427	23,4615385
427	-11,5384615
427	-8,5384615
427	-20,5384615
428	-1,5384615
428	35,4615385
428	-18,5384615
429	21,4615385
429	18,4615385
429	-3,5384615
429	12,4615385
430	-4,5384615
430	-15,5384615
430	-21,5384615
430	-19,5384615
431	1,4615385
431	2,4615385
431	5,4615385
431	28,4615385
432	8,4615385
432	0,4615385
432	6,4615385
432	17,4615385
433	-18,5384615
433	-12,5384615
433	7,4615385
433	-0,5384615
434	0,4615385
434	-26,5384615
434	0,4615385
435	2,4615385
435	10,4615385
435	-0,5384615
435	-25,5384615
436	-9,5384615
436	29,4615385
436	9,4615385
436	-2,5384615
437	4,4615385
437	9,4615385
437	8,4615385
437	2,4615385
438	10,4615385
438	20,4615385
438	29,4615385
438	6,4615385
439	1,4615385
439	-20,5384615
439	-2,5384615
439	7,4615385
440	14,4615385
440	1,4615385
440	10,4615385
441	-8,5384615
441	-29,5384615
441	16,4615385
441	17,4615385
442	-11,5384615
442	7,4615385
442	8,4615385
442	11,4615385
443	4,4615385
443	-5,5384615
443	9,4615385
443	-23,5384615
444	-29,5384615
444	-2,5384615
444	4,4615385
444	-7,5384615
445	-11,5384615
445	-5,5384615
445	-3,5384615
445	20,4615385
446	-11,5384615
446	-3,5384615
446	20,4615385
447	10,4615385
447	9,4615385
447	-1,5384615
447	-8,5384615
448	33,4615385
448	-20,5384615
448	3,4615385
448	-29,5384615
449	-10,5384615
449	1,4615385
449	2,4615385
449	-0,5384615
450	-9,5384615
450	1,4615385
450	-3,5384615
450	-4,5384615
451	-8,5384615
451	-26,5384615
451	-25,5384615
451	-7,5384615
452	-17,5384615
452	-20,5384615
452	13,4615385
452	18,4615385
453	8,4615385
453	-13,5384615
453	-4,5384615
454	-10,5384615
454	12,4615385
454	-3,5384615
454	4,4615385
455	-11,5384615
455	-27,5384615
455	-25,5384615
455	-27,5384615
456	-9,5384615
456	-13,5384615
456	1,4615385
456	14,4615385
457	4,4615385
457	-12,5384615
457	-6,5384615
457	-9,5384615
458	-3,5384615
458	-14,5384615
458	-23,5384615
458	-6,5384615
459	-10,5384615
459	-22,5384615
459	5,4615385
460	27,4615385
460	1,4615385
460	34,4615385
460	2,4615385
461	5,4615385
461	-15,5384615
461	-13,5384615
461	26,4615385
462	-3,5384615
462	-5,5384615
462	-1,5384615
462	5,4615385
463	-12,5384615
463	-4,5384615
463	-26,5384615
463	-1,5384615
464	-0,5384615
464	-14,5384615
464	-30,5384615
464	-13,5384615
465	-8,5384615
465	23,4615385
465	-7,5384615
465	0,4615385
466	-6,5384615
466	-1,5384615
466	10,4615385
467	-24,5384615
467	-3,5384615
467	12,4615385
467	-9,5384615
468	-10,5384615
468	35,4615385
468	-30,5384615
468	-27,5384615
469	3,4615385
469	-26,5384615
469	-21,5384615
469	-3,5384615
470	5,4615385
470	-17,5384615
470	-5,5384615
470	-16,5384615
471	24,4615385
471	-4,5384615
471	-11,5384615
471	-25,5384615
472	-2,5384615
472	12,4615385
472	-9,5384615
472	13,4615385
473	-27,5384615
473	18,4615385
473	-3,5384615
474	-2,5384615
474	-25,5384615
474	10,4615385
474	-15,5384615
475	-3,5384615
475	-0,5384615
475	7,4615385
475	-0,5384615
476	-3,5384615
476	2,4615385
476	-11,5384615
476	-2,5384615
477	13,4615385
477	-18,5384615
477	-26,5384615
477	-4,5384615
478	-12,5384615
478	-11,5384615
478	-12,5384615
478	-8,5384615
479	-15,5384615
479	-7,5384615
479	4,4615385
479	-13,5384615
480	-9,5384615
480	-10,5384615
480	-26,5384615
481	-9,5384615
481	-16,5384615
481	-1,5384615
481	1,4615385
482	24,4615385
482	-19,5384615
482	-18,5384615
482	3,4615385
483	-27,5384615
483	3,4615385
483	-16,5384615
483	-24,5384615
484	-39,5384615
484	14,4615385
484	15,4615385
484	-20,5384615
485	6,4615385
485	1,4615385
485	6,4615385
485	-14,5384615
486	-16,5384615
486	5,4615385
486	0,4615385
486	-0,5384615
487	-10,5384615
487	6,4615385
487	-10,5384615
488	8,4615385
488	-0,5384615
488	-18,5384615
488	-16,5384615
489	3,4615385
489	-5,5384615
489	2,4615385
489	4,4615385
490	4,4615385
490	-2,5384615
490	-5,5384615
490	-5,5384615
491	-10,5384615
491	12,4615385
491	-29,5384615
491	-11,5384615
492	-27,5384615
492	-20,5384615
492	-0,5384615
492	-10,5384615
493	-8,5384615
493	-5,5384615
493	-18,5384615
493	-22,5384615
494	-24,5384615
494	-15,5384615
494	6,4615385
495	0,4615385
495	-9,5384615
495	-3,5384615
495	-22,5384615
496	11,4615385
496	-18,5384615
496	-19,5384615
496	-2,5384615
497	-10,5384615
497	2,4615385
497	-14,5384615
497	-6,5384615
498	9,4615385
498	-11,5384615
498	5,4615385
498	-19,5384615
499	-19,5384615
499	-7,5384615
499	-22,5384615
499	13,4615385
500	23,4615385
500	13,4615385
500	-12,5384615
500	-22,5384615
501	-5,5384615
501	-3,5384615
501	-0,5384615
502	-16,5384615
502	3,4615385
502	-3,5384615
502	-25,5384615
503	0,4615385
503	-6,5384615
503	18,4615385
503	-13,5384615
504	-10,5384615
504	-6,5384615
504	-2,5384615
504	-3,5384615
505	-2,5384615
505	-7,5384615
505	-16,5384615
505	-12,5384615
506	18,4615385
506	0,4615385
506	-19,5384615
506	-19,5384615
507	0,4615385
507	2,4615385
507	-4,5384615
507	-16,5384615
508	-3,5384615
508	11,4615385
508	-3,5384615
508	20,4615385
509	-29,5384615
509	-7,5384615
509	-6,5384615
510	-27,5384615
510	-16,5384615
510	-7,5384615
510	-17,5384615
511	7,4615385
511	-3,5384615
511	-27,5384615
511	-40,5384615
512	7,4615385
512	-4,5384615
512	1,4615385
512	-28,5384615
513	-13,5384615
513	2,4615385
513	18,4615385
513	-36,5384615
514	-30,5384615
514	13,4615385
514	8,4615385
514	-7,5384615
515	-5,5384615
515	-24,5384615
515	-13,5384615
515	-0,5384615
516	2,4615385
516	15,4615385
516	2,4615385
516	-39,5384615
517	-18,5384615
517	-12,5384615
517	-21,5384615
518	-14,5384615
518	3,4615385
518	14,4615385
518	0,4615385
519	5,4615385
519	-29,5384615
519	-23,5384615
519	18,4615385
520	-45,5384615
520	-17,5384615
520	-1,5384615
520	7,4615385
521	-8,5384615
521	-3,5384615
521	-11,5384615
521	10,4615385
522	24,4615385
522	29,4615385
522	-9,5384615
522	14,4615385
523	-6,5384615
523	-5,5384615
523	-4,5384615
523	-4,5384615
524	-22,5384615
524	-22,5384615
524	-3,5384615
524	4,4615385
525	-15,5384615
525	-30,5384615
525	-2,5384615
526	-26,5384615
526	-19,5384615
526	21,4615385
526	11,4615385
527	-31,5384615
527	10,4615385
527	-15,5384615
527	3,4615385
528	6,4615385
528	0,4615385
528	2,4615385
528	-6,5384615
529	0,4615385
529	-29,5384615
529	-28,5384615
529	-0,5384615
530	-4,5384615
530	-36,5384615
530	6,4615385
530	1,4615385
531	3,4615385
531	-17,5384615
531	-9,5384615
531	2,4615385
532	1,4615385
532	-2,5384615
532	7,4615385
532	11,4615385
533	0,4615385
533	-16,5384615
533	-3,5384615
534	-15,5384615
534	-1,5384615
534	-3,5384615
534	2,4615385
535	-16,5384615
535	-2,5384615
535	19,4615385
535	-11,5384615
536	11,4615385
536	-0,5384615
536	-41,5384615
536	-17,5384615
537	-2,5384615
537	-7,5384615
537	-25,5384615
537	-24,5384615
538	-17,5384615
538	-33,5384615
538	6,4615385
538	-8,5384615
539	-8,5384615
539	-12,5384615
539	-14,5384615
539	8,4615385
540	3,4615385
540	-15,5384615
540	7,4615385
540	-1,5384615
541	-6,5384615
541	-25,5384615
541	-8,5384615
541	-7,5384615
542	-10,5384615
542	-11,5384615
542	9,4615385
543	-9,5384615
543	-13,5384615
543	-19,5384615
543	17,4615385
544	-27,5384615
544	-11,5384615
544	-7,5384615
544	-25,5384615
545	-35,5384615
545	-8,5384615
545	-14,5384615
545	-50,5384615
546	-1,5384615
546	-4,5384615
546	3,4615385
546	-11,5384615
547	-28,5384615
547	5,4615385
547	-17,5384615
547	-26,5384615
548	2,4615385
548	14,4615385
548	1,4615385
548	-1,5384615
549	-23,5384615
549	17,4615385
549	-16,5384615
549	-29,5384615
550	-11,5384615
550	-19,5384615
550	1,4615385
550	-26,5384615
551	-33,5384615
551	-18,5384615
551	5,4615385
552	-38,5384615
552	-15,5384615
552	-13,5384615
552	8,4615385
553	-4,5384615
553	-20,5384615
553	-14,5384615
553	17,4615385
554	-7,5384615
554	-4,5384615
554	-8,5384615
554	-29,5384615
555	1,4615385
555	18,4615385
555	-8,5384615
555	-2,5384615
556	16,4615385
556	-2,5384615
556	-36,5384615
556	1,4615385
557	11,4615385
557	19,4615385
557	-17,5384615
557	-5,5384615
558	-1,5384615
558	-24,5384615
558	21,4615385
558	6,4615385
559	4,4615385
559	-6,5384615
559	-9,5384615
559	-7,5384615
560	-4,5384615
560	26,4615385
560	-15,5384615
561	-1,5384615
561	2,4615385
561	-19,5384615
561	3,4615385
562	-23,5384615
562	-21,5384615
562	-2,5384615
562	-8,5384615
563	-6,5384615
563	-1,5384615
563	13,4615385
563	-13,5384615
564	-6,5384615
564	3,4615385
564	-2,5384615
564	4,4615385
565	5,4615385
565	9,4615385
565	-3,5384615
565	-2,5384615
566	11,4615385
566	-27,5384615
566	-31,5384615
566	-7,5384615
567	-2,5384615
567	-29,5384615
567	-19,5384615
567	-38,5384615
568	-24,5384615
568	-32,5384615
568	12,4615385
568	-17,5384615
569	-13,5384615
569	-5,5384615
569	-13,5384615
569	-16,5384615
570	-24,5384615
570	-15,5384615
570	-1,5384615
571	-22,5384615
571	-14,5384615
571	-3,5384615
571	25,4615385
572	-8,5384615
572	-20,5384615
572	-20,5384615
572	11,4615385
573	-1,5384615
573	-12,5384615
573	-15,5384615
573	-16,5384615
574	-11,5384615
574	-4,5384615
574	-31,5384615
574	4,4615385
575	18,4615385
575	-23,5384615
575	-4,5384615
575	-5,5384615
576	-5,5384615
576	-23,5384615
576	29,4615385
576	-42,5384615
577	-16,5384615
577	-2,5384615
577	-2,5384615
577	-5,5384615
578	-5,5384615
578	-21,5384615
578	-5,5384615
578	-4,5384615
579	7,4615385
579	-23,5384615
579	-6,5384615
579	-23,5384615
580	0,4615385
580	1,4615385
580	-9,5384615
581	0,4615385
581	-21,5384615
581	-17,5384615
581	-18,5384615
582	-25,5384615
582	-12,5384615
582	-3,5384615
582	-11,5384615
583	-34,5384615
583	-20,5384615
583	3,4615385
583	7,4615385
584	-11,5384615
584	-2,5384615
584	12,4615385
584	2,4615385
585	6,4615385
585	-16,5384615
585	-2,5384615
585	3,4615385
586	-0,5384615
586	12,4615385
586	-23,5384615
586	-2,5384615
587	-3,5384615
587	-47,5384615
587	-20,5384615
587	-21,5384615
588	-10,5384615
588	1,4615385
588	13,4615385
588	-12,5384615
589	-3,5384615
589	-16,5384615
589	-20,5384615
589	-20,5384615
590	-18,5384615
590	-8,5384615
590	-16,5384615
590	7,4615385
591	-7,5384615
591	19,4615385
591	-20,5384615
592	-0,5384615
592	-8,5384615
592	-12,5384615
592	-5,5384615
593	-10,5384615
593	-20,5384615
593	0,4615385
593	-7,5384615
594	26,4615385
594	-16,5384615
594	-4,5384615
594	-12,5384615
595	-32,5384615
595	-41,5384615
595	-8,5384615
595	-6,5384615
596	4,4615385
596	-1,5384615
596	-41,5384615
596	1,4615385
597	7,4615385
597	1,4615385
597	12,4615385
597	1,4615385
598	-14,5384615
598	-24,5384615
598	-13,5384615
598	4,4615385
599	-29,5384615
599	-7,5384615
599	-31,5384615
599	-21,5384615
600	-0,5384615
600	-9,5384615
600	-24,5384615
600	1,4615385
601	-31,5384615
601	-7,5384615
601	11,4615385
601	-2,5384615
602	5,4615385
602	-12,5384615
602	4,4615385
603	-1,5384615
603	4,4615385
603	34,4615385
603	-6,5384615
604	-23,5384615
604	3,4615385
604	-10,5384615
604	15,4615385
605	5,4615385
605	-11,5384615
605	-19,5384615
605	-0,5384615
606	-4,5384615
606	-4,5384615
606	3,4615385
606	5,4615385
607	-33,5384615
607	-36,5384615
607	-2,5384615
607	21,4615385
608	1,4615385
608	22,4615385
608	3,4615385
608	1,4615385
609	-15,5384615
609	-6,5384615
609	12,4615385
609	-0,5384615
610	-32,5384615
610	-26,5384615
610	-5,5384615
610	-3,5384615
611	-18,5384615
611	-22,5384615
611	-14,5384615
611	-14,5384615
612	-7,5384615
612	-7,5384615
612	1,4615385
612	0,4615385
613	-6,5384615
613	-1,5384615
613	-7,5384615
613	-5,5384615
614	-1,5384615
614	-15,5384615
614	5,4615385
614	-11,5384615
615	-20,5384615
615	-15,5384615
615	-20,5384615
616	-16,5384615
616	-6,5384615
616	-10,5384615
616	-25,5384615
617	-5,5384615
617	1,4615385
617	-1,5384615
617	-47,5384615
618	-28,5384615
618	14,4615385
618	-6,5384615
618	-0,5384615
619	-1,5384615
619	7,4615385
619	-14,5384615
619	-37,5384615
620	-5,5384615
620	-2,5384615
620	-34,5384615
620	-9,5384615
621	-8,5384615
621	13,4615385
621	-26,5384615
621	-35,5384615
622	-16,5384615
622	-8,5384615
622	-6,5384615
622	-7,5384615
623	-39,5384615
623	-29,5384615
623	14,4615385
623	3,4615385
624	-32,5384615
624	-4,5384615
624	0,4615385
624	-1,5384615
625	-15,5384615
625	17,4615385
625	-21,5384615
625	-22,5384615
626	5,4615385
626	-13,5384615
626	1,4615385
626	6,4615385
627	-14,5384615
627	-17,5384615
627	28,4615385
627	-10,5384615
628	-1,5384615
628	-14,5384615
628	-12,5384615
629	-17,5384615
629	-5,5384615
629	-24,5384615
629	-18,5384615
630	-6,5384615
630	-5,5384615
630	2,4615385
630	-3,5384615
631	-26,5384615
631	-16,5384615
631	-31,5384615
631	-7,5384615
632	-1,5384615
632	-7,5384615
632	-22,5384615
632	-21,5384615
633	-7,5384615
633	0,4615385
633	-27,5384615
633	-24,5384615
634	-5,5384615
634	-44,5384615
634	-26,5384615
634	-6,5384615
635	0,4615385
635	-15,5384615
635	-26,5384615
635	-4,5384615
636	-3,5384615
636	-2,5384615
636	-15,5384615
636	-25,5384615
637	-24,5384615
637	-3,5384615
637	-0,5384615
637	-21,5384615
638	-10,5384615
638	-25,5384615
638	-13,5384615
638	4,4615385
639	-39,5384615
639	-40,5384615
639	0,4615385
639	9,4615385
640	-38,5384615
640	-21,5384615
640	-32,5384615
640	4,4615385
641	-11,5384615
641	4,4615385
641	-5,5384615
641	-5,5384615
642	-7,5384615
642	-15,5384615
642	-9,5384615
642	-4,5384615
643	-13,5384615
643	-26,5384615
643	-2,5384615
644	3,4615385
644	-29,5384615
644	-19,5384615
644	1,4615385
645	0,4615385
645	-25,5384615
645	0,4615385
645	2,4615385
646	-10,5384615
646	-11,5384615
646	-13,5384615
646	26,4615385
647	-7,5384615
647	10,4615385
647	-17,5384615
647	-21,5384615
648	19,4615385
648	-8,5384615
648	-15,5384615
648	2,4615385
649	3,4615385
649	15,4615385
649	-10,5384615
649	-6,5384615
650	4,4615385
650	7,4615385
650	-1,5384615
650	-1,5384615
651	-9,5384615
651	-3,5384615
651	0,4615385
651	15,4615385
652	3,4615385
652	-20,5384615
652	-3,5384615
652	-34,5384615
653	3,4615385
653	32,4615385
653	12,4615385
653	11,4615385
654	-15,5384615
654	6,4615385
654	-7,5384615
654	-10,5384615
655	-4,5384615
655	7,4615385
655	-9,5384615
655	23,4615385
656	0,4615385
656	-2,5384615
656	-17,5384615
656	12,4615385
657	-1,5384615
657	-21,5384615
657	-8,5384615
657	2,4615385
658	-12,5384615
658	-7,5384615
658	-1,5384615
658	-2,5384615
659	-1,5384615
659	-0,5384615
659	-3,5384615
660	5,4615385
660	2,4615385
660	-5,5384615
660	-4,5384615
661	-21,5384615
661	36,4615385
661	7,4615385
661	-12,5384615
662	14,4615385
662	24,4615385
662	11,4615385
662	-17,5384615
663	-15,5384615
663	-0,5384615
663	8,4615385
663	11,4615385
664	6,4615385
664	-2,5384615
664	-5,5384615
664	-1,5384615
665	14,4615385
665	-5,5384615
665	11,4615385
665	-22,5384615
666	-13,5384615
666	-7,5384615
666	11,4615385
666	-4,5384615
667	3,4615385
667	-26,5384615
667	6,4615385
667	-39,5384615
668	-35,5384615
668	-14,5384615
668	-11,5384615
668	-6,5384615
669	-15,5384615
669	-32,5384615
669	6,4615385
669	-7,5384615
670	-7,5384615
670	29,4615385
670	5,4615385
670	-0,5384615
671	2,4615385
671	20,4615385
671	1,4615385
671	6,4615385
672	2,4615385
672	-5,5384615
672	-0,5384615
672	11,4615385
673	-3,5384615
673	-30,5384615
673	-14,5384615
673	4,4615385
674	1,4615385
674	7,4615385
674	-22,5384615
674	-3,5384615
675	-51,5384615
675	-9,5384615
675	-7,5384615
675	5,4615385
676	6,4615385
676	0,4615385
676	-4,5384615
676	-0,5384615
677	-2,5384615
677	-7,5384615
677	-7,5384615
677	-2,5384615
678	22,4615385
678	15,4615385
678	4,4615385
678	-19,5384615
679	-17,5384615
679	-4,5384615
679	16,4615385
680	2,4615385
680	-13,5384615
680	18,4615385
680	-5,5384615
681	3,4615385
681	-22,5384615
681	-19,5384615
681	-2,5384615
682	-14,5384615
682	3,4615385
682	7,4615385
682	-1,5384615
683	-31,5384615
683	-9,5384615
683	-11,5384615
683	-3,5384615
684	-17,5384615
684	-25,5384615
684	-1,5384615
684	-22,5384615
685	-2,5384615
685	-25,5384615
685	-22,5384615
685	-26,5384615
686	-8,5384615
686	-6,5384615
686	-15,5384615
686	1,4615385
687	28,4615385
687	1,4615385
687	-15,5384615
687	-6,5384615
688	-10,5384615
688	4,4615385
688	-18,5384615
688	-28,5384615
689	-4,5384615
689	-17,5384615
689	-0,5384615
689	3,4615385
690	-5,5384615
690	-2,5384615
690	-33,5384615
690	-12,5384615
691	11,4615385
691	-22,5384615
691	-21,5384615
691	-5,5384615
692	-5,5384615
692	0,4615385
692	-1,5384615
692	-15,5384615
693	-24,5384615
693	-13,5384615
693	-23,5384615
693	-30,5384615
694	-22,5384615
694	5,4615385
694	-13,5384615
694	10,4615385
695	-22,5384615
695	16,4615385
695	-11,5384615
695	-14,5384615
696	-31,5384615
696	-23,5384615
696	-4,5384615
696	-16,5384615
697	-15,5384615
697	-27,5384615
697	-25,5384615
697	-15,5384615
698	-18,5384615
698	-27,5384615
698	-19,5384615
698	6,4615385
699	-12,5384615
699	-25,5384615
699	0,4615385
699	-6,5384615
700	-1,5384615
700	5,4615385
700	0,4615385
700	-24,5384615
701	-10,5384615
701	-35,5384615
701	-12,5384615
701	-21,5384615
702	-16,5384615
702	-8,5384615
702	-21,5384615
702	-19,5384615
703	-15,5384615
703	-5,5384615
703	-18,5384615
703	-6,5384615
704	-15,5384615
704	6,4615385
704	-6,5384615
704	15,4615385
705	0,4615385
705	-12,5384615
705	1,4615385
706	-13,5384615
706	-0,5384615
706	-7,5384615
706	1,4615385
707	-3,5384615
707	-18,5384615
707	8,4615385
707	0,4615385
708	-4,5384615
708	5,4615385
708	0,4615385
708	9,4615385
709	-20,5384615
709	-12,5384615
709	-4,5384615
709	-13,5384615
710	-2,5384615
710	1,4615385
710	6,4615385
710	17,4615385
711	2,4615385
711	5,4615385
711	-14,5384615
711	-7,5384615
712	-4,5384615
712	-30,5384615
712	-13,5384615
712	-9,5384615
713	-12,5384615
713	-6,5384615
713	11,4615385
713	11,4615385
714	2,4615385
714	-2,5384615
714	-23,5384615
714	-32,5384615
715	-5,5384615
715	-26,5384615
715	-21,5384615
715	3,4615385
716	0,4615385
716	5,4615385
716	-2,5384615
716	-5,5384615
717	-21,5384615
717	5,4615385
717	2,4615385
717	-8,5384615
718	-7,5384615
718	-23,5384615
718	-23,5384615
718	3,4615385
719	-7,5384615
719	-11,5384615
719	-14,5384615
719	-41,5384615
720	-16,5384615
720	-43,5384615
720	-18,5384615
720	2,4615385
721	12,4615385
721	-3,5384615
721	-21,5384615
721	-34,5384615
722	15,4615385
722	0,4615385
722	-20,5384615
722	-36,5384615
723	-0,5384615
723	-3,5384615
723	-5,5384615
723	9,4615385
724	23,4615385
724	-11,5384615
724	9,4615385
724	-26,5384615
725	-16,5384615
725	-0,5384615
725	-4,5384615
725	-25,5384615
726	-28,5384615
726	9,4615385
726	2,4615385
726	-17,5384615
727	-18,5384615
727	-44,5384615
727	20,4615385
727	-1,5384615
728	-5,5384615
728	-11,5384615
728	-16,5384615
728	6,4615385
729	-11,5384615
729	-5,5384615
729	7,4615385
729	-5,5384615
730	7,4615385
730	-37,5384615
730	-35,5384615
730	-14,5384615
731	-3,5384615
731	-21,5384615
731	-37,5384615
731	-2,5384615
732	-29,5384615
732	-10,5384615
732	-24,5384615
732	-10,5384615
733	-18,5384615
733	-1,5384615
733	-10,5384615
733	-7,5384615
734	-2,5384615
734	-21,5384615
734	-20,5384615
734	-8,5384615
735	-24,5384615
735	-7,5384615
735	17,4615385
735	0,4615385
736	-31,5384615
736	-16,5384615
736	-32,5384615
736	3,4615385
737	4,4615385
737	-10,5384615
737	-18,5384615
737	-1,5384615
738	-27,5384615
738	15,4615385
738	-10,5384615
738	-25,5384615
739	-2,5384615
739	7,4615385
739	-19,5384615
739	16,4615385
740	0,4615385
740	-19,5384615
740	-13,5384615
740	-21,5384615
741	-3,5384615
741	-27,5384615
741	-7,5384615
741	3,4615385
742	10,4615385
742	3,4615385
742	-28,5384615
742	-23,5384615
743	-9,5384615
743	20,4615385
743	-16,5384615
743	-9,5384615
744	5,4615385
744	-2,5384615
744	-10,5384615
744	-7,5384615
745	-22,5384615
745	-31,5384615
745	-14,5384615
745	-30,5384615
746	-5,5384615
746	-10,5384615
746	-3,5384615
746	26,4615385
747	-8,5384615
747	3,4615385
747	-13,5384615
747	-11,5384615
748	12,4615385
748	0,4615385
748	-18,5384615
748	-15,5384615
749	-13,5384615
749	-11,5384615
749	-26,5384615
749	-27,5384615
750	13,4615385
750	1,4615385
750	17,4615385
750	2,4615385
751	-2,5384615
751	-25,5384615
751	-13,5384615
751	-7,5384615
752	-11,5384615
752	-1,5384615
752	-5,5384615
752	2,4615385
753	-37,5384615
753	-18,5384615
753	-27,5384615
753	-14,5384615
754	-14,5384615
754	-10,5384615
754	-46,5384615
754	-11,5384615
755	-17,5384615
755	-30,5384615
755	-17,5384615
755	-15,5384615
756	8,4615385
756	1,4615385
756	12,4615385
756	14,4615385
757	-21,5384615
757	-0,5384615
757	-10,5384615
757	10,4615385
758	-5,5384615
758	-6,5384615
758	-16,5384615
758	-11,5384615
759	13,4615385
759	16,4615385
759	-10,5384615
759	-18,5384615
760	3,4615385
760	3,4615385
760	-15,5384615
760	-2,5384615
761	6,4615385
761	16,4615385
761	-1,5384615
761	-15,5384615
762	23,4615385
762	-0,5384615
762	-12,5384615
762	-29,5384615
763	-18,5384615
763	-1,5384615
763	8,4615385
763	8,4615385
764	-10,5384615
764	-27,5384615
764	-1,5384615
764	15,4615385
765	-8,5384615
765	-13,5384615
765	1,4615385
765	-2,5384615
766	-11,5384615
766	-21,5384615
766	-12,5384615
766	-6,5384615
767	-22,5384615
767	-6,5384615
767	-10,5384615
767	4,4615385
768	-3,5384615
768	-13,5384615
768	-8,5384615
768	-5,5384615
769	-21,5384615
769	10,4615385
769	-16,5384615
769	-9,5384615
770	-11,5384615
770	-21,5384615
770	-9,5384615
770	-18,5384615
771	-18,5384615
771	-8,5384615
771	-19,5384615
771	0,4615385
772	2,4615385
772	-5,5384615
772	7,4615385
772	-17,5384615
773	-33,5384615
773	-17,5384615
773	0,4615385
773	1,4615385
774	-26,5384615
774	-14,5384615
774	-34,5384615
774	-13,5384615
775	-11,5384615
775	-6,5384615
775	-13,5384615
775	-14,5384615
776	-32,5384615
776	2,4615385
776	18,4615385
776	-20,5384615
777	14,4615385
777	-18,5384615
777	2,4615385
777	-19,5384615
778	-24,5384615
778	-18,5384615
778	14,4615385
778	13,4615385
779	13,4615385
779	-17,5384615
779	-20,5384615
779	-3,5384615
780	-5,5384615
780	-14,5384615
780	0,4615385
780	-16,5384615
781	-7,5384615
781	-14,5384615
781	-1,5384615
781	-14,5384615
782	15,4615385
782	-13,5384615
782	-5,5384615
782	14,4615385
783	-15,5384615
783	-18,5384615
783	1,4615385
783	-33,5384615
784	-20,5384615
784	4,4615385
784	0,4615385
784	-10,5384615
785	-2,5384615
785	10,4615385
785	-19,5384615
785	-29,5384615
786	-23,5384615
786	-23,5384615
786	-3,5384615
786	-3,5384615
787	-23,5384615
787	-35,5384615
787	-15,5384615
787	-12,5384615
788	-20,5384615
788	-28,5384615
788	-7,5384615
788	-21,5384615
789	27,4615385
789	0,4615385
789	-26,5384615
789	-28,5384615
790	-3,5384615
790	-19,5384615
790	-6,5384615
790	0,4615385
791	-22,5384615
791	-51,5384615
791	-24,5384615
791	-34,5384615
792	-13,5384615
792	-4,5384615
792	8,4615385
792	1,4615385
793	11,4615385
793	-22,5384615
793	-29,5384615
793	-15,5384615
794	0,4615385
794	-19,5384615
794	-12,5384615
794	-35,5384615
795	-20,5384615
795	0,4615385
795	-8,5384615
795	-8,5384615
796	-0,5384615
796	3,4615385
796	-25,5384615
796	-5,5384615
797	-1,5384615
797	-16,5384615
797	13,4615385
797	-13,5384615
798	-5,5384615
798	-14,5384615
798	24,4615385
798	35,4615385
799	-9,5384615
799	-18,5384615
799	-3,5384615
799	-43,5384615
800	-6,5384615
800	27,4615385
800	4,4615385
800	-20,5384615
801	13,4615385
801	-1,5384615
801	-13,5384615
801	-33,5384615
802	-9,5384615
802	-9,5384615
802	-10,5384615
802	-16,5384615
803	-23,5384615
803	-28,5384615
803	-10,5384615
803	-10,5384615
804	-3,5384615
804	-27,5384615
804	-27,5384615
804	15,4615385
805	-14,5384615
805	-47,5384615
805	0,4615385
805	-17,5384615
806	-23,5384615
806	-7,5384615
806	26,4615385
806	11,4615385
807	-22,5384615
807	-6,5384615
807	5,4615385
807	-9,5384615
808	-20,5384615
808	-15,5384615
808	-6,5384615
808	-30,5384615
809	-19,5384615
809	-9,5384615
809	-14,5384615
809	-15,5384615
810	-14,5384615
810	3,4615385
810	-24,5384615
810	-23,5384615
811	-30,5384615
811	-28,5384615
811	-32,5384615
811	-17,5384615
812	2,4615385
812	-1,5384615
812	-10,5384615
812	-15,5384615
813	-25,5384615
813	12,4615385
813	13,4615385
813	1,4615385
814	-5,5384615
814	-6,5384615
814	-18,5384615
814	13,4615385
815	5,4615385
815	-18,5384615
815	7,4615385
815	-5,5384615
816	20,4615385
816	15,4615385
816	8,4615385
816	5,4615385
817	-6,5384615
817	-8,5384615
817	-19,5384615
817	-13,5384615
818	-10,5384615
818	-1,5384615
818	-22,5384615
818	-3,5384615
819	-13,5384615
819	-4,5384615
819	-4,5384615
819	-0,5384615
820	-4,5384615
820	-17,5384615
820	-31,5384615
820	10,4615385
820	-19,5384615
821	-16,5384615
821	-10,5384615
821	-21,5384615
821	-16,5384615
822	22,4615385
822	3,4615385
822	-28,5384615
822	-1,5384615
823	-32,5384615
823	-21,5384615
823	-4,5384615
823	-6,5384615
824	-16,5384615
824	3,4615385
824	10,4615385
824	-0,5384615
825	5,4615385
825	19,4615385
825	-9,5384615
825	-2,5384615
826	-10,5384615
826	-12,5384615
826	-6,5384615
826	8,4615385
827	-6,5384615
827	-14,5384615
827	2,4615385
827	-7,5384615
828	16,4615385
828	-20,5384615
828	-13,5384615
828	-12,5384615
829	9,4615385
829	-4,5384615
829	10,4615385
829	17,4615385
830	-2,5384615
830	28,4615385
830	6,4615385
830	-6,5384615
831	-6,5384615
831	-15,5384615
831	-15,5384615
831	-12,5384615
832	0,4615385
832	-14,5384615
832	10,4615385
832	-12,5384615
833	-0,5384615
833	-15,5384615
833	-28,5384615
833	3,4615385
834	21,4615385
834	3,4615385
834	-2,5384615
834	6,4615385
835	-29,5384615
835	26,4615385
835	1,4615385
835	20,4615385
836	-7,5384615
836	-27,5384615
836	-26,5384615
836	-0,5384615
837	-12,5384615
837	-29,5384615
837	-5,5384615
837	10,4615385
838	-9,5384615
838	11,4615385
838	9,4615385
838	-23,5384615
839	-12,5384615
839	-21,5384615
839	-2,5384615
839	19,4615385
840	0,4615385
840	-13,5384615
840	-23,5384615
840	-21,5384615
841	-19,5384615
841	17,4615385
841	9,4615385
841	-13,5384615
842	-12,5384615
842	32,4615385
842	-24,5384615
842	-0,5384615
843	-10,5384615
843	-2,5384615
843	-3,5384615
843	-16,5384615
844	-6,5384615
844	5,4615385
844	7,4615385
844	-27,5384615
845	-15,5384615
845	10,4615385
845	-0,5384615
845	-9,5384615
845	-6,5384615
846	-12,5384615
846	15,4615385
846	4,4615385
846	11,4615385
847	11,4615385
847	1,4615385
847	-0,5384615
847	-23,5384615
848	2,4615385
848	-43,5384615
848	-16,5384615
848	-20,5384615
849	7,4615385
849	-19,5384615
849	-3,5384615
849	7,4615385
850	10,4615385
850	14,4615385
850	-0,5384615
850	7,4615385
851	-13,5384615
851	-16,5384615
851	-15,5384615
851	-9,5384615
852	-15,5384615
852	-9,5384615
852	2,4615385
852	-14,5384615
853	-27,5384615
853	-21,5384615
853	-48,5384615
853	-13,5384615
854	-6,5384615
854	-8,5384615
854	-12,5384615
854	2,4615385
855	-2,5384615
855	21,4615385
855	-3,5384615
855	-0,5384615
856	-15,5384615
856	1,4615385
856	-11,5384615
856	-14,5384615
857	-16,5384615
857	18,4615385
857	5,4615385
857	-22,5384615
858	15,4615385
858	-5,5384615
858	9,4615385
858	-19,5384615
859	4,4615385
859	-21,5384615
859	-3,5384615
859	2,4615385
860	-21,5384615
860	-15,5384615
860	8,4615385
860	-10,5384615
861	-9,5384615
861	0,4615385
861	-21,5384615
861	-0,5384615
862	-5,5384615
862	3,4615385
862	-17,5384615
862	-12,5384615
863	5,4615385
863	-14,5384615
863	-10,5384615
863	4,4615385
864	9,4615385
864	-27,5384615
864	-17,5384615
864	4,4615385
864	-12,5384615
865	-13,5384615
865	-11,5384615
865	9,4615385
865	-9,5384615
866	-0,5384615
866	-23,5384615
866	6,4615385
866	5,4615385
867	8,4615385
867	-24,5384615
867	-17,5384615
867	3,4615385
868	1,4615385
868	-39,5384615
868	-12,5384615
868	-8,5384615
869	-4,5384615
869	7,4615385
869	-25,5384615
869	-42,5384615
870	4,4615385
870	-0,5384615
870	1,4615385
870	11,4615385
871	-10,5384615
871	-16,5384615
871	-7,5384615
871	-7,5384615
872	19,4615385
872	-22,5384615
872	-12,5384615
872	7,4615385
873	-12,5384615
873	-16,5384615
873	-40,5384615
873	7,4615385
874	-12,5384615
874	-1,5384615
874	-15,5384615
874	-0,5384615
875	8,4615385
875	-44,5384615
875	-22,5384615
875	-15,5384615
876	-22,5384615
876	-15,5384615
876	-13,5384615
876	-31,5384615
877	-22,5384615
877	-30,5384615
877	-4,5384615
877	6,4615385
878	-19,5384615
878	-32,5384615
878	-17,5384615
878	16,4615385
879	-23,5384615
879	-23,5384615
879	-19,5384615
879	2,4615385
880	10,4615385
880	-19,5384615
880	12,4615385
880	-9,5384615
880	-20,5384615
881	4,4615385
881	-20,5384615
881	-7,5384615
881	-11,5384615
882	-13,5384615
882	-14,5384615
882	-7,5384615
882	-3,5384615
883	-25,5384615
883	-29,5384615
883	-17,5384615
883	-20,5384615
884	-5,5384615
884	-9,5384615
884	-25,5384615
884	-6,5384615
885	-5,5384615
885	-3,5384615
885	8,4615385
885	8,4615385
886	-2,5384615
886	-29,5384615
886	-18,5384615
886	-29,5384615
887	-5,5384615
887	-14,5384615
887	-32,5384615
887	-30,5384615
888	-11,5384615
888	-28,5384615
888	-18,5384615
888	-17,5384615
889	-31,5384615
889	8,4615385
889	-29,5384615
889	-7,5384615
890	-6,5384615
890	-32,5384615
890	-6,5384615
890	-0,5384615
891	-14,5384615
891	17,4615385
891	5,4615385
891	4,4615385
892	-36,5384615
892	-4,5384615
892	-29,5384615
892	42,4615385
893	-23,5384615
893	-28,5384615
893	-12,5384615
893	-0,5384615
894	-2,5384615
894	1,4615385
894	-5,5384615
894	-6,5384615
894	-7,5384615
895	-26,5384615
895	-5,5384615
895	7,4615385
895	-23,5384615
896	26,4615385
896	2,4615385
896	-20,5384615
896	11,4615385
897	0,4615385
897	0,4615385
897	6,4615385
897	1,4615385
898	-9,5384615
898	7,4615385
898	-36,5384615
898	-19,5384615
899	-19,5384615
899	-4,5384615
899	2,4615385
899	-18,5384615
900	13,4615385
900	13,4615385
900	-19,5384615
900	-17,5384615
901	18,4615385
901	7,4615385
901	-7,5384615
901	-9,5384615
902	11,4615385
902	-1,5384615
902	-11,5384615
902	-3,5384615
903	-13,5384615
903	-15,5384615
903	-36,5384615
903	-4,5384615
904	-12,5384615
904	-4,5384615
904	0,4615385
904	0,4615385
905	-4,5384615
905	1,4615385
905	-4,5384615
905	-7,5384615
906	-14,5384615
906	-18,5384615
906	-9,5384615
906	-6,5384615
906	-21,5384615
907	-7,5384615
907	14,4615385
907	-9,5384615
907	22,4615385
908	-10,5384615
908	-8,5384615
908	11,4615385
908	-26,5384615
909	-4,5384615
909	-39,5384615
909	-28,5384615
909	-12,5384615
910	-13,5384615
910	-18,5384615
910	4,4615385
910	-14,5384615
911	-5,5384615
911	-15,5384615
911	2,4615385
911	6,4615385
912	8,4615385
912	-3,5384615
912	-2,5384615
912	18,4615385
913	-14,5384615
913	-28,5384615
913	0,4615385
913	-15,5384615
914	12,4615385
914	-14,5384615
914	1,4615385
914	-3,5384615
915	-33,5384615
915	-36,5384615
915	8,4615385
915	2,4615385
916	-5,5384615
916	5,4615385
916	24,4615385
916	-16,5384615
917	-0,5384615
917	21,4615385
917	-14,5384615
917	5,4615385
917	-39,5384615
918	-5,5384615
918	6,4615385
918	-20,5384615
918	-1,5384615
919	-14,5384615
919	-9,5384615
919	19,4615385
919	-29,5384615
920	0,4615385
920	-8,5384615
920	-7,5384615
920	7,4615385
921	9,4615385
921	-1,5384615
921	-24,5384615
921	3,4615385
922	-21,5384615
922	-13,5384615
922	5,4615385
922	-22,5384615
923	2,4615385
923	-6,5384615
923	-32,5384615
923	-4,5384615
924	-13,5384615
924	-24,5384615
924	-15,5384615
924	-10,5384615
925	-25,5384615
925	-3,5384615
925	4,4615385
925	-3,5384615
926	-18,5384615
926	-5,5384615
926	8,4615385
926	-22,5384615
927	-31,5384615
927	-11,5384615
927	6,4615385
927	-23,5384615
928	-23,5384615
928	-37,5384615
928	-19,5384615
928	-21,5384615
928	-1,5384615
929	17,4615385
929	-13,5384615
929	-13,5384615
929	-39,5384615
930	-5,5384615
930	-20,5384615
930	-41,5384615
930	-7,5384615
931	-4,5384615
931	-8,5384615
931	18,4615385
931	-6,5384615
932	-2,5384615
932	-18,5384615
932	-0,5384615
932	-21,5384615
933	6,4615385
933	-23,5384615
933	8,4615385
933	-8,5384615
934	-13,5384615
934	35,4615385
934	-3,5384615
934	16,4615385
935	1,4615385
935	-10,5384615
935	-21,5384615
935	-8,5384615
936	-9,5384615
936	-2,5384615
936	-25,5384615
936	-21,5384615
937	10,4615385
937	21,4615385
937	11,4615385
937	3,4615385
938	-11,5384615
938	21,4615385
938	7,4615385
938	9,4615385
938	-5,5384615
939	-11,5384615
939	9,4615385
939	19,4615385
939	2,4615385
940	0,4615385
940	8,4615385
940	-31,5384615
940	-23,5384615
941	-8,5384615
941	-30,5384615
941	-29,5384615
941	-0,5384615
942	-5,5384615
942	-13,5384615
942	-24,5384615
942	-25,5384615
943	-3,5384615
943	-3,5384615
943	-2,5384615
943	3,4615385
944	-25,5384615
944	4,4615385
944	-13,5384615
944	-1,5384615
945	-9,5384615
945	2,4615385
945	-12,5384615
945	-18,5384615
946	10,4615385
946	2,4615385
946	-0,5384615
946	-8,5384615
947	14,4615385
947	-3,5384615
947	2,4615385
947	-20,5384615
947	-8,5384615
948	-19,5384615
948	-22,5384615
948	-17,5384615
948	-4,5384615
949	11,4615385
949	-34,5384615
949	6,4615385
949	14,4615385
950	16,4615385
950	-3,5384615
950	-9,5384615
950	0,4615385
951	4,4615385
951	-9,5384615
951	0,4615385
951	-21,5384615
952	-6,5384615
952	5,4615385
952	-4,5384615
952	23,4615385
953	-14,5384615
953	-3,5384615
953	2,4615385
953	-5,5384615
954	-38,5384615
954	-4,5384615
954	-5,5384615
954	-12,5384615
955	-21,5384615
955	-1,5384615
955	-8,5384615
955	-41,5384615
956	-28,5384615
956	7,4615385
956	-7,5384615
956	-27,5384615
956	-31,5384615
957	9,4615385
957	8,4615385
957	6,4615385
957	-3,5384615
958	-7,5384615
958	-12,5384615
958	-1,5384615
958	4,4615385
959	4,4615385
959	6,4615385
959	-27,5384615
959	1,4615385
960	24,4615385
960	-1,5384615
960	-35,5384615
960	-15,5384615
961	-7,5384615
961	-1,5384615
961	-16,5384615
961	-22,5384615
962	-4,5384615
962	-8,5384615
962	-6,5384615
962	10,4615385
963	-3,5384615
963	6,4615385
963	-9,5384615
963	-14,5384615
964	-18,5384615
964	-0,5384615
964	-23,5384615
964	-21,5384615
964	-29,5384615
965	-10,5384615
965	-22,5384615
965	-15,5384615
965	-18,5384615
966	23,4615385
966	0,4615385
966	-21,5384615
966	0,4615385
967	-0,5384615
967	-12,5384615
967	-14,5384615
967	-17,5384615
968	-13,5384615
968	13,4615385
968	-1,5384615
968	7,4615385
969	2,4615385
969	-15,5384615
969	-2,5384615
969	-11,5384615
970	18,4615385
970	-17,5384615
970	2,4615385
970	-2,5384615
971	-2,5384615
971	-0,5384615
971	4,4615385
971	-2,5384615
972	-14,5384615
972	-28,5384615
972	-2,5384615
972	-29,5384615
972	-28,5384615
973	-48,5384615
973	-16,5384615
973	-4,5384615
973	-35,5384615
974	-16,5384615
974	-7,5384615
974	5,4615385
974	2,4615385
975	14,4615385
975	-26,5384615
975	-15,5384615
975	6,4615385
976	-47,5384615
976	-22,5384615
976	-1,5384615
976	-23,5384615
977	-30,5384615
977	-12,5384615
977	-22,5384615
977	21,4615385
978	-6,5384615
978	-9,5384615
978	-29,5384615
978	-10,5384615
979	2,4615385
979	-5,5384615
979	3,4615385
979	-4,5384615
980	-14,5384615
980	-1,5384615
980	-4,5384615
980	-12,5384615
980	-7,5384615
981	-20,5384615
981	-6,5384615
981	-16,5384615
981	-36,5384615
982	-33,5384615
982	-13,5384615
982	11,4615385
982	4,4615385
983	-9,5384615
983	-24,5384615
983	-26,5384615
983	-9,5384615
984	0,4615385
984	-1,5384615
984	-20,5384615
984	-15,5384615
985	0,4615385
985	2,4615385
985	-0,5384615
985	-2,5384615
986	-6,5384615
986	9,4615385
986	28,4615385
986	-5,5384615
987	-22,5384615
987	-6,5384615
987	-13,5384615
987	-1,5384615
988	-4,5384615
988	3,4615385
988	-35,5384615
988	12,4615385
988	-23,5384615
989	-33,5384615
989	-8,5384615
989	-27,5384615
989	5,4615385
990	-3,5384615
990	-14,5384615
990	-24,5384615
990	-1,5384615
991	-10,5384615
991	9,4615385
991	-0,5384615
991	3,4615385
992	8,4615385
992	-0,5384615
992	19,4615385
992	-16,5384615
993	-5,5384615
993	-11,5384615
993	-46,5384615
993	-3,5384615
994	-12,5384615
994	-7,5384615
994	17,4615385
994	-3,5384615
995	2,4615385
995	-26,5384615
995	-3,5384615
995	11,4615385
995	-11,5384615
996	17,4615385
996	22,4615385
996	1,4615385
996	-6,5384615
997	4,4615385
997	-12,5384615
997	-0,5384615
997	28,4615385
998	-7,5384615
998	6,4615385
998	-5,5384615
998	-0,5384615
999	-24,5384615
999	-17,5384615
999	-15,5384615
999	-6,5384615
1000	-15,5384615
1000	7,4615385
1000	-8,5384615
1000	-20,5384615
1001	-16,5384615
1001	-10,5384615
1001	25,4615385
1001	-5,5384615
1002	-23,5384615
1002	-15,5384615
1002	10,4615385
1002	0,4615385
1002	-19,5384615
1003	-2,5384615
1003	8,4615385
1003	-10,5384615
1003	-5,5384615
1004	-18,5384615
1004	-12,5384615
1004	9,4615385
1004	18,4615385
1005	-17,5384615
1005	-10,5384615
1005	-13,5384615
1005	-9,5384615
1006	-47,5384615
1006	-10,5384615
1006	-17,5384615
1006	-14,5384615
1007	-5,5384615
1007	9,4615385
1007	-24,5384615
1007	-24,5384615
1008	-18,5384615
1008	-0,5384615
1008	19,4615385
1008	-10,5384615
1008	-37,5384615
1009	-10,5384615
1009	-33,5384615
1009	8,4615385
1009	8,4615385
1010	11,4615385
1010	-31,5384615
1010	-9,5384615
1010	8,4615385
1011	-15,5384615
1011	-7,5384615
1011	-0,5384615
1011	13,4615385
1012	-11,5384615
1012	-22,5384615
1012	9,4615385
1012	-26,5384615
1013	-26,5384615
1013	-2,5384615
1013	-2,5384615
1013	-15,5384615
1014	3,4615385
1014	6,4615385
1014	-3,5384615
1014	3,4615385
1015	-2,5384615
1015	-20,5384615
1015	-15,5384615
1015	-5,5384615
1015	-8,5384615
1016	5,4615385
1016	-19,5384615
1016	-17,5384615
1016	-1,5384615
1017	0,4615385
1017	-20,5384615
1017	-20,5384615
1017	-6,5384615
1018	-3,5384615
1018	-5,5384615
1018	-4,5384615
1018	-26,5384615
1019	-18,5384615
1019	-17,5384615
1019	-17,5384615
1019	-6,5384615
1020	-11,5384615
1020	0,4615385
1020	3,4615385
1020	-3,5384615
1021	-9,5384615
1021	-19,5384615
1021	5,4615385
1021	-2,5384615
1021	2,4615385
1022	-12,5384615
1022	-14,5384615
1022	-6,5384615
1022	0,4615385
1023	-22,5384615
1023	-13,5384615
1023	-10,5384615
1023	10,4615385
1024	-15,5384615
1024	-31,5384615
1024	18,4615385
1024	2,4615385
1025	-4,5384615
1025	-41,5384615
1025	-15,5384615
1025	5,4615385
1026	-14,5384615
1026	6,4615385
1026	-9,5384615
1026	1,4615385
1027	-14,5384615
1027	-7,5384615
1027	23,4615385
1027	-9,5384615
1027	0,4615385
1028	-40,5384615
1028	-29,5384615
1028	6,4615385
1028	14,4615385
1029	-19,5384615
1029	-7,5384615
1029	-4,5384615
1029	-19,5384615
1030	-0,5384615
1030	-18,5384615
1030	-10,5384615
1030	-23,5384615
1031	-1,5384615
1031	-20,5384615
1031	13,4615385
1031	-43,5384615
1032	-20,5384615
1032	-0,5384615
1032	-20,5384615
1032	-4,5384615
1033	-28,5384615
1033	2,4615385
1033	-4,5384615
1033	-11,5384615
1034	7,4615385
1034	-10,5384615
1034	-34,5384615
1034	-7,5384615
1034	-8,5384615
1035	3,4615385
1035	-1,5384615
1035	-32,5384615
1035	-8,5384615
1036	23,4615385
1036	-2,5384615
1036	-16,5384615
1036	-25,5384615
1037	-24,5384615
1037	-27,5384615
1037	-9,5384615
1037	20,4615385
1038	-14,5384615
1038	-11,5384615
1038	-28,5384615
1038	-10,5384615
1039	-15,5384615
1039	-13,5384615
1039	-11,5384615
1039	-2,5384615
1039	-17,5384615
1040	-15,5384615
1040	8,4615385
1040	7,4615385
1040	9,4615385
1041	10,4615385
1041	-25,5384615
1041	1,4615385
1041	17,4615385
1042	9,4615385
1042	8,4615385
1042	-9,5384615
1042	4,4615385
1043	15,4615385
1043	30,4615385
1043	-11,5384615
1043	-30,5384615
1044	4,4615385
1044	-15,5384615
1044	-0,5384615
1044	-27,5384615
1045	-5,5384615
1045	-3,5384615
1045	-6,5384615
1045	-24,5384615
1045	-31,5384615
1046	10,4615385
1046	-14,5384615
1046	-13,5384615
1046	-14,5384615
1047	-8,5384615
1047	5,4615385
1047	-12,5384615
1047	3,4615385
1048	11,4615385
1048	-2,5384615
1048	18,4615385
1048	8,4615385
1049	-20,5384615
1049	-11,5384615
1049	0,4615385
1049	0,4615385
1050	-27,5384615
1050	-45,5384615
1050	18,4615385
1050	-6,5384615
1051	-8,5384615
1051	7,4615385
1051	-15,5384615
1051	-19,5384615
1051	-18,5384615
1052	-17,5384615
1052	-0,5384615
1052	-31,5384615
1052	-33,5384615
1053	6,4615385
1053	-13,5384615
1053	-18,5384615
1053	-8,5384615
1054	-2,5384615
1054	-19,5384615
1054	-15,5384615
1054	-12,5384615
1055	-19,5384615
1055	-9,5384615
1055	-18,5384615
1055	7,4615385
1056	-5,5384615
1056	-17,5384615
1056	-11,5384615
1056	12,4615385
1056	-28,5384615
1057	0,4615385
1057	-9,5384615
1057	-13,5384615
1057	-1,5384615
1058	-26,5384615
1058	-16,5384615
1058	-27,5384615
1058	2,4615385
1059	1,4615385
1059	-5,5384615
1059	-23,5384615
1059	3,4615385
1060	15,4615385
1060	14,4615385
1060	-10,5384615
1060	-1,5384615
1061	0,4615385
1061	20,4615385
1061	13,4615385
1061	5,4615385
1062	-10,5384615
1062	3,4615385
1062	-11,5384615
1062	-7,5384615
1062	15,4615385
1063	-5,5384615
1063	-5,5384615
1063	12,4615385
1063	-7,5384615
1064	-33,5384615
1064	-19,5384615
1064	-19,5384615
1064	-27,5384615
1065	-9,5384615
1065	-0,5384615
1065	-11,5384615
1065	-13,5384615
1066	9,4615385
1066	-26,5384615
1066	-7,5384615
1066	32,4615385
1067	-19,5384615
1067	7,4615385
1067	-2,5384615
1067	0,4615385
1067	-8,5384615
1068	2,4615385
1068	8,4615385
1068	-3,5384615
1068	24,4615385
1069	-6,5384615
1069	-18,5384615
1069	-23,5384615
1069	-6,5384615
1070	-8,5384615
1070	-18,5384615
1070	-14,5384615
1070	19,4615385
1071	4,4615385
1071	-4,5384615
1071	-18,5384615
1071	-19,5384615
1072	0,4615385
1072	-16,5384615
1072	-22,5384615
1072	-22,5384615
1072	-11,5384615
1073	-21,5384615
1073	1,4615385
1073	-20,5384615
1073	-13,5384615
1074	-13,5384615
1074	-7,5384615
1074	-8,5384615
1074	-6,5384615
1075	-10,5384615
1075	15,4615385
1075	20,4615385
1075	4,4615385
1076	-21,5384615
1076	6,4615385
1076	-26,5384615
1076	-26,5384615
1077	-24,5384615
1077	-5,5384615
1077	6,4615385
1077	-4,5384615
1077	7,4615385
1078	-19,5384615
1078	-21,5384615
1078	-8,5384615
1078	-28,5384615
1079	7,4615385
1079	1,4615385
1079	-8,5384615
1079	-0,5384615
1080	-11,5384615
1080	-30,5384615
1080	3,4615385
1080	-1,5384615
1081	-25,5384615
1081	-11,5384615
1081	2,4615385
1081	7,4615385
1082	22,4615385
1082	-25,5384615
1082	-7,5384615
1082	-6,5384615
1082	-9,5384615
1083	-5,5384615
1083	13,4615385
1083	0,4615385
1083	-15,5384615
1084	-19,5384615
1084	8,4615385
1084	14,4615385
1084	2,4615385
1085	-10,5384615
1085	11,4615385
1085	7,4615385
1085	-1,5384615
1086	-16,5384615
1086	-16,5384615
1086	-16,5384615
1086	-3,5384615
1087	-6,5384615
1087	0,4615385
1087	16,4615385
1087	-11,5384615
1087	-6,5384615
1088	-13,5384615
1088	-12,5384615
1088	9,4615385
1088	-7,5384615
1089	-26,5384615
1089	-19,5384615
1089	-27,5384615
1089	-0,5384615
1090	4,4615385
1090	-0,5384615
1090	-6,5384615
1090	-10,5384615
1091	-2,5384615
1091	-5,5384615
1091	-5,5384615
1091	5,4615385
1092	29,4615385
1092	-0,5384615
1092	-36,5384615
1092	-24,5384615
1092	-24,5384615
1093	-19,5384615
1093	-4,5384615
1093	-14,5384615
1093	-11,5384615
1094	-17,5384615
1094	-17,5384615
1094	-11,5384615
1094	13,4615385
1095	-10,5384615
1095	14,4615385
1095	-23,5384615
1095	-14,5384615
1096	-3,5384615
1096	-28,5384615
1096	-26,5384615
1096	5,4615385
1097	-13,5384615
1097	-17,5384615
1097	-3,5384615
1097	7,4615385
1097	-4,5384615
1098	-15,5384615
1098	23,4615385
1098	0,4615385
1098	-24,5384615
1099	1,4615385
1099	-16,5384615
1099	-8,5384615
1099	-17,5384615
1100	4,4615385
1100	-31,5384615
1100	-2,5384615
1100	-8,5384615
1101	-17,5384615
1101	-15,5384615
1101	20,4615385
1101	-15,5384615
1101	0,4615385
1102	-1,5384615
1102	4,4615385
1102	4,4615385
1102	-24,5384615
1103	-9,5384615
1103	-6,5384615
1103	-13,5384615
1103	13,4615385
1104	-22,5384615
1104	-0,5384615
1104	-13,5384615
1104	5,4615385
1105	-6,5384615
1105	-3,5384615
1105	4,4615385
1105	10,4615385
1106	7,4615385
1106	-25,5384615
1106	-15,5384615
1106	-4,5384615
1106	-27,5384615
1107	3,4615385
1107	45,4615385
1107	21,4615385
1107	7,4615385
1108	-21,5384615
1108	-13,5384615
1108	-0,5384615
1108	-22,5384615
1109	-11,5384615
1109	-12,5384615
1109	-47,5384615
1109	-2,5384615
1110	-11,5384615
1110	13,4615385
1110	-8,5384615
1110	-7,5384615
1110	-11,5384615
1111	-14,5384615
1111	14,4615385
1111	-18,5384615
1111	-11,5384615
1112	-27,5384615
1112	-3,5384615
1112	9,4615385
1112	-3,5384615
1113	-13,5384615
1113	-32,5384615
1113	-31,5384615
1113	24,4615385
1114	-6,5384615
1114	-13,5384615
1114	3,4615385
1114	-15,5384615
1115	-16,5384615
1115	-13,5384615
1115	-26,5384615
1115	5,4615385
1115	6,4615385
1116	-11,5384615
1116	-12,5384615
1116	-28,5384615
1116	-11,5384615
1117	11,4615385
1117	-29,5384615
1117	-12,5384615
1117	-11,5384615
1118	5,4615385
