196	1,2307692
196	1,2307692
196	1,2307692
197	-14,7692308
197	-9,7692308
197	23,2307692
197	-3,7692308
198	2,2307692
198	1,2307692
198	-20,7692308
199	6,2307692
199	9,2307692
199	3,2307692
199	6,2307692
200	39,2307692
200	7,2307692
200	2,2307692
200	-30,7692308
201	-1,7692308
201	4,2307692
201	5,2307692
201	4,2307692
202	12,2307692
202	1,2307692
202	-27,7692308
203	10,2307692
203	23,2307692
203	29,2307692
203	22,2307692
204	26,2307692
204	29,2307692
204	-8,7692308
204	19,2307692
205	3,2307692
205	-25,7692308
205	-11,7692308
205	-5,7692308
206	-7,7692308
206	13,2307692
206	18,2307692
207	-12,7692308
207	9,2307692
207	4,2307692
207	-4,7692308
208	0,2307692
208	-0,7692308
208	4,2307692
208	-9,7692308
209	-2,7692308
209	25,2307692
209	20,2307692
209	1,2307692
210	23,2307692
210	2,2307692
210	-8,7692308
211	-5,7692308
211	10,2307692
211	6,2307692
211	10,2307692
212	-3,7692308
212	-7,7692308
212	9,2307692
212	2,2307692
213	17,2307692
213	-16,7692308
213	4,2307692
213	26,2307692
214	-7,7692308
214	0,2307692
214	9,2307692
215	2,2307692
215	-27,7692308
215	-1,7692308
215	2,2307692
216	13,2307692
216	1,2307692
216	39,2307692
216	14,2307692
217	-2,7692308
217	-5,7692308
217	-0,7692308
217	2,2307692
218	-13,7692308
218	-9,7692308
218	-2,7692308
219	3,2307692
219	-9,7692308
219	21,2307692
219	8,2307692
220	-1,7692308
220	-8,7692308
220	12,2307692
220	-2,7692308
221	5,2307692
221	-0,7692308
221	9,2307692
221	-1,7692308
222	-22,7692308
222	16,2307692
222	19,2307692
223	28,2307692
223	7,2307692
223	7,2307692
223	-35,7692308
224	6,2307692
224	-4,7692308
224	4,2307692
224	-3,7692308
225	17,2307692
225	11,2307692
225	-1,7692308
225	12,2307692
226	-4,7692308
226	-18,7692308
226	38,2307692
227	16,2307692
227	8,2307692
227	16,2307692
227	9,2307692
228	-0,7692308
228	-7,7692308
228	16,2307692
228	17,2307692
229	9,2307692
229	-10,7692308
229	17,2307692
229	7,2307692
230	13,2307692
230	-2,7692308
230	-28,7692308
231	-2,7692308
231	2,2307692
231	-20,7692308
231	27,2307692
232	18,2307692
232	21,2307692
232	5,2307692
232	-0,7692308
233	12,2307692
233	24,2307692
233	17,2307692
233	-17,7692308
234	-16,7692308
234	18,2307692
234	-12,7692308
235	12,2307692
235	3,2307692
235	14,2307692
235	-7,7692308
236	-16,7692308
236	7,2307692
236	-3,7692308
236	-9,7692308
237	31,2307692
237	17,2307692
237	18,2307692
237	-16,7692308
238	14,2307692
238	5,2307692
238	-3,7692308
239	19,2307692
239	-10,7692308
239	3,2307692
239	5,2307692
240	-8,7692308
240	-7,7692308
240	9,2307692
240	12,2307692
241	19,2307692
241	36,2307692
241	-1,7692308
241	15,2307692
242	14,2307692
242	12,2307692
242	-2,7692308
243	2,2307692
243	17,2307692
243	-19,7692308
243	5,2307692
244	9,2307692
244	-1,7692308
244	9,2307692
244	11,2307692
245	3,2307692
245	-1,7692308
245	-1,7692308
245	4,2307692
246	-16,7692308
246	10,2307692
246	-19,7692308
247	-5,7692308
247	4,2307692
247	1,2307692
247	8,2307692
248	3,2307692
248	4,2307692
248	-2,7692308
248	25,2307692
249	12,2307692
249	1,2307692
249	-10,7692308
249	-0,7692308
250	44,2307692
250	28,2307692
250	17,2307692
251	12,2307692
251	10,2307692
251	13,2307692
251	6,2307692
252	-4,7692308
252	15,2307692
252	18,2307692
252	15,2307692
253	15,2307692
253	4,2307692
253	-4,7692308
253	14,2307692
254	24,2307692
254	8,2307692
254	-2,7692308
254	8,2307692
255	-18,7692308
255	-15,7692308
255	-9,7692308
256	-19,7692308
256	-17,7692308
256	7,2307692
256	22,2307692
257	16,2307692
257	8,2307692
257	21,2307692
257	16,2307692
258	23,2307692
258	7,2307692
258	-0,7692308
258	7,2307692
259	2,2307692
259	7,2307692
259	19,2307692
260	12,2307692
260	2,2307692
260	-2,7692308
260	11,2307692
261	16,2307692
261	25,2307692
261	-0,7692308
261	-2,7692308
262	9,2307692
262	16,2307692
262	-5,7692308
262	-10,7692308
263	51,2307692
263	11,2307692
263	1,2307692
264	10,2307692
264	19,2307692
264	4,2307692
264	18,2307692
265	2,2307692
265	-14,7692308
265	2,2307692
265	7,2307692
266	12,2307692
266	-7,7692308
266	7,2307692
266	-24,7692308
267	-2,7692308
267	1,2307692
267	22,2307692
268	29,2307692
268	34,2307692
268	13,2307692
268	70,2307692
269	3,2307692
269	30,2307692
269	4,2307692
269	13,2307692
270	-9,7692308
270	0,2307692
270	0,2307692
270	23,2307692
271	3,2307692
271	2,2307692
271	17,2307692
271	5,2307692
272	-15,7692308
272	1,2307692
272	-1,7692308
273	9,2307692
273	1,2307692
273	5,2307692
273	11,2307692
274	10,2307692
274	-4,7692308
274	-0,7692308
274	-9,7692308
275	27,2307692
275	6,2307692
275	-3,7692308
275	-8,7692308
276	11,2307692
276	29,2307692
276	-17,7692308
277	10,2307692
277	34,2307692
277	27,2307692
277	6,2307692
278	2,2307692
278	30,2307692
278	4,2307692
278	2,2307692
279	1,2307692
279	-5,7692308
279	23,2307692
279	34,2307692
280	-5,7692308
280	-6,7692308
280	22,2307692
280	-11,7692308
281	-6,7692308
281	21,2307692
281	18,2307692
282	15,2307692
282	33,2307692
282	-7,7692308
282	-10,7692308
283	1,2307692
283	-39,7692308
283	11,2307692
283	7,2307692
284	6,2307692
284	-11,7692308
284	-3,7692308
284	7,2307692
285	-13,7692308
285	10,2307692
285	3,2307692
286	36,2307692
286	-0,7692308
286	-9,7692308
286	-6,7692308
287	23,2307692
287	20,2307692
287	11,2307692
287	13,2307692
288	7,2307692
288	17,2307692
288	10,2307692
288	14,2307692
289	24,2307692
289	-8,7692308
289	1,2307692
290	6,2307692
290	1,2307692
290	4,2307692
290	0,2307692
291	33,2307692
291	9,2307692
291	-7,7692308
291	7,2307692
292	29,2307692
292	-13,7692308
292	6,2307692
292	16,2307692
293	19,2307692
293	14,2307692
293	32,2307692
293	36,2307692
294	19,2307692
294	-1,7692308
294	-6,7692308
295	25,2307692
295	27,2307692
295	4,2307692
295	5,2307692
296	1,2307692
296	9,2307692
296	5,2307692
296	6,2307692
297	-22,7692308
297	15,2307692
297	14,2307692
297	-7,7692308
298	34,2307692
298	-35,7692308
298	-0,7692308
299	-6,7692308
299	15,2307692
299	17,2307692
299	10,2307692
300	13,2307692
300	17,2307692
300	-11,7692308
300	18,2307692
301	9,2307692
301	24,2307692
301	-32,7692308
301	-6,7692308
302	-5,7692308
302	-22,7692308
302	17,2307692
302	39,2307692
303	22,2307692
303	7,2307692
303	-11,7692308
304	-3,7692308
304	12,2307692
304	-2,7692308
304	-10,7692308
305	12,2307692
305	33,2307692
305	-1,7692308
305	-8,7692308
306	26,2307692
306	-6,7692308
306	3,2307692
306	27,2307692
307	29,2307692
307	42,2307692
307	13,2307692
307	-5,7692308
308	-3,7692308
308	6,2307692
308	19,2307692
309	35,2307692
309	15,2307692
309	20,2307692
309	8,2307692
310	11,2307692
310	-21,7692308
310	1,2307692
310	-5,7692308
311	23,2307692
311	44,2307692
311	37,2307692
311	20,2307692
312	30,2307692
312	32,2307692
312	23,2307692
313	11,2307692
313	38,2307692
313	38,2307692
313	32,2307692
314	19,2307692
314	43,2307692
314	20,2307692
314	36,2307692
315	14,2307692
315	38,2307692
315	37,2307692
315	37,2307692
316	40,2307692
316	42,2307692
316	43,2307692
316	11,2307692
317	20,2307692
317	14,2307692
317	16,2307692
318	33,2307692
318	16,2307692
318	34,2307692
318	22,2307692
319	30,2307692
319	15,2307692
319	15,2307692
319	6,2307692
320	24,2307692
320	22,2307692
320	1,2307692
320	-0,7692308
321	1,2307692
321	-3,7692308
321	2,2307692
321	5,2307692
322	-10,7692308
322	-9,7692308
322	12,2307692
323	-7,7692308
323	16,2307692
323	15,2307692
323	14,2307692
324	8,2307692
324	18,2307692
324	-17,7692308
324	20,2307692
325	-8,7692308
325	-14,7692308
325	3,2307692
325	-5,7692308
326	-13,7692308
326	-28,7692308
326	13,2307692
327	23,2307692
327	29,2307692
327	25,2307692
327	2,2307692
328	11,2307692
328	-30,7692308
328	4,2307692
328	22,2307692
329	-6,7692308
329	-20,7692308
329	-10,7692308
329	1,2307692
330	0,2307692
330	-11,7692308
330	7,2307692
330	5,2307692
331	-12,7692308
331	4,2307692
331	29,2307692
332	44,2307692
332	37,2307692
332	40,2307692
332	21,2307692
333	34,2307692
333	39,2307692
333	32,2307692
333	46,2307692
334	24,2307692
334	74,2307692
334	60,2307692
334	90,2307692
335	51,2307692
335	39,2307692
335	38,2307692
335	79,2307692
336	84,2307692
336	100,2307692
336	58,2307692
337	62,2307692
337	65,2307692
337	70,2307692
337	71,2307692
338	65,2307692
338	37,2307692
338	60,2307692
338	79,2307692
339	45,2307692
339	47,2307692
339	63,2307692
339	66,2307692
340	20,2307692
340	28,2307692
340	26,2307692
340	0,2307692
341	7,2307692
341	32,2307692
341	44,2307692
342	23,2307692
342	31,2307692
342	37,2307692
342	10,2307692
343	10,2307692
343	9,2307692
343	14,2307692
343	29,2307692
344	27,2307692
344	29,2307692
344	20,2307692
344	17,2307692
345	-7,7692308
345	5,2307692
345	0,2307692
345	18,2307692
346	1,2307692
346	-1,7692308
346	-5,7692308
347	21,2307692
347	20,2307692
347	10,2307692
347	-4,7692308
348	-1,7692308
348	-0,7692308
348	39,2307692
348	-15,7692308
349	-8,7692308
349	-6,7692308
349	-1,7692308
349	35,2307692
350	20,2307692
350	22,2307692
350	15,2307692
350	9,2307692
351	28,2307692
351	-8,7692308
351	-3,7692308
352	2,2307692
352	56,2307692
352	32,2307692
352	26,2307692
353	40,2307692
353	42,2307692
353	37,2307692
353	53,2307692
354	53,2307692
354	79,2307692
354	75,2307692
354	34,2307692
355	49,2307692
355	77,2307692
355	32,2307692
355	51,2307692
356	48,2307692
356	40,2307692
356	73,2307692
357	54,2307692
357	43,2307692
357	67,2307692
357	52,2307692
358	63,2307692
358	78,2307692
358	72,2307692
358	56,2307692
359	23,2307692
359	31,2307692
359	47,2307692
359	52,2307692
360	22,2307692
360	24,2307692
360	34,2307692
360	23,2307692
361	32,2307692
361	10,2307692
361	25,2307692
362	51,2307692
362	62,2307692
362	55,2307692
362	23,2307692
363	19,2307692
363	25,2307692
363	16,2307692
363	7,2307692
364	21,2307692
364	-5,7692308
364	6,2307692
364	22,2307692
365	11,2307692
365	17,2307692
365	-2,7692308
365	16,2307692
366	-13,7692308
366	11,2307692
366	5,2307692
367	-4,7692308
367	20,2307692
367	37,2307692
367	19,2307692
368	2,2307692
368	33,2307692
368	3,2307692
368	5,2307692
369	-14,7692308
369	-5,7692308
369	-15,7692308
369	16,2307692
370	9,2307692
370	-10,7692308
370	-27,7692308
370	22,2307692
371	33,2307692
371	4,2307692
371	5,2307692
371	34,2307692
372	6,2307692
372	-10,7692308
372	3,2307692
373	22,2307692
373	-8,7692308
373	8,2307692
373	29,2307692
374	11,2307692
374	4,2307692
374	16,2307692
374	9,2307692
375	7,2307692
375	27,2307692
375	45,2307692
375	43,2307692
376	16,2307692
376	32,2307692
376	39,2307692
376	45,2307692
377	24,2307692
377	45,2307692
377	63,2307692
378	33,2307692
378	21,2307692
378	45,2307692
378	17,2307692
379	64,2307692
379	40,2307692
379	20,2307692
379	22,2307692
380	12,2307692
380	24,2307692
380	19,2307692
380	8,2307692
381	34,2307692
381	1,2307692
381	21,2307692
381	40,2307692
382	23,2307692
382	6,2307692
382	34,2307692
383	-5,7692308
383	-18,7692308
383	23,2307692
383	17,2307692
384	25,2307692
384	5,2307692
384	8,2307692
384	12,2307692
385	22,2307692
385	5,2307692
385	41,2307692
385	17,2307692
386	13,2307692
386	13,2307692
386	-1,7692308
386	13,2307692
387	20,2307692
387	10,2307692
387	-6,7692308
387	6,2307692
388	7,2307692
388	13,2307692
388	-1,7692308
389	-2,7692308
389	-26,7692308
389	-0,7692308
389	-5,7692308
390	8,2307692
390	5,2307692
390	16,2307692
390	12,2307692
391	2,2307692
391	20,2307692
391	26,2307692
391	15,2307692
392	8,2307692
392	-0,7692308
392	-7,7692308
392	-5,7692308
393	6,2307692
393	10,2307692
393	20,2307692
394	26,2307692
394	20,2307692
394	3,2307692
394	25,2307692
395	-2,7692308
395	10,2307692
395	4,2307692
395	1,2307692
396	5,2307692
396	4,2307692
396	5,2307692
396	40,2307692
397	-8,7692308
397	27,2307692
397	-0,7692308
397	26,2307692
398	40,2307692
398	-2,7692308
398	-11,7692308
398	-1,7692308
399	13,2307692
399	13,2307692
399	17,2307692
400	-4,7692308
400	27,2307692
400	38,2307692
400	25,2307692
401	7,2307692
401	38,2307692
401	3,2307692
401	13,2307692
402	30,2307692
402	14,2307692
402	14,2307692
402	10,2307692
403	28,2307692
403	35,2307692
403	20,2307692
403	11,2307692
404	35,2307692
404	41,2307692
404	8,2307692
405	2,2307692
405	36,2307692
405	22,2307692
405	23,2307692
406	8,2307692
406	27,2307692
406	32,2307692
406	0,2307692
407	21,2307692
407	22,2307692
407	-20,7692308
407	5,2307692
408	3,2307692
408	11,2307692
408	-17,7692308
408	13,2307692
409	25,2307692
409	3,2307692
409	21,2307692
409	17,2307692
410	12,2307692
410	11,2307692
410	29,2307692
411	2,2307692
411	25,2307692
411	22,2307692
411	-10,7692308
412	16,2307692
412	27,2307692
412	8,2307692
412	-11,7692308
413	-7,7692308
413	5,2307692
413	0,2307692
413	6,2307692
414	-2,7692308
414	11,2307692
414	-14,7692308
414	-14,7692308
415	28,2307692
415	20,2307692
415	13,2307692
415	-3,7692308
416	-17,7692308
416	-7,7692308
416	9,2307692
417	40,2307692
417	23,2307692
417	6,2307692
417	13,2307692
418	8,2307692
418	14,2307692
418	20,2307692
418	5,2307692
419	33,2307692
419	8,2307692
419	21,2307692
419	9,2307692
420	21,2307692
420	1,2307692
420	27,2307692
420	19,2307692
421	34,2307692
421	13,2307692
421	14,2307692
421	4,2307692
422	5,2307692
422	19,2307692
422	31,2307692
423	28,2307692
423	14,2307692
423	37,2307692
423	2,2307692
424	36,2307692
424	-12,7692308
424	11,2307692
424	19,2307692
425	27,2307692
425	-6,7692308
425	7,2307692
425	-0,7692308
426	10,2307692
426	6,2307692
426	21,2307692
426	27,2307692
427	11,2307692
427	-23,7692308
427	-11,7692308
427	1,2307692
428	2,2307692
428	21,2307692
428	13,2307692
429	13,2307692
429	28,2307692
429	0,2307692
429	35,2307692
430	21,2307692
430	1,2307692
430	4,2307692
430	22,2307692
431	7,2307692
431	4,2307692
431	-8,7692308
431	15,2307692
432	12,2307692
432	8,2307692
432	18,2307692
432	50,2307692
433	43,2307692
433	8,2307692
433	16,2307692
433	-2,7692308
434	0,2307692
434	38,2307692
434	20,2307692
435	-6,7692308
435	8,2307692
435	20,2307692
435	-5,7692308
436	20,2307692
436	35,2307692
436	4,2307692
436	-7,7692308
437	16,2307692
437	25,2307692
437	2,2307692
437	-6,7692308
438	16,2307692
438	31,2307692
438	27,2307692
438	17,2307692
439	13,2307692
439	-0,7692308
439	-7,7692308
439	22,2307692
440	21,2307692
440	13,2307692
440	11,2307692
441	-7,7692308
441	-8,7692308
441	18,2307692
441	13,2307692
442	12,2307692
442	-6,7692308
442	18,2307692
442	13,2307692
443	19,2307692
443	10,2307692
443	3,2307692
443	-4,7692308
444	-16,7692308
444	10,2307692
444	14,2307692
444	-4,7692308
445	4,2307692
445	-0,7692308
445	8,2307692
445	6,2307692
446	-6,7692308
446	0,2307692
446	6,2307692
447	30,2307692
447	30,2307692
447	13,2307692
447	5,2307692
448	23,2307692
448	-7,7692308
448	3,2307692
448	-24,7692308
449	0,2307692
449	1,2307692
449	11,2307692
449	-8,7692308
450	10,2307692
450	-8,7692308
450	-6,7692308
450	9,2307692
451	7,2307692
451	1,2307692
451	-10,7692308
451	9,2307692
452	11,2307692
452	6,2307692
452	-0,7692308
452	18,2307692
453	8,2307692
453	2,2307692
453	-15,7692308
454	7,2307692
454	28,2307692
454	28,2307692
454	-10,7692308
455	-4,7692308
455	-3,7692308
455	0,2307692
455	1,2307692
456	14,2307692
456	15,2307692
456	-11,7692308
456	-1,7692308
457	-15,7692308
457	-12,7692308
457	-7,7692308
457	-5,7692308
458	8,2307692
458	14,2307692
458	-25,7692308
458	-5,7692308
459	-21,7692308
459	1,2307692
459	21,2307692
460	27,2307692
460	11,2307692
460	27,2307692
460	-4,7692308
461	19,2307692
461	-6,7692308
461	5,2307692
461	21,2307692
462	26,2307692
462	-23,7692308
462	-16,7692308
462	13,2307692
463	14,2307692
463	-11,7692308
463	-12,7692308
463	-10,7692308
464	-8,7692308
464	-6,7692308
464	-11,7692308
464	-9,7692308
465	3,2307692
465	22,2307692
465	21,2307692
465	-5,7692308
466	18,2307692
466	-9,7692308
466	-3,7692308
467	-1,7692308
467	3,2307692
467	26,2307692
467	3,2307692
468	4,2307692
468	30,2307692
468	-3,7692308
468	-4,7692308
469	33,2307692
469	-13,7692308
469	-14,7692308
469	6,2307692
470	4,2307692
470	-7,7692308
470	16,2307692
470	11,2307692
471	1,2307692
471	-0,7692308
471	27,2307692
471	0,2307692
472	4,2307692
472	32,2307692
472	7,2307692
472	29,2307692
473	-6,7692308
473	25,2307692
473	12,2307692
474	22,2307692
474	-8,7692308
474	22,2307692
474	-0,7692308
475	7,2307692
475	8,2307692
475	14,2307692
475	18,2307692
476	9,2307692
476	3,2307692
476	-25,7692308
476	14,2307692
477	11,2307692
477	6,2307692
477	-0,7692308
477	20,2307692
478	2,2307692
478	-19,7692308
478	-13,7692308
478	-14,7692308
479	-13,7692308
479	-1,7692308
479	11,2307692
479	21,2307692
480	20,2307692
480	-8,7692308
480	-7,7692308
481	-4,7692308
481	9,2307692
481	4,2307692
481	21,2307692
482	42,2307692
482	1,2307692
482	-3,7692308
482	-6,7692308
483	-8,7692308
483	8,2307692
483	13,2307692
483	-0,7692308
484	-8,7692308
484	32,2307692
484	27,2307692
484	-3,7692308
485	7,2307692
485	0,2307692
485	3,2307692
485	16,2307692
486	15,2307692
486	3,2307692
486	4,2307692
486	27,2307692
487	12,2307692
487	28,2307692
487	12,2307692
488	2,2307692
488	16,2307692
488	-1,7692308
488	-0,7692308
489	20,2307692
489	14,2307692
489	16,2307692
489	8,2307692
490	19,2307692
490	20,2307692
490	2,2307692
490	15,2307692
491	-14,7692308
491	-4,7692308
491	-8,7692308
491	12,2307692
492	-9,7692308
492	10,2307692
492	28,2307692
492	-7,7692308
493	9,2307692
493	-31,7692308
493	-6,7692308
493	-22,7692308
494	-23,7692308
494	2,2307692
494	11,2307692
495	14,2307692
495	-4,7692308
495	8,2307692
495	-0,7692308
496	24,2307692
496	-17,7692308
496	4,2307692
496	9,2307692
497	1,2307692
497	0,2307692
497	13,2307692
497	13,2307692
498	7,2307692
498	-17,7692308
498	-26,7692308
498	0,2307692
499	13,2307692
499	14,2307692
499	2,2307692
499	23,2307692
500	8,2307692
500	-1,7692308
500	-0,7692308
500	12,2307692
501	5,2307692
501	8,2307692
501	7,2307692
502	1,2307692
502	17,2307692
502	23,2307692
502	4,2307692
503	0,2307692
503	2,2307692
503	10,2307692
503	10,2307692
504	7,2307692
504	12,2307692
504	14,2307692
504	5,2307692
505	0,2307692
505	8,2307692
505	19,2307692
505	3,2307692
506	-14,7692308
506	6,2307692
506	-2,7692308
506	12,2307692
507	8,2307692
507	2,2307692
507	17,2307692
507	-19,7692308
508	21,2307692
508	4,2307692
508	2,2307692
508	41,2307692
509	14,2307692
509	15,2307692
509	10,2307692
510	-3,7692308
510	11,2307692
510	10,2307692
510	2,2307692
511	15,2307692
511	5,2307692
511	-21,7692308
511	-10,7692308
512	-1,7692308
512	11,2307692
512	15,2307692
512	1,2307692
513	1,2307692
513	21,2307692
513	35,2307692
513	-15,7692308
514	-0,7692308
514	26,2307692
514	-11,7692308
514	-12,7692308
515	1,2307692
515	1,2307692
515	-4,7692308
515	-5,7692308
516	39,2307692
516	35,2307692
516	12,2307692
516	-28,7692308
517	-9,7692308
517	16,2307692
517	-17,7692308
518	-22,7692308
518	3,2307692
518	20,2307692
518	11,2307692
519	19,2307692
519	33,2307692
519	-8,7692308
519	14,2307692
520	-12,7692308
520	13,2307692
520	21,2307692
520	10,2307692
521	-1,7692308
521	19,2307692
521	-6,7692308
521	5,2307692
522	30,2307692
522	35,2307692
522	4,2307692
522	23,2307692
523	15,2307692
523	13,2307692
523	3,2307692
523	-16,7692308
524	-3,7692308
524	-16,7692308
524	3,2307692
524	20,2307692
525	16,2307692
525	-12,7692308
525	9,2307692
526	17,2307692
526	29,2307692
526	13,2307692
526	13,2307692
527	-8,7692308
527	20,2307692
527	10,2307692
527	-8,7692308
528	11,2307692
528	9,2307692
528	-9,7692308
528	31,2307692
529	29,2307692
529	-3,7692308
529	-24,7692308
529	27,2307692
530	43,2307692
530	-14,7692308
530	8,2307692
530	23,2307692
531	27,2307692
531	7,2307692
531	24,2307692
531	-14,7692308
532	16,2307692
532	9,2307692
532	18,2307692
532	5,2307692
533	21,2307692
533	-12,7692308
533	6,2307692
534	34,2307692
534	30,2307692
534	11,2307692
534	4,2307692
535	0,2307692
535	20,2307692
535	19,2307692
535	3,2307692
536	22,2307692
536	23,2307692
536	8,2307692
536	6,2307692
537	-1,7692308
537	7,2307692
537	7,2307692
537	-1,7692308
538	-25,7692308
538	-10,7692308
538	11,2307692
538	16,2307692
539	15,2307692
539	11,2307692
539	-12,7692308
539	20,2307692
540	-4,7692308
540	-9,7692308
540	15,2307692
540	1,2307692
541	-1,7692308
541	-21,7692308
541	-15,7692308
541	18,2307692
542	18,2307692
542	1,2307692
542	3,2307692
543	-0,7692308
543	-13,7692308
543	0,2307692
543	51,2307692
544	-16,7692308
544	14,2307692
544	19,2307692
544	13,2307692
545	-7,7692308
545	18,2307692
545	14,2307692
545	-1,7692308
546	24,2307692
546	23,2307692
546	33,2307692
546	5,2307692
547	7,2307692
547	25,2307692
547	19,2307692
547	-5,7692308
548	-9,7692308
548	8,2307692
548	2,2307692
548	7,2307692
549	6,2307692
549	46,2307692
549	10,2307692
549	-12,7692308
550	0,2307692
550	1,2307692
550	12,2307692
550	-2,7692308
551	-18,7692308
551	12,2307692
551	19,2307692
552	-9,7692308
552	-7,7692308
552	4,2307692
552	22,2307692
553	6,2307692
553	-1,7692308
553	-5,7692308
553	1,2307692
554	17,2307692
554	-12,7692308
554	-1,7692308
554	-19,7692308
555	39,2307692
555	44,2307692
555	4,2307692
555	4,2307692
556	20,2307692
556	13,2307692
556	2,2307692
556	8,2307692
557	8,2307692
557	21,2307692
557	-20,7692308
557	-2,7692308
558	1,2307692
558	-19,7692308
558	-0,7692308
558	17,2307692
559	18,2307692
559	-7,7692308
559	-25,7692308
559	-22,7692308
560	19,2307692
560	17,2307692
560	4,2307692
561	2,2307692
561	19,2307692
561	7,2307692
561	18,2307692
562	-6,7692308
562	-18,7692308
562	17,2307692
562	14,2307692
563	25,2307692
563	12,2307692
563	-10,7692308
563	-0,7692308
564	12,2307692
564	3,2307692
564	15,2307692
564	18,2307692
565	10,2307692
565	11,2307692
565	1,2307692
565	3,2307692
566	2,2307692
566	-0,7692308
566	6,2307692
566	20,2307692
567	24,2307692
567	-3,7692308
567	-8,7692308
567	-7,7692308
568	3,2307692
568	10,2307692
568	20,2307692
568	-7,7692308
569	-20,7692308
569	15,2307692
569	9,2307692
569	8,2307692
570	-8,7692308
570	-15,7692308
570	4,2307692
571	5,2307692
571	7,2307692
571	-1,7692308
571	30,2307692
572	-2,7692308
572	-7,7692308
572	8,2307692
572	4,2307692
573	-4,7692308
573	-18,7692308
573	-14,7692308
573	-6,7692308
574	12,2307692
574	17,2307692
574	-17,7692308
574	3,2307692
575	-7,7692308
575	-9,7692308
575	17,2307692
575	-3,7692308
576	-3,7692308
576	6,2307692
576	23,2307692
576	-30,7692308
577	-10,7692308
577	9,2307692
577	12,2307692
577	6,2307692
578	32,2307692
578	11,2307692
578	-10,7692308
578	19,2307692
579	16,2307692
579	2,2307692
579	-4,7692308
579	4,2307692
580	24,2307692
580	1,2307692
580	17,2307692
581	30,2307692
581	5,2307692
581	21,2307692
581	-9,7692308
582	-11,7692308
582	-18,7692308
582	26,2307692
582	7,2307692
583	-11,7692308
583	-6,7692308
583	19,2307692
583	-2,7692308
584	31,2307692
584	6,2307692
584	24,2307692
584	22,2307692
585	2,2307692
585	10,2307692
585	31,2307692
585	23,2307692
586	-3,7692308
586	5,2307692
586	32,2307692
586	28,2307692
587	13,2307692
587	-36,7692308
587	-8,7692308
587	-16,7692308
588	7,2307692
588	2,2307692
588	-0,7692308
588	-6,7692308
589	13,2307692
589	-9,7692308
589	9,2307692
589	-2,7692308
590	-1,7692308
590	-6,7692308
590	-4,7692308
590	24,2307692
591	-1,7692308
591	23,2307692
591	-22,7692308
592	-2,7692308
592	1,2307692
592	13,2307692
592	29,2307692
593	17,2307692
593	2,2307692
593	0,2307692
593	14,2307692
594	45,2307692
594	5,2307692
594	-0,7692308
594	8,2307692
595	15,2307692
595	-7,7692308
595	-12,7692308
595	-21,7692308
596	2,2307692
596	21,2307692
596	-28,7692308
596	3,2307692
597	7,2307692
597	11,2307692
597	9,2307692
597	1,2307692
598	-5,7692308
598	0,2307692
598	-14,7692308
598	-3,7692308
599	-0,7692308
599	19,2307692
599	-0,7692308
599	-7,7692308
600	-0,7692308
600	3,2307692
600	14,2307692
600	-5,7692308
601	-17,7692308
601	-1,7692308
601	13,2307692
601	13,2307692
602	2,2307692
602	5,2307692
602	7,2307692
603	-14,7692308
603	6,2307692
603	25,2307692
603	-6,7692308
604	-2,7692308
604	8,2307692
604	19,2307692
604	11,2307692
605	26,2307692
605	18,2307692
605	11,2307692
605	7,2307692
606	25,2307692
606	-3,7692308
606	29,2307692
606	30,2307692
607	9,2307692
607	-9,7692308
607	13,2307692
607	19,2307692
608	10,2307692
608	26,2307692
608	21,2307692
608	0,2307692
609	-7,7692308
609	11,2307692
609	19,2307692
609	-23,7692308
610	-16,7692308
610	0,2307692
610	-2,7692308
610	2,2307692
611	11,2307692
611	22,2307692
611	-21,7692308
611	-2,7692308
612	-11,7692308
612	10,2307692
612	27,2307692
612	33,2307692
613	12,2307692
613	3,2307692
613	34,2307692
613	0,2307692
614	20,2307692
614	7,2307692
614	23,2307692
614	-14,7692308
615	-5,7692308
615	24,2307692
615	1,2307692
616	-19,7692308
616	2,2307692
616	26,2307692
616	3,2307692
617	4,2307692
617	13,2307692
617	15,2307692
617	-17,7692308
618	-4,7692308
618	19,2307692
618	-7,7692308
618	10,2307692
619	8,2307692
619	15,2307692
619	-5,7692308
619	-1,7692308
620	26,2307692
620	29,2307692
620	-2,7692308
620	-16,7692308
621	-1,7692308
621	26,2307692
621	-20,7692308
621	-5,7692308
622	11,2307692
622	1,2307692
622	18,2307692
622	9,2307692
623	-23,7692308
623	4,2307692
623	4,2307692
623	8,2307692
624	10,2307692
624	-13,7692308
624	30,2307692
624	6,2307692
625	13,2307692
625	20,2307692
625	-0,7692308
625	4,2307692
626	-1,7692308
626	3,2307692
626	-2,7692308
626	12,2307692
627	2,2307692
627	11,2307692
627	16,2307692
627	2,2307692
628	12,2307692
628	-1,7692308
628	15,2307692
629	-9,7692308
629	-15,7692308
629	9,2307692
629	-14,7692308
630	-5,7692308
630	23,2307692
630	5,2307692
630	37,2307692
631	5,2307692
631	11,2307692
631	-11,7692308
631	19,2307692
632	22,2307692
632	-10,7692308
632	-2,7692308
632	-7,7692308
633	2,2307692
633	11,2307692
633	18,2307692
633	16,2307692
634	0,2307692
634	-2,7692308
634	-10,7692308
634	-4,7692308
635	-7,7692308
635	-3,7692308
635	-30,7692308
635	16,2307692
636	17,2307692
636	14,2307692
636	10,2307692
636	10,2307692
637	-3,7692308
637	13,2307692
637	24,2307692
637	-6,7692308
638	16,2307692
638	5,2307692
638	12,2307692
638	8,2307692
639	10,2307692
639	-12,7692308
639	9,2307692
639	-8,7692308
640	-18,7692308
640	3,2307692
640	-2,7692308
640	11,2307692
641	-10,7692308
641	12,2307692
641	2,2307692
641	-1,7692308
642	-11,7692308
642	21,2307692
642	-1,7692308
642	-12,7692308
643	-11,7692308
643	6,2307692
643	8,2307692
644	17,2307692
644	-6,7692308
644	26,2307692
644	20,2307692
645	16,2307692
645	-18,7692308
645	5,2307692
645	-4,7692308
646	0,2307692
646	12,2307692
646	8,2307692
646	28,2307692
647	23,2307692
647	33,2307692
647	6,2307692
647	3,2307692
648	25,2307692
648	3,2307692
648	-34,7692308
648	0,2307692
649	10,2307692
649	24,2307692
649	-5,7692308
649	0,2307692
650	19,2307692
650	18,2307692
650	6,2307692
650	-5,7692308
651	4,2307692
651	34,2307692
651	9,2307692
651	23,2307692
652	12,2307692
652	-12,7692308
652	4,2307692
652	5,2307692
653	23,2307692
653	32,2307692
653	-8,7692308
653	-0,7692308
654	4,2307692
654	-0,7692308
654	0,2307692
654	18,2307692
655	10,2307692
655	23,2307692
655	0,2307692
655	29,2307692
656	35,2307692
656	24,2307692
656	-14,7692308
656	7,2307692
657	9,2307692
657	-26,7692308
657	24,2307692
657	-3,7692308
658	-16,7692308
658	1,2307692
658	8,2307692
658	4,2307692
659	-0,7692308
659	22,2307692
659	17,2307692
660	23,2307692
660	-8,7692308
660	11,2307692
660	19,2307692
661	10,2307692
661	18,2307692
661	3,2307692
661	-16,7692308
662	8,2307692
662	32,2307692
662	19,2307692
662	17,2307692
663	-10,7692308
663	-0,7692308
663	10,2307692
663	14,2307692
664	24,2307692
664	18,2307692
664	1,2307692
664	4,2307692
665	9,2307692
665	4,2307692
665	18,2307692
665	-8,7692308
666	16,2307692
666	12,2307692
666	12,2307692
666	-6,7692308
667	11,2307692
667	12,2307692
667	18,2307692
667	-6,7692308
668	-8,7692308
668	-0,7692308
668	3,2307692
668	16,2307692
669	1,2307692
669	-0,7692308
669	12,2307692
669	-22,7692308
670	-10,7692308
670	37,2307692
670	-5,7692308
670	-15,7692308
671	-11,7692308
671	32,2307692
671	27,2307692
671	15,2307692
672	17,2307692
672	19,2307692
672	12,2307692
672	7,2307692
673	21,2307692
673	-22,7692308
673	8,2307692
673	18,2307692
674	-4,7692308
674	15,2307692
674	21,2307692
674	25,2307692
675	-12,7692308
675	7,2307692
675	-8,7692308
675	21,2307692
676	-0,7692308
676	0,2307692
676	7,2307692
676	25,2307692
677	20,2307692
677	3,2307692
677	0,2307692
677	-5,7692308
678	20,2307692
678	14,2307692
678	27,2307692
678	11,2307692
679	-3,7692308
679	7,2307692
679	15,2307692
680	22,2307692
680	-26,7692308
680	13,2307692
680	17,2307692
681	16,2307692
681	14,2307692
681	2,2307692
681	-8,7692308
682	4,2307692
682	14,2307692
682	-3,7692308
682	4,2307692
683	-7,7692308
683	12,2307692
683	40,2307692
683	5,2307692
684	5,2307692
684	-0,7692308
684	4,2307692
684	-10,7692308
685	12,2307692
685	-2,7692308
685	-3,7692308
685	-22,7692308
686	5,2307692
686	0,2307692
686	11,2307692
686	4,2307692
687	28,2307692
687	22,2307692
687	-6,7692308
687	6,2307692
688	-6,7692308
688	24,2307692
688	-0,7692308
688	6,2307692
689	22,2307692
689	-5,7692308
689	16,2307692
689	-9,7692308
690	-3,7692308
690	-0,7692308
690	10,2307692
690	1,2307692
691	5,2307692
691	0,2307692
691	15,2307692
691	21,2307692
692	16,2307692
692	0,2307692
692	3,2307692
692	-5,7692308
693	0,2307692
693	14,2307692
693	-5,7692308
693	-26,7692308
694	-10,7692308
694	21,2307692
694	9,2307692
694	3,2307692
695	-11,7692308
695	-1,7692308
695	-11,7692308
695	-31,7692308
696	-22,7692308
696	-3,7692308
696	-8,7692308
696	19,2307692
697	16,2307692
697	-5,7692308
697	14,2307692
697	8,2307692
698	-2,7692308
698	-5,7692308
698	-2,7692308
698	5,2307692
699	7,2307692
699	-10,7692308
699	9,2307692
699	-0,7692308
700	16,2307692
700	6,2307692
700	24,2307692
700	-8,7692308
701	-5,7692308
701	2,2307692
701	14,2307692
701	2,2307692
702	-4,7692308
702	10,2307692
702	7,2307692
702	-20,7692308
703	11,2307692
703	17,2307692
703	-15,7692308
703	-2,7692308
704	4,2307692
704	16,2307692
704	18,2307692
704	37,2307692
705	-7,7692308
705	-0,7692308
705	14,2307692
706	12,2307692
706	23,2307692
706	17,2307692
706	-15,7692308
707	18,2307692
707	-14,7692308
707	12,2307692
707	-20,7692308
708	2,2307692
708	8,2307692
708	-5,7692308
708	9,2307692
709	-18,7692308
709	5,2307692
709	-5,7692308
709	-5,7692308
710	-4,7692308
710	2,2307692
710	-4,7692308
710	32,2307692
711	-14,7692308
711	11,2307692
711	-4,7692308
711	-17,7692308
712	16,2307692
712	-35,7692308
712	-6,7692308
712	3,2307692
713	-21,7692308
713	1,2307692
713	19,2307692
713	6,2307692
714	32,2307692
714	-2,7692308
714	-4,7692308
714	-1,7692308
715	19,2307692
715	-14,7692308
715	2,2307692
715	10,2307692
716	-0,7692308
716	-8,7692308
716	0,2307692
716	3,2307692
717	-8,7692308
717	12,2307692
717	20,2307692
717	1,2307692
718	12,2307692
718	-7,7692308
718	-2,7692308
718	17,2307692
719	-0,7692308
719	-7,7692308
719	10,2307692
719	-10,7692308
720	6,2307692
720	2,2307692
720	-2,7692308
720	8,2307692
721	14,2307692
721	-9,7692308
721	8,2307692
721	-13,7692308
722	20,2307692
722	25,2307692
722	-17,7692308
722	-22,7692308
723	30,2307692
723	1,2307692
723	3,2307692
723	49,2307692
724	19,2307692
724	5,2307692
724	16,2307692
724	-12,7692308
725	-15,7692308
725	26,2307692
725	16,2307692
725	-7,7692308
726	-22,7692308
726	11,2307692
726	19,2307692
726	17,2307692
727	9,2307692
727	-31,7692308
727	5,2307692
727	-5,7692308
728	-1,7692308
728	-24,7692308
728	-10,7692308
728	10,2307692
729	-16,7692308
729	18,2307692
729	-2,7692308
729	-3,7692308
730	21,2307692
730	-29,7692308
730	-10,7692308
730	-0,7692308
731	33,2307692
731	-2,7692308
731	-11,7692308
731	5,2307692
732	-1,7692308
732	-9,7692308
732	-9,7692308
732	1,2307692
733	5,2307692
733	2,2307692
733	4,2307692
733	24,2307692
734	-0,7692308
734	-9,7692308
734	-5,7692308
734	-4,7692308
735	-26,7692308
735	3,2307692
735	21,2307692
735	12,2307692
736	-13,7692308
736	6,2307692
736	-3,7692308
736	10,2307692
737	12,2307692
737	-10,7692308
737	-19,7692308
737	-7,7692308
738	-12,7692308
738	-11,7692308
738	3,2307692
738	2,2307692
739	7,2307692
739	27,2307692
739	-16,7692308
739	15,2307692
740	-0,7692308
740	-12,7692308
740	-12,7692308
740	-5,7692308
741	-5,7692308
741	-1,7692308
741	-12,7692308
741	3,2307692
742	9,2307692
742	3,2307692
742	-16,7692308
742	-9,7692308
743	-2,7692308
743	35,2307692
743	16,2307692
743	12,2307692
744	5,2307692
744	-5,7692308
744	-15,7692308
744	7,2307692
745	2,2307692
745	9,2307692
745	1,2307692
745	-25,7692308
746	9,2307692
746	-2,7692308
746	-15,7692308
746	18,2307692
747	13,2307692
747	12,2307692
747	-3,7692308
747	-5,7692308
748	8,2307692
748	4,2307692
748	-19,7692308
748	9,2307692
749	-0,7692308
749	-2,7692308
749	-19,7692308
749	-14,7692308
750	10,2307692
750	11,2307692
750	5,2307692
750	16,2307692
751	22,2307692
751	6,2307692
751	20,2307692
751	8,2307692
752	-15,7692308
752	-2,7692308
752	20,2307692
752	10,2307692
753	-6,7692308
753	-18,7692308
753	0,2307692
753	14,2307692
754	4,2307692
754	-22,7692308
754	-17,7692308
754	11,2307692
755	-3,7692308
755	-16,7692308
755	4,2307692
755	-17,7692308
756	-27,7692308
756	-10,7692308
756	0,2307692
756	-2,7692308
757	-4,7692308
757	5,2307692
757	-1,7692308
757	14,2307692
758	-6,7692308
758	8,2307692
758	4,2307692
758	21,2307692
759	2,2307692
759	19,2307692
759	-12,7692308
759	-3,7692308
760	23,2307692
760	-2,7692308
760	14,2307692
760	-6,7692308
761	6,2307692
761	17,2307692
761	-6,7692308
761	3,2307692
762	28,2307692
762	-1,7692308
762	6,2307692
762	3,2307692
763	-15,7692308
763	-9,7692308
763	7,2307692
763	14,2307692
764	1,2307692
764	-14,7692308
764	28,2307692
764	8,2307692
765	24,2307692
765	-4,7692308
765	-0,7692308
765	8,2307692
766	-5,7692308
766	4,2307692
766	13,2307692
766	1,2307692
767	-9,7692308
767	5,2307692
767	-2,7692308
767	8,2307692
768	-2,7692308
768	16,2307692
768	10,2307692
768	23,2307692
769	-6,7692308
769	22,2307692
769	-3,7692308
769	-28,7692308
770	9,2307692
770	-15,7692308
770	1,2307692
770	4,2307692
771	-4,7692308
771	-7,7692308
771	-1,7692308
771	8,2307692
772	18,2307692
772	-4,7692308
772	20,2307692
772	3,2307692
773	-15,7692308
773	6,2307692
773	6,2307692
773	10,2307692
774	-20,7692308
774	-0,7692308
774	3,2307692
774	-4,7692308
775	-4,7692308
775	-7,7692308
775	14,2307692
775	2,2307692
776	-2,7692308
776	14,2307692
776	1,2307692
776	-22,7692308
777	6,2307692
777	-13,7692308
777	-0,7692308
777	11,2307692
778	19,2307692
778	27,2307692
778	35,2307692
778	-6,7692308
779	-2,7692308
779	7,2307692
779	-13,7692308
779	37,2307692
780	29,2307692
780	3,2307692
780	16,2307692
780	3,2307692
781	29,2307692
781	8,2307692
781	7,2307692
781	10,2307692
782	39,2307692
782	12,2307692
782	21,2307692
782	22,2307692
783	11,2307692
783	7,2307692
783	-2,7692308
783	9,2307692
784	15,2307692
784	27,2307692
784	16,2307692
784	10,2307692
785	6,2307692
785	15,2307692
785	-17,7692308
785	-3,7692308
786	10,2307692
786	15,2307692
786	7,2307692
786	13,2307692
787	-5,7692308
787	7,2307692
787	8,2307692
787	-12,7692308
788	-29,7692308
788	-4,7692308
788	12,2307692
788	5,2307692
789	24,2307692
789	-9,7692308
789	-17,7692308
789	-16,7692308
790	-0,7692308
790	8,2307692
790	15,2307692
790	13,2307692
791	16,2307692
791	14,2307692
791	7,2307692
791	-20,7692308
792	-1,7692308
792	7,2307692
792	13,2307692
792	11,2307692
793	1,2307692
793	21,2307692
793	0,2307692
793	13,2307692
794	27,2307692
794	-8,7692308
794	11,2307692
794	-14,7692308
795	-16,7692308
795	11,2307692
795	7,2307692
795	24,2307692
796	29,2307692
796	6,2307692
796	3,2307692
796	12,2307692
797	5,2307692
797	-19,7692308
797	21,2307692
797	6,2307692
798	-9,7692308
798	-0,7692308
798	46,2307692
798	38,2307692
799	-21,7692308
799	-4,7692308
799	-11,7692308
799	-8,7692308
800	5,2307692
800	41,2307692
800	11,2307692
800	8,2307692
801	17,2307692
801	-1,7692308
801	-0,7692308
801	1,2307692
802	4,2307692
802	-14,7692308
802	10,2307692
802	0,2307692
803	11,2307692
803	0,2307692
803	19,2307692
803	-1,7692308
804	10,2307692
804	-10,7692308
804	-3,7692308
804	13,2307692
805	-7,7692308
805	-25,7692308
805	8,2307692
805	0,2307692
806	-13,7692308
806	7,2307692
806	22,2307692
806	-0,7692308
807	-3,7692308
807	16,2307692
807	12,2307692
807	26,2307692
808	-15,7692308
808	-5,7692308
808	6,2307692
808	-5,7692308
809	6,2307692
809	15,2307692
809	7,2307692
809	-20,7692308
810	0,2307692
810	-8,7692308
810	-10,7692308
810	-9,7692308
811	-3,7692308
811	-6,7692308
811	-10,7692308
811	17,2307692
812	9,2307692
812	20,2307692
812	12,2307692
812	-7,7692308
813	-9,7692308
813	-1,7692308
813	23,2307692
813	10,2307692
814	1,2307692
814	1,2307692
814	-7,7692308
814	-7,7692308
815	17,2307692
815	8,2307692
815	21,2307692
815	-10,7692308
816	39,2307692
816	17,2307692
816	8,2307692
816	15,2307692
817	3,2307692
817	14,2307692
817	-10,7692308
817	2,2307692
818	-7,7692308
818	3,2307692
818	-7,7692308
818	14,2307692
819	21,2307692
819	33,2307692
819	19,2307692
819	19,2307692
820	3,2307692
820	-29,7692308
820	5,2307692
820	17,2307692
820	4,2307692
821	-22,7692308
821	0,2307692
821	3,2307692
821	-12,7692308
822	33,2307692
822	18,2307692
822	-35,7692308
822	-12,7692308
823	-19,7692308
823	5,2307692
823	7,2307692
823	1,2307692
824	11,2307692
824	29,2307692
824	15,2307692
824	18,2307692
825	24,2307692
825	21,2307692
825	-10,7692308
825	22,2307692
826	34,2307692
826	19,2307692
826	8,2307692
826	14,2307692
827	7,2307692
827	-3,7692308
827	3,2307692
827	-24,7692308
828	-13,7692308
828	-24,7692308
828	-2,7692308
828	-7,7692308
829	11,2307692
829	39,2307692
829	28,2307692
829	-3,7692308
830	-4,7692308
830	17,2307692
830	0,2307692
830	-1,7692308
831	24,2307692
831	10,2307692
831	7,2307692
831	11,2307692
832	-5,7692308
832	5,2307692
832	1,2307692
832	-14,7692308
833	3,2307692
833	3,2307692
833	-12,7692308
833	15,2307692
834	29,2307692
834	10,2307692
834	6,2307692
834	-7,7692308
835	-22,7692308
835	20,2307692
835	7,2307692
835	22,2307692
836	17,2307692
836	1,2307692
836	13,2307692
836	24,2307692
837	12,2307692
837	-30,7692308
837	-14,7692308
837	12,2307692
838	-14,7692308
838	16,2307692
838	30,2307692
838	11,2307692
839	9,2307692
839	-9,7692308
839	8,2307692
839	31,2307692
840	19,2307692
840	-15,7692308
840	-6,7692308
840	5,2307692
841	-30,7692308
841	52,2307692
841	5,2307692
841	-1,7692308
842	11,2307692
842	24,2307692
842	-5,7692308
842	19,2307692
843	27,2307692
843	2,2307692
843	15,2307692
843	22,2307692
844	0,2307692
844	3,2307692
844	35,2307692
844	-20,7692308
845	-6,7692308
845	7,2307692
845	22,2307692
845	-3,7692308
845	0,2307692
846	-13,7692308
846	11,2307692
846	20,2307692
846	2,2307692
847	1,2307692
847	3,2307692
847	-15,7692308
847	6,2307692
848	-1,7692308
848	-4,7692308
848	5,2307692
848	23,2307692
849	7,2307692
849	12,2307692
849	17,2307692
849	5,2307692
850	7,2307692
850	0,2307692
850	-5,7692308
850	33,2307692
851	5,2307692
851	-31,7692308
851	29,2307692
851	2,2307692
852	-25,7692308
852	-6,7692308
852	12,2307692
852	-8,7692308
853	8,2307692
853	7,2307692
853	-19,7692308
853	-5,7692308
854	-12,7692308
854	5,2307692
854	-3,7692308
854	2,2307692
855	-11,7692308
855	-0,7692308
855	6,2307692
855	-10,7692308
856	-2,7692308
856	-2,7692308
856	1,2307692
856	3,2307692
857	-22,7692308
857	26,2307692
857	1,2307692
857	-15,7692308
858	21,2307692
858	19,2307692
858	25,2307692
858	11,2307692
859	20,2307692
859	-0,7692308
859	34,2307692
859	24,2307692
860	5,2307692
860	10,2307692
860	35,2307692
860	-5,7692308
861	16,2307692
861	7,2307692
861	6,2307692
861	38,2307692
862	10,2307692
862	38,2307692
862	18,2307692
862	14,2307692
863	-7,7692308
863	-5,7692308
863	-6,7692308
863	17,2307692
864	29,2307692
864	-2,7692308
864	12,2307692
864	32,2307692
864	-7,7692308
865	13,2307692
865	11,2307692
865	-5,7692308
865	12,2307692
866	-2,7692308
866	3,2307692
866	22,2307692
866	16,2307692
867	2,2307692
867	-8,7692308
867	-21,7692308
867	4,2307692
868	20,2307692
868	-13,7692308
868	0,2307692
868	18,2307692
869	20,2307692
869	7,2307692
869	-5,7692308
869	-2,7692308
870	11,2307692
870	-6,7692308
870	9,2307692
870	20,2307692
871	10,2307692
871	4,2307692
871	11,2307692
871	-22,7692308
872	16,2307692
872	-12,7692308
872	-2,7692308
872	22,2307692
873	-7,7692308
873	-10,7692308
873	-7,7692308
873	10,2307692
874	-14,7692308
874	-17,7692308
874	-9,7692308
874	-19,7692308
875	9,2307692
875	0,2307692
875	4,2307692
875	21,2307692
876	-2,7692308
876	9,2307692
876	29,2307692
876	7,2307692
877	3,2307692
877	-16,7692308
877	16,2307692
877	-18,7692308
878	-4,7692308
878	-0,7692308
878	21,2307692
878	24,2307692
879	21,2307692
879	-3,7692308
879	10,2307692
879	4,2307692
880	11,2307692
880	-14,7692308
880	12,2307692
880	-8,7692308
880	6,2307692
881	25,2307692
881	20,2307692
881	-17,7692308
881	-8,7692308
882	0,2307692
882	2,2307692
882	32,2307692
882	21,2307692
883	-4,7692308
883	-13,7692308
883	13,2307692
883	8,2307692
884	8,2307692
884	-16,7692308
884	2,2307692
884	9,2307692
885	-4,7692308
885	10,2307692
885	9,2307692
885	-2,7692308
886	15,2307692
886	-5,7692308
886	-12,7692308
886	-13,7692308
887	7,2307692
887	13,2307692
887	-6,7692308
887	4,2307692
888	-6,7692308
888	12,2307692
888	-19,7692308
888	-16,7692308
889	4,2307692
889	5,2307692
889	17,2307692
889	27,2307692
890	6,2307692
890	-40,7692308
890	11,2307692
890	-6,7692308
891	-7,7692308
891	2,2307692
891	21,2307692
891	45,2307692
892	-9,7692308
892	9,2307692
892	6,2307692
892	30,2307692
893	24,2307692
893	-21,7692308
893	-4,7692308
893	-3,7692308
894	7,2307692
894	11,2307692
894	23,2307692
894	13,2307692
894	-5,7692308
895	17,2307692
895	9,2307692
895	2,2307692
895	-11,7692308
896	16,2307692
896	5,2307692
896	9,2307692
896	18,2307692
897	17,2307692
897	26,2307692
897	27,2307692
897	35,2307692
898	26,2307692
898	15,2307692
898	6,2307692
898	-6,7692308
899	-9,7692308
899	-17,7692308
899	-0,7692308
899	0,2307692
900	18,2307692
900	-17,7692308
900	9,2307692
900	31,2307692
901	50,2307692
901	17,2307692
901	3,2307692
901	-17,7692308
902	26,2307692
902	-6,7692308
902	0,2307692
902	-17,7692308
903	17,2307692
903	3,2307692
903	-29,7692308
903	22,2307692
904	6,2307692
904	6,2307692
904	6,2307692
904	20,2307692
905	7,2307692
905	14,2307692
905	1,2307692
905	25,2307692
906	18,2307692
906	1,2307692
906	10,2307692
906	11,2307692
906	2,2307692
907	4,2307692
907	9,2307692
907	-7,7692308
907	6,2307692
908	-9,7692308
908	33,2307692
908	50,2307692
908	17,2307692
909	-10,7692308
909	-14,7692308
909	1,2307692
909	23,2307692
910	14,2307692
910	-6,7692308
910	7,2307692
910	-8,7692308
911	-1,7692308
911	5,2307692
911	10,2307692
911	11,2307692
912	-17,7692308
912	3,2307692
912	2,2307692
912	11,2307692
913	-14,7692308
913	-17,7692308
913	3,2307692
913	-6,7692308
914	-21,7692308
914	-1,7692308
914	-6,7692308
914	4,2307692
915	-1,7692308
915	9,2307692
915	0,2307692
915	20,2307692
916	28,2307692
916	37,2307692
916	34,2307692
916	19,2307692
917	-5,7692308
917	3,2307692
917	-5,7692308
917	-12,7692308
917	-3,7692308
918	26,2307692
918	16,2307692
918	-11,7692308
918	1,2307692
919	-10,7692308
919	-2,7692308
919	41,2307692
919	-23,7692308
920	4,2307692
920	-0,7692308
920	21,2307692
920	-0,7692308
921	-1,7692308
921	11,2307692
921	-2,7692308
921	19,2307692
922	-7,7692308
922	-4,7692308
922	6,2307692
922	-11,7692308
923	-16,7692308
923	1,2307692
923	1,2307692
923	14,2307692
924	5,2307692
924	-13,7692308
924	-26,7692308
924	-6,7692308
925	-0,7692308
925	17,2307692
925	12,2307692
925	31,2307692
926	15,2307692
926	5,2307692
926	-6,7692308
926	2,2307692
927	-1,7692308
927	15,2307692
927	9,2307692
927	11,2307692
928	-18,7692308
928	-15,7692308
928	-17,7692308
928	-4,7692308
928	22,2307692
929	25,2307692
929	11,2307692
929	4,2307692
929	-1,7692308
930	-14,7692308
930	-1,7692308
930	-28,7692308
930	23,2307692
931	16,2307692
931	-13,7692308
931	1,2307692
931	27,2307692
932	18,2307692
932	20,2307692
932	13,2307692
932	-7,7692308
933	16,2307692
933	-6,7692308
933	22,2307692
933	27,2307692
934	29,2307692
934	26,2307692
934	-3,7692308
934	20,2307692
935	6,2307692
935	-0,7692308
935	-13,7692308
935	21,2307692
936	21,2307692
936	15,2307692
936	-6,7692308
936	-16,7692308
937	36,2307692
937	8,2307692
937	4,2307692
937	-4,7692308
938	-5,7692308
938	-10,7692308
938	1,2307692
938	25,2307692
938	10,2307692
939	12,2307692
939	17,2307692
939	32,2307692
939	9,2307692
940	19,2307692
940	0,2307692
940	-34,7692308
940	1,2307692
941	-4,7692308
941	-5,7692308
941	-19,7692308
941	14,2307692
942	7,2307692
942	37,2307692
942	2,2307692
942	-7,7692308
943	32,2307692
943	-10,7692308
943	19,2307692
943	25,2307692
944	-19,7692308
944	-1,7692308
944	12,2307692
944	11,2307692
945	-11,7692308
945	15,2307692
945	0,2307692
945	-1,7692308
946	3,2307692
946	-0,7692308
946	-3,7692308
946	14,2307692
947	25,2307692
947	15,2307692
947	3,2307692
947	1,2307692
947	9,2307692
948	3,2307692
948	6,2307692
948	2,2307692
948	-1,7692308
949	15,2307692
949	-0,7692308
949	18,2307692
949	4,2307692
950	19,2307692
950	9,2307692
950	19,2307692
950	-7,7692308
951	26,2307692
951	4,2307692
951	20,2307692
951	1,2307692
952	24,2307692
952	51,2307692
952	6,2307692
952	48,2307692
953	-8,7692308
953	10,2307692
953	7,2307692
953	2,2307692
954	-27,7692308
954	12,2307692
954	-18,7692308
954	-4,7692308
955	15,2307692
955	5,2307692
955	-15,7692308
955	-22,7692308
956	11,2307692
956	11,2307692
956	-9,7692308
956	-8,7692308
956	-10,7692308
957	4,2307692
957	-1,7692308
957	6,2307692
957	-8,7692308
958	1,2307692
958	-16,7692308
958	-0,7692308
958	26,2307692
959	-5,7692308
959	2,2307692
959	-15,7692308
959	-11,7692308
960	42,2307692
960	9,2307692
960	-3,7692308
960	-8,7692308
961	14,2307692
961	4,2307692
961	0,2307692
961	7,2307692
962	21,2307692
962	9,2307692
962	13,2307692
962	21,2307692
963	-16,7692308
963	-9,7692308
963	18,2307692
963	-15,7692308
964	-6,7692308
964	29,2307692
964	9,2307692
964	3,2307692
964	-3,7692308
965	13,2307692
965	-12,7692308
965	6,2307692
965	-13,7692308
966	38,2307692
966	15,2307692
966	2,2307692
966	8,2307692
967	-1,7692308
967	-6,7692308
967	-3,7692308
967	-28,7692308
968	-17,7692308
968	-3,7692308
968	-2,7692308
968	19,2307692
969	12,2307692
969	-8,7692308
969	-11,7692308
969	-36,7692308
970	-0,7692308
970	2,2307692
970	26,2307692
970	3,2307692
971	28,2307692
971	15,2307692
971	21,2307692
971	20,2307692
972	12,2307692
972	-21,7692308
972	10,2307692
972	-8,7692308
972	-14,7692308
973	-34,7692308
973	15,2307692
973	29,2307692
973	-5,7692308
974	13,2307692
974	5,2307692
974	3,2307692
974	-3,7692308
975	20,2307692
975	10,2307692
975	14,2307692
975	5,2307692
976	5,2307692
976	-11,7692308
976	8,2307692
976	10,2307692
977	-1,7692308
977	-7,7692308
977	2,2307692
977	15,2307692
978	40,2307692
978	22,2307692
978	-1,7692308
978	5,2307692
979	14,2307692
979	6,2307692
979	-11,7692308
979	4,2307692
980	-19,7692308
980	16,2307692
980	4,2307692
980	-10,7692308
980	-12,7692308
981	-12,7692308
981	16,2307692
981	12,2307692
981	-16,7692308
982	-3,7692308
982	-7,7692308
982	21,2307692
982	18,2307692
983	-0,7692308
983	11,2307692
983	11,2307692
983	19,2307692
984	5,2307692
984	20,2307692
984	-0,7692308
984	-14,7692308
985	-15,7692308
985	22,2307692
985	30,2307692
985	7,2307692
986	15,2307692
986	-1,7692308
986	2,2307692
986	7,2307692
987	8,2307692
987	19,2307692
987	21,2307692
987	-0,7692308
988	5,2307692
988	5,2307692
988	-5,7692308
988	18,2307692
988	10,2307692
989	-13,7692308
989	-19,7692308
989	-21,7692308
989	5,2307692
990	19,2307692
990	-1,7692308
990	-8,7692308
990	-2,7692308
991	-9,7692308
991	10,2307692
991	-2,7692308
991	-6,7692308
992	13,2307692
992	-2,7692308
992	10,2307692
992	-9,7692308
993	-2,7692308
993	-18,7692308
993	-30,7692308
993	5,2307692
994	-0,7692308
994	14,2307692
994	27,2307692
994	-18,7692308
995	3,2307692
995	-1,7692308
995	21,2307692
995	45,2307692
995	15,2307692
996	20,2307692
996	47,2307692
996	14,2307692
996	0,2307692
997	57,2307692
997	-8,7692308
997	-9,7692308
997	39,2307692
998	-5,7692308
998	-0,7692308
998	4,2307692
998	21,2307692
999	8,2307692
999	13,2307692
999	1,2307692
999	16,2307692
1000	9,2307692
1000	21,2307692
1000	9,2307692
1000	8,2307692
1001	-2,7692308
1001	3,2307692
1001	7,2307692
1001	-23,7692308
1002	15,2307692
1002	17,2307692
1002	32,2307692
1002	22,2307692
1002	-16,7692308
1003	-9,7692308
1003	4,2307692
1003	16,2307692
1003	5,2307692
1004	-0,7692308
1004	-4,7692308
1004	5,2307692
1004	23,2307692
1005	-12,7692308
1005	-11,7692308
1005	7,2307692
1005	7,2307692
1006	-6,7692308
1006	-2,7692308
1006	15,2307692
1006	19,2307692
1007	-3,7692308
1007	27,2307692
1007	-13,7692308
1007	-14,7692308
1008	-21,7692308
1008	12,2307692
1008	4,2307692
1008	13,2307692
1008	-4,7692308
1009	20,2307692
1009	-0,7692308
1009	16,2307692
1009	23,2307692
1010	16,2307692
1010	-2,7692308
1010	-0,7692308
1010	-7,7692308
1011	11,2307692
1011	24,2307692
1011	28,2307692
1011	23,2307692
1012	21,2307692
1012	6,2307692
1012	17,2307692
1012	-3,7692308
1013	-5,7692308
1013	-5,7692308
1013	20,2307692
1013	11,2307692
1014	13,2307692
1014	0,2307692
1014	29,2307692
1014	7,2307692
1015	-4,7692308
1015	2,2307692
1015	10,2307692
1015	-16,7692308
1015	10,2307692
1016	13,2307692
1016	6,2307692
1016	9,2307692
1016	-13,7692308
1017	5,2307692
1017	10,2307692
1017	-11,7692308
1017	8,2307692
1018	8,2307692
1018	7,2307692
1018	-6,7692308
1018	6,2307692
1019	-11,7692308
1019	6,2307692
1019	-4,7692308
1019	10,2307692
1020	-4,7692308
1020	19,2307692
1020	-2,7692308
1020	10,2307692
1021	13,2307692
1021	18,2307692
1021	20,2307692
1021	-3,7692308
1021	9,2307692
1022	2,2307692
1022	9,2307692
1022	-0,7692308
1022	-18,7692308
1023	-13,7692308
1023	-2,7692308
1023	-20,7692308
1023	20,2307692
1024	20,2307692
1024	-14,7692308
1024	8,2307692
1024	28,2307692
1025	15,2307692
1025	-0,7692308
1025	-3,7692308
1025	-0,7692308
1026	-8,7692308
1026	25,2307692
1026	14,2307692
1026	12,2307692
1027	9,2307692
1027	-9,7692308
1027	13,2307692
1027	22,2307692
1027	-2,7692308
1028	2,2307692
1028	3,2307692
1028	2,2307692
1028	25,2307692
1029	-15,7692308
1029	6,2307692
1029	19,2307692
1029	16,2307692
1030	32,2307692
1030	13,2307692
1030	1,2307692
1030	-6,7692308
1031	30,2307692
1031	10,2307692
1031	26,2307692
1031	-20,7692308
1032	8,2307692
1032	8,2307692
1032	-8,7692308
1032	4,2307692
1033	11,2307692
1033	4,2307692
1033	7,2307692
1033	19,2307692
1034	21,2307692
1034	2,2307692
1034	-12,7692308
1034	10,2307692
1034	-22,7692308
1035	-4,7692308
1035	-4,7692308
1035	13,2307692
1035	6,2307692
1036	22,2307692
1036	24,2307692
1036	20,2307692
1036	13,2307692
1037	-13,7692308
1037	-16,7692308
1037	-16,7692308
1037	38,2307692
1038	6,2307692
1038	-0,7692308
1038	-6,7692308
1038	27,2307692
1039	-5,7692308
1039	-15,7692308
1039	6,2307692
1039	23,2307692
1039	28,2307692
1040	-5,7692308
1040	5,2307692
1040	-3,7692308
1040	18,2307692
1041	9,2307692
1041	-30,7692308
1041	-13,7692308
1041	18,2307692
1042	22,2307692
1042	21,2307692
1042	0,2307692
1042	33,2307692
1043	26,2307692
1043	42,2307692
1043	8,2307692
1043	6,2307692
1044	-16,7692308
1044	-24,7692308
1044	-3,7692308
1044	-23,7692308
1045	18,2307692
1045	-20,7692308
1045	11,2307692
1045	-15,7692308
1045	-10,7692308
1046	11,2307692
1046	-5,7692308
1046	-0,7692308
1046	-10,7692308
1047	-8,7692308
1047	14,2307692
1047	17,2307692
1047	19,2307692
1048	11,2307692
1048	9,2307692
1048	9,2307692
1048	27,2307692
1049	-22,7692308
1049	14,2307692
1049	-4,7692308
1049	20,2307692
1050	-10,7692308
1050	-15,7692308
1050	-11,7692308
1050	-3,7692308
1051	16,2307692
1051	5,2307692
1051	-9,7692308
1051	-7,7692308
1051	10,2307692
1052	-6,7692308
1052	2,2307692
1052	-3,7692308
1052	-8,7692308
1053	7,2307692
1053	20,2307692
1053	-5,7692308
1053	7,2307692
1054	11,2307692
1054	16,2307692
1054	2,2307692
1054	10,2307692
1055	6,2307692
1055	10,2307692
1055	7,2307692
1055	-1,7692308
1056	34,2307692
1056	10,2307692
1056	-27,7692308
1056	3,2307692
1056	2,2307692
1057	27,2307692
1057	-3,7692308
1057	16,2307692
1057	28,2307692
1058	-17,7692308
1058	3,2307692
1058	13,2307692
1058	-11,7692308
1059	14,2307692
1059	-17,7692308
1059	-26,7692308
1059	13,2307692
1060	17,2307692
1060	12,2307692
1060	20,2307692
1060	30,2307692
1061	24,2307692
1061	-2,7692308
1061	15,2307692
1061	19,2307692
1062	21,2307692
1062	18,2307692
1062	-1,7692308
1062	41,2307692
1062	32,2307692
1063	-14,7692308
1063	8,2307692
1063	27,2307692
1063	23,2307692
1064	-29,7692308
1064	-13,7692308
1064	-5,7692308
1064	1,2307692
1065	9,2307692
1065	3,2307692
1065	6,2307692
1065	-0,7692308
1066	-2,7692308
1066	-4,7692308
1066	-22,7692308
1066	9,2307692
1067	24,2307692
1067	17,2307692
1067	-4,7692308
1067	-2,7692308
1067	21,2307692
1068	33,2307692
1068	31,2307692
1068	10,2307692
1068	28,2307692
1069	23,2307692
1069	-5,7692308
1069	-2,7692308
1069	13,2307692
1070	17,2307692
1070	-4,7692308
1070	5,2307692
1070	-12,7692308
1071	20,2307692
1071	-1,7692308
1071	8,2307692
1071	-6,7692308
1072	21,2307692
1072	7,2307692
1072	-7,7692308
1072	4,2307692
1072	27,2307692
1073	11,2307692
1073	9,2307692
1073	-22,7692308
1073	-18,7692308
1074	4,2307692
1074	7,2307692
1074	-12,7692308
1074	2,2307692
1075	14,2307692
1075	7,2307692
1075	47,2307692
1075	27,2307692
1076	-4,7692308
1076	6,2307692
1076	0,2307692
1076	35,2307692
1077	23,2307692
1077	-3,7692308
1077	2,2307692
1077	-2,7692308
1077	4,2307692
1078	-1,7692308
1078	17,2307692
1078	8,2307692
1078	-4,7692308
1079	17,2307692
1079	1,2307692
1079	14,2307692
1079	26,2307692
1080	10,2307692
1080	2,2307692
1080	-2,7692308
1080	25,2307692
1081	-26,7692308
1081	3,2307692
1081	23,2307692
1081	-6,7692308
1082	33,2307692
1082	-1,7692308
1082	-7,7692308
1082	-4,7692308
1082	-16,7692308
1083	0,2307692
1083	38,2307692
1083	17,2307692
1083	-2,7692308
1084	0,2307692
1084	3,2307692
1084	32,2307692
1084	26,2307692
1085	-0,7692308
1085	-0,7692308
1085	19,2307692
1085	9,2307692
1086	0,2307692
1086	32,2307692
1086	1,2307692
1086	9,2307692
1087	15,2307692
1087	0,2307692
1087	-18,7692308
1087	-22,7692308
1087	1,2307692
1088	0,2307692
1088	6,2307692
1088	-4,7692308
1088	-3,7692308
1089	6,2307692
1089	-2,7692308
1089	-10,7692308
1089	13,2307692
1090	6,2307692
1090	27,2307692
1090	21,2307692
1090	3,2307692
1091	7,2307692
1091	11,2307692
1091	12,2307692
1091	1,2307692
1092	36,2307692
1092	5,2307692
1092	-14,7692308
1092	18,2307692
1092	-18,7692308
1093	-12,7692308
1093	-5,7692308
1093	-29,7692308
1093	-8,7692308
1094	21,2307692
1094	-9,7692308
1094	1,2307692
1094	14,2307692
1095	20,2307692
1095	35,2307692
1095	3,2307692
1095	18,2307692
1096	14,2307692
1096	-36,7692308
1096	-13,7692308
1096	14,2307692
1097	1,2307692
1097	-14,7692308
1097	11,2307692
1097	27,2307692
1097	-16,7692308
1098	15,2307692
1098	39,2307692
1098	-6,7692308
1098	0,2307692
1099	21,2307692
1099	2,2307692
1099	-5,7692308
1099	18,2307692
1100	18,2307692
1100	-14,7692308
1100	-4,7692308
1100	-0,7692308
1101	3,2307692
1101	14,2307692
1101	5,2307692
1101	-11,7692308
1101	28,2307692
1102	-12,7692308
1102	32,2307692
1102	-0,7692308
1102	-8,7692308
1103	-2,7692308
1103	-1,7692308
1103	24,2307692
1103	12,2307692
1104	-11,7692308
1104	20,2307692
1104	15,2307692
1104	28,2307692
1105	36,2307692
1105	9,2307692
1105	28,2307692
1105	37,2307692
1106	19,2307692
1106	13,2307692
1106	-0,7692308
1106	3,2307692
1106	-4,7692308
1107	8,2307692
1107	34,2307692
1107	25,2307692
1107	-8,7692308
1108	-10,7692308
1108	1,2307692
1108	19,2307692
1108	-14,7692308
1109	-19,7692308
1109	8,2307692
1109	-18,7692308
1109	4,2307692
1110	24,2307692
1110	14,2307692
1110	3,2307692
1110	-5,7692308
1110	38,2307692
1111	14,2307692
1111	33,2307692
1111	-18,7692308
1111	0,2307692
1112	1,2307692
1112	-3,7692308
1112	12,2307692
1112	9,2307692
1113	-14,7692308
1113	-34,7692308
1113	-23,7692308
1113	8,2307692
1114	19,2307692
1114	6,2307692
1114	10,2307692
1114	10,2307692
1115	1,2307692
1115	-2,7692308
1115	3,2307692
1115	3,2307692
1115	3,2307692
1116	-5,7692308
1116	5,2307692
1116	-6,7692308
1116	-2,7692308
1117	7,2307692
1117	-5,7692308
1117	5,2307692
1117	6,2307692
1118	17,2307692
