196	-18,6153846
196	-18,6153846
196	-18,6153846
197	9,3846154
197	-1,6153846
197	16,3846154
197	0,3846154
198	10,3846154
198	8,3846154
198	-10,6153846
199	5,3846154
199	8,3846154
199	9,3846154
199	11,3846154
200	25,3846154
200	14,3846154
200	18,3846154
200	-35,6153846
201	-10,6153846
201	-6,6153846
201	3,3846154
201	2,3846154
202	25,3846154
202	7,3846154
202	-34,6153846
203	-0,6153846
203	4,3846154
203	31,3846154
203	0,3846154
204	25,3846154
204	13,3846154
204	-29,6153846
204	1,3846154
205	-4,6153846
205	-43,6153846
205	-13,6153846
205	-9,6153846
206	-20,6153846
206	6,3846154
206	4,3846154
207	-8,6153846
207	-11,6153846
207	0,3846154
207	-13,6153846
208	6,3846154
208	4,3846154
208	-2,6153846
208	-2,6153846
209	-4,6153846
209	-7,6153846
209	12,3846154
209	-19,6153846
210	1,3846154
210	11,3846154
210	2,3846154
211	-10,6153846
211	7,3846154
211	-4,6153846
211	-5,6153846
212	-15,6153846
212	-13,6153846
212	-0,6153846
212	-5,6153846
213	-0,6153846
213	-35,6153846
213	4,3846154
213	-16,6153846
214	9,3846154
214	-5,6153846
214	-11,6153846
215	-4,6153846
215	-39,6153846
215	-25,6153846
215	-19,6153846
216	15,3846154
216	11,3846154
216	20,3846154
216	-2,6153846
217	2,3846154
217	10,3846154
217	-4,6153846
217	-9,6153846
218	-27,6153846
218	-5,6153846
218	-0,6153846
219	-5,6153846
219	-18,6153846
219	-1,6153846
219	-7,6153846
220	3,3846154
220	-18,6153846
220	-12,6153846
220	-2,6153846
221	-1,6153846
221	-16,6153846
221	-8,6153846
221	-7,6153846
222	11,3846154
222	18,3846154
222	17,3846154
223	41,3846154
223	-3,6153846
223	-5,6153846
223	-12,6153846
224	2,3846154
224	-8,6153846
224	-7,6153846
224	-12,6153846
225	-6,6153846
225	15,3846154
225	1,3846154
225	10,3846154
226	9,3846154
226	-18,6153846
226	16,3846154
227	13,3846154
227	-15,6153846
227	-6,6153846
227	30,3846154
228	-1,6153846
228	4,3846154
228	4,3846154
228	-7,6153846
229	-0,6153846
229	-19,6153846
229	-28,6153846
229	1,3846154
230	-11,6153846
230	-9,6153846
230	-6,6153846
231	11,3846154
231	17,3846154
231	-22,6153846
231	-4,6153846
232	-6,6153846
232	8,3846154
232	11,3846154
232	-29,6153846
233	-16,6153846
233	7,3846154
233	12,3846154
233	5,3846154
234	-34,6153846
234	14,3846154
234	-20,6153846
235	8,3846154
235	2,3846154
235	-2,6153846
235	4,3846154
236	12,3846154
236	9,3846154
236	-19,6153846
236	-27,6153846
237	16,3846154
237	-1,6153846
237	-15,6153846
237	0,3846154
238	5,3846154
238	-8,6153846
238	2,3846154
239	-4,6153846
239	-9,6153846
239	-12,6153846
239	-0,6153846
240	-15,6153846
240	-18,6153846
240	-19,6153846
240	6,3846154
241	-17,6153846
241	9,3846154
241	2,3846154
241	11,3846154
242	-16,6153846
242	-17,6153846
242	5,3846154
243	3,3846154
243	-4,6153846
243	-15,6153846
243	-25,6153846
244	5,3846154
244	-10,6153846
244	0,3846154
244	-11,6153846
245	17,3846154
245	3,3846154
245	-29,6153846
245	-4,6153846
246	-25,6153846
246	5,3846154
246	-3,6153846
247	-3,6153846
247	-23,6153846
247	8,3846154
247	23,3846154
248	-2,6153846
248	3,3846154
248	5,3846154
248	12,3846154
249	12,3846154
249	6,3846154
249	-25,6153846
249	17,3846154
250	20,3846154
250	19,3846154
250	0,3846154
251	3,3846154
251	10,3846154
251	-7,6153846
251	-20,6153846
252	-15,6153846
252	11,3846154
252	10,3846154
252	0,3846154
253	14,3846154
253	-4,6153846
253	-24,6153846
253	2,3846154
254	-18,6153846
254	-9,6153846
254	-5,6153846
254	6,3846154
255	-38,6153846
255	-8,6153846
255	0,3846154
256	-32,6153846
256	-32,6153846
256	-0,6153846
256	28,3846154
257	-0,6153846
257	-2,6153846
257	18,3846154
257	27,3846154
258	13,3846154
258	-10,6153846
258	-6,6153846
258	-15,6153846
259	-15,6153846
259	19,3846154
259	17,3846154
260	15,3846154
260	-12,6153846
260	-28,6153846
260	-18,6153846
261	1,3846154
261	4,3846154
261	-7,6153846
261	-9,6153846
262	14,3846154
262	17,3846154
262	-1,6153846
262	0,3846154
263	22,3846154
263	9,3846154
263	-0,6153846
264	2,3846154
264	5,3846154
264	1,3846154
264	-0,6153846
265	-12,6153846
265	0,3846154
265	-21,6153846
265	0,3846154
266	1,3846154
266	-1,6153846
266	-2,6153846
266	-23,6153846
267	9,3846154
267	5,3846154
267	-5,6153846
268	-0,6153846
268	-0,6153846
268	-10,6153846
268	18,3846154
269	15,3846154
269	26,3846154
269	6,3846154
269	-6,6153846
270	4,3846154
270	-6,6153846
270	-0,6153846
270	10,3846154
271	-14,6153846
271	-11,6153846
271	6,3846154
271	-17,6153846
272	16,3846154
272	23,3846154
272	-32,6153846
273	-8,6153846
273	-9,6153846
273	-9,6153846
273	-2,6153846
274	2,3846154
274	-2,6153846
274	-5,6153846
274	6,3846154
275	35,3846154
275	7,3846154
275	6,3846154
275	10,3846154
276	21,3846154
276	1,3846154
276	-17,6153846
277	7,3846154
277	27,3846154
277	16,3846154
277	-11,6153846
278	-0,6153846
278	20,3846154
278	-3,6153846
278	1,3846154
279	1,3846154
279	6,3846154
279	11,3846154
279	3,3846154
280	-16,6153846
280	-29,6153846
280	-9,6153846
280	-22,6153846
281	6,3846154
281	-4,6153846
281	-9,6153846
282	0,3846154
282	-9,6153846
282	-6,6153846
282	-22,6153846
283	-35,6153846
283	-22,6153846
283	-7,6153846
283	9,3846154
284	-3,6153846
284	-22,6153846
284	-22,6153846
284	-13,6153846
285	-0,6153846
285	-4,6153846
285	9,3846154
286	24,3846154
286	-11,6153846
286	-4,6153846
286	6,3846154
287	3,3846154
287	-10,6153846
287	-22,6153846
287	13,3846154
288	3,3846154
288	2,3846154
288	-2,6153846
288	4,3846154
289	13,3846154
289	-12,6153846
289	-9,6153846
290	-11,6153846
290	-11,6153846
290	-16,6153846
290	-0,6153846
291	21,3846154
291	3,3846154
291	-18,6153846
291	8,3846154
292	10,3846154
292	-21,6153846
292	-7,6153846
292	24,3846154
293	13,3846154
293	-13,6153846
293	17,3846154
293	32,3846154
294	-2,6153846
294	-2,6153846
294	2,3846154
295	-1,6153846
295	14,3846154
295	-7,6153846
295	-20,6153846
296	-9,6153846
296	6,3846154
296	-15,6153846
296	-13,6153846
297	-37,6153846
297	6,3846154
297	-3,6153846
297	2,3846154
298	28,3846154
298	-40,6153846
298	9,3846154
299	8,3846154
299	17,3846154
299	13,3846154
299	11,3846154
300	-13,6153846
300	-16,6153846
300	-33,6153846
300	3,3846154
301	-21,6153846
301	-16,6153846
301	-30,6153846
301	-0,6153846
302	-14,6153846
302	-3,6153846
302	13,3846154
302	22,3846154
303	8,3846154
303	-9,6153846
303	-18,6153846
304	-19,6153846
304	4,3846154
304	-2,6153846
304	-10,6153846
305	5,3846154
305	8,3846154
305	-12,6153846
305	-24,6153846
306	19,3846154
306	-8,6153846
306	-20,6153846
306	8,3846154
307	9,3846154
307	28,3846154
307	0,3846154
307	-1,6153846
308	16,3846154
308	8,3846154
308	25,3846154
309	11,3846154
309	16,3846154
309	-12,6153846
309	4,3846154
310	0,3846154
310	-31,6153846
310	-6,6153846
310	-19,6153846
311	4,3846154
311	2,3846154
311	18,3846154
311	-16,6153846
312	19,3846154
312	14,3846154
312	-6,6153846
313	12,3846154
313	2,3846154
313	-12,6153846
313	-13,6153846
314	14,3846154
314	3,3846154
314	-20,6153846
314	15,3846154
315	14,3846154
315	31,3846154
315	2,3846154
315	5,3846154
316	15,3846154
316	-6,6153846
316	22,3846154
316	5,3846154
317	-2,6153846
317	4,3846154
317	-33,6153846
318	8,3846154
318	-7,6153846
318	8,3846154
318	7,3846154
319	-9,6153846
319	7,3846154
319	16,3846154
319	-9,6153846
320	1,3846154
320	3,3846154
320	4,3846154
320	-4,6153846
321	-4,6153846
321	-9,6153846
321	-27,6153846
321	-9,6153846
322	-1,6153846
322	6,3846154
322	-9,6153846
323	-19,6153846
323	13,3846154
323	-15,6153846
323	15,3846154
324	-27,6153846
324	-12,6153846
324	-21,6153846
324	7,3846154
325	-8,6153846
325	-12,6153846
325	-5,6153846
325	-10,6153846
326	-4,6153846
326	-21,6153846
326	-0,6153846
327	6,3846154
327	16,3846154
327	2,3846154
327	-21,6153846
328	-20,6153846
328	-4,6153846
328	18,3846154
328	-18,6153846
329	-15,6153846
329	-22,6153846
329	-13,6153846
329	8,3846154
330	-2,6153846
330	-28,6153846
330	20,3846154
330	1,3846154
331	-19,6153846
331	-22,6153846
331	16,3846154
332	1,3846154
332	-3,6153846
332	12,3846154
332	-16,6153846
333	2,3846154
333	-16,6153846
333	5,3846154
333	4,3846154
334	-12,6153846
334	2,3846154
334	17,3846154
334	5,3846154
335	4,3846154
335	-12,6153846
335	0,3846154
335	10,3846154
336	-2,6153846
336	26,3846154
336	22,3846154
337	-12,6153846
337	49,3846154
337	-19,6153846
337	-10,6153846
338	-7,6153846
338	-16,6153846
338	-10,6153846
338	26,3846154
339	-1,6153846
339	-13,6153846
339	-3,6153846
339	18,3846154
340	6,3846154
340	10,3846154
340	-10,6153846
340	-13,6153846
341	-11,6153846
341	2,3846154
341	-8,6153846
342	-41,6153846
342	-28,6153846
342	-6,6153846
342	-18,6153846
343	0,3846154
343	-4,6153846
343	-5,6153846
343	-2,6153846
344	13,3846154
344	18,3846154
344	8,3846154
344	-1,6153846
345	-6,6153846
345	-22,6153846
345	2,3846154
345	25,3846154
346	-3,6153846
346	5,3846154
346	-11,6153846
347	11,3846154
347	-7,6153846
347	-7,6153846
347	0,3846154
348	-0,6153846
348	-1,6153846
348	21,3846154
348	5,3846154
349	-0,6153846
349	-27,6153846
349	-10,6153846
349	-10,6153846
350	-24,6153846
350	-4,6153846
350	12,3846154
350	0,3846154
351	10,3846154
351	-19,6153846
351	-16,6153846
352	-15,6153846
352	14,3846154
352	19,3846154
352	12,3846154
353	11,3846154
353	18,3846154
353	-1,6153846
353	21,3846154
354	-2,6153846
354	24,3846154
354	11,3846154
354	-5,6153846
355	-20,6153846
355	16,3846154
355	15,3846154
355	8,3846154
356	-10,6153846
356	4,3846154
356	-4,6153846
357	3,3846154
357	-2,6153846
357	7,3846154
357	5,3846154
358	34,3846154
358	20,3846154
358	37,3846154
358	21,3846154
359	-20,6153846
359	-2,6153846
359	-3,6153846
359	19,3846154
360	35,3846154
360	7,3846154
360	-4,6153846
360	10,3846154
361	5,3846154
361	-21,6153846
361	-0,6153846
362	12,3846154
362	29,3846154
362	14,3846154
362	-6,6153846
363	-1,6153846
363	3,3846154
363	-4,6153846
363	-23,6153846
364	12,3846154
364	18,3846154
364	3,3846154
364	-4,6153846
365	11,3846154
365	-4,6153846
365	-15,6153846
365	7,3846154
366	11,3846154
366	8,3846154
366	5,3846154
367	1,3846154
367	13,3846154
367	26,3846154
367	-6,6153846
368	-27,6153846
368	-0,6153846
368	9,3846154
368	-3,6153846
369	-49,6153846
369	-23,6153846
369	-11,6153846
369	-22,6153846
370	-4,6153846
370	-3,6153846
370	-44,6153846
370	18,3846154
371	-0,6153846
371	-11,6153846
371	12,3846154
371	3,3846154
372	0,3846154
372	1,3846154
372	7,3846154
373	11,3846154
373	8,3846154
373	1,3846154
373	-16,6153846
374	-17,6153846
374	-6,6153846
374	5,3846154
374	14,3846154
375	17,3846154
375	7,3846154
375	23,3846154
375	0,3846154
376	20,3846154
376	10,3846154
376	6,3846154
376	18,3846154
377	-16,6153846
377	-8,6153846
377	32,3846154
378	-14,6153846
378	0,3846154
378	30,3846154
378	0,3846154
379	18,3846154
379	11,3846154
379	2,3846154
379	2,3846154
380	6,3846154
380	-5,6153846
380	8,3846154
380	11,3846154
381	24,3846154
381	-11,6153846
381	16,3846154
381	-0,6153846
382	13,3846154
382	-2,6153846
382	-3,6153846
383	-13,6153846
383	-18,6153846
383	-1,6153846
383	-11,6153846
384	11,3846154
384	-12,6153846
384	6,3846154
384	10,3846154
385	-8,6153846
385	27,3846154
385	18,3846154
385	-6,6153846
386	15,3846154
386	-4,6153846
386	10,3846154
386	4,3846154
387	23,3846154
387	-11,6153846
387	-15,6153846
387	-32,6153846
388	-4,6153846
388	13,3846154
388	0,3846154
389	-14,6153846
389	-20,6153846
389	-9,6153846
389	-15,6153846
390	-9,6153846
390	-10,6153846
390	7,3846154
390	-17,6153846
391	-2,6153846
391	-4,6153846
391	-18,6153846
391	5,3846154
392	-1,6153846
392	-11,6153846
392	-19,6153846
392	0,3846154
393	-14,6153846
393	-13,6153846
393	30,3846154
394	15,3846154
394	10,3846154
394	8,3846154
394	12,3846154
395	-25,6153846
395	2,3846154
395	-15,6153846
395	3,3846154
396	-11,6153846
396	-2,6153846
396	-2,6153846
396	18,3846154
397	-20,6153846
397	17,3846154
397	-7,6153846
397	-5,6153846
398	5,3846154
398	-8,6153846
398	9,3846154
398	-7,6153846
399	0,3846154
399	-13,6153846
399	6,3846154
400	-3,6153846
400	-13,6153846
400	13,3846154
400	12,3846154
401	0,3846154
401	7,3846154
401	-13,6153846
401	-1,6153846
402	7,3846154
402	12,3846154
402	4,3846154
402	-6,6153846
403	7,3846154
403	40,3846154
403	5,3846154
403	-10,6153846
404	-12,6153846
404	24,3846154
404	-4,6153846
405	-22,6153846
405	2,3846154
405	20,3846154
405	0,3846154
406	24,3846154
406	1,3846154
406	8,3846154
406	-9,6153846
407	-3,6153846
407	-6,6153846
407	-12,6153846
407	-7,6153846
408	1,3846154
408	9,3846154
408	-26,6153846
408	14,3846154
409	8,3846154
409	-5,6153846
409	-3,6153846
409	7,3846154
410	-3,6153846
410	-5,6153846
410	13,3846154
411	-6,6153846
411	-11,6153846
411	-12,6153846
411	0,3846154
412	21,3846154
412	19,3846154
412	3,3846154
412	-6,6153846
413	-14,6153846
413	-11,6153846
413	-16,6153846
413	-8,6153846
414	-5,6153846
414	-7,6153846
414	-18,6153846
414	-10,6153846
415	8,3846154
415	29,3846154
415	17,3846154
415	-7,6153846
416	-9,6153846
416	-7,6153846
416	14,3846154
417	16,3846154
417	18,3846154
417	8,3846154
417	14,3846154
418	-0,6153846
418	-0,6153846
418	-9,6153846
418	-26,6153846
419	10,3846154
419	-12,6153846
419	36,3846154
419	-7,6153846
420	-7,6153846
420	-6,6153846
420	14,3846154
420	-17,6153846
421	14,3846154
421	-10,6153846
421	1,3846154
421	1,3846154
422	-12,6153846
422	1,3846154
422	-14,6153846
423	-1,6153846
423	3,3846154
423	23,3846154
423	21,3846154
424	13,3846154
424	-18,6153846
424	-15,6153846
424	4,3846154
425	13,3846154
425	11,3846154
425	-16,6153846
425	0,3846154
426	-28,6153846
426	-11,6153846
426	-2,6153846
426	3,3846154
427	11,3846154
427	-7,6153846
427	-10,6153846
427	-8,6153846
428	13,3846154
428	24,3846154
428	8,3846154
429	22,3846154
429	8,3846154
429	-0,6153846
429	20,3846154
430	15,3846154
430	-4,6153846
430	-6,6153846
430	-2,6153846
431	10,3846154
431	-20,6153846
431	-29,6153846
431	3,3846154
432	0,3846154
432	-1,6153846
432	2,3846154
432	14,3846154
433	0,3846154
433	3,3846154
433	-0,6153846
433	-4,6153846
434	-7,6153846
434	-13,6153846
434	-7,6153846
435	-25,6153846
435	8,3846154
435	-1,6153846
435	-24,6153846
436	-6,6153846
436	21,3846154
436	-19,6153846
436	-18,6153846
437	-0,6153846
437	-2,6153846
437	-14,6153846
437	-13,6153846
438	14,3846154
438	16,3846154
438	20,3846154
438	4,3846154
439	0,3846154
439	0,3846154
439	-11,6153846
439	17,3846154
440	13,3846154
440	-14,6153846
440	8,3846154
441	-3,6153846
441	-10,6153846
441	15,3846154
441	-3,6153846
442	-2,6153846
442	3,3846154
442	20,3846154
442	3,3846154
443	5,3846154
443	8,3846154
443	3,3846154
443	-7,6153846
444	-21,6153846
444	-11,6153846
444	11,3846154
444	12,3846154
445	-23,6153846
445	-1,6153846
445	20,3846154
445	30,3846154
446	-15,6153846
446	-13,6153846
446	-7,6153846
447	13,3846154
447	8,3846154
447	13,3846154
447	-9,6153846
448	15,3846154
448	-15,6153846
448	-5,6153846
448	-0,6153846
449	1,3846154
449	12,3846154
449	-2,6153846
449	-3,6153846
450	2,3846154
450	-13,6153846
450	-8,6153846
450	7,3846154
451	-13,6153846
451	-26,6153846
451	-9,6153846
451	27,3846154
452	-1,6153846
452	-27,6153846
452	-20,6153846
452	-0,6153846
453	3,3846154
453	-18,6153846
453	-15,6153846
454	-0,6153846
454	3,3846154
454	0,3846154
454	-14,6153846
455	-13,6153846
455	0,3846154
455	-30,6153846
455	-20,6153846
456	-13,6153846
456	14,3846154
456	-8,6153846
456	26,3846154
457	-11,6153846
457	-5,6153846
457	1,3846154
457	-4,6153846
458	-11,6153846
458	-5,6153846
458	-21,6153846
458	1,3846154
459	-1,6153846
459	5,3846154
459	3,3846154
460	23,3846154
460	-6,6153846
460	14,3846154
460	-19,6153846
461	-4,6153846
461	-11,6153846
461	-2,6153846
461	8,3846154
462	6,3846154
462	-13,6153846
462	-29,6153846
462	-0,6153846
463	-13,6153846
463	-14,6153846
463	-25,6153846
463	-9,6153846
464	-6,6153846
464	2,3846154
464	-7,6153846
464	1,3846154
465	0,3846154
465	14,3846154
465	10,3846154
465	-0,6153846
466	-8,6153846
466	2,3846154
466	13,3846154
467	-14,6153846
467	-5,6153846
467	8,3846154
467	1,3846154
468	4,3846154
468	33,3846154
468	-2,6153846
468	-4,6153846
469	20,3846154
469	-20,6153846
469	-21,6153846
469	0,3846154
470	-15,6153846
470	-15,6153846
470	5,3846154
470	-30,6153846
471	12,3846154
471	-12,6153846
471	1,3846154
471	-12,6153846
472	9,3846154
472	13,3846154
472	5,3846154
472	19,3846154
473	-3,6153846
473	19,3846154
473	-9,6153846
474	15,3846154
474	-18,6153846
474	21,3846154
474	-14,6153846
475	0,3846154
475	-1,6153846
475	5,3846154
475	2,3846154
476	-2,6153846
476	13,3846154
476	6,3846154
476	11,3846154
477	-2,6153846
477	17,3846154
477	-6,6153846
477	-11,6153846
478	-6,6153846
478	-8,6153846
478	-21,6153846
478	-20,6153846
479	-12,6153846
479	20,3846154
479	5,3846154
479	-3,6153846
480	5,3846154
480	-20,6153846
480	-12,6153846
481	1,3846154
481	-4,6153846
481	6,3846154
481	-1,6153846
482	42,3846154
482	2,3846154
482	-14,6153846
482	0,3846154
483	-25,6153846
483	-5,6153846
483	-4,6153846
483	-12,6153846
484	3,3846154
484	34,3846154
484	22,3846154
484	-14,6153846
485	-22,6153846
485	-5,6153846
485	24,3846154
485	23,3846154
486	3,3846154
486	-12,6153846
486	-2,6153846
486	-2,6153846
487	0,3846154
487	11,3846154
487	16,3846154
488	2,3846154
488	5,3846154
488	-14,6153846
488	-12,6153846
489	1,3846154
489	37,3846154
489	17,3846154
489	4,3846154
490	18,3846154
490	6,3846154
490	-17,6153846
490	0,3846154
491	6,3846154
491	-20,6153846
491	-5,6153846
491	8,3846154
492	-20,6153846
492	9,3846154
492	23,3846154
492	-22,6153846
493	0,3846154
493	-19,6153846
493	-8,6153846
493	-4,6153846
494	-23,6153846
494	-19,6153846
494	15,3846154
495	-14,6153846
495	-8,6153846
495	4,3846154
495	-5,6153846
496	18,3846154
496	-17,6153846
496	3,3846154
496	-0,6153846
497	-1,6153846
497	4,3846154
497	5,3846154
497	23,3846154
498	-7,6153846
498	-17,6153846
498	5,3846154
498	-8,6153846
499	4,3846154
499	2,3846154
499	4,3846154
499	39,3846154
500	35,3846154
500	5,3846154
500	-19,6153846
500	12,3846154
501	15,3846154
501	11,3846154
501	-1,6153846
502	0,3846154
502	0,3846154
502	7,3846154
502	-18,6153846
503	-3,6153846
503	7,3846154
503	2,3846154
503	-8,6153846
504	2,3846154
504	-1,6153846
504	-2,6153846
504	16,3846154
505	-5,6153846
505	2,3846154
505	7,3846154
505	7,3846154
506	3,3846154
506	18,3846154
506	-2,6153846
506	-4,6153846
507	-1,6153846
507	-7,6153846
507	3,3846154
507	1,3846154
508	3,3846154
508	13,3846154
508	-2,6153846
508	16,3846154
509	-6,6153846
509	2,3846154
509	-13,6153846
510	-21,6153846
510	-0,6153846
510	-10,6153846
510	-7,6153846
511	11,3846154
511	19,3846154
511	-20,6153846
511	-17,6153846
512	17,3846154
512	-17,6153846
512	-5,6153846
512	-6,6153846
513	-37,6153846
513	14,3846154
513	14,3846154
513	-18,6153846
514	-17,6153846
514	-9,6153846
514	11,3846154
514	-9,6153846
515	-17,6153846
515	2,3846154
515	5,3846154
515	1,3846154
516	26,3846154
516	18,3846154
516	11,3846154
516	-12,6153846
517	-22,6153846
517	-23,6153846
517	6,3846154
518	-14,6153846
518	4,3846154
518	12,3846154
518	-2,6153846
519	54,3846154
519	21,3846154
519	1,3846154
519	16,3846154
520	-19,6153846
520	5,3846154
520	5,3846154
520	20,3846154
521	-24,6153846
521	4,3846154
521	-10,6153846
521	8,3846154
522	24,3846154
522	22,3846154
522	4,3846154
522	-6,6153846
523	11,3846154
523	12,3846154
523	28,3846154
523	-23,6153846
524	6,3846154
524	-7,6153846
524	-3,6153846
524	18,3846154
525	12,3846154
525	-4,6153846
525	2,3846154
526	-1,6153846
526	31,3846154
526	31,3846154
526	4,3846154
527	-15,6153846
527	4,3846154
527	13,3846154
527	-10,6153846
528	21,3846154
528	7,3846154
528	-4,6153846
528	16,3846154
529	12,3846154
529	-36,6153846
529	-26,6153846
529	-4,6153846
530	16,3846154
530	-26,6153846
530	-7,6153846
530	-3,6153846
531	17,3846154
531	12,3846154
531	22,3846154
531	1,3846154
532	-23,6153846
532	1,3846154
532	-8,6153846
532	4,3846154
533	-27,6153846
533	-23,6153846
533	-3,6153846
534	-7,6153846
534	-1,6153846
534	13,3846154
534	-6,6153846
535	11,3846154
535	-18,6153846
535	26,3846154
535	18,3846154
536	26,3846154
536	8,3846154
536	-1,6153846
536	-5,6153846
537	0,3846154
537	-13,6153846
537	14,3846154
537	-20,6153846
538	-17,6153846
538	-14,6153846
538	11,3846154
538	-1,6153846
539	13,3846154
539	9,3846154
539	-1,6153846
539	3,3846154
540	10,3846154
540	-23,6153846
540	10,3846154
540	-0,6153846
541	17,3846154
541	-19,6153846
541	-11,6153846
541	-21,6153846
542	-0,6153846
542	-0,6153846
542	3,3846154
543	15,3846154
543	2,3846154
543	-9,6153846
543	39,3846154
544	-1,6153846
544	12,3846154
544	10,3846154
544	10,3846154
545	-20,6153846
545	9,3846154
545	2,3846154
545	-25,6153846
546	30,3846154
546	-5,6153846
546	17,3846154
546	9,3846154
547	-3,6153846
547	-2,6153846
547	6,3846154
547	-37,6153846
548	0,3846154
548	5,3846154
548	-4,6153846
548	5,3846154
549	-1,6153846
549	7,3846154
549	-21,6153846
549	-9,6153846
550	1,3846154
550	-22,6153846
550	12,3846154
550	-24,6153846
551	-11,6153846
551	-2,6153846
551	-4,6153846
552	-27,6153846
552	-17,6153846
552	-14,6153846
552	14,3846154
553	-14,6153846
553	7,3846154
553	-3,6153846
553	3,3846154
554	-8,6153846
554	2,3846154
554	-17,6153846
554	-19,6153846
555	22,3846154
555	22,3846154
555	-9,6153846
555	-12,6153846
556	4,3846154
556	9,3846154
556	-19,6153846
556	16,3846154
557	32,3846154
557	12,3846154
557	-17,6153846
557	-14,6153846
558	12,3846154
558	-12,6153846
558	1,3846154
558	6,3846154
559	13,3846154
559	-13,6153846
559	-11,6153846
559	-5,6153846
560	17,3846154
560	12,3846154
560	5,3846154
561	-18,6153846
561	12,3846154
561	-22,6153846
561	10,3846154
562	-9,6153846
562	-23,6153846
562	13,3846154
562	7,3846154
563	8,3846154
563	1,3846154
563	2,3846154
563	8,3846154
564	-5,6153846
564	-6,6153846
564	-0,6153846
564	10,3846154
565	11,3846154
565	3,3846154
565	17,3846154
565	-1,6153846
566	9,3846154
566	-15,6153846
566	-1,6153846
566	-4,6153846
567	-12,6153846
567	-7,6153846
567	-17,6153846
567	-16,6153846
568	-15,6153846
568	-10,6153846
568	12,3846154
568	-26,6153846
569	-20,6153846
569	12,3846154
569	-1,6153846
569	-0,6153846
570	14,3846154
570	-3,6153846
570	0,3846154
571	-16,6153846
571	-1,6153846
571	-19,6153846
571	16,3846154
572	0,3846154
572	-12,6153846
572	-19,6153846
572	19,3846154
573	-19,6153846
573	-26,6153846
573	-3,6153846
573	-20,6153846
574	8,3846154
574	-5,6153846
574	-23,6153846
574	3,3846154
575	-5,6153846
575	-13,6153846
575	11,3846154
575	9,3846154
576	5,3846154
576	10,3846154
576	21,3846154
576	-29,6153846
577	-15,6153846
577	-9,6153846
577	10,3846154
577	-0,6153846
578	18,3846154
578	-1,6153846
578	-6,6153846
578	15,3846154
579	11,3846154
579	-15,6153846
579	-14,6153846
579	-16,6153846
580	9,3846154
580	4,3846154
580	-11,6153846
581	28,3846154
581	-12,6153846
581	11,3846154
581	-8,6153846
582	-37,6153846
582	-38,6153846
582	11,3846154
582	-7,6153846
583	-8,6153846
583	-9,6153846
583	-10,6153846
583	-9,6153846
584	32,3846154
584	13,3846154
584	10,3846154
584	24,3846154
585	11,3846154
585	2,3846154
585	5,3846154
585	-16,6153846
586	13,3846154
586	13,3846154
586	14,3846154
586	-1,6153846
587	20,3846154
587	-32,6153846
587	-21,6153846
587	-10,6153846
588	1,3846154
588	21,3846154
588	18,3846154
588	1,3846154
589	20,3846154
589	-5,6153846
589	1,3846154
589	-12,6153846
590	-7,6153846
590	-7,6153846
590	-22,6153846
590	15,3846154
591	18,3846154
591	24,3846154
591	-17,6153846
592	1,3846154
592	-19,6153846
592	-13,6153846
592	-19,6153846
593	9,3846154
593	-22,6153846
593	-9,6153846
593	8,3846154
594	35,3846154
594	-0,6153846
594	8,3846154
594	6,3846154
595	-10,6153846
595	-15,6153846
595	4,3846154
595	-8,6153846
596	6,3846154
596	-4,6153846
596	-24,6153846
596	16,3846154
597	12,3846154
597	3,3846154
597	30,3846154
597	-238,6153846
598	-2,6153846
598	-22,6153846
598	-17,6153846
598	1,3846154
599	6,3846154
599	-2,6153846
599	-15,6153846
599	-11,6153846
600	18,3846154
600	-6,6153846
600	-14,6153846
600	0,3846154
601	-34,6153846
601	-0,6153846
601	6,3846154
601	-10,6153846
602	11,3846154
602	-12,6153846
602	11,3846154
603	0,3846154
603	-4,6153846
603	24,3846154
603	-0,6153846
604	-4,6153846
604	-6,6153846
604	1,3846154
604	5,3846154
605	29,3846154
605	7,3846154
605	3,3846154
605	-0,6153846
606	-1,6153846
606	-8,6153846
606	12,3846154
606	-16,6153846
607	-26,6153846
607	-12,6153846
607	22,3846154
607	20,3846154
608	-12,6153846
608	12,3846154
608	12,3846154
608	0,3846154
609	-1,6153846
609	-0,6153846
609	-0,6153846
609	-5,6153846
610	-18,6153846
610	1,3846154
610	4,3846154
610	7,3846154
611	-14,6153846
611	2,3846154
611	-21,6153846
611	-11,6153846
612	5,3846154
612	5,3846154
612	-6,6153846
612	3,3846154
613	11,3846154
613	14,3846154
613	27,3846154
613	-12,6153846
614	17,3846154
614	3,3846154
614	-0,6153846
614	-14,6153846
615	-0,6153846
615	20,3846154
615	-4,6153846
616	-33,6153846
616	-10,6153846
616	22,3846154
616	-12,6153846
617	-4,6153846
617	3,3846154
617	-10,6153846
617	-42,6153846
618	-20,6153846
618	4,3846154
618	-11,6153846
618	25,3846154
619	19,3846154
619	18,3846154
619	6,3846154
619	-15,6153846
620	-0,6153846
620	13,3846154
620	-13,6153846
620	-4,6153846
621	-5,6153846
621	0,3846154
621	-15,6153846
621	-0,6153846
622	-17,6153846
622	-10,6153846
622	15,3846154
622	-3,6153846
623	-22,6153846
623	-16,6153846
623	-5,6153846
623	9,3846154
624	-14,6153846
624	-23,6153846
624	-12,6153846
624	-11,6153846
625	11,3846154
625	13,3846154
625	-21,6153846
625	-21,6153846
626	13,3846154
626	-11,6153846
626	-4,6153846
626	-0,6153846
627	18,3846154
627	-18,6153846
627	23,3846154
627	10,3846154
628	-14,6153846
628	-8,6153846
628	1,3846154
629	-6,6153846
629	16,3846154
629	-25,6153846
629	-9,6153846
630	15,3846154
630	15,3846154
630	-3,6153846
630	-6,6153846
631	-22,6153846
631	14,3846154
631	-25,6153846
631	-4,6153846
632	-7,6153846
632	0,3846154
632	-19,6153846
632	-12,6153846
633	-19,6153846
633	-3,6153846
633	-6,6153846
633	-4,6153846
634	-10,6153846
634	4,3846154
634	-24,6153846
634	2,3846154
635	-8,6153846
635	-9,6153846
635	-17,6153846
635	-5,6153846
636	10,3846154
636	9,3846154
636	6,3846154
636	-14,6153846
637	8,3846154
637	6,3846154
637	11,3846154
637	-6,6153846
638	-4,6153846
638	11,3846154
638	4,3846154
638	12,3846154
639	-22,6153846
639	-22,6153846
639	-3,6153846
639	7,3846154
640	-6,6153846
640	17,3846154
640	-10,6153846
640	4,3846154
641	5,3846154
641	-2,6153846
641	-10,6153846
641	-0,6153846
642	9,3846154
642	4,3846154
642	-7,6153846
642	3,3846154
643	13,3846154
643	-7,6153846
643	-6,6153846
644	-3,6153846
644	-0,6153846
644	-1,6153846
644	-4,6153846
645	2,3846154
645	-26,6153846
645	-8,6153846
645	10,3846154
646	-18,6153846
646	-7,6153846
646	-10,6153846
646	6,3846154
647	2,3846154
647	18,3846154
647	-14,6153846
647	2,3846154
648	32,3846154
648	-3,6153846
648	-36,6153846
648	-0,6153846
649	6,3846154
649	7,3846154
649	-9,6153846
649	-18,6153846
650	22,3846154
650	-3,6153846
650	9,3846154
650	-8,6153846
651	15,3846154
651	8,3846154
651	2,3846154
651	-3,6153846
652	12,3846154
652	-6,6153846
652	0,3846154
652	-2,6153846
653	11,3846154
653	10,3846154
653	2,3846154
653	7,3846154
654	-9,6153846
654	2,3846154
654	14,3846154
654	8,3846154
655	2,3846154
655	27,3846154
655	-3,6153846
655	10,3846154
656	-2,6153846
656	6,3846154
656	-9,6153846
656	-14,6153846
657	10,3846154
657	0,3846154
657	9,3846154
657	3,3846154
658	-17,6153846
658	-6,6153846
658	11,3846154
658	2,3846154
659	9,3846154
659	-12,6153846
659	-12,6153846
660	-3,6153846
660	-6,6153846
660	-0,6153846
660	-8,6153846
661	-9,6153846
661	35,3846154
661	6,3846154
661	-5,6153846
662	0,3846154
662	34,3846154
662	22,3846154
662	3,3846154
663	-30,6153846
663	1,3846154
663	-0,6153846
663	-13,6153846
664	1,3846154
664	22,3846154
664	3,3846154
664	-6,6153846
665	8,3846154
665	-0,6153846
665	10,3846154
665	-26,6153846
666	-21,6153846
666	-28,6153846
666	-7,6153846
666	-5,6153846
667	3,3846154
667	-5,6153846
667	-7,6153846
667	4,3846154
668	-13,6153846
668	-23,6153846
668	10,3846154
668	11,3846154
669	-15,6153846
669	-17,6153846
669	-3,6153846
669	-25,6153846
670	-6,6153846
670	6,3846154
670	-27,6153846
670	-30,6153846
671	-9,6153846
671	14,3846154
671	0,3846154
671	-3,6153846
672	0,3846154
672	1,3846154
672	21,3846154
672	5,3846154
673	-0,6153846
673	-0,6153846
673	-6,6153846
673	6,3846154
674	7,3846154
674	14,3846154
674	-16,6153846
674	19,3846154
675	-21,6153846
675	-8,6153846
675	-25,6153846
675	-7,6153846
676	10,3846154
676	15,3846154
676	-20,6153846
676	7,3846154
677	8,3846154
677	8,3846154
677	-10,6153846
677	2,3846154
678	15,3846154
678	21,3846154
678	-7,6153846
678	6,3846154
679	3,3846154
679	16,3846154
679	8,3846154
680	-9,6153846
680	-1,6153846
680	8,3846154
680	-11,6153846
681	8,3846154
681	-5,6153846
681	-14,6153846
681	-0,6153846
682	10,3846154
682	0,3846154
682	6,3846154
682	-2,6153846
683	-12,6153846
683	-5,6153846
683	10,3846154
683	10,3846154
684	-7,6153846
684	-11,6153846
684	-2,6153846
684	-17,6153846
685	-11,6153846
685	-22,6153846
685	10,3846154
685	-34,6153846
686	-22,6153846
686	-18,6153846
686	16,3846154
686	0,3846154
687	11,3846154
687	25,3846154
687	6,3846154
687	9,3846154
688	4,3846154
688	15,3846154
688	-21,6153846
688	-4,6153846
689	-4,6153846
689	-11,6153846
689	-8,6153846
689	1,3846154
690	-3,6153846
690	-15,6153846
690	-29,6153846
690	-9,6153846
691	-5,6153846
691	-8,6153846
691	31,3846154
691	2,3846154
692	1,3846154
692	15,3846154
692	6,3846154
692	-4,6153846
693	-6,6153846
693	-31,6153846
693	-20,6153846
693	-17,6153846
694	-11,6153846
694	7,3846154
694	23,3846154
694	11,3846154
695	-10,6153846
695	-7,6153846
695	-18,6153846
695	-4,6153846
696	8,3846154
696	-19,6153846
696	-6,6153846
696	9,3846154
697	-9,6153846
697	-12,6153846
697	0,3846154
697	13,3846154
698	-11,6153846
698	-12,6153846
698	4,3846154
698	-11,6153846
699	4,3846154
699	-3,6153846
699	-0,6153846
699	-1,6153846
700	8,3846154
700	-6,6153846
700	6,3846154
700	-25,6153846
701	14,3846154
701	-20,6153846
701	-3,6153846
701	-0,6153846
702	-5,6153846
702	-9,6153846
702	-3,6153846
702	0,3846154
703	-24,6153846
703	14,3846154
703	-0,6153846
703	-14,6153846
704	-14,6153846
704	3,3846154
704	5,3846154
704	3,3846154
705	-9,6153846
705	7,3846154
705	-0,6153846
706	9,3846154
706	19,3846154
706	4,3846154
706	-1,6153846
707	-4,6153846
707	-26,6153846
707	5,3846154
707	-5,6153846
708	-18,6153846
708	3,3846154
708	6,3846154
708	14,3846154
709	-15,6153846
709	-0,6153846
709	2,3846154
709	-15,6153846
710	-4,6153846
710	-12,6153846
710	-2,6153846
710	-13,6153846
711	-26,6153846
711	1,3846154
711	24,3846154
711	-4,6153846
712	6,3846154
712	-25,6153846
712	-1,6153846
712	12,3846154
713	-6,6153846
713	5,3846154
713	19,3846154
713	9,3846154
714	23,3846154
714	-13,6153846
714	-14,6153846
714	7,3846154
715	2,3846154
715	-19,6153846
715	-4,6153846
715	14,3846154
716	5,3846154
716	21,3846154
716	-0,6153846
716	3,3846154
717	-3,6153846
717	12,3846154
717	1,3846154
717	5,3846154
718	-12,6153846
718	-1,6153846
718	-23,6153846
718	-17,6153846
719	7,3846154
719	1,3846154
719	10,3846154
719	-28,6153846
720	-15,6153846
720	-26,6153846
720	0,3846154
720	25,3846154
721	28,3846154
721	-3,6153846
721	14,3846154
721	-22,6153846
722	26,3846154
722	9,3846154
722	-7,6153846
722	-29,6153846
723	12,3846154
723	-8,6153846
723	-3,6153846
723	26,3846154
724	0,3846154
724	12,3846154
724	-5,6153846
724	-24,6153846
725	9,3846154
725	13,3846154
725	-8,6153846
725	-14,6153846
726	-6,6153846
726	10,3846154
726	2,3846154
726	-10,6153846
727	-18,6153846
727	-33,6153846
727	5,3846154
727	-3,6153846
728	-22,6153846
728	-25,6153846
728	-29,6153846
728	-14,6153846
729	1,3846154
729	16,3846154
729	5,3846154
729	-8,6153846
730	5,3846154
730	-38,6153846
730	-15,6153846
730	-2,6153846
731	1,3846154
731	-18,6153846
731	1,3846154
731	18,3846154
732	-5,6153846
732	-21,6153846
732	-8,6153846
732	13,3846154
733	17,3846154
733	-9,6153846
733	-12,6153846
733	3,3846154
734	-7,6153846
734	-14,6153846
734	-10,6153846
734	9,3846154
735	-9,6153846
735	-14,6153846
735	26,3846154
735	22,3846154
736	-14,6153846
736	-14,6153846
736	-17,6153846
736	12,3846154
737	-2,6153846
737	-11,6153846
737	-33,6153846
737	3,3846154
738	-17,6153846
738	16,3846154
738	8,3846154
738	1,3846154
739	13,3846154
739	7,3846154
739	-20,6153846
739	24,3846154
740	20,3846154
740	7,3846154
740	-6,6153846
740	-6,6153846
741	3,3846154
741	-11,6153846
741	-9,6153846
741	-2,6153846
742	-2,6153846
742	11,3846154
742	-5,6153846
742	-13,6153846
743	-6,6153846
743	16,3846154
743	-11,6153846
743	-12,6153846
744	-25,6153846
744	-27,6153846
744	-4,6153846
744	-25,6153846
745	-26,6153846
745	6,3846154
745	3,3846154
745	-17,6153846
746	-2,6153846
746	-15,6153846
746	-4,6153846
746	-1,6153846
747	11,3846154
747	2,3846154
747	-10,6153846
747	-8,6153846
748	11,3846154
748	-3,6153846
748	-27,6153846
748	9,3846154
749	13,3846154
749	13,3846154
749	4,3846154
749	-31,6153846
750	-0,6153846
750	-8,6153846
750	-7,6153846
750	-22,6153846
751	11,3846154
751	1,3846154
751	6,3846154
751	-3,6153846
752	-12,6153846
752	-15,6153846
752	-1,6153846
752	-4,6153846
753	-14,6153846
753	-19,6153846
753	-10,6153846
753	-9,6153846
754	-9,6153846
754	-13,6153846
754	-28,6153846
754	-13,6153846
755	-11,6153846
755	-1,6153846
755	3,3846154
755	-20,6153846
756	-29,6153846
756	-13,6153846
756	15,3846154
756	9,3846154
757	-7,6153846
757	-4,6153846
757	-25,6153846
757	1,3846154
758	-4,6153846
758	-16,6153846
758	8,3846154
758	26,3846154
759	31,3846154
759	21,3846154
759	-19,6153846
759	-16,6153846
760	-15,6153846
760	-2,6153846
760	-11,6153846
760	-8,6153846
761	-15,6153846
761	10,3846154
761	0,3846154
761	-14,6153846
762	18,3846154
762	2,3846154
762	1,3846154
762	-20,6153846
763	6,3846154
763	-4,6153846
763	19,3846154
763	2,3846154
764	-7,6153846
764	-15,6153846
764	17,3846154
764	18,3846154
765	-1,6153846
765	-9,6153846
765	-10,6153846
765	-1,6153846
766	-21,6153846
766	-16,6153846
766	-5,6153846
766	5,3846154
767	-14,6153846
767	-16,6153846
767	10,3846154
767	-10,6153846
768	12,3846154
768	-6,6153846
768	10,3846154
768	32,3846154
769	-5,6153846
769	5,3846154
769	-8,6153846
769	-34,6153846
770	16,3846154
770	-28,6153846
770	-3,6153846
770	-37,6153846
771	-1,6153846
771	-5,6153846
771	-14,6153846
771	2,3846154
772	-4,6153846
772	-3,6153846
772	0,3846154
772	16,3846154
773	-25,6153846
773	-11,6153846
773	-0,6153846
773	-7,6153846
774	-0,6153846
774	-1,6153846
774	-20,6153846
774	-25,6153846
775	-8,6153846
775	-0,6153846
775	-15,6153846
775	-16,6153846
776	-23,6153846
776	5,3846154
776	19,3846154
776	-23,6153846
777	9,3846154
777	-1,6153846
777	28,3846154
777	12,3846154
778	-5,6153846
778	11,3846154
778	-2,6153846
778	-21,6153846
779	-3,6153846
779	-0,6153846
779	-14,6153846
779	18,3846154
780	19,3846154
780	3,3846154
780	0,3846154
780	-10,6153846
781	-9,6153846
781	-12,6153846
781	-4,6153846
781	-13,6153846
782	6,3846154
782	16,3846154
782	-2,6153846
782	26,3846154
783	18,3846154
783	-10,6153846
783	-4,6153846
783	-9,6153846
784	8,3846154
784	15,3846154
784	7,3846154
784	14,3846154
785	-18,6153846
785	1,3846154
785	-17,6153846
785	-14,6153846
786	-11,6153846
786	-24,6153846
786	7,3846154
786	14,3846154
787	0,3846154
787	-3,6153846
787	1,3846154
787	-6,6153846
788	-27,6153846
788	-15,6153846
788	2,3846154
788	2,3846154
789	-0,6153846
789	-8,6153846
789	9,3846154
789	-12,6153846
790	-15,6153846
790	-12,6153846
790	-11,6153846
790	-1,6153846
791	-11,6153846
791	-13,6153846
791	-25,6153846
791	-38,6153846
792	-5,6153846
792	-0,6153846
792	10,3846154
792	-16,6153846
793	-17,6153846
793	1,3846154
793	-20,6153846
793	13,3846154
794	-1,6153846
794	-23,6153846
794	-4,6153846
794	-27,6153846
795	-26,6153846
795	19,3846154
795	-0,6153846
795	12,3846154
796	-4,6153846
796	31,3846154
796	-6,6153846
796	-10,6153846
797	6,3846154
797	-31,6153846
797	23,3846154
797	-16,6153846
798	-22,6153846
798	0,3846154
798	24,3846154
798	17,3846154
799	-17,6153846
799	-30,6153846
799	-10,6153846
799	-21,6153846
800	16,3846154
800	32,3846154
800	16,3846154
800	-8,6153846
801	6,3846154
801	-7,6153846
801	16,3846154
801	-2,6153846
802	5,3846154
802	-0,6153846
802	-0,6153846
802	-7,6153846
803	0,3846154
803	-22,6153846
803	18,3846154
803	20,3846154
804	6,3846154
804	-19,6153846
804	-3,6153846
804	-9,6153846
805	-9,6153846
805	-42,6153846
805	17,3846154
805	-16,6153846
806	-6,6153846
806	-10,6153846
806	25,3846154
806	26,3846154
807	6,3846154
807	21,3846154
807	0,3846154
807	21,3846154
808	-1,6153846
808	0,3846154
808	2,3846154
808	0,3846154
809	-16,6153846
809	2,3846154
809	4,3846154
809	-11,6153846
810	2,3846154
810	-8,6153846
810	-35,6153846
810	-1,6153846
811	3,3846154
811	-1,6153846
811	-19,6153846
811	1,3846154
812	11,3846154
812	19,3846154
812	-14,6153846
812	11,3846154
813	-24,6153846
813	14,3846154
813	25,3846154
813	-8,6153846
814	-1,6153846
814	-13,6153846
814	0,3846154
814	17,3846154
815	13,3846154
815	8,3846154
815	3,3846154
815	-17,6153846
816	0,3846154
816	0,3846154
816	-19,6153846
816	7,3846154
817	5,3846154
817	-12,6153846
817	-13,6153846
817	-2,6153846
818	-14,6153846
818	10,3846154
818	-14,6153846
818	-2,6153846
819	-6,6153846
819	4,3846154
819	-6,6153846
819	-7,6153846
820	-27,6153846
820	3,3846154
820	-4,6153846
820	1,3846154
820	-21,6153846
821	-10,6153846
821	-21,6153846
821	-11,6153846
821	0,3846154
822	-3,6153846
822	12,3846154
822	-30,6153846
822	5,3846154
823	-22,6153846
823	-7,6153846
823	-15,6153846
823	0,3846154
824	-1,6153846
824	21,3846154
824	1,3846154
824	-2,6153846
825	-1,6153846
825	26,3846154
825	-24,6153846
825	12,3846154
826	-6,6153846
826	11,3846154
826	1,3846154
826	-12,6153846
827	16,3846154
827	1,3846154
827	-16,6153846
827	-13,6153846
828	12,3846154
828	-36,6153846
828	8,3846154
828	-21,6153846
829	27,3846154
829	-1,6153846
829	15,3846154
829	-10,6153846
830	-4,6153846
830	17,3846154
830	-19,6153846
830	-14,6153846
831	29,3846154
831	23,3846154
831	0,3846154
831	17,3846154
832	7,3846154
832	3,3846154
832	-0,6153846
832	-17,6153846
833	42,3846154
833	-13,6153846
833	-41,6153846
833	6,3846154
834	18,3846154
834	-15,6153846
834	-3,6153846
834	-6,6153846
835	-11,6153846
835	4,3846154
835	-9,6153846
835	17,3846154
836	-1,6153846
836	-10,6153846
836	11,3846154
836	7,3846154
837	2,3846154
837	-21,6153846
837	4,3846154
837	10,3846154
838	1,3846154
838	16,3846154
838	24,3846154
838	-2,6153846
839	4,3846154
839	-32,6153846
839	-11,6153846
839	32,3846154
840	18,3846154
840	-2,6153846
840	-7,6153846
840	0,3846154
841	-12,6153846
841	25,3846154
841	11,3846154
841	-2,6153846
842	-9,6153846
842	19,3846154
842	-10,6153846
842	19,3846154
843	-1,6153846
843	15,3846154
843	-4,6153846
843	-5,6153846
844	-12,6153846
844	6,3846154
844	17,3846154
844	-23,6153846
845	-6,6153846
845	4,3846154
845	15,3846154
845	-15,6153846
845	-21,6153846
846	-40,6153846
846	-4,6153846
846	-1,6153846
846	-18,6153846
847	16,3846154
847	-15,6153846
847	3,3846154
847	-7,6153846
848	-13,6153846
848	-28,6153846
848	4,3846154
848	-11,6153846
849	-4,6153846
849	-24,6153846
849	-1,6153846
849	8,3846154
850	14,3846154
850	-1,6153846
850	-9,6153846
850	44,3846154
851	15,3846154
851	-23,6153846
851	3,3846154
851	-6,6153846
852	-35,6153846
852	-9,6153846
852	19,3846154
852	-1,6153846
853	0,3846154
853	7,3846154
853	-32,6153846
853	-17,6153846
854	-13,6153846
854	-6,6153846
854	-4,6153846
854	12,3846154
855	-14,6153846
855	-4,6153846
855	-2,6153846
855	2,3846154
856	-1,6153846
856	-0,6153846
856	7,3846154
856	-0,6153846
857	-1,6153846
857	3,3846154
857	-0,6153846
857	0,3846154
858	12,3846154
858	-12,6153846
858	-2,6153846
858	11,3846154
859	-15,6153846
859	-11,6153846
859	10,3846154
859	-12,6153846
860	-4,6153846
860	-11,6153846
860	10,3846154
860	-12,6153846
861	-6,6153846
861	-17,6153846
861	2,3846154
861	0,3846154
862	5,3846154
862	20,3846154
862	10,3846154
862	-4,6153846
863	-9,6153846
863	-2,6153846
863	-12,6153846
863	11,3846154
864	10,3846154
864	8,3846154
864	-3,6153846
864	-0,6153846
864	-13,6153846
865	8,3846154
865	0,3846154
865	-9,6153846
865	6,3846154
866	4,3846154
866	3,3846154
866	23,3846154
866	10,3846154
867	23,3846154
867	-1,6153846
867	7,3846154
867	21,3846154
868	-12,6153846
868	-22,6153846
868	-4,6153846
868	8,3846154
869	20,3846154
869	1,3846154
869	-29,6153846
869	-9,6153846
870	10,3846154
870	-1,6153846
870	6,3846154
870	11,3846154
871	-5,6153846
871	-0,6153846
871	14,3846154
871	-15,6153846
872	20,3846154
872	-21,6153846
872	3,3846154
872	3,3846154
873	-2,6153846
873	-12,6153846
873	-35,6153846
873	6,3846154
874	3,3846154
874	9,3846154
874	-0,6153846
874	12,3846154
875	12,3846154
875	-7,6153846
875	-12,6153846
875	22,3846154
876	-14,6153846
876	6,3846154
876	-2,6153846
876	-7,6153846
877	-6,6153846
877	-31,6153846
877	-14,6153846
877	9,3846154
878	1,3846154
878	-5,6153846
878	15,3846154
878	31,3846154
879	3,3846154
879	-10,6153846
879	1,3846154
879	3,3846154
880	0,3846154
880	-12,6153846
880	10,3846154
880	17,3846154
880	2,3846154
881	22,3846154
881	-3,6153846
881	-7,6153846
881	-12,6153846
882	-14,6153846
882	-8,6153846
882	-19,6153846
882	-5,6153846
883	0,3846154
883	-35,6153846
883	-10,6153846
883	-1,6153846
884	12,3846154
884	-4,6153846
884	3,3846154
884	11,3846154
885	-5,6153846
885	13,3846154
885	11,3846154
885	11,3846154
886	-6,6153846
886	-10,6153846
886	4,3846154
886	14,3846154
887	8,3846154
887	-2,6153846
887	-38,6153846
887	-35,6153846
888	-5,6153846
888	-16,6153846
888	6,3846154
888	-7,6153846
889	-22,6153846
889	26,3846154
889	-8,6153846
889	12,3846154
890	23,3846154
890	-13,6153846
890	12,3846154
890	4,3846154
891	-7,6153846
891	-4,6153846
891	-8,6153846
891	12,3846154
892	-19,6153846
892	-3,6153846
892	-24,6153846
892	26,3846154
893	-6,6153846
893	-19,6153846
893	-20,6153846
893	-17,6153846
894	20,3846154
894	-8,6153846
894	-6,6153846
894	5,3846154
894	-0,6153846
895	-5,6153846
895	-12,6153846
895	0,3846154
895	12,3846154
896	19,3846154
896	6,3846154
896	3,3846154
896	11,3846154
897	11,3846154
897	10,3846154
897	27,3846154
897	20,3846154
898	-0,6153846
898	-8,6153846
898	-17,6153846
898	0,3846154
899	-2,6153846
899	-0,6153846
899	-8,6153846
899	-12,6153846
900	9,3846154
900	6,3846154
900	0,3846154
900	15,3846154
901	27,3846154
901	13,3846154
901	-8,6153846
901	1,3846154
902	-15,6153846
902	9,3846154
902	-14,6153846
902	-15,6153846
903	8,3846154
903	-8,6153846
903	0,3846154
903	27,3846154
904	0,3846154
904	7,3846154
904	12,3846154
904	-11,6153846
905	9,3846154
905	9,3846154
905	3,3846154
905	-15,6153846
906	4,3846154
906	-9,6153846
906	7,3846154
906	23,3846154
906	-13,6153846
907	10,3846154
907	21,3846154
907	3,3846154
907	11,3846154
908	1,3846154
908	32,3846154
908	18,3846154
908	-19,6153846
909	2,3846154
909	-22,6153846
909	-19,6153846
909	-1,6153846
910	-22,6153846
910	-40,6153846
910	6,3846154
910	-9,6153846
911	3,3846154
911	-15,6153846
911	5,3846154
911	8,3846154
912	-21,6153846
912	3,3846154
912	-10,6153846
912	22,3846154
913	-2,6153846
913	-2,6153846
913	-4,6153846
913	-1,6153846
914	9,3846154
914	-21,6153846
914	5,3846154
914	-26,6153846
915	-7,6153846
915	8,3846154
915	3,3846154
915	-1,6153846
916	9,3846154
916	0,3846154
916	1,3846154
916	8,3846154
917	-0,6153846
917	15,3846154
917	2,3846154
917	19,3846154
917	-11,6153846
918	-15,6153846
918	27,3846154
918	5,3846154
918	-23,6153846
919	1,3846154
919	-0,6153846
919	19,3846154
919	-14,6153846
920	7,3846154
920	17,3846154
920	19,3846154
920	8,3846154
921	-8,6153846
921	-6,6153846
921	-11,6153846
921	2,3846154
922	6,3846154
922	2,3846154
922	-4,6153846
922	-0,6153846
923	0,3846154
923	3,3846154
923	-6,6153846
923	7,3846154
924	-3,6153846
924	-18,6153846
924	-17,6153846
924	-5,6153846
925	1,3846154
925	-11,6153846
925	-10,6153846
925	11,3846154
926	-5,6153846
926	-1,6153846
926	7,3846154
926	-11,6153846
927	-21,6153846
927	-2,6153846
927	1,3846154
927	-13,6153846
928	-23,6153846
928	-19,6153846
928	-25,6153846
928	-7,6153846
928	39,3846154
929	8,3846154
929	-13,6153846
929	16,3846154
929	-18,6153846
930	5,3846154
930	-12,6153846
930	-22,6153846
930	-8,6153846
931	5,3846154
931	-19,6153846
931	21,3846154
931	25,3846154
932	-6,6153846
932	13,3846154
932	-15,6153846
932	-16,6153846
933	-21,6153846
933	1,3846154
933	20,3846154
933	-2,6153846
934	-1,6153846
934	7,3846154
934	-7,6153846
934	3,3846154
935	4,3846154
935	-18,6153846
935	-18,6153846
935	-6,6153846
936	-18,6153846
936	11,3846154
936	-17,6153846
936	-15,6153846
937	-6,6153846
937	17,3846154
937	12,3846154
937	23,3846154
938	4,3846154
938	-3,6153846
938	9,3846154
938	35,3846154
938	24,3846154
939	0,3846154
939	-18,6153846
939	17,3846154
939	-5,6153846
940	4,3846154
940	10,3846154
940	-20,6153846
940	-19,6153846
941	-12,6153846
941	0,3846154
941	-21,6153846
941	-0,6153846
942	7,3846154
942	16,3846154
942	-2,6153846
942	9,3846154
943	7,3846154
943	-21,6153846
943	11,3846154
943	15,3846154
944	2,3846154
944	12,3846154
944	17,3846154
944	24,3846154
945	7,3846154
945	1,3846154
945	-3,6153846
945	11,3846154
946	5,3846154
946	-8,6153846
946	7,3846154
946	0,3846154
947	18,3846154
947	12,3846154
947	-7,6153846
947	8,3846154
947	-3,6153846
948	-14,6153846
948	-7,6153846
948	-0,6153846
948	-10,6153846
949	0,3846154
949	-2,6153846
949	8,3846154
949	-8,6153846
950	2,3846154
950	-12,6153846
950	-9,6153846
950	0,3846154
951	1,3846154
951	19,3846154
951	-7,6153846
951	-11,6153846
952	-4,6153846
952	7,3846154
952	-0,6153846
952	38,3846154
953	-16,6153846
953	17,3846154
953	12,3846154
953	-9,6153846
954	-38,6153846
954	10,3846154
954	5,3846154
954	1,3846154
955	-6,6153846
955	-9,6153846
955	-13,6153846
955	-17,6153846
956	16,3846154
956	22,3846154
956	-8,6153846
956	-7,6153846
956	-11,6153846
957	8,3846154
957	-3,6153846
957	8,3846154
957	9,3846154
958	4,3846154
958	-3,6153846
958	1,3846154
958	14,3846154
959	-35,6153846
959	-2,6153846
959	-28,6153846
959	-7,6153846
960	18,3846154
960	14,3846154
960	-0,6153846
960	2,3846154
961	-3,6153846
961	-4,6153846
961	1,3846154
961	-31,6153846
962	-14,6153846
962	0,3846154
962	10,3846154
962	12,3846154
963	8,3846154
963	8,3846154
963	10,3846154
963	-30,6153846
964	-6,6153846
964	14,3846154
964	-16,6153846
964	-1,6153846
964	-9,6153846
965	4,3846154
965	-6,6153846
965	0,3846154
965	-7,6153846
966	26,3846154
966	6,3846154
966	-1,6153846
966	6,3846154
967	-25,6153846
967	1,3846154
967	-12,6153846
967	-11,6153846
968	-11,6153846
968	14,3846154
968	2,3846154
968	4,3846154
969	0,3846154
969	-31,6153846
969	-15,6153846
969	-21,6153846
970	-1,6153846
970	-19,6153846
970	2,3846154
970	-5,6153846
971	-23,6153846
971	-7,6153846
971	9,3846154
971	1,3846154
972	0,3846154
972	3,3846154
972	23,3846154
972	-6,6153846
972	-21,6153846
973	-36,6153846
973	-9,6153846
973	3,3846154
973	-20,6153846
974	-24,6153846
974	1,3846154
974	5,3846154
974	16,3846154
975	1,3846154
975	-7,6153846
975	8,3846154
975	9,3846154
976	-13,6153846
976	-12,6153846
976	3,3846154
976	2,3846154
977	16,3846154
977	-14,6153846
977	-12,6153846
977	12,3846154
978	7,3846154
978	12,3846154
978	5,3846154
978	12,3846154
979	-6,6153846
979	8,3846154
979	0,3846154
979	13,3846154
980	-19,6153846
980	30,3846154
980	-2,6153846
980	-18,6153846
980	-8,6153846
981	-16,6153846
981	10,3846154
981	3,3846154
981	-3,6153846
982	-7,6153846
982	-7,6153846
982	-3,6153846
982	0,3846154
983	-0,6153846
983	3,3846154
983	0,3846154
983	5,3846154
984	14,3846154
984	10,3846154
984	-4,6153846
984	-5,6153846
985	2,3846154
985	10,3846154
985	0,3846154
985	-0,6153846
986	-18,6153846
986	-24,6153846
986	10,3846154
986	-9,6153846
987	-7,6153846
987	-0,6153846
987	6,3846154
987	-17,6153846
988	-8,6153846
988	2,3846154
988	-3,6153846
988	10,3846154
988	3,3846154
989	-5,6153846
989	1,3846154
989	-1,6153846
989	-10,6153846
990	-14,6153846
990	-15,6153846
990	-16,6153846
990	-14,6153846
991	10,3846154
991	24,3846154
991	2,3846154
991	-5,6153846
992	-12,6153846
992	-7,6153846
992	0,3846154
992	-18,6153846
993	-16,6153846
993	-2,6153846
993	2,3846154
993	9,3846154
994	-0,6153846
994	-0,6153846
994	12,3846154
994	6,3846154
995	-18,6153846
995	-8,6153846
995	5,3846154
995	30,3846154
995	22,3846154
996	-0,6153846
996	8,3846154
996	7,3846154
996	6,3846154
997	16,3846154
997	-29,6153846
997	-4,6153846
997	33,3846154
998	-4,6153846
998	-7,6153846
998	-22,6153846
998	11,3846154
999	2,3846154
999	-19,6153846
999	-18,6153846
999	-12,6153846
1000	-7,6153846
1000	0,3846154
1000	-1,6153846
1000	-1,6153846
1001	1,3846154
1001	5,3846154
1001	17,3846154
1001	3,3846154
1002	-9,6153846
1002	-4,6153846
1002	26,3846154
1002	22,3846154
1002	-13,6153846
1003	-12,6153846
1003	-11,6153846
1003	6,3846154
1003	2,3846154
1004	-0,6153846
1004	12,3846154
1004	21,3846154
1004	3,3846154
1005	-20,6153846
1005	-20,6153846
1005	17,3846154
1005	11,3846154
1006	-34,6153846
1006	-7,6153846
1006	-0,6153846
1006	19,3846154
1007	22,3846154
1007	-9,6153846
1007	-24,6153846
1007	-18,6153846
1008	-6,6153846
1008	7,3846154
1008	7,3846154
1008	2,3846154
1008	-5,6153846
1009	-4,6153846
1009	-3,6153846
1009	17,3846154
1009	12,3846154
1010	-28,6153846
1010	-22,6153846
1010	3,3846154
1010	-9,6153846
1011	-5,6153846
1011	8,3846154
1011	14,3846154
1011	19,3846154
1012	24,3846154
1012	4,3846154
1012	-6,6153846
1012	-10,6153846
1013	-26,6153846
1013	10,3846154
1013	12,3846154
1013	-0,6153846
1014	28,3846154
1014	-21,6153846
1014	-5,6153846
1014	-7,6153846
1015	-4,6153846
1015	18,3846154
1015	5,3846154
1015	1,3846154
1015	-0,6153846
1016	-4,6153846
1016	4,3846154
1016	-14,6153846
1016	3,3846154
1017	21,3846154
1017	15,3846154
1017	-1,6153846
1017	-11,6153846
1018	5,3846154
1018	-5,6153846
1018	-4,6153846
1018	-4,6153846
1019	-14,6153846
1019	21,3846154
1019	7,3846154
1019	-2,6153846
1020	-11,6153846
1020	-12,6153846
1020	-5,6153846
1020	24,3846154
1021	-8,6153846
1021	-3,6153846
1021	2,3846154
1021	-4,6153846
1021	17,3846154
1022	-6,6153846
1022	7,3846154
1022	-0,6153846
1022	-4,6153846
1023	-22,6153846
1023	-17,6153846
1023	-6,6153846
1023	-18,6153846
1024	5,3846154
1024	-24,6153846
1024	10,3846154
1024	-5,6153846
1025	-5,6153846
1025	-8,6153846
1025	-6,6153846
1025	4,3846154
1026	-4,6153846
1026	15,3846154
1026	19,3846154
1026	10,3846154
1027	14,3846154
1027	-12,6153846
1027	18,3846154
1027	7,3846154
1027	-10,6153846
1028	4,3846154
1028	-1,6153846
1028	11,3846154
1028	14,3846154
1029	-25,6153846
1029	-6,6153846
1029	0,3846154
1029	6,3846154
1030	11,3846154
1030	-0,6153846
1030	0,3846154
1030	-5,6153846
1031	0,3846154
1031	-19,6153846
1031	16,3846154
1031	-8,6153846
1032	-23,6153846
1032	16,3846154
1032	-4,6153846
1032	-5,6153846
1033	10,3846154
1033	16,3846154
1033	21,3846154
1033	9,3846154
1034	8,3846154
1034	0,3846154
1034	-24,6153846
1034	-24,6153846
1034	-19,6153846
1035	8,3846154
1035	-9,6153846
1035	12,3846154
1035	16,3846154
1036	28,3846154
1036	9,3846154
1036	3,3846154
1036	-12,6153846
1037	-5,6153846
1037	-3,6153846
1037	-16,6153846
1037	11,3846154
1038	-17,6153846
1038	-6,6153846
1038	-7,6153846
1038	19,3846154
1039	5,3846154
1039	10,3846154
1039	-19,6153846
1039	-22,6153846
1039	-1,6153846
1040	-11,6153846
1040	9,3846154
1040	10,3846154
1040	-5,6153846
1041	0,3846154
1041	-29,6153846
1041	-10,6153846
1041	-9,6153846
1042	-6,6153846
1042	12,3846154
1042	12,3846154
1042	18,3846154
1043	8,3846154
1043	26,3846154
1043	-0,6153846
1043	-6,6153846
1044	6,3846154
1044	-31,6153846
1044	2,3846154
1044	-24,6153846
1045	-10,6153846
1045	-9,6153846
1045	17,3846154
1045	-31,6153846
1045	-12,6153846
1046	-15,6153846
1046	-17,6153846
1046	-15,6153846
1046	-6,6153846
1047	-10,6153846
1047	14,3846154
1047	1,3846154
1047	-7,6153846
1048	-4,6153846
1048	20,3846154
1048	11,3846154
1048	13,3846154
1049	-32,6153846
1049	10,3846154
1049	-1,6153846
1049	12,3846154
1050	-2,6153846
1050	1,3846154
1050	-14,6153846
1050	-2,6153846
1051	8,3846154
1051	-4,6153846
1051	-3,6153846
1051	-19,6153846
1051	-18,6153846
1052	-14,6153846
1052	6,3846154
1052	-16,6153846
1052	-22,6153846
1053	12,3846154
1053	11,3846154
1053	-1,6153846
1053	3,3846154
1054	-8,6153846
1054	2,3846154
1054	-0,6153846
1054	7,3846154
1055	1,3846154
1055	2,3846154
1055	-2,6153846
1055	-7,6153846
1056	-3,6153846
1056	6,3846154
1056	-23,6153846
1056	0,3846154
1056	-27,6153846
1057	5,3846154
1057	-1,6153846
1057	0,3846154
1057	5,3846154
1058	11,3846154
1058	-6,6153846
1058	0,3846154
1058	15,3846154
1059	17,3846154
1059	-9,6153846
1059	-25,6153846
1059	-4,6153846
1060	2,3846154
1060	-3,6153846
1060	13,3846154
1060	22,3846154
1061	16,3846154
1061	3,3846154
1061	13,3846154
1061	20,3846154
1062	-4,6153846
1062	11,3846154
1062	9,3846154
1062	12,3846154
1062	-9,6153846
1063	-1,6153846
1063	-7,6153846
1063	16,3846154
1063	24,3846154
1064	-12,6153846
1064	-10,6153846
1064	0,3846154
1064	-7,6153846
1065	14,3846154
1065	2,3846154
1065	-16,6153846
1065	-18,6153846
1066	-5,6153846
1066	-20,6153846
1066	-13,6153846
1066	15,3846154
1067	-15,6153846
1067	24,3846154
1067	5,3846154
1067	2,3846154
1067	1,3846154
1068	6,3846154
1068	7,3846154
1068	4,3846154
1068	-1,6153846
1069	-10,6153846
1069	-14,6153846
1069	2,3846154
1069	12,3846154
1070	-5,6153846
1070	-6,6153846
1070	3,3846154
1070	-14,6153846
1071	-10,6153846
1071	13,3846154
1071	21,3846154
1071	-2,6153846
1072	5,3846154
1072	13,3846154
1072	-25,6153846
1072	-3,6153846
1072	8,3846154
1073	-7,6153846
1073	-1,6153846
1073	-17,6153846
1073	-23,6153846
1074	-6,6153846
1074	-2,6153846
1074	-15,6153846
1074	10,3846154
1075	12,3846154
1075	13,3846154
1075	20,3846154
1075	-3,6153846
1076	-22,6153846
1076	8,3846154
1076	3,3846154
1076	2,3846154
1077	10,3846154
1077	-20,6153846
1077	-11,6153846
1077	9,3846154
1077	46,3846154
1078	1,3846154
1078	8,3846154
1078	1,3846154
1078	-28,6153846
1079	10,3846154
1079	16,3846154
1079	-15,6153846
1079	-16,6153846
1080	18,3846154
1080	-31,6153846
1080	-7,6153846
1080	6,3846154
1081	-15,6153846
1081	9,3846154
1081	13,3846154
1081	-1,6153846
1082	17,3846154
1082	-11,6153846
1082	-2,6153846
1082	-0,6153846
1082	14,3846154
1083	21,3846154
1083	3,3846154
1083	-2,6153846
1083	0,3846154
1084	5,3846154
1084	-1,6153846
1084	41,3846154
1084	-2,6153846
1085	-0,6153846
1085	-14,6153846
1085	-8,6153846
1085	-10,6153846
1086	-14,6153846
1086	-14,6153846
1086	-6,6153846
1086	14,3846154
1087	-5,6153846
1087	-22,6153846
1087	4,3846154
1087	-15,6153846
1087	7,3846154
1088	15,3846154
1088	-7,6153846
1088	10,3846154
1088	-17,6153846
1089	0,3846154
1089	10,3846154
1089	-28,6153846
1089	-1,6153846
1090	-1,6153846
1090	1,3846154
1090	3,3846154
1090	-1,6153846
1091	-4,6153846
1091	0,3846154
1091	13,3846154
1091	3,3846154
1092	13,3846154
1092	15,3846154
1092	-5,6153846
1092	-5,6153846
1092	-2,6153846
1093	-12,6153846
1093	0,3846154
1093	-19,6153846
1093	-5,6153846
1094	4,3846154
1094	-17,6153846
1094	7,3846154
1094	4,3846154
1095	-10,6153846
1095	24,3846154
1095	8,3846154
1095	33,3846154
1096	4,3846154
1096	-17,6153846
1096	-20,6153846
1096	4,3846154
1097	13,3846154
1097	-16,6153846
1097	-8,6153846
1097	13,3846154
1097	-21,6153846
1098	11,3846154
1098	8,3846154
1098	-26,6153846
1098	-6,6153846
1099	2,3846154
1099	-6,6153846
1099	25,3846154
1099	-6,6153846
1100	3,3846154
1100	-11,6153846
1100	-3,6153846
1100	9,3846154
1101	-2,6153846
1101	-14,6153846
1101	21,3846154
1101	-24,6153846
1101	-1,6153846
1102	-14,6153846
1102	4,3846154
1102	5,3846154
1102	-2,6153846
1103	9,3846154
1103	-10,6153846
1103	-2,6153846
1103	13,3846154
1104	26,3846154
1104	-5,6153846
1104	-19,6153846
1104	0,3846154
1105	-12,6153846
1105	-15,6153846
1105	26,3846154
1105	27,3846154
1106	27,3846154
1106	-15,6153846
1106	-13,6153846
1106	-25,6153846
1106	-3,6153846
1107	16,3846154
1107	23,3846154
1107	22,3846154
1107	-14,6153846
1108	-0,6153846
1108	5,3846154
1108	20,3846154
1108	-6,6153846
1109	20,3846154
1109	20,3846154
1109	-14,6153846
1109	8,3846154
1110	-8,6153846
1110	20,3846154
1110	18,3846154
1110	2,3846154
1110	3,3846154
1111	3,3846154
1111	37,3846154
1111	-6,6153846
1111	-14,6153846
1112	-7,6153846
1112	12,3846154
1112	24,3846154
1112	18,3846154
1113	2,3846154
1113	-15,6153846
1113	-0,6153846
1113	29,3846154
1114	25,3846154
1114	8,3846154
1114	22,3846154
1114	-2,6153846
1115	-5,6153846
1115	-15,6153846
1115	3,3846154
1115	-7,6153846
1115	-1,6153846
1116	27,3846154
1116	18,3846154
1116	-8,6153846
1116	-6,6153846
1117	16,3846154
1117	-7,6153846
1117	11,3846154
1117	6,3846154
1118	-6,6153846
