196	-10,6153846
196	-10,6153846
196	-10,6153846
197	-12,6153846
197	12,3846154
197	20,3846154
197	13,3846154
198	-4,6153846
198	-1,6153846
198	-21,6153846
199	-1,6153846
199	21,3846154
199	6,3846154
199	0,3846154
200	29,3846154
200	2,3846154
200	0,3846154
200	-3,6153846
201	-3,6153846
201	-0,6153846
201	23,3846154
201	-0,6153846
202	26,3846154
202	23,3846154
202	-31,6153846
203	5,3846154
203	-8,6153846
203	19,3846154
203	-13,6153846
204	18,3846154
204	20,3846154
204	-14,6153846
204	11,3846154
205	32,3846154
205	6,3846154
205	-18,6153846
205	14,3846154
206	-2,6153846
206	17,3846154
206	25,3846154
207	-15,6153846
207	-4,6153846
207	-2,6153846
207	-14,6153846
208	4,3846154
208	4,3846154
208	-14,6153846
208	-0,6153846
209	-20,6153846
209	-13,6153846
209	-11,6153846
209	-22,6153846
210	-9,6153846
210	-14,6153846
210	-18,6153846
211	-28,6153846
211	5,3846154
211	-6,6153846
211	-4,6153846
212	-17,6153846
212	-27,6153846
212	9,3846154
212	-5,6153846
213	-9,6153846
213	-30,6153846
213	-10,6153846
213	3,3846154
214	-8,6153846
214	1,3846154
214	8,3846154
215	4,3846154
215	-2,6153846
215	-15,6153846
215	3,3846154
216	16,3846154
216	-1,6153846
216	12,3846154
216	-1,6153846
217	5,3846154
217	-5,6153846
217	2,3846154
217	-0,6153846
218	-10,6153846
218	-24,6153846
218	-19,6153846
219	16,3846154
219	-5,6153846
219	-0,6153846
219	-23,6153846
220	3,3846154
220	-19,6153846
220	-1,6153846
220	14,3846154
221	0,3846154
221	3,3846154
221	8,3846154
221	0,3846154
222	19,3846154
222	1,3846154
222	22,3846154
223	13,3846154
223	10,3846154
223	-20,6153846
223	-36,6153846
224	17,3846154
224	-11,6153846
224	-16,6153846
224	-40,6153846
225	-1,6153846
225	1,3846154
225	3,3846154
225	9,3846154
226	-7,6153846
226	-7,6153846
226	18,3846154
227	5,3846154
227	-11,6153846
227	-4,6153846
227	17,3846154
228	-8,6153846
228	-4,6153846
228	-19,6153846
228	24,3846154
229	1,3846154
229	-3,6153846
229	-27,6153846
229	-12,6153846
230	6,3846154
230	-2,6153846
230	-19,6153846
231	-20,6153846
231	7,3846154
231	-16,6153846
231	7,3846154
232	18,3846154
232	-15,6153846
232	-6,6153846
232	-18,6153846
233	-24,6153846
233	13,3846154
233	5,3846154
233	-5,6153846
234	-0,6153846
234	5,3846154
234	-29,6153846
235	5,3846154
235	6,3846154
235	-4,6153846
235	7,3846154
236	8,3846154
236	13,3846154
236	-8,6153846
236	-13,6153846
237	21,3846154
237	-6,6153846
237	-13,6153846
237	8,3846154
238	-7,6153846
238	6,3846154
238	-2,6153846
239	-9,6153846
239	-27,6153846
239	-17,6153846
239	-1,6153846
240	1,3846154
240	-2,6153846
240	-18,6153846
240	-9,6153846
241	-17,6153846
241	-22,6153846
241	6,3846154
241	2,3846154
242	-29,6153846
242	-14,6153846
242	-19,6153846
243	-9,6153846
243	8,3846154
243	5,3846154
243	-4,6153846
244	-21,6153846
244	-13,6153846
244	3,3846154
244	2,3846154
245	6,3846154
245	15,3846154
245	-19,6153846
245	2,3846154
246	-31,6153846
246	15,3846154
246	-4,6153846
247	-8,6153846
247	-10,6153846
247	-9,6153846
247	8,3846154
248	-5,6153846
248	-8,6153846
248	6,3846154
248	13,3846154
249	8,3846154
249	-11,6153846
249	-11,6153846
249	6,3846154
250	5,3846154
250	20,3846154
250	-3,6153846
251	-21,6153846
251	6,3846154
251	9,3846154
251	-16,6153846
252	-38,6153846
252	3,3846154
252	18,3846154
252	-29,6153846
253	-12,6153846
253	-2,6153846
253	-25,6153846
253	-8,6153846
254	9,3846154
254	-2,6153846
254	-0,6153846
254	13,3846154
255	-37,6153846
255	-8,6153846
255	-18,6153846
256	-4,6153846
256	-10,6153846
256	19,3846154
256	14,3846154
257	-2,6153846
257	5,3846154
257	32,3846154
257	12,3846154
258	13,3846154
258	-5,6153846
258	-6,6153846
258	-10,6153846
259	-4,6153846
259	-4,6153846
259	-20,6153846
260	-5,6153846
260	-22,6153846
260	-9,6153846
260	-2,6153846
261	2,3846154
261	18,3846154
261	-13,6153846
261	2,3846154
262	8,3846154
262	-4,6153846
262	2,3846154
262	-12,6153846
263	29,3846154
263	-6,6153846
263	-8,6153846
264	1,3846154
264	23,3846154
264	15,3846154
264	-1,6153846
265	2,3846154
265	14,3846154
265	-4,6153846
265	-24,6153846
266	12,3846154
266	13,3846154
266	-9,6153846
266	-43,6153846
267	18,3846154
267	-7,6153846
267	26,3846154
268	16,3846154
268	4,3846154
268	-7,6153846
268	40,3846154
269	7,3846154
269	12,3846154
269	-15,6153846
269	19,3846154
270	-9,6153846
270	-16,6153846
270	-3,6153846
270	-0,6153846
271	-0,6153846
271	1,3846154
271	14,3846154
271	-18,6153846
272	1,3846154
272	-19,6153846
272	-34,6153846
273	12,3846154
273	-24,6153846
273	-21,6153846
273	-1,6153846
274	-12,6153846
274	-24,6153846
274	1,3846154
274	-4,6153846
275	12,3846154
275	6,3846154
275	-24,6153846
275	-10,6153846
276	21,3846154
276	8,3846154
276	-24,6153846
277	1,3846154
277	24,3846154
277	43,3846154
277	-6,6153846
278	-24,6153846
278	13,3846154
278	0,3846154
278	-14,6153846
279	-5,6153846
279	-2,6153846
279	-1,6153846
279	17,3846154
280	-10,6153846
280	21,3846154
280	-10,6153846
280	-11,6153846
281	1,3846154
281	0,3846154
281	-15,6153846
282	-17,6153846
282	8,3846154
282	-0,6153846
282	-11,6153846
283	-27,6153846
283	-34,6153846
283	-11,6153846
283	-6,6153846
284	-1,6153846
284	-2,6153846
284	-22,6153846
284	-10,6153846
285	4,3846154
285	12,3846154
285	8,3846154
286	9,3846154
286	-8,6153846
286	-30,6153846
286	4,3846154
287	8,3846154
287	-1,6153846
287	-10,6153846
287	7,3846154
288	-8,6153846
288	-1,6153846
288	8,3846154
288	-5,6153846
289	11,3846154
289	3,3846154
289	22,3846154
290	8,3846154
290	-7,6153846
290	-10,6153846
290	-11,6153846
291	22,3846154
291	7,3846154
291	-11,6153846
291	0,3846154
292	12,3846154
292	-6,6153846
292	-3,6153846
292	5,3846154
293	13,3846154
293	11,3846154
293	15,3846154
293	30,3846154
294	-5,6153846
294	-9,6153846
294	4,3846154
295	8,3846154
295	4,3846154
295	-8,6153846
295	0,3846154
296	5,3846154
296	8,3846154
296	5,3846154
296	-10,6153846
297	-8,6153846
297	17,3846154
297	5,3846154
297	5,3846154
298	27,3846154
298	-18,6153846
298	9,3846154
299	-2,6153846
299	21,3846154
299	13,3846154
299	15,3846154
300	-5,6153846
300	-21,6153846
300	-19,6153846
300	2,3846154
301	-2,6153846
301	2,3846154
301	-17,6153846
301	-12,6153846
302	-31,6153846
302	1,3846154
302	7,3846154
302	18,3846154
303	20,3846154
303	-4,6153846
303	-29,6153846
304	5,3846154
304	-9,6153846
304	0,3846154
304	-24,6153846
305	-1,6153846
305	29,3846154
305	1,3846154
305	-16,6153846
306	-15,6153846
306	-3,6153846
306	-11,6153846
306	27,3846154
307	8,3846154
307	18,3846154
307	3,3846154
307	10,3846154
308	-13,6153846
308	-2,6153846
308	18,3846154
309	22,3846154
309	5,3846154
309	7,3846154
309	4,3846154
310	13,3846154
310	-1,6153846
310	18,3846154
310	8,3846154
311	37,3846154
311	46,3846154
311	45,3846154
311	38,3846154
312	33,3846154
312	51,3846154
312	41,3846154
313	26,3846154
313	43,3846154
313	36,3846154
313	37,3846154
314	46,3846154
314	35,3846154
314	29,3846154
314	51,3846154
315	30,3846154
315	47,3846154
315	52,3846154
315	30,3846154
316	63,3846154
316	42,3846154
316	14,3846154
316	34,3846154
317	36,3846154
317	16,3846154
317	32,3846154
318	20,3846154
318	15,3846154
318	37,3846154
318	15,3846154
319	32,3846154
319	29,3846154
319	32,3846154
319	22,3846154
320	2,3846154
320	8,3846154
320	7,3846154
320	5,3846154
321	25,3846154
321	-8,6153846
321	-12,6153846
321	-13,6153846
322	1,3846154
322	15,3846154
322	-4,6153846
323	4,3846154
323	0,3846154
323	-4,6153846
323	14,3846154
324	-10,6153846
324	16,3846154
324	-10,6153846
324	11,3846154
325	0,3846154
325	-21,6153846
325	-17,6153846
325	11,3846154
326	3,3846154
326	-28,6153846
326	-16,6153846
327	-7,6153846
327	2,3846154
327	4,3846154
327	-15,6153846
328	11,3846154
328	-10,6153846
328	19,3846154
328	10,3846154
329	-2,6153846
329	-23,6153846
329	-10,6153846
329	9,3846154
330	-7,6153846
330	21,3846154
330	18,3846154
330	41,3846154
331	0,3846154
331	14,3846154
331	23,3846154
332	38,3846154
332	31,3846154
332	51,3846154
332	42,3846154
333	37,3846154
333	45,3846154
333	73,3846154
333	44,3846154
334	43,3846154
334	50,3846154
334	61,3846154
334	74,3846154
335	80,3846154
335	52,3846154
335	54,3846154
335	67,3846154
336	57,3846154
336	83,3846154
336	75,3846154
337	51,3846154
337	96,3846154
337	62,3846154
337	69,3846154
338	63,3846154
338	54,3846154
338	56,3846154
338	77,3846154
339	63,3846154
339	35,3846154
339	63,3846154
339	62,3846154
340	51,3846154
340	51,3846154
340	22,3846154
340	41,3846154
341	28,3846154
341	41,3846154
341	33,3846154
342	14,3846154
342	8,3846154
342	41,3846154
342	-0,6153846
343	21,3846154
343	-9,6153846
343	-4,6153846
343	7,3846154
344	15,3846154
344	27,3846154
344	17,3846154
344	-5,6153846
345	-20,6153846
345	2,3846154
345	-12,6153846
345	17,3846154
346	-9,6153846
346	11,3846154
346	-8,6153846
347	18,3846154
347	21,3846154
347	12,3846154
347	23,3846154
348	-16,6153846
348	5,3846154
348	17,3846154
348	13,3846154
349	25,3846154
349	9,3846154
349	36,3846154
349	5,3846154
350	5,3846154
350	-6,6153846
350	29,3846154
350	24,3846154
351	49,3846154
351	15,3846154
351	12,3846154
352	13,3846154
352	42,3846154
352	57,3846154
352	65,3846154
353	59,3846154
353	49,3846154
353	46,3846154
353	51,3846154
354	51,3846154
354	76,3846154
354	89,3846154
354	44,3846154
355	33,3846154
355	73,3846154
355	47,3846154
355	43,3846154
356	34,3846154
356	65,3846154
356	75,3846154
357	55,3846154
357	24,3846154
357	72,3846154
357	60,3846154
358	74,3846154
358	95,3846154
358	78,3846154
358	52,3846154
359	13,3846154
359	38,3846154
359	32,3846154
359	57,3846154
360	63,3846154
360	51,3846154
360	32,3846154
360	29,3846154
361	14,3846154
361	14,3846154
361	37,3846154
362	42,3846154
362	70,3846154
362	48,3846154
362	43,3846154
363	12,3846154
363	30,3846154
363	10,3846154
363	8,3846154
364	33,3846154
364	4,3846154
364	2,3846154
364	17,3846154
365	21,3846154
365	33,3846154
365	12,3846154
365	8,3846154
366	-7,6153846
366	-7,6153846
366	-5,6153846
367	10,3846154
367	10,3846154
367	21,3846154
367	-11,6153846
368	-10,6153846
368	-0,6153846
368	15,3846154
368	8,3846154
369	-14,6153846
369	-7,6153846
369	-14,6153846
369	-4,6153846
370	19,3846154
370	19,3846154
370	2,3846154
370	24,3846154
371	32,3846154
371	4,3846154
371	41,3846154
371	40,3846154
372	17,3846154
372	16,3846154
372	17,3846154
373	10,3846154
373	8,3846154
373	23,3846154
373	7,3846154
374	20,3846154
374	24,3846154
374	22,3846154
374	29,3846154
375	28,3846154
375	44,3846154
375	50,3846154
375	42,3846154
376	41,3846154
376	50,3846154
376	26,3846154
376	28,3846154
377	-10,6153846
377	18,3846154
377	38,3846154
378	15,3846154
378	32,3846154
378	38,3846154
378	24,3846154
379	44,3846154
379	30,3846154
379	11,3846154
379	43,3846154
380	28,3846154
380	13,3846154
380	9,3846154
380	27,3846154
381	41,3846154
381	29,3846154
381	34,3846154
381	19,3846154
382	36,3846154
382	12,3846154
382	25,3846154
383	23,3846154
383	6,3846154
383	29,3846154
383	13,3846154
384	14,3846154
384	17,3846154
384	7,3846154
384	7,3846154
385	6,3846154
385	39,3846154
385	49,3846154
385	19,3846154
386	16,3846154
386	43,3846154
386	3,3846154
386	12,3846154
387	21,3846154
387	-15,6153846
387	-16,6153846
387	-24,6153846
388	7,3846154
388	21,3846154
388	31,3846154
389	-7,6153846
389	-34,6153846
389	-24,6153846
389	-0,6153846
390	-10,6153846
390	5,3846154
390	19,3846154
390	-13,6153846
391	-4,6153846
391	42,3846154
391	8,3846154
391	24,3846154
392	2,3846154
392	-6,6153846
392	-14,6153846
392	3,3846154
393	15,3846154
393	4,3846154
393	19,3846154
394	16,3846154
394	-4,6153846
394	2,3846154
394	39,3846154
395	2,3846154
395	-3,6153846
395	-1,6153846
395	18,3846154
396	8,3846154
396	26,3846154
396	2,3846154
396	38,3846154
397	-20,6153846
397	23,3846154
397	45,3846154
397	4,3846154
398	36,3846154
398	9,3846154
398	20,3846154
398	8,3846154
399	7,3846154
399	27,3846154
399	33,3846154
400	41,3846154
400	14,3846154
400	17,3846154
400	37,3846154
401	14,3846154
401	36,3846154
401	20,3846154
401	11,3846154
402	32,3846154
402	14,3846154
402	24,3846154
402	4,3846154
403	-6,6153846
403	38,3846154
403	7,3846154
403	-16,6153846
404	3,3846154
404	23,3846154
404	11,3846154
405	-8,6153846
405	24,3846154
405	39,3846154
405	14,3846154
406	12,3846154
406	33,3846154
406	3,3846154
406	30,3846154
407	16,3846154
407	-1,6153846
407	-13,6153846
407	7,3846154
408	11,3846154
408	2,3846154
408	-20,6153846
408	7,3846154
409	39,3846154
409	10,3846154
409	28,3846154
409	16,3846154
410	5,3846154
410	17,3846154
410	3,3846154
411	-1,6153846
411	12,3846154
411	8,3846154
411	6,3846154
412	-5,6153846
412	-6,6153846
412	-4,6153846
412	-15,6153846
413	-17,6153846
413	-21,6153846
413	-11,6153846
413	-1,6153846
414	10,3846154
414	-10,6153846
414	-19,6153846
414	-0,6153846
415	28,3846154
415	15,3846154
415	16,3846154
415	-12,6153846
416	-0,6153846
416	-18,6153846
416	-6,6153846
417	4,3846154
417	1,3846154
417	4,3846154
417	-0,6153846
418	1,3846154
418	6,3846154
418	-12,6153846
418	-21,6153846
419	35,3846154
419	2,3846154
419	5,3846154
419	7,3846154
420	19,3846154
420	-4,6153846
420	19,3846154
420	0,3846154
421	7,3846154
421	-7,6153846
421	10,3846154
421	-0,6153846
422	-11,6153846
422	21,3846154
422	0,3846154
423	17,3846154
423	9,3846154
423	32,3846154
423	4,3846154
424	16,3846154
424	-0,6153846
424	-9,6153846
424	0,3846154
425	19,3846154
425	-13,6153846
425	4,3846154
425	16,3846154
426	-0,6153846
426	5,3846154
426	20,3846154
426	19,3846154
427	7,3846154
427	-2,6153846
427	1,3846154
427	1,3846154
428	8,3846154
428	31,3846154
428	-4,6153846
429	31,3846154
429	9,3846154
429	-3,6153846
429	9,3846154
430	18,3846154
430	0,3846154
430	-5,6153846
430	-9,6153846
431	7,3846154
431	-1,6153846
431	4,3846154
431	27,3846154
432	14,3846154
432	-1,6153846
432	11,3846154
432	42,3846154
433	6,3846154
433	9,3846154
433	6,3846154
433	-11,6153846
434	-22,6153846
434	-7,6153846
434	16,3846154
435	-8,6153846
435	-33,6153846
435	-2,6153846
435	14,3846154
436	21,3846154
436	21,3846154
436	5,3846154
436	-4,6153846
437	8,3846154
437	12,3846154
437	4,3846154
437	-17,6153846
438	5,3846154
438	21,3846154
438	13,3846154
438	-4,6153846
439	0,3846154
439	-7,6153846
439	-8,6153846
439	13,3846154
440	8,3846154
440	4,3846154
440	11,3846154
441	-5,6153846
441	-12,6153846
441	23,3846154
441	18,3846154
442	8,3846154
442	-2,6153846
442	7,3846154
442	-6,6153846
443	-4,6153846
443	16,3846154
443	8,3846154
443	-29,6153846
444	-23,6153846
444	1,3846154
444	8,3846154
444	1,3846154
445	9,3846154
445	-13,6153846
445	12,3846154
445	8,3846154
446	-9,6153846
446	-4,6153846
446	-3,6153846
447	10,3846154
447	4,3846154
447	37,3846154
447	-8,6153846
448	11,3846154
448	-18,6153846
448	-5,6153846
448	-26,6153846
449	0,3846154
449	24,3846154
449	-2,6153846
449	-0,6153846
450	-3,6153846
450	-4,6153846
450	-11,6153846
450	15,3846154
451	-4,6153846
451	-15,6153846
451	-5,6153846
451	-7,6153846
452	-0,6153846
452	-15,6153846
452	-2,6153846
452	0,3846154
453	13,3846154
453	0,3846154
453	-2,6153846
454	-14,6153846
454	3,3846154
454	4,3846154
454	6,3846154
455	12,3846154
455	4,3846154
455	-10,6153846
455	-20,6153846
456	-5,6153846
456	-7,6153846
456	-23,6153846
456	25,3846154
457	-11,6153846
457	-12,6153846
457	15,3846154
457	-20,6153846
458	-7,6153846
458	-19,6153846
458	-14,6153846
458	-12,6153846
459	-5,6153846
459	-27,6153846
459	23,3846154
460	11,3846154
460	30,3846154
460	26,3846154
460	4,3846154
461	-9,6153846
461	-10,6153846
461	-9,6153846
461	24,3846154
462	21,3846154
462	-9,6153846
462	-32,6153846
462	23,3846154
463	-16,6153846
463	-22,6153846
463	-20,6153846
463	-27,6153846
464	-19,6153846
464	-3,6153846
464	6,3846154
464	-17,6153846
465	-13,6153846
465	12,3846154
465	1,3846154
465	6,3846154
466	-18,6153846
466	-4,6153846
466	-21,6153846
467	7,3846154
467	-0,6153846
467	6,3846154
467	-5,6153846
468	15,3846154
468	33,3846154
468	-2,6153846
468	-19,6153846
469	23,3846154
469	4,3846154
469	-19,6153846
469	3,3846154
470	-5,6153846
470	-31,6153846
470	-8,6153846
470	-4,6153846
471	-24,6153846
471	-24,6153846
471	-0,6153846
471	-6,6153846
472	19,3846154
472	17,3846154
472	11,3846154
472	28,3846154
473	5,3846154
473	11,3846154
473	-12,6153846
474	6,3846154
474	-14,6153846
474	25,3846154
474	-18,6153846
475	-13,6153846
475	8,3846154
475	4,3846154
475	-5,6153846
476	-7,6153846
476	-15,6153846
476	-2,6153846
476	1,3846154
477	8,3846154
477	-2,6153846
477	-27,6153846
477	16,3846154
478	-2,6153846
478	-22,6153846
478	-21,6153846
478	-17,6153846
479	-16,6153846
479	-17,6153846
479	6,3846154
479	2,3846154
480	3,3846154
480	-8,6153846
480	-14,6153846
481	17,3846154
481	-4,6153846
481	4,3846154
481	11,3846154
482	23,3846154
482	5,3846154
482	-9,6153846
482	-18,6153846
483	-13,6153846
483	21,3846154
483	-7,6153846
483	0,3846154
484	10,3846154
484	22,3846154
484	4,3846154
484	-11,6153846
485	12,3846154
485	-10,6153846
485	3,3846154
485	-0,6153846
486	-34,6153846
486	-9,6153846
486	10,3846154
486	-30,6153846
487	-14,6153846
487	38,3846154
487	8,3846154
488	24,3846154
488	-9,6153846
488	-16,6153846
488	-12,6153846
489	-0,6153846
489	2,3846154
489	2,3846154
489	-10,6153846
490	18,3846154
490	13,3846154
490	-28,6153846
490	-15,6153846
491	-3,6153846
491	-27,6153846
491	-10,6153846
491	-2,6153846
492	-12,6153846
492	-26,6153846
492	20,3846154
492	-1,6153846
493	9,3846154
493	-15,6153846
493	-11,6153846
493	-9,6153846
494	-3,6153846
494	5,3846154
494	18,3846154
495	9,3846154
495	-17,6153846
495	0,3846154
495	1,3846154
496	12,3846154
496	-28,6153846
496	13,3846154
496	-12,6153846
497	-20,6153846
497	3,3846154
497	-19,6153846
497	11,3846154
498	-8,6153846
498	-2,6153846
498	-1,6153846
498	-18,6153846
499	6,3846154
499	-11,6153846
499	3,3846154
499	32,3846154
500	54,3846154
500	5,3846154
500	-23,6153846
500	-0,6153846
501	-1,6153846
501	-3,6153846
501	-4,6153846
502	-17,6153846
502	23,3846154
502	1,3846154
502	-16,6153846
503	1,3846154
503	-6,6153846
503	-4,6153846
503	-30,6153846
504	-4,6153846
504	7,3846154
504	-13,6153846
504	13,3846154
505	-19,6153846
505	-3,6153846
505	12,3846154
505	-2,6153846
506	2,3846154
506	-1,6153846
506	-18,6153846
506	-14,6153846
507	-16,6153846
507	25,3846154
507	5,3846154
507	-19,6153846
508	4,3846154
508	-2,6153846
508	-3,6153846
508	15,3846154
509	-9,6153846
509	-1,6153846
509	-6,6153846
510	-8,6153846
510	-3,6153846
510	-18,6153846
510	0,3846154
511	15,3846154
511	13,3846154
511	-8,6153846
511	-25,6153846
512	15,3846154
512	-9,6153846
512	11,3846154
512	-16,6153846
513	-18,6153846
513	8,3846154
513	26,3846154
513	-25,6153846
514	-16,6153846
514	0,3846154
514	-0,6153846
514	0,3846154
515	-2,6153846
515	3,3846154
515	-5,6153846
515	4,3846154
516	10,3846154
516	21,3846154
516	-0,6153846
516	-14,6153846
517	-27,6153846
517	-10,6153846
517	0,3846154
518	-6,6153846
518	12,3846154
518	4,3846154
518	7,3846154
519	23,3846154
519	17,3846154
519	3,3846154
519	28,3846154
520	4,3846154
520	-16,6153846
520	22,3846154
520	8,3846154
521	-23,6153846
521	8,3846154
521	-8,6153846
521	12,3846154
522	22,3846154
522	7,3846154
522	-5,6153846
522	-0,6153846
523	12,3846154
523	-8,6153846
523	-10,6153846
523	2,3846154
524	-15,6153846
524	-20,6153846
524	18,3846154
524	-8,6153846
525	5,3846154
525	-15,6153846
525	-0,6153846
526	-12,6153846
526	10,3846154
526	21,3846154
526	0,3846154
527	-13,6153846
527	12,3846154
527	-7,6153846
527	-11,6153846
528	11,3846154
528	6,3846154
528	-4,6153846
528	15,3846154
529	6,3846154
529	-21,6153846
529	-16,6153846
529	-9,6153846
530	14,3846154
530	-16,6153846
530	3,3846154
530	-0,6153846
531	7,3846154
531	-16,6153846
531	34,3846154
531	3,3846154
532	-19,6153846
532	-12,6153846
532	15,3846154
532	-9,6153846
533	1,3846154
533	-8,6153846
533	-11,6153846
534	2,3846154
534	4,3846154
534	10,3846154
534	-1,6153846
535	-4,6153846
535	-17,6153846
535	27,3846154
535	11,3846154
536	31,3846154
536	8,3846154
536	-30,6153846
536	-18,6153846
537	4,3846154
537	-8,6153846
537	-6,6153846
537	-32,6153846
538	-5,6153846
538	-27,6153846
538	-6,6153846
538	-7,6153846
539	5,3846154
539	2,3846154
539	-6,6153846
539	12,3846154
540	-5,6153846
540	-22,6153846
540	-0,6153846
540	-3,6153846
541	18,3846154
541	-18,6153846
541	-20,6153846
541	-7,6153846
542	4,3846154
542	-6,6153846
542	-0,6153846
543	-16,6153846
543	-34,6153846
543	-16,6153846
543	51,3846154
544	-19,6153846
544	7,3846154
544	-6,6153846
544	21,3846154
545	-30,6153846
545	11,3846154
545	0,3846154
545	-19,6153846
546	-4,6153846
546	-20,6153846
546	11,3846154
546	-4,6153846
547	5,3846154
547	5,3846154
547	-14,6153846
547	-13,6153846
548	11,3846154
548	9,3846154
548	3,3846154
548	9,3846154
549	4,3846154
549	27,3846154
549	3,3846154
549	-17,6153846
550	6,3846154
550	-31,6153846
550	-0,6153846
550	-8,6153846
551	-18,6153846
551	-16,6153846
551	-8,6153846
552	-20,6153846
552	-18,6153846
552	-12,6153846
552	-9,6153846
553	-19,6153846
553	10,3846154
553	2,3846154
553	16,3846154
554	-14,6153846
554	-11,6153846
554	-11,6153846
554	-29,6153846
555	9,3846154
555	22,3846154
555	-13,6153846
555	-10,6153846
556	4,3846154
556	-0,6153846
556	3,3846154
556	26,3846154
557	35,3846154
557	13,3846154
557	-30,6153846
557	3,3846154
558	-14,6153846
558	-44,6153846
558	7,3846154
558	2,3846154
559	-0,6153846
559	-0,6153846
559	-20,6153846
559	-21,6153846
560	9,3846154
560	23,3846154
560	-20,6153846
561	0,3846154
561	11,3846154
561	-24,6153846
561	-13,6153846
562	-15,6153846
562	-2,6153846
562	19,3846154
562	9,3846154
563	19,3846154
563	17,3846154
563	3,3846154
563	-8,6153846
564	-24,6153846
564	-9,6153846
564	6,3846154
564	1,3846154
565	20,3846154
565	1,3846154
565	-10,6153846
565	0,3846154
566	-5,6153846
566	0,3846154
566	0,3846154
566	14,3846154
567	-2,6153846
567	-28,6153846
567	-20,6153846
567	-20,6153846
568	-29,6153846
568	-0,6153846
568	9,3846154
568	-27,6153846
569	-16,6153846
569	13,3846154
569	0,3846154
569	-31,6153846
570	-8,6153846
570	-9,6153846
570	4,3846154
571	-2,6153846
571	-3,6153846
571	-16,6153846
571	2,3846154
572	-3,6153846
572	-1,6153846
572	-17,6153846
572	-1,6153846
573	-8,6153846
573	-25,6153846
573	-10,6153846
573	-22,6153846
574	3,3846154
574	15,3846154
574	-3,6153846
574	-16,6153846
575	0,3846154
575	-18,6153846
575	9,3846154
575	-0,6153846
576	-7,6153846
576	-8,6153846
576	18,3846154
576	-30,6153846
577	-31,6153846
577	29,3846154
577	5,3846154
577	2,3846154
578	21,3846154
578	8,3846154
578	1,3846154
578	-0,6153846
579	1,3846154
579	-21,6153846
579	-13,6153846
579	-37,6153846
580	1,3846154
580	-8,6153846
580	6,3846154
581	28,3846154
581	-17,6153846
581	7,3846154
581	-19,6153846
582	-23,6153846
582	-23,6153846
582	-2,6153846
582	-14,6153846
583	-3,6153846
583	-18,6153846
583	-24,6153846
583	-0,6153846
584	5,3846154
584	-20,6153846
584	5,3846154
584	18,3846154
585	-4,6153846
585	-21,6153846
585	11,3846154
585	1,3846154
586	-23,6153846
586	-14,6153846
586	-0,6153846
586	19,3846154
587	4,3846154
587	-32,6153846
587	-24,6153846
587	-26,6153846
588	8,3846154
588	0,3846154
588	6,3846154
588	-21,6153846
589	-10,6153846
589	-8,6153846
589	-3,6153846
589	-34,6153846
590	-14,6153846
590	8,3846154
590	-26,6153846
590	-10,6153846
591	-14,6153846
591	-4,6153846
591	-20,6153846
592	-8,6153846
592	-1,6153846
592	-30,6153846
592	-7,6153846
593	22,3846154
593	-5,6153846
593	-7,6153846
593	9,3846154
594	35,3846154
594	-15,6153846
594	-0,6153846
594	-19,6153846
595	-18,6153846
595	-16,6153846
595	-8,6153846
595	-3,6153846
596	12,3846154
596	-14,6153846
596	-30,6153846
596	-5,6153846
597	6,3846154
597	0,3846154
597	4,3846154
597	-239,6153846
598	-57,6153846
598	1,3846154
598	-32,6153846
598	-12,6153846
599	7,3846154
599	-10,6153846
599	-21,6153846
599	-14,6153846
600	3,3846154
600	-0,6153846
600	-8,6153846
600	-15,6153846
601	-41,6153846
601	-16,6153846
601	-4,6153846
601	-11,6153846
602	-22,6153846
602	-0,6153846
602	27,3846154
603	20,3846154
603	9,3846154
603	23,3846154
603	1,3846154
604	-16,6153846
604	8,3846154
604	-6,6153846
604	-4,6153846
605	15,3846154
605	-1,6153846
605	2,3846154
605	6,3846154
606	-5,6153846
606	-2,6153846
606	16,3846154
606	12,3846154
607	-25,6153846
607	-13,6153846
607	17,3846154
607	4,3846154
608	-9,6153846
608	14,3846154
608	7,3846154
608	-5,6153846
609	-19,6153846
609	-1,6153846
609	-6,6153846
609	-23,6153846
610	-12,6153846
610	-4,6153846
610	-13,6153846
610	-5,6153846
611	-27,6153846
611	-14,6153846
611	-15,6153846
611	-13,6153846
612	-19,6153846
612	-7,6153846
612	20,3846154
612	6,3846154
613	-19,6153846
613	3,3846154
613	-1,6153846
613	-20,6153846
614	14,3846154
614	-25,6153846
614	-15,6153846
614	-18,6153846
615	-16,6153846
615	7,3846154
615	-9,6153846
616	-6,6153846
616	-23,6153846
616	-0,6153846
616	-15,6153846
617	-25,6153846
617	12,3846154
617	-8,6153846
617	-10,6153846
618	-15,6153846
618	10,3846154
618	-10,6153846
618	3,3846154
619	1,3846154
619	16,3846154
619	-27,6153846
619	-14,6153846
620	6,3846154
620	-12,6153846
620	-12,6153846
620	19,3846154
621	-12,6153846
621	14,3846154
621	-2,6153846
621	-22,6153846
622	-4,6153846
622	1,3846154
622	10,3846154
622	-13,6153846
623	-14,6153846
623	-19,6153846
623	-17,6153846
623	-2,6153846
624	-17,6153846
624	-0,6153846
624	11,3846154
624	7,3846154
625	20,3846154
625	22,3846154
625	-26,6153846
625	1,3846154
626	-5,6153846
626	-11,6153846
626	-8,6153846
626	11,3846154
627	15,3846154
627	-22,6153846
627	-11,6153846
627	-4,6153846
628	-2,6153846
628	1,3846154
628	8,3846154
629	-10,6153846
629	24,3846154
629	-17,6153846
629	-2,6153846
630	-2,6153846
630	-2,6153846
630	-10,6153846
630	2,3846154
631	-21,6153846
631	3,3846154
631	-13,6153846
631	-4,6153846
632	6,3846154
632	-15,6153846
632	19,3846154
632	-6,6153846
633	18,3846154
633	11,3846154
633	-0,6153846
633	-4,6153846
634	-6,6153846
634	-17,6153846
634	-27,6153846
634	-42,6153846
635	-18,6153846
635	2,3846154
635	-9,6153846
635	4,3846154
636	-17,6153846
636	5,3846154
636	11,3846154
636	-4,6153846
637	1,3846154
637	12,3846154
637	6,3846154
637	-11,6153846
638	9,3846154
638	2,3846154
638	-10,6153846
638	24,3846154
639	3,3846154
639	-10,6153846
639	-8,6153846
639	24,3846154
640	-10,6153846
640	11,3846154
640	-16,6153846
640	18,3846154
641	-15,6153846
641	1,3846154
641	10,3846154
641	11,3846154
642	-12,6153846
642	4,3846154
642	1,3846154
642	-15,6153846
643	-5,6153846
643	0,3846154
643	-7,6153846
644	5,3846154
644	-2,6153846
644	5,3846154
644	1,3846154
645	19,3846154
645	-16,6153846
645	4,3846154
645	3,3846154
646	-6,6153846
646	8,3846154
646	-10,6153846
646	22,3846154
647	8,3846154
647	13,3846154
647	-14,6153846
647	3,3846154
648	-3,6153846
648	13,3846154
648	-4,6153846
648	-3,6153846
649	0,3846154
649	18,3846154
649	10,3846154
649	-3,6153846
650	29,3846154
650	-4,6153846
650	-2,6153846
650	-18,6153846
651	0,3846154
651	27,3846154
651	-2,6153846
651	0,3846154
652	-1,6153846
652	-0,6153846
652	8,3846154
652	-6,6153846
653	20,3846154
653	6,3846154
653	-10,6153846
653	-29,6153846
654	-27,6153846
654	-9,6153846
654	13,3846154
654	7,3846154
655	7,3846154
655	21,3846154
655	6,3846154
655	21,3846154
656	4,3846154
656	5,3846154
656	-31,6153846
656	-1,6153846
657	1,3846154
657	-25,6153846
657	11,3846154
657	20,3846154
658	6,3846154
658	5,3846154
658	-0,6153846
658	-10,6153846
659	-7,6153846
659	22,3846154
659	12,3846154
660	-0,6153846
660	-14,6153846
660	18,3846154
660	20,3846154
661	17,3846154
661	-9,6153846
661	-5,6153846
661	-1,6153846
662	17,3846154
662	20,3846154
662	18,3846154
662	5,3846154
663	-11,6153846
663	-1,6153846
663	17,3846154
663	22,3846154
664	5,3846154
664	4,3846154
664	-0,6153846
664	-10,6153846
665	23,3846154
665	10,3846154
665	26,3846154
665	9,3846154
666	7,3846154
666	26,3846154
666	21,3846154
666	-19,6153846
667	1,3846154
667	-5,6153846
667	9,3846154
667	-22,6153846
668	3,3846154
668	-20,6153846
668	6,3846154
668	13,3846154
669	0,3846154
669	-13,6153846
669	-1,6153846
669	-7,6153846
670	8,3846154
670	22,3846154
670	-13,6153846
670	0,3846154
671	-3,6153846
671	10,3846154
671	1,3846154
671	-10,6153846
672	26,3846154
672	-14,6153846
672	20,3846154
672	15,3846154
673	16,3846154
673	-13,6153846
673	-2,6153846
673	-3,6153846
674	6,3846154
674	-2,6153846
674	-14,6153846
674	0,3846154
675	-32,6153846
675	6,3846154
675	-18,6153846
675	1,3846154
676	1,3846154
676	14,3846154
676	-8,6153846
676	10,3846154
677	6,3846154
677	-26,6153846
677	-26,6153846
677	-10,6153846
678	8,3846154
678	12,3846154
678	15,3846154
678	17,3846154
679	-0,6153846
679	-17,6153846
679	7,3846154
680	10,3846154
680	4,3846154
680	-0,6153846
680	3,3846154
681	1,3846154
681	-0,6153846
681	-10,6153846
681	-17,6153846
682	-2,6153846
682	8,3846154
682	4,3846154
682	3,3846154
683	-15,6153846
683	11,3846154
683	3,3846154
683	-18,6153846
684	-8,6153846
684	-0,6153846
684	0,3846154
684	4,3846154
685	7,3846154
685	-10,6153846
685	14,3846154
685	-21,6153846
686	-8,6153846
686	1,3846154
686	2,3846154
686	0,3846154
687	2,3846154
687	5,3846154
687	-11,6153846
687	3,3846154
688	-7,6153846
688	-14,6153846
688	-5,6153846
688	-26,6153846
689	-13,6153846
689	-11,6153846
689	0,3846154
689	-8,6153846
690	-5,6153846
690	-10,6153846
690	-38,6153846
690	-8,6153846
691	17,3846154
691	15,3846154
691	-0,6153846
691	-3,6153846
692	7,3846154
692	17,3846154
692	1,3846154
692	14,3846154
693	-11,6153846
693	-14,6153846
693	-5,6153846
693	-10,6153846
694	-4,6153846
694	4,3846154
694	-22,6153846
694	-1,6153846
695	-20,6153846
695	10,3846154
695	-2,6153846
695	-14,6153846
696	-6,6153846
696	3,3846154
696	-24,6153846
696	-15,6153846
697	-23,6153846
697	-14,6153846
697	-12,6153846
697	6,3846154
698	-26,6153846
698	-11,6153846
698	-23,6153846
698	-0,6153846
699	-6,6153846
699	-2,6153846
699	6,3846154
699	-6,6153846
700	1,3846154
700	-11,6153846
700	-8,6153846
700	-46,6153846
701	-4,6153846
701	-13,6153846
701	20,3846154
701	17,3846154
702	-11,6153846
702	-0,6153846
702	4,3846154
702	-6,6153846
703	-4,6153846
703	6,3846154
703	-1,6153846
703	-18,6153846
704	-17,6153846
704	15,3846154
704	8,3846154
704	22,3846154
705	6,3846154
705	-3,6153846
705	3,3846154
706	11,3846154
706	5,3846154
706	-0,6153846
706	-15,6153846
707	-5,6153846
707	-9,6153846
707	18,3846154
707	-11,6153846
708	-25,6153846
708	-1,6153846
708	-16,6153846
708	4,3846154
709	-7,6153846
709	-2,6153846
709	6,3846154
709	-25,6153846
710	-18,6153846
710	-1,6153846
710	8,3846154
710	17,3846154
711	-6,6153846
711	-4,6153846
711	-7,6153846
711	6,3846154
712	5,3846154
712	0,3846154
712	2,3846154
712	-7,6153846
713	-7,6153846
713	14,3846154
713	-0,6153846
713	-1,6153846
714	14,3846154
714	26,3846154
714	6,3846154
714	1,3846154
715	-5,6153846
715	-10,6153846
715	-10,6153846
715	-20,6153846
716	-6,6153846
716	2,3846154
716	-17,6153846
716	0,3846154
717	-15,6153846
717	-6,6153846
717	-5,6153846
717	-13,6153846
718	-18,6153846
718	2,3846154
718	-16,6153846
718	-9,6153846
719	-11,6153846
719	-8,6153846
719	14,3846154
719	-24,6153846
720	-15,6153846
720	-3,6153846
720	-2,6153846
720	4,3846154
721	14,3846154
721	-10,6153846
721	-3,6153846
721	-33,6153846
722	20,3846154
722	22,3846154
722	-35,6153846
722	-24,6153846
723	7,3846154
723	-15,6153846
723	-2,6153846
723	11,3846154
724	-1,6153846
724	11,3846154
724	21,3846154
724	-11,6153846
725	5,3846154
725	35,3846154
725	-3,6153846
725	-11,6153846
726	-15,6153846
726	10,3846154
726	12,3846154
726	-31,6153846
727	-5,6153846
727	-28,6153846
727	11,3846154
727	-3,6153846
728	-18,6153846
728	0,3846154
728	8,3846154
728	-11,6153846
729	-11,6153846
729	3,3846154
729	3,3846154
729	-0,6153846
730	14,3846154
730	-28,6153846
730	6,3846154
730	-12,6153846
731	2,3846154
731	-15,6153846
731	-3,6153846
731	-2,6153846
732	-10,6153846
732	7,3846154
732	4,3846154
732	-2,6153846
733	17,3846154
733	-6,6153846
733	11,3846154
733	21,3846154
734	-9,6153846
734	-6,6153846
734	-1,6153846
734	20,3846154
735	1,3846154
735	3,3846154
735	11,3846154
735	5,3846154
736	-11,6153846
736	-7,6153846
736	-15,6153846
736	-5,6153846
737	8,3846154
737	-19,6153846
737	-29,6153846
737	30,3846154
738	-4,6153846
738	-1,6153846
738	-17,6153846
738	-5,6153846
739	16,3846154
739	37,3846154
739	-29,6153846
739	-0,6153846
740	11,3846154
740	-24,6153846
740	-19,6153846
740	-19,6153846
741	-3,6153846
741	2,3846154
741	-4,6153846
741	-3,6153846
742	14,3846154
742	2,3846154
742	-14,6153846
742	-32,6153846
743	-15,6153846
743	-4,6153846
743	-11,6153846
743	-3,6153846
744	-13,6153846
744	-16,6153846
744	-7,6153846
744	-14,6153846
745	-15,6153846
745	-18,6153846
745	-8,6153846
745	-41,6153846
746	-10,6153846
746	11,3846154
746	-6,6153846
746	14,3846154
747	26,3846154
747	0,3846154
747	-4,6153846
747	-9,6153846
748	-10,6153846
748	10,3846154
748	1,3846154
748	6,3846154
749	-7,6153846
749	12,3846154
749	-22,6153846
749	-28,6153846
750	-5,6153846
750	4,3846154
750	-0,6153846
750	-9,6153846
751	2,3846154
751	-9,6153846
751	-4,6153846
751	-14,6153846
752	-0,6153846
752	-13,6153846
752	-14,6153846
752	-6,6153846
753	-15,6153846
753	-24,6153846
753	-24,6153846
753	-3,6153846
754	-2,6153846
754	-22,6153846
754	-40,6153846
754	10,3846154
755	-21,6153846
755	-19,6153846
755	8,3846154
755	-1,6153846
756	-14,6153846
756	-3,6153846
756	-4,6153846
756	12,3846154
757	-25,6153846
757	2,3846154
757	-3,6153846
757	7,3846154
758	-3,6153846
758	-21,6153846
758	10,3846154
758	10,3846154
759	23,3846154
759	9,3846154
759	-1,6153846
759	-1,6153846
760	8,3846154
760	-13,6153846
760	-0,6153846
760	-8,6153846
761	9,3846154
761	24,3846154
761	-0,6153846
761	-20,6153846
762	13,3846154
762	-5,6153846
762	-3,6153846
762	-10,6153846
763	-17,6153846
763	10,3846154
763	9,3846154
763	13,3846154
764	8,3846154
764	2,3846154
764	4,3846154
764	5,3846154
765	-4,6153846
765	-2,6153846
765	-0,6153846
765	18,3846154
766	-14,6153846
766	-12,6153846
766	0,3846154
766	-9,6153846
767	-12,6153846
767	-20,6153846
767	2,3846154
767	-1,6153846
768	0,3846154
768	-1,6153846
768	-5,6153846
768	9,3846154
769	-20,6153846
769	-0,6153846
769	-15,6153846
769	-17,6153846
770	-0,6153846
770	-8,6153846
770	-16,6153846
770	-18,6153846
771	-22,6153846
771	-9,6153846
771	-14,6153846
771	1,3846154
772	37,3846154
772	-2,6153846
772	18,3846154
772	0,3846154
773	-28,6153846
773	6,3846154
773	-9,6153846
773	10,3846154
774	-6,6153846
774	-12,6153846
774	-25,6153846
774	-22,6153846
775	-22,6153846
775	-24,6153846
775	-20,6153846
775	3,3846154
776	-27,6153846
776	4,3846154
776	-5,6153846
776	-18,6153846
777	21,3846154
777	-13,6153846
777	15,3846154
777	-11,6153846
778	4,3846154
778	0,3846154
778	13,3846154
778	-11,6153846
779	-6,6153846
779	18,3846154
779	-9,6153846
779	25,3846154
780	12,3846154
780	4,3846154
780	11,3846154
780	8,3846154
781	11,3846154
781	-0,6153846
781	2,3846154
781	1,3846154
782	26,3846154
782	16,3846154
782	3,3846154
782	27,3846154
783	-7,6153846
783	-23,6153846
783	2,3846154
783	-10,6153846
784	16,3846154
784	14,3846154
784	-0,6153846
784	-27,6153846
785	-21,6153846
785	26,3846154
785	-23,6153846
785	-21,6153846
786	2,3846154
786	-17,6153846
786	-11,6153846
786	-5,6153846
787	1,3846154
787	-17,6153846
787	3,3846154
787	-9,6153846
788	-34,6153846
788	-35,6153846
788	-2,6153846
788	3,3846154
789	12,3846154
789	-12,6153846
789	-14,6153846
789	-14,6153846
790	-4,6153846
790	0,3846154
790	-15,6153846
790	-0,6153846
791	3,3846154
791	-18,6153846
791	-17,6153846
791	-37,6153846
792	6,3846154
792	-1,6153846
792	12,3846154
792	3,3846154
793	3,3846154
793	-5,6153846
793	-7,6153846
793	3,3846154
794	15,3846154
794	-25,6153846
794	-21,6153846
794	-22,6153846
795	-26,6153846
795	8,3846154
795	-1,6153846
795	16,3846154
796	17,3846154
796	3,3846154
796	-12,6153846
796	-9,6153846
797	-7,6153846
797	-17,6153846
797	20,3846154
797	16,3846154
798	1,3846154
798	-14,6153846
798	10,3846154
798	34,3846154
799	-20,6153846
799	-21,6153846
799	-7,6153846
799	-15,6153846
800	-9,6153846
800	27,3846154
800	29,3846154
800	-2,6153846
801	14,3846154
801	-3,6153846
801	1,3846154
801	-9,6153846
802	-25,6153846
802	4,3846154
802	-10,6153846
802	-9,6153846
803	-17,6153846
803	-22,6153846
803	2,3846154
803	-1,6153846
804	1,3846154
804	-27,6153846
804	-10,6153846
804	-0,6153846
805	-26,6153846
805	-42,6153846
805	-7,6153846
805	-23,6153846
806	-20,6153846
806	-19,6153846
806	17,3846154
806	6,3846154
807	-17,6153846
807	22,3846154
807	15,3846154
807	13,3846154
808	-5,6153846
808	-2,6153846
808	4,3846154
808	-13,6153846
809	-7,6153846
809	-0,6153846
809	-8,6153846
809	-23,6153846
810	-32,6153846
810	-3,6153846
810	-15,6153846
810	-9,6153846
811	-3,6153846
811	-1,6153846
811	-13,6153846
811	0,3846154
812	-0,6153846
812	13,3846154
812	-17,6153846
812	-27,6153846
813	-34,6153846
813	11,3846154
813	17,3846154
813	-8,6153846
814	-5,6153846
814	-15,6153846
814	-11,6153846
814	5,3846154
815	21,3846154
815	8,3846154
815	15,3846154
815	-19,6153846
816	21,3846154
816	-4,6153846
816	0,3846154
816	-16,6153846
817	-1,6153846
817	4,3846154
817	-4,6153846
817	16,3846154
818	-11,6153846
818	10,3846154
818	-15,6153846
818	-14,6153846
819	-23,6153846
819	28,3846154
819	-11,6153846
819	4,3846154
820	7,3846154
820	-7,6153846
820	1,3846154
820	10,3846154
820	-11,6153846
821	-18,6153846
821	-14,6153846
821	-18,6153846
821	-15,6153846
822	9,3846154
822	2,3846154
822	-27,6153846
822	-3,6153846
823	-22,6153846
823	5,3846154
823	-1,6153846
823	4,3846154
824	-7,6153846
824	21,3846154
824	23,3846154
824	11,3846154
825	15,3846154
825	17,3846154
825	-6,6153846
825	10,3846154
826	5,3846154
826	-1,6153846
826	20,3846154
826	-10,6153846
827	-17,6153846
827	-22,6153846
827	-4,6153846
827	-26,6153846
828	-11,6153846
828	4,3846154
828	-14,6153846
828	-18,6153846
829	1,3846154
829	12,3846154
829	9,3846154
829	-2,6153846
830	2,3846154
830	23,3846154
830	-18,6153846
830	-5,6153846
831	19,3846154
831	0,3846154
831	0,3846154
831	1,3846154
832	16,3846154
832	-8,6153846
832	-7,6153846
832	-4,6153846
833	6,3846154
833	2,3846154
833	-22,6153846
833	-20,6153846
834	22,3846154
834	-2,6153846
834	-10,6153846
834	-30,6153846
835	-29,6153846
835	21,3846154
835	-14,6153846
835	2,3846154
836	9,3846154
836	3,3846154
836	12,3846154
836	16,3846154
837	11,3846154
837	-17,6153846
837	-23,6153846
837	-9,6153846
838	-27,6153846
838	4,3846154
838	26,3846154
838	-9,6153846
839	-10,6153846
839	-15,6153846
839	0,3846154
839	35,3846154
840	3,3846154
840	-37,6153846
840	-0,6153846
840	-13,6153846
841	-13,6153846
841	34,3846154
841	10,3846154
841	-12,6153846
842	-8,6153846
842	22,3846154
842	-17,6153846
842	11,3846154
843	-2,6153846
843	18,3846154
843	14,3846154
843	-8,6153846
844	3,3846154
844	-12,6153846
844	29,3846154
844	-26,6153846
845	-9,6153846
845	4,3846154
845	23,3846154
845	4,3846154
845	2,3846154
846	-14,6153846
846	33,3846154
846	4,3846154
846	1,3846154
847	-0,6153846
847	-14,6153846
847	-2,6153846
847	-3,6153846
848	-24,6153846
848	-32,6153846
848	1,3846154
848	-14,6153846
849	-16,6153846
849	2,3846154
849	5,3846154
849	26,3846154
850	1,3846154
850	5,3846154
850	0,3846154
850	23,3846154
851	3,3846154
851	-32,6153846
851	11,3846154
851	-3,6153846
852	-20,6153846
852	-0,6153846
852	4,3846154
852	-27,6153846
853	-20,6153846
853	-15,6153846
853	-35,6153846
853	-12,6153846
854	-9,6153846
854	-0,6153846
854	-25,6153846
854	13,3846154
855	-27,6153846
855	-8,6153846
855	-10,6153846
855	-2,6153846
856	-16,6153846
856	12,3846154
856	9,3846154
856	-20,6153846
857	-27,6153846
857	15,3846154
857	12,3846154
857	2,3846154
858	16,3846154
858	5,3846154
858	3,3846154
858	0,3846154
859	8,3846154
859	-40,6153846
859	2,3846154
859	-12,6153846
860	-37,6153846
860	-1,6153846
860	0,3846154
860	-2,6153846
861	8,3846154
861	4,3846154
861	-6,6153846
861	-6,6153846
862	10,3846154
862	22,3846154
862	-13,6153846
862	1,3846154
863	-5,6153846
863	-14,6153846
863	-10,6153846
863	5,3846154
864	8,3846154
864	-31,6153846
864	-8,6153846
864	-5,6153846
864	-6,6153846
865	2,3846154
865	-8,6153846
865	-3,6153846
865	-7,6153846
866	-7,6153846
866	-11,6153846
866	6,3846154
866	-5,6153846
867	18,3846154
867	-21,6153846
867	-12,6153846
867	5,3846154
868	-1,6153846
868	-24,6153846
868	3,3846154
868	-17,6153846
869	4,3846154
869	12,3846154
869	-17,6153846
869	-35,6153846
870	29,3846154
870	-10,6153846
870	-3,6153846
870	0,3846154
871	-30,6153846
871	-19,6153846
871	-5,6153846
871	-4,6153846
872	22,3846154
872	-26,6153846
872	-9,6153846
872	4,3846154
873	-35,6153846
873	-26,6153846
873	-29,6153846
873	12,3846154
874	-9,6153846
874	-4,6153846
874	-17,6153846
874	-19,6153846
875	-4,6153846
875	-20,6153846
875	-28,6153846
875	3,3846154
876	-21,6153846
876	12,3846154
876	7,3846154
876	-5,6153846
877	7,3846154
877	-14,6153846
877	-16,6153846
877	-20,6153846
878	-12,6153846
878	-19,6153846
878	17,3846154
878	24,3846154
879	1,3846154
879	-17,6153846
879	1,3846154
879	-1,6153846
880	-6,6153846
880	-13,6153846
880	33,3846154
880	1,3846154
880	-13,6153846
881	19,3846154
881	11,3846154
881	2,3846154
881	2,3846154
882	-0,6153846
882	-27,6153846
882	-1,6153846
882	7,3846154
883	1,3846154
883	-8,6153846
883	-4,6153846
883	-15,6153846
884	-0,6153846
884	-2,6153846
884	-10,6153846
884	-16,6153846
885	8,3846154
885	15,3846154
885	4,3846154
885	0,3846154
886	0,3846154
886	-3,6153846
886	-7,6153846
886	1,3846154
887	5,3846154
887	-0,6153846
887	-19,6153846
887	3,3846154
888	-3,6153846
888	-3,6153846
888	-8,6153846
888	-25,6153846
889	-17,6153846
889	16,3846154
889	-19,6153846
889	6,3846154
890	12,3846154
890	-41,6153846
890	4,3846154
890	-21,6153846
891	-23,6153846
891	-0,6153846
891	2,3846154
891	1,3846154
892	-41,6153846
892	-6,6153846
892	-7,6153846
892	7,3846154
893	-8,6153846
893	-21,6153846
893	1,3846154
893	-11,6153846
894	10,3846154
894	-6,6153846
894	2,3846154
894	0,3846154
894	-11,6153846
895	3,3846154
895	11,3846154
895	7,3846154
895	-15,6153846
896	19,3846154
896	23,3846154
896	11,3846154
896	11,3846154
897	10,3846154
897	23,3846154
897	14,3846154
897	11,3846154
898	6,3846154
898	14,3846154
898	-37,6153846
898	2,3846154
899	-15,6153846
899	-13,6153846
899	-1,6153846
899	-24,6153846
900	-2,6153846
900	17,3846154
900	-2,6153846
900	19,3846154
901	33,3846154
901	8,3846154
901	9,3846154
901	2,3846154
902	7,3846154
902	-3,6153846
902	2,3846154
902	-22,6153846
903	-11,6153846
903	-4,6153846
903	-15,6153846
903	2,3846154
904	-11,6153846
904	-8,6153846
904	-3,6153846
904	16,3846154
905	-5,6153846
905	9,3846154
905	-15,6153846
905	20,3846154
906	3,3846154
906	12,3846154
906	-18,6153846
906	-5,6153846
906	-12,6153846
907	-8,6153846
907	18,3846154
907	10,3846154
907	1,3846154
908	-26,6153846
908	10,3846154
908	25,3846154
908	-18,6153846
909	-31,6153846
909	-29,6153846
909	-17,6153846
909	-1,6153846
910	6,3846154
910	-21,6153846
910	3,3846154
910	-19,6153846
911	-5,6153846
911	-7,6153846
911	17,3846154
911	-6,6153846
912	-13,6153846
912	-2,6153846
912	2,3846154
912	-0,6153846
913	-15,6153846
913	-24,6153846
913	-0,6153846
913	2,3846154
914	-3,6153846
914	-2,6153846
914	-1,6153846
914	-24,6153846
915	-26,6153846
915	-22,6153846
915	-13,6153846
915	4,3846154
916	-7,6153846
916	6,3846154
916	19,3846154
916	-17,6153846
917	-11,6153846
917	5,3846154
917	-25,6153846
917	-4,6153846
917	-34,6153846
918	-7,6153846
918	11,3846154
918	-14,6153846
918	-9,6153846
919	-23,6153846
919	-13,6153846
919	19,3846154
919	-16,6153846
920	-11,6153846
920	-3,6153846
920	18,3846154
920	-1,6153846
921	-9,6153846
921	6,3846154
921	4,3846154
921	-10,6153846
922	-8,6153846
922	5,3846154
922	-1,6153846
922	-21,6153846
923	-16,6153846
923	-15,6153846
923	-23,6153846
923	3,3846154
924	-7,6153846
924	-25,6153846
924	-0,6153846
924	0,3846154
925	5,3846154
925	5,3846154
925	12,3846154
925	24,3846154
926	0,3846154
926	15,3846154
926	-4,6153846
926	-7,6153846
927	-3,6153846
927	-12,6153846
927	-7,6153846
927	-5,6153846
928	-22,6153846
928	-22,6153846
928	-22,6153846
928	-5,6153846
928	9,3846154
929	4,3846154
929	-30,6153846
929	-15,6153846
929	-25,6153846
930	5,3846154
930	-6,6153846
930	-15,6153846
930	0,3846154
931	9,3846154
931	-24,6153846
931	10,3846154
931	11,3846154
932	3,3846154
932	3,3846154
932	-17,6153846
932	-2,6153846
933	31,3846154
933	-3,6153846
933	-9,6153846
933	-17,6153846
934	-5,6153846
934	19,3846154
934	13,3846154
934	20,3846154
935	50,3846154
935	20,3846154
935	-6,6153846
935	13,3846154
936	-4,6153846
936	21,3846154
936	-13,6153846
936	8,3846154
937	23,3846154
937	0,3846154
937	-10,6153846
937	-2,6153846
938	5,3846154
938	1,3846154
938	-4,6153846
938	29,3846154
938	10,3846154
939	11,3846154
939	-5,6153846
939	13,3846154
939	9,3846154
940	16,3846154
940	-15,6153846
940	-22,6153846
940	-32,6153846
941	-23,6153846
941	-10,6153846
941	-20,6153846
941	-10,6153846
942	-17,6153846
942	-6,6153846
942	-18,6153846
942	-4,6153846
943	13,3846154
943	-9,6153846
943	-9,6153846
943	18,3846154
944	5,3846154
944	9,3846154
944	4,3846154
944	2,3846154
945	11,3846154
945	12,3846154
945	-19,6153846
945	-8,6153846
946	-7,6153846
946	-8,6153846
946	2,3846154
946	-18,6153846
947	4,3846154
947	5,3846154
947	-6,6153846
947	17,3846154
947	-2,6153846
948	3,3846154
948	14,3846154
948	-30,6153846
948	-4,6153846
949	9,3846154
949	-3,6153846
949	17,3846154
949	-4,6153846
950	3,3846154
950	-13,6153846
950	-22,6153846
950	-16,6153846
951	4,3846154
951	8,3846154
951	-0,6153846
951	-26,6153846
952	-2,6153846
952	5,3846154
952	-7,6153846
952	23,3846154
953	-14,6153846
953	-9,6153846
953	22,3846154
953	-8,6153846
954	-24,6153846
954	-9,6153846
954	-17,6153846
954	-2,6153846
955	-14,6153846
955	-9,6153846
955	-27,6153846
955	-32,6153846
956	-2,6153846
956	3,3846154
956	-18,6153846
956	-11,6153846
956	-14,6153846
957	10,3846154
957	6,3846154
957	8,3846154
957	-1,6153846
958	1,3846154
958	1,3846154
958	-13,6153846
958	1,3846154
959	-4,6153846
959	1,3846154
959	-18,6153846
959	-17,6153846
960	40,3846154
960	7,3846154
960	7,3846154
960	-5,6153846
961	9,3846154
961	-18,6153846
961	-39,6153846
961	-22,6153846
962	5,3846154
962	-6,6153846
962	5,3846154
962	10,3846154
963	-38,6153846
963	19,3846154
963	14,3846154
963	-20,6153846
964	-5,6153846
964	19,3846154
964	-0,6153846
964	-15,6153846
964	-5,6153846
965	16,3846154
965	-20,6153846
965	13,3846154
965	-15,6153846
966	-3,6153846
966	-11,6153846
966	-18,6153846
966	2,3846154
967	1,3846154
967	-0,6153846
967	7,3846154
967	-7,6153846
968	-8,6153846
968	-2,6153846
968	-9,6153846
968	10,3846154
969	0,3846154
969	-21,6153846
969	7,3846154
969	-9,6153846
970	10,3846154
970	-12,6153846
970	-15,6153846
970	-17,6153846
971	-5,6153846
971	12,3846154
971	0,3846154
971	8,3846154
972	10,3846154
972	-3,6153846
972	8,3846154
972	-10,6153846
972	-3,6153846
973	-30,6153846
973	17,3846154
973	7,3846154
973	6,3846154
974	-7,6153846
974	-5,6153846
974	20,3846154
974	-1,6153846
975	3,3846154
975	-1,6153846
975	-0,6153846
975	6,3846154
976	-28,6153846
976	-18,6153846
976	-8,6153846
976	-4,6153846
977	4,3846154
977	-11,6153846
977	-20,6153846
977	12,3846154
978	9,3846154
978	14,3846154
978	-11,6153846
978	8,3846154
979	4,3846154
979	7,3846154
979	-3,6153846
979	19,3846154
980	-7,6153846
980	8,3846154
980	-28,6153846
980	-22,6153846
980	0,3846154
981	1,3846154
981	14,3846154
981	11,3846154
981	-10,6153846
982	-22,6153846
982	-19,6153846
982	32,3846154
982	-8,6153846
983	-8,6153846
983	0,3846154
983	-16,6153846
983	1,3846154
984	9,3846154
984	14,3846154
984	-26,6153846
984	-21,6153846
985	-17,6153846
985	23,3846154
985	19,3846154
985	0,3846154
986	7,3846154
986	-6,6153846
986	-13,6153846
986	-11,6153846
987	-19,6153846
987	13,3846154
987	-10,6153846
987	-27,6153846
988	-3,6153846
988	-0,6153846
988	-21,6153846
988	4,3846154
988	7,3846154
989	-7,6153846
989	-12,6153846
989	-2,6153846
989	-5,6153846
990	0,3846154
990	-29,6153846
990	-1,6153846
990	-0,6153846
991	-5,6153846
991	2,3846154
991	-2,6153846
991	4,3846154
992	-35,6153846
992	-10,6153846
992	-27,6153846
992	-26,6153846
993	-23,6153846
993	-10,6153846
993	-0,6153846
993	13,3846154
994	-11,6153846
994	-0,6153846
994	-6,6153846
994	-2,6153846
995	-8,6153846
995	0,3846154
995	17,3846154
995	13,3846154
995	-11,6153846
996	-8,6153846
996	10,3846154
996	5,3846154
996	2,3846154
997	10,3846154
997	-19,6153846
997	4,3846154
997	19,3846154
998	-21,6153846
998	-18,6153846
998	1,3846154
998	20,3846154
999	12,3846154
999	-15,6153846
999	4,3846154
999	2,3846154
1000	-10,6153846
1000	13,3846154
1000	32,3846154
1000	-10,6153846
1001	6,3846154
1001	12,3846154
1001	10,3846154
1001	-11,6153846
1002	-29,6153846
1002	-14,6153846
1002	12,3846154
1002	15,3846154
1002	-9,6153846
1003	-13,6153846
1003	12,3846154
1003	8,3846154
1003	-5,6153846
1004	6,3846154
1004	-11,6153846
1004	10,3846154
1004	24,3846154
1005	-19,6153846
1005	-3,6153846
1005	20,3846154
1005	1,3846154
1006	-34,6153846
1006	-9,6153846
1006	6,3846154
1006	8,3846154
1007	-3,6153846
1007	-4,6153846
1007	-5,6153846
1007	-23,6153846
1008	-28,6153846
1008	-9,6153846
1008	-16,6153846
1008	11,3846154
1008	16,3846154
1009	-12,6153846
1009	-14,6153846
1009	7,3846154
1009	14,3846154
1010	2,3846154
1010	-38,6153846
1010	-5,6153846
1010	-2,6153846
1011	-1,6153846
1011	10,3846154
1011	7,3846154
1011	16,3846154
1012	0,3846154
1012	-4,6153846
1012	5,3846154
1012	-28,6153846
1013	-27,6153846
1013	0,3846154
1013	6,3846154
1013	-12,6153846
1014	-6,6153846
1014	-5,6153846
1014	8,3846154
1014	5,3846154
1015	-6,6153846
1015	-5,6153846
1015	0,3846154
1015	-4,6153846
1015	17,3846154
1016	-9,6153846
1016	-2,6153846
1016	-22,6153846
1016	-8,6153846
1017	-7,6153846
1017	-1,6153846
1017	-16,6153846
1017	0,3846154
1018	-4,6153846
1018	-15,6153846
1018	-8,6153846
1018	-16,6153846
1019	-8,6153846
1019	19,3846154
1019	-2,6153846
1019	0,3846154
1020	-19,6153846
1020	-12,6153846
1020	-5,6153846
1020	-2,6153846
1021	3,3846154
1021	-11,6153846
1021	-4,6153846
1021	18,3846154
1021	19,3846154
1022	-6,6153846
1022	3,3846154
1022	1,3846154
1022	-2,6153846
1023	-25,6153846
1023	-25,6153846
1023	-9,6153846
1023	15,3846154
1024	2,3846154
1024	-25,6153846
1024	-9,6153846
1024	0,3846154
1025	-3,6153846
1025	-25,6153846
1025	-7,6153846
1025	1,3846154
1026	-0,6153846
1026	-0,6153846
1026	-7,6153846
1026	-19,6153846
1027	2,3846154
1027	-1,6153846
1027	-3,6153846
1027	13,3846154
1027	-22,6153846
1028	-13,6153846
1028	-4,6153846
1028	-16,6153846
1028	24,3846154
1029	-29,6153846
1029	1,3846154
1029	-0,6153846
1029	-5,6153846
1030	22,3846154
1030	-6,6153846
1030	-25,6153846
1030	-8,6153846
1031	9,3846154
1031	-6,6153846
1031	1,3846154
1031	-51,6153846
1032	-17,6153846
1032	17,3846154
1032	-9,6153846
1032	9,3846154
1033	17,3846154
1033	19,3846154
1033	13,3846154
1033	8,3846154
1034	-7,6153846
1034	-10,6153846
1034	-28,6153846
1034	-11,6153846
1034	-8,6153846
1035	4,3846154
1035	1,3846154
1035	-14,6153846
1035	-9,6153846
1036	30,3846154
1036	5,3846154
1036	15,3846154
1036	-7,6153846
1037	-23,6153846
1037	-10,6153846
1037	-14,6153846
1037	20,3846154
1038	-6,6153846
1038	2,3846154
1038	-8,6153846
1038	1,3846154
1039	-2,6153846
1039	-6,6153846
1039	-12,6153846
1039	0,3846154
1039	-3,6153846
1040	-23,6153846
1040	21,3846154
1040	16,3846154
1040	-18,6153846
1041	-4,6153846
1041	-21,6153846
1041	0,3846154
1041	4,3846154
1042	8,3846154
1042	7,3846154
1042	14,3846154
1042	12,3846154
1043	5,3846154
1043	33,3846154
1043	-6,6153846
1043	-9,6153846
1044	-7,6153846
1044	-16,6153846
1044	-3,6153846
1044	-12,6153846
1045	-8,6153846
1045	-22,6153846
1045	-18,6153846
1045	-6,6153846
1045	-21,6153846
1046	13,3846154
1046	0,3846154
1046	-13,6153846
1046	6,3846154
1047	3,3846154
1047	8,3846154
1047	-5,6153846
1047	18,3846154
1048	-0,6153846
1048	5,3846154
1048	31,3846154
1048	17,3846154
1049	-12,6153846
1049	-17,6153846
1049	10,3846154
1049	-5,6153846
1050	-15,6153846
1050	-2,6153846
1050	-15,6153846
1050	-25,6153846
1051	10,3846154
1051	12,3846154
1051	-17,6153846
1051	-0,6153846
1051	-22,6153846
1052	-3,6153846
1052	-15,6153846
1052	-26,6153846
1052	-23,6153846
1053	-4,6153846
1053	9,3846154
1053	-6,6153846
1053	0,3846154
1054	15,3846154
1054	-6,6153846
1054	-2,6153846
1054	4,3846154
1055	20,3846154
1055	-4,6153846
1055	3,3846154
1055	7,3846154
1056	1,3846154
1056	-12,6153846
1056	-17,6153846
1056	-8,6153846
1056	-3,6153846
1057	20,3846154
1057	12,3846154
1057	-0,6153846
1057	11,3846154
1058	-4,6153846
1058	-20,6153846
1058	-15,6153846
1058	0,3846154
1059	19,3846154
1059	-13,6153846
1059	-10,6153846
1059	-6,6153846
1060	29,3846154
1060	1,3846154
1060	-17,6153846
1060	11,3846154
1061	17,3846154
1061	-1,6153846
1061	-4,6153846
1061	5,3846154
1062	-15,6153846
1062	1,3846154
1062	-6,6153846
1062	19,3846154
1062	6,3846154
1063	-4,6153846
1063	-12,6153846
1063	6,3846154
1063	15,3846154
1064	-26,6153846
1064	-10,6153846
1064	-10,6153846
1064	-16,6153846
1065	7,3846154
1065	-10,6153846
1065	-18,6153846
1065	-7,6153846
1066	12,3846154
1066	8,3846154
1066	-7,6153846
1066	15,3846154
1067	-19,6153846
1067	0,3846154
1067	16,3846154
1067	5,3846154
1067	5,3846154
1068	-0,6153846
1068	2,3846154
1068	0,3846154
1068	-4,6153846
1069	5,3846154
1069	-6,6153846
1069	12,3846154
1069	19,3846154
1070	-18,6153846
1070	-10,6153846
1070	11,3846154
1070	3,3846154
1071	-17,6153846
1071	1,3846154
1071	0,3846154
1071	-13,6153846
1072	0,3846154
1072	-3,6153846
1072	-26,6153846
1072	-14,6153846
1072	23,3846154
1073	-9,6153846
1073	0,3846154
1073	-13,6153846
1073	3,3846154
1074	-10,6153846
1074	-0,6153846
1074	0,3846154
1074	-13,6153846
1075	0,3846154
1075	5,3846154
1075	19,3846154
1075	-8,6153846
1076	-0,6153846
1076	3,3846154
1076	-15,6153846
1076	16,3846154
1077	-7,6153846
1077	-5,6153846
1077	-6,6153846
1077	-8,6153846
1077	13,3846154
1078	-14,6153846
1078	8,3846154
1078	6,3846154
1078	-6,6153846
1079	-6,6153846
1079	19,3846154
1079	-8,6153846
1079	2,3846154
1080	22,3846154
1080	-2,6153846
1080	-17,6153846
1080	-6,6153846
1081	-37,6153846
1081	-14,6153846
1081	11,3846154
1081	8,3846154
1082	4,3846154
1082	-23,6153846
1082	9,3846154
1082	-36,6153846
1082	-10,6153846
1083	-4,6153846
1083	-12,6153846
1083	16,3846154
1083	-12,6153846
1084	11,3846154
1084	-2,6153846
1084	11,3846154
1084	4,3846154
1085	18,3846154
1085	-19,6153846
1085	30,3846154
1085	-7,6153846
1086	-1,6153846
1086	-0,6153846
1086	3,3846154
1086	-1,6153846
1087	-0,6153846
1087	-2,6153846
1087	-4,6153846
1087	-8,6153846
1087	13,3846154
1088	-8,6153846
1088	-12,6153846
1088	-10,6153846
1088	0,3846154
1089	-4,6153846
1089	-6,6153846
1089	-17,6153846
1089	-1,6153846
1090	12,3846154
1090	9,3846154
1090	15,3846154
1090	-10,6153846
1091	-9,6153846
1091	2,3846154
1091	22,3846154
1091	-23,6153846
1092	25,3846154
1092	12,3846154
1092	-33,6153846
1092	-16,6153846
1092	-15,6153846
1093	-18,6153846
1093	-10,6153846
1093	-21,6153846
1093	-13,6153846
1094	-15,6153846
1094	-9,6153846
1094	-24,6153846
1094	9,3846154
1095	3,3846154
1095	20,3846154
1095	14,3846154
1095	2,3846154
1096	7,3846154
1096	-16,6153846
1096	-16,6153846
1096	-2,6153846
1097	11,3846154
1097	-22,6153846
1097	-18,6153846
1097	9,3846154
1097	-7,6153846
1098	8,3846154
1098	28,3846154
1098	7,3846154
1098	-15,6153846
1099	-19,6153846
1099	-9,6153846
1099	-8,6153846
1099	-1,6153846
1100	1,3846154
1100	-20,6153846
1100	-8,6153846
1100	-0,6153846
1101	-28,6153846
1101	-13,6153846
1101	28,3846154
1101	-21,6153846
1101	15,3846154
1102	2,3846154
1102	17,3846154
1102	-3,6153846
1102	-18,6153846
1103	-2,6153846
1103	-8,6153846
1103	-7,6153846
1103	12,3846154
1104	-25,6153846
1104	-8,6153846
1104	-15,6153846
1104	19,3846154
1105	-2,6153846
1105	4,3846154
1105	8,3846154
1105	26,3846154
1106	6,3846154
1106	-11,6153846
1106	-5,6153846
1106	-23,6153846
1106	-23,6153846
1107	10,3846154
1107	39,3846154
1107	22,3846154
1107	-13,6153846
1108	-26,6153846
1108	-4,6153846
1108	4,3846154
1108	-16,6153846
1109	-26,6153846
1109	-10,6153846
1109	8,3846154
1109	0,3846154
1110	-2,6153846
1110	7,3846154
1110	-17,6153846
1110	-16,6153846
1110	-0,6153846
1111	20,3846154
1111	41,3846154
1111	-11,6153846
1111	1,3846154
1112	-17,6153846
1112	-11,6153846
1112	22,3846154
1112	-9,6153846
1113	-32,6153846
1113	-23,6153846
1113	-14,6153846
1113	23,3846154
1114	22,3846154
1114	2,3846154
1114	7,3846154
1114	-21,6153846
1115	-0,6153846
1115	10,3846154
1115	14,3846154
1115	-6,6153846
1115	4,3846154
1116	-9,6153846
1116	-20,6153846
1116	-21,6153846
1116	-17,6153846
1117	11,3846154
1117	-5,6153846
1117	11,3846154
1117	0,3846154
1118	2,3846154
