196	3,5384615
196	3,5384615
196	3,5384615
197	-14,4615385
197	-3,4615385
197	16,5384615
197	7,5384615
198	8,5384615
198	6,5384615
198	-18,4615385
199	-8,4615385
199	-3,4615385
199	-1,4615385
199	15,5384615
200	18,5384615
200	-10,4615385
200	2,5384615
200	-9,4615385
201	9,5384615
201	-9,4615385
201	7,5384615
201	-7,4615385
202	14,5384615
202	-9,4615385
202	-34,4615385
203	-8,4615385
203	17,5384615
203	37,5384615
203	10,5384615
204	18,5384615
204	5,5384615
204	-34,4615385
204	18,5384615
205	0,5384615
205	-23,4615385
205	-18,4615385
205	25,5384615
206	1,5384615
206	1,5384615
206	8,5384615
207	-9,4615385
207	-13,4615385
207	-29,4615385
207	2,5384615
208	-12,4615385
208	-12,4615385
208	-19,4615385
208	4,5384615
209	-0,4615385
209	-5,4615385
209	-4,4615385
209	-4,4615385
210	10,5384615
210	0,5384615
210	9,5384615
211	-13,4615385
211	-0,4615385
211	-21,4615385
211	-8,4615385
212	-12,4615385
212	-22,4615385
212	-9,4615385
212	4,5384615
213	3,5384615
213	-12,4615385
213	1,5384615
213	24,5384615
214	9,5384615
214	5,5384615
214	-15,4615385
215	-16,4615385
215	-11,4615385
215	-13,4615385
215	-1,4615385
216	-0,4615385
216	-7,4615385
216	23,5384615
216	0,5384615
217	-2,4615385
217	-2,4615385
217	-9,4615385
217	0,5384615
218	-23,4615385
218	-29,4615385
218	-10,4615385
219	9,5384615
219	-20,4615385
219	13,5384615
219	10,5384615
220	-6,4615385
220	1,5384615
220	-31,4615385
220	-0,4615385
221	-32,4615385
221	-7,4615385
221	8,5384615
221	-8,4615385
222	-2,4615385
222	-1,4615385
222	22,5384615
223	24,5384615
223	-21,4615385
223	-11,4615385
223	-46,4615385
224	-11,4615385
224	-16,4615385
224	-17,4615385
224	-12,4615385
225	4,5384615
225	11,5384615
225	22,5384615
225	6,5384615
226	6,5384615
226	-24,4615385
226	10,5384615
227	3,5384615
227	-9,4615385
227	-12,4615385
227	22,5384615
228	2,5384615
228	-5,4615385
228	7,5384615
228	10,5384615
229	-9,4615385
229	-16,4615385
229	-21,4615385
229	19,5384615
230	8,5384615
230	-1,4615385
230	-6,4615385
231	-17,4615385
231	-3,4615385
231	-27,4615385
231	11,5384615
232	31,5384615
232	17,5384615
232	1,5384615
232	-20,4615385
233	-21,4615385
233	2,5384615
233	-5,4615385
233	-13,4615385
234	-0,4615385
234	28,5384615
234	-3,4615385
235	14,5384615
235	18,5384615
235	-1,4615385
235	-4,4615385
236	-8,4615385
236	-2,4615385
236	0,5384615
236	-14,4615385
237	12,5384615
237	-5,4615385
237	10,5384615
237	-11,4615385
238	-1,4615385
238	-12,4615385
238	-7,4615385
239	-3,4615385
239	-32,4615385
239	-6,4615385
239	-0,4615385
240	-14,4615385
240	-6,4615385
240	-9,4615385
240	5,5384615
241	2,5384615
241	11,5384615
241	9,5384615
241	1,5384615
242	-26,4615385
242	-39,4615385
242	-2,4615385
243	-13,4615385
243	-9,4615385
243	-35,4615385
243	5,5384615
244	-8,4615385
244	1,5384615
244	2,5384615
244	-0,4615385
245	15,5384615
245	17,5384615
245	-6,4615385
245	-8,4615385
246	-33,4615385
246	5,5384615
246	-19,4615385
247	2,5384615
247	-10,4615385
247	11,5384615
247	2,5384615
248	-10,4615385
248	-2,4615385
248	1,5384615
248	5,5384615
249	9,5384615
249	-23,4615385
249	-31,4615385
249	9,5384615
250	17,5384615
250	20,5384615
250	-5,4615385
251	2,5384615
251	1,5384615
251	5,5384615
251	-31,4615385
252	-6,4615385
252	26,5384615
252	15,5384615
252	-7,4615385
253	-13,4615385
253	-4,4615385
253	-12,4615385
253	6,5384615
254	13,5384615
254	-7,4615385
254	-5,4615385
254	-6,4615385
255	-37,4615385
255	-10,4615385
255	-15,4615385
256	-13,4615385
256	-26,4615385
256	-5,4615385
256	9,5384615
257	-1,4615385
257	-12,4615385
257	-5,4615385
257	7,5384615
258	36,5384615
258	-24,4615385
258	8,5384615
258	1,5384615
259	-0,4615385
259	-5,4615385
259	9,5384615
260	-7,4615385
260	-19,4615385
260	-16,4615385
260	-1,4615385
261	-13,4615385
261	-5,4615385
261	-7,4615385
261	-23,4615385
262	-6,4615385
262	9,5384615
262	-5,4615385
262	-4,4615385
263	29,5384615
263	7,5384615
263	1,5384615
264	25,5384615
264	18,5384615
264	14,5384615
264	-19,4615385
265	-14,4615385
265	8,5384615
265	-13,4615385
265	-26,4615385
266	2,5384615
266	-4,4615385
266	7,5384615
266	-18,4615385
267	28,5384615
267	6,5384615
267	-6,4615385
268	5,5384615
268	0,5384615
268	4,5384615
268	27,5384615
269	4,5384615
269	9,5384615
269	-18,4615385
269	-2,4615385
270	-4,4615385
270	-17,4615385
270	-13,4615385
270	14,5384615
271	-22,4615385
271	0,5384615
271	18,5384615
271	-33,4615385
272	-5,4615385
272	7,5384615
272	-37,4615385
273	-17,4615385
273	-14,4615385
273	1,5384615
273	-11,4615385
274	-6,4615385
274	-7,4615385
274	2,5384615
274	-23,4615385
275	4,5384615
275	-2,4615385
275	-1,4615385
275	-7,4615385
276	6,5384615
276	-4,4615385
276	-26,4615385
277	-22,4615385
277	10,5384615
277	-11,4615385
277	-13,4615385
278	-0,4615385
278	10,5384615
278	-9,4615385
278	-25,4615385
279	-8,4615385
279	-2,4615385
279	6,5384615
279	9,5384615
280	-26,4615385
280	-9,4615385
280	-24,4615385
280	-24,4615385
281	10,5384615
281	14,5384615
281	-34,4615385
282	-14,4615385
282	11,5384615
282	-15,4615385
282	-12,4615385
283	-27,4615385
283	-31,4615385
283	6,5384615
283	-3,4615385
284	-10,4615385
284	-12,4615385
284	-6,4615385
284	-5,4615385
285	-19,4615385
285	-8,4615385
285	-9,4615385
286	-0,4615385
286	-11,4615385
286	-26,4615385
286	-8,4615385
287	14,5384615
287	-4,4615385
287	-5,4615385
287	3,5384615
288	-4,4615385
288	-5,4615385
288	1,5384615
288	5,5384615
289	2,5384615
289	5,5384615
289	3,5384615
290	-7,4615385
290	-19,4615385
290	15,5384615
290	-19,4615385
291	-6,4615385
291	-7,4615385
291	-41,4615385
291	-47,4615385
292	-14,4615385
292	-15,4615385
292	-19,4615385
292	-0,4615385
293	-8,4615385
293	-8,4615385
293	8,5384615
293	5,5384615
294	-7,4615385
294	-17,4615385
294	-8,4615385
295	-16,4615385
295	0,5384615
295	-8,4615385
295	-8,4615385
296	-11,4615385
296	-8,4615385
296	-12,4615385
296	-18,4615385
297	-17,4615385
297	12,5384615
297	-19,4615385
297	-15,4615385
298	17,5384615
298	-32,4615385
298	-12,4615385
299	-10,4615385
299	13,5384615
299	2,5384615
299	-9,4615385
300	-14,4615385
300	-9,4615385
300	-13,4615385
300	-12,4615385
301	-10,4615385
301	-16,4615385
301	-16,4615385
301	-16,4615385
302	-24,4615385
302	-16,4615385
302	-3,4615385
302	16,5384615
303	28,5384615
303	-13,4615385
303	-52,4615385
304	-17,4615385
304	-1,4615385
304	6,5384615
304	-45,4615385
305	7,5384615
305	39,5384615
305	-14,4615385
305	-27,4615385
306	-23,4615385
306	-18,4615385
306	-15,4615385
306	4,5384615
307	3,5384615
307	9,5384615
307	-17,4615385
307	-5,4615385
308	-1,4615385
308	-15,4615385
308	21,5384615
309	-2,4615385
309	-21,4615385
309	-12,4615385
309	-27,4615385
310	-16,4615385
310	-47,4615385
310	-21,4615385
310	-15,4615385
311	-2,4615385
311	8,5384615
311	29,5384615
311	-14,4615385
312	-7,4615385
312	-1,4615385
312	-7,4615385
313	10,5384615
313	-1,4615385
313	-8,4615385
313	-1,4615385
314	-11,4615385
314	-12,4615385
314	-0,4615385
314	-10,4615385
315	-16,4615385
315	-1,4615385
315	-23,4615385
315	-14,4615385
316	-6,4615385
316	13,5384615
316	-9,4615385
316	-30,4615385
317	-2,4615385
317	-16,4615385
317	-14,4615385
318	-5,4615385
318	-6,4615385
318	-13,4615385
318	-14,4615385
319	-9,4615385
319	4,5384615
319	-10,4615385
319	-13,4615385
320	-35,4615385
320	-8,4615385
320	2,5384615
320	-12,4615385
321	-15,4615385
321	-11,4615385
321	-10,4615385
321	-15,4615385
322	-11,4615385
322	-3,4615385
322	1,5384615
323	-7,4615385
323	-11,4615385
323	-4,4615385
323	-4,4615385
324	-5,4615385
324	-16,4615385
324	-31,4615385
324	-10,4615385
325	-16,4615385
325	-20,4615385
325	-6,4615385
325	-2,4615385
326	-2,4615385
326	-22,4615385
326	-16,4615385
327	-15,4615385
327	-0,4615385
327	11,5384615
327	-31,4615385
328	7,5384615
328	-37,4615385
328	1,5384615
328	2,5384615
329	-21,4615385
329	-28,4615385
329	-31,4615385
329	2,5384615
330	-1,4615385
330	-17,4615385
330	3,5384615
330	10,5384615
331	-23,4615385
331	-19,4615385
331	22,5384615
332	0,5384615
332	-2,4615385
332	4,5384615
332	-4,4615385
333	-14,4615385
333	-33,4615385
333	-10,4615385
333	-34,4615385
334	-19,4615385
334	-5,4615385
334	-11,4615385
334	-19,4615385
335	-11,4615385
335	-35,4615385
335	-17,4615385
335	5,5384615
336	0,5384615
336	15,5384615
336	-14,4615385
337	-10,4615385
337	19,5384615
337	-0,4615385
337	-21,4615385
338	-17,4615385
338	-18,4615385
338	-18,4615385
338	7,5384615
339	-2,4615385
339	-3,4615385
339	-5,4615385
339	4,5384615
340	0,5384615
340	6,5384615
340	-11,4615385
340	-8,4615385
341	8,5384615
341	-17,4615385
341	-12,4615385
342	-6,4615385
342	-5,4615385
342	8,5384615
342	4,5384615
343	-3,4615385
343	-17,4615385
343	-23,4615385
343	-12,4615385
344	-3,4615385
344	-1,4615385
344	12,5384615
344	6,5384615
345	-24,4615385
345	-1,4615385
345	-3,4615385
345	14,5384615
346	21,5384615
346	8,5384615
346	-13,4615385
347	14,5384615
347	17,5384615
347	-1,4615385
347	-17,4615385
348	2,5384615
348	7,5384615
348	0,5384615
348	-15,4615385
349	3,5384615
349	-8,4615385
349	5,5384615
349	-20,4615385
350	-25,4615385
350	-19,4615385
350	-20,4615385
350	-23,4615385
351	13,5384615
351	-23,4615385
351	-17,4615385
352	-17,4615385
352	8,5384615
352	-6,4615385
352	-0,4615385
353	-2,4615385
353	1,5384615
353	-26,4615385
353	12,5384615
354	-10,4615385
354	14,5384615
354	31,5384615
354	11,5384615
355	3,5384615
355	-5,4615385
355	-27,4615385
355	-3,4615385
356	1,5384615
356	-24,4615385
356	-1,4615385
357	-20,4615385
357	-12,4615385
357	5,5384615
357	-9,4615385
358	4,5384615
358	-0,4615385
358	-3,4615385
358	3,5384615
359	-31,4615385
359	-22,4615385
359	-20,4615385
359	11,5384615
360	-7,4615385
360	-23,4615385
360	-1,4615385
360	15,5384615
361	-9,4615385
361	-14,4615385
361	-3,4615385
362	2,5384615
362	1,5384615
362	3,5384615
362	-22,4615385
363	-18,4615385
363	-20,4615385
363	0,5384615
363	-5,4615385
364	2,5384615
364	-12,4615385
364	-25,4615385
364	3,5384615
365	-14,4615385
365	-13,4615385
365	-10,4615385
365	11,5384615
366	-11,4615385
366	-22,4615385
366	-6,4615385
367	0,5384615
367	-3,4615385
367	-8,4615385
367	-7,4615385
368	-23,4615385
368	-9,4615385
368	4,5384615
368	16,5384615
369	-34,4615385
369	-12,4615385
369	-18,4615385
369	-28,4615385
370	-6,4615385
370	-10,4615385
370	-30,4615385
370	7,5384615
371	-5,4615385
371	-13,4615385
371	-14,4615385
371	1,5384615
372	-1,4615385
372	-11,4615385
372	-8,4615385
373	-3,4615385
373	-5,4615385
373	-4,4615385
373	-27,4615385
374	-19,4615385
374	-5,4615385
374	-6,4615385
374	7,5384615
375	-1,4615385
375	-7,4615385
375	-4,4615385
375	-25,4615385
376	-32,4615385
376	7,5384615
376	-9,4615385
376	-15,4615385
377	-6,4615385
377	-9,4615385
377	28,5384615
378	-2,4615385
378	7,5384615
378	6,5384615
378	-7,4615385
379	8,5384615
379	-0,4615385
379	-5,4615385
379	-17,4615385
380	-21,4615385
380	-17,4615385
380	7,5384615
380	-5,4615385
381	13,5384615
381	-24,4615385
381	2,5384615
381	1,5384615
382	4,5384615
382	3,5384615
382	12,5384615
383	-18,4615385
383	-17,4615385
383	8,5384615
383	0,5384615
384	-14,4615385
384	-14,4615385
384	7,5384615
384	-15,4615385
385	-12,4615385
385	-9,4615385
385	19,5384615
385	29,5384615
386	5,5384615
386	-24,4615385
386	-26,4615385
386	-5,4615385
387	9,5384615
387	-27,4615385
387	-15,4615385
387	-11,4615385
388	7,5384615
388	2,5384615
388	-5,4615385
389	-22,4615385
389	-49,4615385
389	-36,4615385
389	-27,4615385
390	2,5384615
390	0,5384615
390	-8,4615385
390	-21,4615385
391	-35,4615385
391	-8,4615385
391	-25,4615385
391	-15,4615385
392	-1,4615385
392	-13,4615385
392	-11,4615385
392	-15,4615385
393	5,5384615
393	-6,4615385
393	2,5384615
394	14,5384615
394	8,5384615
394	-24,4615385
394	16,5384615
395	-15,4615385
395	-34,4615385
395	-31,4615385
395	3,5384615
396	-43,4615385
396	-6,4615385
396	-15,4615385
396	17,5384615
397	-36,4615385
397	-5,4615385
397	-6,4615385
397	-8,4615385
398	1,5384615
398	-25,4615385
398	-4,4615385
398	2,5384615
399	0,5384615
399	-0,4615385
399	21,5384615
400	-2,4615385
400	8,5384615
400	9,5384615
400	20,5384615
401	-11,4615385
401	8,5384615
401	-2,4615385
401	-2,4615385
402	20,5384615
402	1,5384615
402	-12,4615385
402	-33,4615385
403	-5,4615385
403	23,5384615
403	-4,4615385
403	-26,4615385
404	-13,4615385
404	14,5384615
404	-1,4615385
405	-20,4615385
405	-0,4615385
405	16,5384615
405	-1,4615385
406	-0,4615385
406	-9,4615385
406	-7,4615385
406	1,5384615
407	4,5384615
407	-8,4615385
407	-16,4615385
407	2,5384615
408	-12,4615385
408	-11,4615385
408	-13,4615385
408	12,5384615
409	17,5384615
409	-29,4615385
409	-12,4615385
409	1,5384615
410	0,5384615
410	-17,4615385
410	3,5384615
411	-5,4615385
411	-17,4615385
411	-2,4615385
411	-14,4615385
412	1,5384615
412	9,5384615
412	-5,4615385
412	-15,4615385
413	-30,4615385
413	-11,4615385
413	11,5384615
413	-18,4615385
414	-2,4615385
414	3,5384615
414	2,5384615
414	-4,4615385
415	21,5384615
415	15,5384615
415	7,5384615
415	-2,4615385
416	-20,4615385
416	-28,4615385
416	-39,4615385
417	29,5384615
417	17,5384615
417	-5,4615385
417	7,5384615
418	-17,4615385
418	-1,4615385
418	-20,4615385
418	-21,4615385
419	7,5384615
419	-15,4615385
419	21,5384615
419	-15,4615385
420	14,5384615
420	-29,4615385
420	-6,4615385
420	-2,4615385
421	6,5384615
421	-3,4615385
421	-9,4615385
421	-9,4615385
422	-15,4615385
422	1,5384615
422	-21,4615385
423	19,5384615
423	-13,4615385
423	17,5384615
423	4,5384615
424	8,5384615
424	-27,4615385
424	-25,4615385
424	-3,4615385
425	4,5384615
425	-18,4615385
425	2,5384615
425	-3,4615385
426	-16,4615385
426	-3,4615385
426	13,5384615
426	-7,4615385
427	16,5384615
427	-31,4615385
427	-21,4615385
427	5,5384615
428	-4,4615385
428	5,5384615
428	0,5384615
429	4,5384615
429	10,5384615
429	-4,4615385
429	35,5384615
430	14,5384615
430	-4,4615385
430	5,5384615
430	-22,4615385
431	-5,4615385
431	-19,4615385
431	-9,4615385
431	5,5384615
432	-21,4615385
432	-12,4615385
432	3,5384615
432	13,5384615
433	-24,4615385
433	-26,4615385
433	-1,4615385
433	-20,4615385
434	-15,4615385
434	-6,4615385
434	-16,4615385
435	-20,4615385
435	-19,4615385
435	-7,4615385
435	-5,4615385
436	-7,4615385
436	32,5384615
436	-5,4615385
436	-15,4615385
437	5,5384615
437	-6,4615385
437	-6,4615385
437	3,5384615
438	-10,4615385
438	8,5384615
438	7,5384615
438	3,5384615
439	-12,4615385
439	3,5384615
439	-31,4615385
439	2,5384615
440	14,5384615
440	-0,4615385
440	3,5384615
441	-21,4615385
441	-20,4615385
441	11,5384615
441	11,5384615
442	-6,4615385
442	5,5384615
442	7,5384615
442	-9,4615385
443	4,5384615
443	12,5384615
443	-3,4615385
443	8,5384615
444	-31,4615385
444	13,5384615
444	-5,4615385
444	-1,4615385
445	-10,4615385
445	-15,4615385
445	-7,4615385
445	12,5384615
446	-20,4615385
446	-12,4615385
446	-19,4615385
447	3,5384615
447	19,5384615
447	12,5384615
447	1,5384615
448	-5,4615385
448	-39,4615385
448	-18,4615385
448	-28,4615385
449	0,5384615
449	3,5384615
449	-10,4615385
449	0,5384615
450	6,5384615
450	-17,4615385
450	-8,4615385
450	-0,4615385
451	5,5384615
451	-5,4615385
451	-0,4615385
451	-15,4615385
452	-5,4615385
452	-24,4615385
452	0,5384615
452	-11,4615385
453	7,5384615
453	-4,4615385
453	-26,4615385
454	-2,4615385
454	10,5384615
454	-6,4615385
454	-9,4615385
455	-20,4615385
455	4,5384615
455	-8,4615385
455	-23,4615385
456	-6,4615385
456	14,5384615
456	-17,4615385
456	-12,4615385
457	11,5384615
457	-6,4615385
457	7,5384615
457	-16,4615385
458	-2,4615385
458	-0,4615385
458	-26,4615385
458	-6,4615385
459	-20,4615385
459	-15,4615385
459	10,5384615
460	24,5384615
460	7,5384615
460	21,5384615
460	-0,4615385
461	-23,4615385
461	-22,4615385
461	-9,4615385
461	19,5384615
462	-4,4615385
462	-26,4615385
462	-11,4615385
462	0,5384615
463	-23,4615385
463	-22,4615385
463	-27,4615385
463	-24,4615385
464	-19,4615385
464	6,5384615
464	-14,4615385
464	-19,4615385
465	-14,4615385
465	16,5384615
465	0,5384615
465	13,5384615
466	-23,4615385
466	-23,4615385
466	13,5384615
467	-1,4615385
467	-8,4615385
467	-19,4615385
467	0,5384615
468	-12,4615385
468	16,5384615
468	-23,4615385
468	-9,4615385
469	0,5384615
469	-4,4615385
469	-24,4615385
469	5,5384615
470	-3,4615385
470	-3,4615385
470	-3,4615385
470	-14,4615385
471	7,5384615
471	-29,4615385
471	-0,4615385
471	-3,4615385
472	-14,4615385
472	-3,4615385
472	-13,4615385
472	6,5384615
473	-4,4615385
473	16,5384615
473	-2,4615385
474	1,5384615
474	-25,4615385
474	12,5384615
474	-33,4615385
475	-11,4615385
475	-12,4615385
475	-0,4615385
475	-9,4615385
476	1,5384615
476	-0,4615385
476	-8,4615385
476	-10,4615385
477	12,5384615
477	-10,4615385
477	-17,4615385
477	6,5384615
478	-21,4615385
478	-25,4615385
478	-28,4615385
478	-16,4615385
479	-10,4615385
479	0,5384615
479	-0,4615385
479	-23,4615385
480	26,5384615
480	-15,4615385
480	-21,4615385
481	-11,4615385
481	3,5384615
481	-2,4615385
481	5,5384615
482	23,5384615
482	-12,4615385
482	-9,4615385
482	-13,4615385
483	-28,4615385
483	1,5384615
483	-2,4615385
483	-12,4615385
484	-12,4615385
484	-14,4615385
484	7,5384615
484	-16,4615385
485	-30,4615385
485	-15,4615385
485	1,5384615
485	-5,4615385
486	-12,4615385
486	3,5384615
486	-6,4615385
486	-22,4615385
487	-6,4615385
487	20,5384615
487	4,5384615
488	21,5384615
488	-0,4615385
488	-25,4615385
488	-20,4615385
489	14,5384615
489	7,5384615
489	1,5384615
489	-8,4615385
490	-1,4615385
490	-4,4615385
490	-31,4615385
490	12,5384615
491	-3,4615385
491	-0,4615385
491	-19,4615385
491	-0,4615385
492	-10,4615385
492	2,5384615
492	7,5384615
492	2,5384615
493	-2,4615385
493	-22,4615385
493	-14,4615385
493	-33,4615385
494	-20,4615385
494	-12,4615385
494	0,5384615
495	6,5384615
495	-23,4615385
495	2,5384615
495	-24,4615385
496	14,5384615
496	-8,4615385
496	-5,4615385
496	-14,4615385
497	-21,4615385
497	12,5384615
497	3,5384615
497	-9,4615385
498	6,5384615
498	-14,4615385
498	1,5384615
498	-23,4615385
499	9,5384615
499	9,5384615
499	-11,4615385
499	15,5384615
500	-8,4615385
500	-2,4615385
500	-2,4615385
500	1,5384615
501	-4,4615385
501	-11,4615385
501	-1,4615385
502	-7,4615385
502	9,5384615
502	1,5384615
502	-16,4615385
503	16,5384615
503	-4,4615385
503	17,5384615
503	-14,4615385
504	-19,4615385
504	-0,4615385
504	0,5384615
504	19,5384615
505	-7,4615385
505	-11,4615385
505	-0,4615385
505	-9,4615385
506	11,5384615
506	-8,4615385
506	-18,4615385
506	8,5384615
507	6,5384615
507	-8,4615385
507	9,5384615
507	-20,4615385
508	-9,4615385
508	-3,4615385
508	2,5384615
508	23,5384615
509	3,5384615
509	21,5384615
509	-16,4615385
510	-5,4615385
510	5,5384615
510	-13,4615385
510	-1,4615385
511	0,5384615
511	13,5384615
511	-21,4615385
511	-13,4615385
512	-13,4615385
512	-24,4615385
512	-5,4615385
512	-13,4615385
513	-17,4615385
513	20,5384615
513	-3,4615385
513	-37,4615385
514	-22,4615385
514	-12,4615385
514	4,5384615
514	-13,4615385
515	6,5384615
515	-9,4615385
515	-22,4615385
515	23,5384615
516	4,5384615
516	10,5384615
516	-12,4615385
516	-34,4615385
517	-6,4615385
517	-6,4615385
517	-38,4615385
518	-38,4615385
518	-9,4615385
518	-2,4615385
518	-14,4615385
519	26,5384615
519	23,5384615
519	0,5384615
519	15,5384615
520	2,5384615
520	-3,4615385
520	11,5384615
520	0,5384615
521	-8,4615385
521	-5,4615385
521	7,5384615
521	13,5384615
522	6,5384615
522	6,5384615
522	1,5384615
522	-12,4615385
523	4,5384615
523	0,5384615
523	5,5384615
523	-1,4615385
524	1,5384615
524	-0,4615385
524	-22,4615385
524	1,5384615
525	-4,4615385
525	-15,4615385
525	-10,4615385
526	4,5384615
526	0,5384615
526	15,5384615
526	10,5384615
527	-15,4615385
527	4,5384615
527	-9,4615385
527	17,5384615
528	-4,4615385
528	2,5384615
528	-8,4615385
528	1,5384615
529	0,5384615
529	-8,4615385
529	-8,4615385
529	2,5384615
530	6,5384615
530	-19,4615385
530	-18,4615385
530	1,5384615
531	12,5384615
531	-5,4615385
531	2,5384615
531	-5,4615385
532	-5,4615385
532	-4,4615385
532	-13,4615385
532	1,5384615
533	1,5384615
533	-10,4615385
533	-17,4615385
534	-19,4615385
534	8,5384615
534	9,5384615
534	-13,4615385
535	-10,4615385
535	-3,4615385
535	9,5384615
535	-13,4615385
536	28,5384615
536	-1,4615385
536	-23,4615385
536	-14,4615385
537	-12,4615385
537	-1,4615385
537	-9,4615385
537	-15,4615385
538	-20,4615385
538	-34,4615385
538	-3,4615385
538	-7,4615385
539	-2,4615385
539	-4,4615385
539	-14,4615385
539	0,5384615
540	-4,4615385
540	-12,4615385
540	-8,4615385
540	-23,4615385
541	4,5384615
541	1,5384615
541	-35,4615385
541	-24,4615385
542	11,5384615
542	14,5384615
542	10,5384615
543	5,5384615
543	-9,4615385
543	15,5384615
543	21,5384615
544	-15,4615385
544	-0,4615385
544	3,5384615
544	-2,4615385
545	-28,4615385
545	1,5384615
545	-17,4615385
545	-31,4615385
546	19,5384615
546	-17,4615385
546	-13,4615385
546	-0,4615385
547	-24,4615385
547	-16,4615385
547	2,5384615
547	-26,4615385
548	8,5384615
548	3,5384615
548	-4,4615385
548	-5,4615385
549	-9,4615385
549	12,5384615
549	-2,4615385
549	-7,4615385
550	7,5384615
550	-7,4615385
550	-11,4615385
550	-18,4615385
551	-40,4615385
551	5,5384615
551	7,5384615
552	-37,4615385
552	4,5384615
552	-22,4615385
552	-17,4615385
553	-3,4615385
553	-5,4615385
553	-13,4615385
553	0,5384615
554	-4,4615385
554	-12,4615385
554	4,5384615
554	-21,4615385
555	-3,4615385
555	24,5384615
555	-13,4615385
555	-25,4615385
556	-1,4615385
556	13,5384615
556	-7,4615385
556	-2,4615385
557	4,5384615
557	5,5384615
557	-21,4615385
557	3,5384615
558	-21,4615385
558	-30,4615385
558	-3,4615385
558	-21,4615385
559	23,5384615
559	14,5384615
559	-3,4615385
559	-1,4615385
560	7,5384615
560	-11,4615385
560	-21,4615385
561	-5,4615385
561	-12,4615385
561	-15,4615385
561	12,5384615
562	0,5384615
562	-5,4615385
562	19,5384615
562	-14,4615385
563	7,5384615
563	3,5384615
563	3,5384615
563	-10,4615385
564	-14,4615385
564	-16,4615385
564	-1,4615385
564	20,5384615
565	15,5384615
565	17,5384615
565	-18,4615385
565	-14,4615385
566	-4,4615385
566	-16,4615385
566	-11,4615385
566	13,5384615
567	-4,4615385
567	-16,4615385
567	-17,4615385
567	-15,4615385
568	-33,4615385
568	-0,4615385
568	5,5384615
568	1,5384615
569	-1,4615385
569	18,5384615
569	-13,4615385
569	-9,4615385
570	-20,4615385
570	-18,4615385
570	-4,4615385
571	-1,4615385
571	4,5384615
571	-3,4615385
571	5,5384615
572	-2,4615385
572	-17,4615385
572	8,5384615
572	1,5384615
573	-12,4615385
573	-0,4615385
573	-6,4615385
573	-18,4615385
574	6,5384615
574	-19,4615385
574	-29,4615385
574	-8,4615385
575	-12,4615385
575	-31,4615385
575	0,5384615
575	-10,4615385
576	-17,4615385
576	-16,4615385
576	25,5384615
576	-32,4615385
577	-21,4615385
577	1,5384615
577	4,5384615
577	-11,4615385
578	5,5384615
578	-3,4615385
578	-27,4615385
578	-5,4615385
579	-4,4615385
579	-22,4615385
579	-8,4615385
579	-20,4615385
580	-0,4615385
580	-5,4615385
580	2,5384615
581	10,5384615
581	-16,4615385
581	22,5384615
581	-9,4615385
582	-25,4615385
582	-0,4615385
582	2,5384615
582	1,5384615
583	-29,4615385
583	-16,4615385
583	-10,4615385
583	1,5384615
584	11,5384615
584	-4,4615385
584	-19,4615385
584	-1,4615385
585	-7,4615385
585	3,5384615
585	-12,4615385
585	14,5384615
586	-4,4615385
586	8,5384615
586	2,5384615
586	18,5384615
587	-6,4615385
587	-37,4615385
587	-4,4615385
587	-25,4615385
588	-16,4615385
588	6,5384615
588	8,5384615
588	-4,4615385
589	-6,4615385
589	-10,4615385
589	8,5384615
589	-8,4615385
590	-1,4615385
590	7,5384615
590	-18,4615385
590	22,5384615
591	0,5384615
591	12,5384615
591	-12,4615385
592	-30,4615385
592	-24,4615385
592	-9,4615385
592	-16,4615385
593	-10,4615385
593	-26,4615385
593	-24,4615385
593	-3,4615385
594	38,5384615
594	23,5384615
594	-5,4615385
594	-12,4615385
595	-10,4615385
595	-31,4615385
595	8,5384615
595	5,5384615
596	-2,4615385
596	8,5384615
596	-26,4615385
596	-8,4615385
597	9,5384615
597	-3,4615385
597	-11,4615385
597	-247,4615385
598	-63,4615385
598	-19,4615385
598	-34,4615385
598	-12,4615385
599	1,5384615
599	-22,4615385
599	-4,4615385
599	-12,4615385
600	-8,4615385
600	-2,4615385
600	-10,4615385
600	17,5384615
601	-52,4615385
601	-12,4615385
601	-16,4615385
601	-20,4615385
602	-22,4615385
602	-21,4615385
602	14,5384615
603	8,5384615
603	6,5384615
603	19,5384615
603	-3,4615385
604	-5,4615385
604	-8,4615385
604	14,5384615
604	7,5384615
605	2,5384615
605	-14,4615385
605	5,5384615
605	-4,4615385
606	-17,4615385
606	8,5384615
606	15,5384615
606	-10,4615385
607	-5,4615385
607	-24,4615385
607	5,5384615
607	13,5384615
608	-2,4615385
608	23,5384615
608	17,5384615
608	-2,4615385
609	-22,4615385
609	1,5384615
609	-2,4615385
609	-21,4615385
610	-21,4615385
610	1,5384615
610	-4,4615385
610	0,5384615
611	20,5384615
611	-21,4615385
611	-9,4615385
611	-13,4615385
612	-21,4615385
612	-12,4615385
612	24,5384615
612	6,5384615
613	5,5384615
613	6,5384615
613	2,5384615
613	-12,4615385
614	4,5384615
614	-10,4615385
614	-6,4615385
614	-2,4615385
615	-0,4615385
615	-1,4615385
615	-14,4615385
616	-32,4615385
616	-14,4615385
616	13,5384615
616	-22,4615385
617	-1,4615385
617	2,5384615
617	-3,4615385
617	-18,4615385
618	7,5384615
618	20,5384615
618	-6,4615385
618	-10,4615385
619	-10,4615385
619	3,5384615
619	-19,4615385
619	-28,4615385
620	4,5384615
620	3,5384615
620	-14,4615385
620	-20,4615385
621	-2,4615385
621	13,5384615
621	-5,4615385
621	-8,4615385
622	-3,4615385
622	8,5384615
622	14,5384615
622	8,5384615
623	-3,4615385
623	-15,4615385
623	6,5384615
623	8,5384615
624	-20,4615385
624	4,5384615
624	19,5384615
624	-5,4615385
625	26,5384615
625	4,5384615
625	-13,4615385
625	-2,4615385
626	7,5384615
626	-18,4615385
626	-16,4615385
626	1,5384615
627	6,5384615
627	-9,4615385
627	-1,4615385
627	6,5384615
628	-24,4615385
628	-8,4615385
628	2,5384615
629	-2,4615385
629	-5,4615385
629	2,5384615
629	-17,4615385
630	-9,4615385
630	7,5384615
630	-14,4615385
630	-9,4615385
631	-37,4615385
631	-3,4615385
631	-10,4615385
631	-1,4615385
632	-4,4615385
632	0,5384615
632	1,5384615
632	-2,4615385
633	6,5384615
633	6,5384615
633	-5,4615385
633	-18,4615385
634	-13,4615385
634	-17,4615385
634	-13,4615385
634	9,5384615
635	9,5384615
635	-16,4615385
635	-19,4615385
635	2,5384615
636	-19,4615385
636	-11,4615385
636	1,5384615
636	-19,4615385
637	-14,4615385
637	-0,4615385
637	-27,4615385
637	-24,4615385
638	-3,4615385
638	-6,4615385
638	-14,4615385
638	0,5384615
639	-20,4615385
639	-22,4615385
639	-7,4615385
639	9,5384615
640	-32,4615385
640	-11,4615385
640	-42,4615385
640	-6,4615385
641	-2,4615385
641	14,5384615
641	15,5384615
641	-8,4615385
642	0,5384615
642	4,5384615
642	-23,4615385
642	-7,4615385
643	3,5384615
643	8,5384615
643	-3,4615385
644	5,5384615
644	-16,4615385
644	2,5384615
644	8,5384615
645	-6,4615385
645	-15,4615385
645	-5,4615385
645	-0,4615385
646	-20,4615385
646	8,5384615
646	-10,4615385
646	17,5384615
647	-0,4615385
647	15,5384615
647	-10,4615385
647	15,5384615
648	16,5384615
648	1,5384615
648	-14,4615385
648	9,5384615
649	1,5384615
649	4,5384615
649	-9,4615385
649	-10,4615385
650	9,5384615
650	-6,4615385
650	19,5384615
650	-3,4615385
651	1,5384615
651	15,5384615
651	1,5384615
651	0,5384615
652	1,5384615
652	13,5384615
652	-1,4615385
652	-26,4615385
653	24,5384615
653	23,5384615
653	-3,4615385
653	-22,4615385
654	-17,4615385
654	-4,4615385
654	-2,4615385
654	-6,4615385
655	14,5384615
655	15,5384615
655	-8,4615385
655	11,5384615
656	7,5384615
656	6,5384615
656	-27,4615385
656	7,5384615
657	-8,4615385
657	-30,4615385
657	-11,4615385
657	-5,4615385
658	-4,4615385
658	3,5384615
658	3,5384615
658	-5,4615385
659	-19,4615385
659	-17,4615385
659	-11,4615385
660	5,5384615
660	-10,4615385
660	9,5384615
660	19,5384615
661	-6,4615385
661	11,5384615
661	-15,4615385
661	-17,4615385
662	25,5384615
662	3,5384615
662	-11,4615385
662	22,5384615
663	-52,4615385
663	-25,4615385
663	4,5384615
663	17,5384615
664	0,5384615
664	13,5384615
664	-3,4615385
664	-3,4615385
665	11,5384615
665	-7,4615385
665	0,5384615
665	-33,4615385
666	-0,4615385
666	7,5384615
666	-5,4615385
666	-7,4615385
667	7,5384615
667	-1,4615385
667	-2,4615385
667	-22,4615385
668	-7,4615385
668	-1,4615385
668	11,5384615
668	-2,4615385
669	-1,4615385
669	-6,4615385
669	4,5384615
669	-14,4615385
670	10,5384615
670	33,5384615
670	23,5384615
670	7,5384615
671	9,5384615
671	4,5384615
671	2,5384615
671	-24,4615385
672	3,5384615
672	4,5384615
672	-14,4615385
672	-3,4615385
673	2,5384615
673	-2,4615385
673	-2,4615385
673	-18,4615385
674	-10,4615385
674	-3,4615385
674	1,5384615
674	3,5384615
675	-21,4615385
675	-2,4615385
675	-26,4615385
675	-0,4615385
676	-3,4615385
676	0,5384615
676	-6,4615385
676	8,5384615
677	2,5384615
677	14,5384615
677	-12,4615385
677	-10,4615385
678	6,5384615
678	9,5384615
678	17,5384615
678	-12,4615385
679	-8,4615385
679	-22,4615385
679	4,5384615
680	3,5384615
680	-23,4615385
680	1,5384615
680	-9,4615385
681	0,5384615
681	-5,4615385
681	-19,4615385
681	-9,4615385
682	-8,4615385
682	-2,4615385
682	7,5384615
682	17,5384615
683	-18,4615385
683	-13,4615385
683	5,5384615
683	16,5384615
684	-5,4615385
684	10,5384615
684	-12,4615385
684	-0,4615385
685	-6,4615385
685	-20,4615385
685	3,5384615
685	-16,4615385
686	7,5384615
686	-3,4615385
686	-3,4615385
686	14,5384615
687	20,5384615
687	21,5384615
687	4,5384615
687	-6,4615385
688	-15,4615385
688	-8,4615385
688	-29,4615385
688	-40,4615385
689	-2,4615385
689	-3,4615385
689	13,5384615
689	2,5384615
690	-2,4615385
690	12,5384615
690	-25,4615385
690	-2,4615385
691	-3,4615385
691	-11,4615385
691	10,5384615
691	24,5384615
692	-24,4615385
692	13,5384615
692	-1,4615385
692	-6,4615385
693	15,5384615
693	-15,4615385
693	-2,4615385
693	-34,4615385
694	-10,4615385
694	-2,4615385
694	-6,4615385
694	-8,4615385
695	-10,4615385
695	19,5384615
695	-11,4615385
695	-33,4615385
696	-29,4615385
696	-11,4615385
696	-11,4615385
696	-3,4615385
697	-15,4615385
697	-35,4615385
697	-9,4615385
697	6,5384615
698	-13,4615385
698	-28,4615385
698	-12,4615385
698	15,5384615
699	-2,4615385
699	-13,4615385
699	-6,4615385
699	3,5384615
700	0,5384615
700	14,5384615
700	1,5384615
700	-17,4615385
701	10,5384615
701	-13,4615385
701	5,5384615
701	0,5384615
702	-29,4615385
702	-4,4615385
702	-6,4615385
702	-50,4615385
703	-29,4615385
703	-4,4615385
703	-19,4615385
703	-20,4615385
704	-1,4615385
704	-0,4615385
704	-11,4615385
704	10,5384615
705	9,5384615
705	-2,4615385
705	13,5384615
706	-0,4615385
706	10,5384615
706	1,5384615
706	7,5384615
707	6,5384615
707	-27,4615385
707	2,5384615
707	2,5384615
708	-6,4615385
708	7,5384615
708	-29,4615385
708	16,5384615
709	-17,4615385
709	-9,4615385
709	-10,4615385
709	-32,4615385
710	0,5384615
710	-9,4615385
710	-9,4615385
710	5,5384615
711	-2,4615385
711	-0,4615385
711	-14,4615385
711	-1,4615385
712	-3,4615385
712	-9,4615385
712	2,5384615
712	-11,4615385
713	-30,4615385
713	3,5384615
713	12,5384615
713	-5,4615385
714	26,5384615
714	19,5384615
714	-1,4615385
714	8,5384615
715	-9,4615385
715	-26,4615385
715	-7,4615385
715	-9,4615385
716	-11,4615385
716	0,5384615
716	-22,4615385
716	3,5384615
717	-5,4615385
717	15,5384615
717	6,5384615
717	-12,4615385
718	-7,4615385
718	-4,4615385
718	-21,4615385
718	6,5384615
719	-9,4615385
719	-8,4615385
719	21,5384615
719	-12,4615385
720	-20,4615385
720	-15,4615385
720	-2,4615385
720	2,5384615
721	12,5384615
721	3,5384615
721	-6,4615385
721	-23,4615385
722	1,5384615
722	2,5384615
722	-17,4615385
722	-42,4615385
723	-2,4615385
723	6,5384615
723	-16,4615385
723	12,5384615
724	-6,4615385
724	6,5384615
724	7,5384615
724	-31,4615385
725	-14,4615385
725	20,5384615
725	-9,4615385
725	-3,4615385
726	-18,4615385
726	7,5384615
726	-5,4615385
726	4,5384615
727	-24,4615385
727	-21,4615385
727	7,5384615
727	-2,4615385
728	-13,4615385
728	-49,4615385
728	-6,4615385
728	-18,4615385
729	-15,4615385
729	3,5384615
729	29,5384615
729	2,5384615
730	26,5384615
730	-33,4615385
730	-31,4615385
730	-21,4615385
731	33,5384615
731	-7,4615385
731	-4,4615385
731	10,5384615
732	-17,4615385
732	-6,4615385
732	-8,4615385
732	-4,4615385
733	-2,4615385
733	-0,4615385
733	0,5384615
733	4,5384615
734	-29,4615385
734	-19,4615385
734	-17,4615385
734	7,5384615
735	-8,4615385
735	-8,4615385
735	9,5384615
735	-9,4615385
736	-43,4615385
736	-12,4615385
736	-18,4615385
736	26,5384615
737	-9,4615385
737	-11,4615385
737	-19,4615385
737	11,5384615
738	2,5384615
738	-10,4615385
738	-19,4615385
738	3,5384615
739	-3,4615385
739	-0,4615385
739	-33,4615385
739	15,5384615
740	-7,4615385
740	-34,4615385
740	-22,4615385
740	-0,4615385
741	-1,4615385
741	-17,4615385
741	-5,4615385
741	-16,4615385
742	-1,4615385
742	13,5384615
742	-6,4615385
742	-12,4615385
743	-28,4615385
743	9,5384615
743	-14,4615385
743	-25,4615385
744	-14,4615385
744	-16,4615385
744	-1,4615385
744	-23,4615385
745	-28,4615385
745	10,5384615
745	18,5384615
745	-21,4615385
746	-2,4615385
746	5,5384615
746	-15,4615385
746	4,5384615
747	-14,4615385
747	-5,4615385
747	-14,4615385
747	-9,4615385
748	6,5384615
748	9,5384615
748	1,5384615
748	7,5384615
749	-21,4615385
749	-11,4615385
749	-19,4615385
749	-20,4615385
750	18,5384615
750	-14,4615385
750	-7,4615385
750	5,5384615
751	16,5384615
751	14,5384615
751	-26,4615385
751	-17,4615385
752	-9,4615385
752	-7,4615385
752	20,5384615
752	-2,4615385
753	-25,4615385
753	-18,4615385
753	-1,4615385
753	6,5384615
754	-23,4615385
754	-25,4615385
754	-25,4615385
754	-5,4615385
755	-5,4615385
755	-24,4615385
755	-8,4615385
755	-12,4615385
756	-13,4615385
756	-14,4615385
756	-7,4615385
756	2,5384615
757	-39,4615385
757	-16,4615385
757	-14,4615385
757	-8,4615385
758	-16,4615385
758	-21,4615385
758	-13,4615385
758	7,5384615
759	-2,4615385
759	5,5384615
759	-4,4615385
759	-2,4615385
760	-0,4615385
760	-0,4615385
760	5,5384615
760	-1,4615385
761	17,5384615
761	9,5384615
761	-26,4615385
761	7,5384615
762	10,5384615
762	1,5384615
762	2,5384615
762	0,5384615
763	-8,4615385
763	0,5384615
763	1,5384615
763	9,5384615
764	-15,4615385
764	-12,4615385
764	-5,4615385
764	5,5384615
765	8,5384615
765	-13,4615385
765	-2,4615385
765	5,5384615
766	-5,4615385
766	-5,4615385
766	-9,4615385
766	-7,4615385
767	-4,4615385
767	-12,4615385
767	-11,4615385
767	-34,4615385
768	-17,4615385
768	-8,4615385
768	2,5384615
768	12,5384615
769	-22,4615385
769	3,5384615
769	-14,4615385
769	-28,4615385
770	21,5384615
770	-13,4615385
770	3,5384615
770	-7,4615385
771	0,5384615
771	-17,4615385
771	21,5384615
771	-4,4615385
772	-0,4615385
772	1,5384615
772	19,5384615
772	0,5384615
773	-8,4615385
773	-13,4615385
773	-2,4615385
773	0,5384615
774	-5,4615385
774	-8,4615385
774	-3,4615385
774	-4,4615385
775	6,5384615
775	-1,4615385
775	-21,4615385
775	-3,4615385
776	-14,4615385
776	2,5384615
776	8,5384615
776	-21,4615385
777	-4,4615385
777	2,5384615
777	3,5384615
777	0,5384615
778	-22,4615385
778	-30,4615385
778	4,5384615
778	-8,4615385
779	-19,4615385
779	4,5384615
779	2,5384615
779	24,5384615
780	28,5384615
780	-3,4615385
780	-0,4615385
780	-5,4615385
781	-7,4615385
781	-7,4615385
781	17,5384615
781	-12,4615385
782	4,5384615
782	4,5384615
782	13,5384615
782	21,5384615
783	13,5384615
783	-14,4615385
783	2,5384615
783	-21,4615385
784	-6,4615385
784	27,5384615
784	3,5384615
784	-5,4615385
785	-7,4615385
785	30,5384615
785	-26,4615385
785	-19,4615385
786	-17,4615385
786	-29,4615385
786	0,5384615
786	-5,4615385
787	-20,4615385
787	6,5384615
787	9,5384615
787	-35,4615385
788	-34,4615385
788	-18,4615385
788	-20,4615385
788	-11,4615385
789	-2,4615385
789	9,5384615
789	-8,4615385
789	-14,4615385
790	3,5384615
790	-13,4615385
790	-24,4615385
790	6,5384615
791	-26,4615385
791	-22,4615385
791	-16,4615385
791	-37,4615385
792	-11,4615385
792	3,5384615
792	39,5384615
792	11,5384615
793	-13,4615385
793	1,5384615
793	-0,4615385
793	15,5384615
794	18,5384615
794	-14,4615385
794	-21,4615385
794	-18,4615385
795	-12,4615385
795	15,5384615
795	7,5384615
795	-14,4615385
796	4,5384615
796	14,5384615
796	-29,4615385
796	-22,4615385
797	-18,4615385
797	-24,4615385
797	12,5384615
797	-26,4615385
798	8,5384615
798	10,5384615
798	12,5384615
798	28,5384615
799	-14,4615385
799	-40,4615385
799	-0,4615385
799	-26,4615385
800	-0,4615385
800	25,5384615
800	12,5384615
800	-22,4615385
801	2,5384615
801	-0,4615385
801	8,5384615
801	1,5384615
802	-0,4615385
802	-10,4615385
802	-15,4615385
802	-17,4615385
803	-25,4615385
803	-5,4615385
803	-1,4615385
803	-5,4615385
804	-0,4615385
804	-3,4615385
804	-22,4615385
804	-0,4615385
805	-12,4615385
805	-25,4615385
805	12,5384615
805	-14,4615385
806	-25,4615385
806	-9,4615385
806	11,5384615
806	-3,4615385
807	-26,4615385
807	26,5384615
807	2,5384615
807	13,5384615
808	-13,4615385
808	-23,4615385
808	-25,4615385
808	-19,4615385
809	-12,4615385
809	-20,4615385
809	2,5384615
809	-38,4615385
810	-4,4615385
810	-3,4615385
810	-8,4615385
810	-5,4615385
811	37,5384615
811	-14,4615385
811	-26,4615385
811	4,5384615
812	-8,4615385
812	-14,4615385
812	6,5384615
812	-24,4615385
813	-28,4615385
813	14,5384615
813	-8,4615385
813	-23,4615385
814	-0,4615385
814	-5,4615385
814	-9,4615385
814	14,5384615
815	1,5384615
815	12,5384615
815	3,5384615
815	1,5384615
816	-1,4615385
816	3,5384615
816	-7,4615385
816	-1,4615385
817	4,5384615
817	16,5384615
817	-19,4615385
817	17,5384615
818	-9,4615385
818	-14,4615385
818	-32,4615385
818	0,5384615
819	-16,4615385
819	11,5384615
819	-13,4615385
819	6,5384615
820	-21,4615385
820	1,5384615
820	-8,4615385
820	-0,4615385
820	-8,4615385
821	-38,4615385
821	-17,4615385
821	-9,4615385
821	-19,4615385
822	-18,4615385
822	-7,4615385
822	-47,4615385
822	-8,4615385
823	-7,4615385
823	-1,4615385
823	-7,4615385
823	-15,4615385
824	-8,4615385
824	3,5384615
824	8,5384615
824	-20,4615385
825	-5,4615385
825	13,5384615
825	-12,4615385
825	1,5384615
826	-6,4615385
826	1,5384615
826	-11,4615385
826	-8,4615385
827	-10,4615385
827	-19,4615385
827	-1,4615385
827	-8,4615385
828	-20,4615385
828	-9,4615385
828	10,5384615
828	-12,4615385
829	-3,4615385
829	22,5384615
829	20,5384615
829	9,5384615
830	-17,4615385
830	9,5384615
830	-8,4615385
830	2,5384615
831	4,5384615
831	1,5384615
831	-17,4615385
831	1,5384615
832	3,5384615
832	1,5384615
832	2,5384615
832	-3,4615385
833	15,5384615
833	-34,4615385
833	-24,4615385
833	22,5384615
834	28,5384615
834	-11,4615385
834	8,5384615
834	-24,4615385
835	-17,4615385
835	8,5384615
835	-22,4615385
835	27,5384615
836	-3,4615385
836	-8,4615385
836	5,5384615
836	14,5384615
837	-22,4615385
837	-13,4615385
837	-1,4615385
837	-5,4615385
838	-4,4615385
838	13,5384615
838	11,5384615
838	17,5384615
839	-7,4615385
839	-7,4615385
839	1,5384615
839	20,5384615
840	17,5384615
840	-16,4615385
840	-23,4615385
840	-5,4615385
841	-1,4615385
841	28,5384615
841	14,5384615
841	-7,4615385
842	-11,4615385
842	12,5384615
842	-21,4615385
842	24,5384615
843	-2,4615385
843	0,5384615
843	-10,4615385
843	-12,4615385
844	-0,4615385
844	-0,4615385
844	5,5384615
844	-26,4615385
845	-20,4615385
845	4,5384615
845	-7,4615385
845	-18,4615385
845	-13,4615385
846	-44,4615385
846	22,5384615
846	-13,4615385
846	-5,4615385
847	2,5384615
847	-10,4615385
847	-5,4615385
847	-22,4615385
848	-26,4615385
848	-28,4615385
848	7,5384615
848	-13,4615385
849	-20,4615385
849	-2,4615385
849	10,5384615
849	-1,4615385
850	3,5384615
850	10,5384615
850	-4,4615385
850	20,5384615
851	-2,4615385
851	-28,4615385
851	-2,4615385
851	-5,4615385
852	-36,4615385
852	-3,4615385
852	14,5384615
852	-15,4615385
853	-5,4615385
853	-12,4615385
853	-38,4615385
853	-38,4615385
854	-16,4615385
854	-0,4615385
854	-4,4615385
854	-18,4615385
855	-12,4615385
855	-6,4615385
855	-7,4615385
855	-16,4615385
856	-26,4615385
856	-12,4615385
856	-3,4615385
856	-10,4615385
857	-19,4615385
857	10,5384615
857	1,5384615
857	-16,4615385
858	31,5384615
858	7,5384615
858	10,5384615
858	-19,4615385
859	-4,4615385
859	-16,4615385
859	24,5384615
859	3,5384615
860	-8,4615385
860	-16,4615385
860	29,5384615
860	2,5384615
861	-8,4615385
861	-30,4615385
861	-3,4615385
861	9,5384615
862	-9,4615385
862	11,5384615
862	-15,4615385
862	-4,4615385
863	-15,4615385
863	-5,4615385
863	-26,4615385
863	9,5384615
864	13,5384615
864	-15,4615385
864	-21,4615385
864	-1,4615385
864	-22,4615385
865	-12,4615385
865	-21,4615385
865	-6,4615385
865	3,5384615
866	-37,4615385
866	-34,4615385
866	14,5384615
866	6,5384615
867	-0,4615385
867	-12,4615385
867	-11,4615385
867	-3,4615385
868	-14,4615385
868	-35,4615385
868	-15,4615385
868	6,5384615
869	8,5384615
869	3,5384615
869	-19,4615385
869	-31,4615385
870	28,5384615
870	2,5384615
870	-8,4615385
870	2,5384615
871	-7,4615385
871	4,5384615
871	-5,4615385
871	-39,4615385
872	4,5384615
872	-30,4615385
872	9,5384615
872	5,5384615
873	-19,4615385
873	-27,4615385
873	-19,4615385
873	6,5384615
874	-3,4615385
874	-10,4615385
874	-5,4615385
874	1,5384615
875	18,5384615
875	-32,4615385
875	-22,4615385
875	10,5384615
876	-14,4615385
876	-11,4615385
876	-11,4615385
876	-19,4615385
877	-7,4615385
877	-17,4615385
877	18,5384615
877	-3,4615385
878	-20,4615385
878	-15,4615385
878	13,5384615
878	22,5384615
879	4,5384615
879	-21,4615385
879	-3,4615385
879	-7,4615385
880	-11,4615385
880	0,5384615
880	7,5384615
880	8,5384615
880	11,5384615
881	20,5384615
881	6,5384615
881	2,5384615
881	-15,4615385
882	-15,4615385
882	-21,4615385
882	-12,4615385
882	-0,4615385
883	-20,4615385
883	-32,4615385
883	4,5384615
883	-20,4615385
884	7,5384615
884	11,5384615
884	-9,4615385
884	2,5384615
885	11,5384615
885	-3,4615385
885	5,5384615
885	-7,4615385
886	-12,4615385
886	-18,4615385
886	-27,4615385
886	-23,4615385
887	-14,4615385
887	-11,4615385
887	-18,4615385
887	-42,4615385
888	-9,4615385
888	0,5384615
888	-11,4615385
888	-25,4615385
889	-34,4615385
889	16,5384615
889	-14,4615385
889	17,5384615
890	20,5384615
890	-55,4615385
890	26,5384615
890	-21,4615385
891	-6,4615385
891	5,5384615
891	4,5384615
891	3,5384615
892	-12,4615385
892	-14,4615385
892	-13,4615385
892	24,5384615
893	-4,4615385
893	-15,4615385
893	-25,4615385
893	-11,4615385
894	22,5384615
894	1,5384615
894	24,5384615
894	-1,4615385
894	-32,4615385
895	-35,4615385
895	-16,4615385
895	5,5384615
895	-9,4615385
896	24,5384615
896	17,5384615
896	0,5384615
896	6,5384615
897	20,5384615
897	1,5384615
897	6,5384615
897	10,5384615
898	-2,4615385
898	-12,4615385
898	-19,4615385
898	-6,4615385
899	-12,4615385
899	-19,4615385
899	-33,4615385
899	-20,4615385
900	0,5384615
900	10,5384615
900	16,5384615
900	15,5384615
901	41,5384615
901	-4,4615385
901	11,5384615
901	-14,4615385
902	-3,4615385
902	-13,4615385
902	-15,4615385
902	-37,4615385
903	2,5384615
903	-24,4615385
903	-31,4615385
903	-16,4615385
904	-31,4615385
904	-8,4615385
904	3,5384615
904	-0,4615385
905	-13,4615385
905	-3,4615385
905	-10,4615385
905	21,5384615
906	-6,4615385
906	-6,4615385
906	-15,4615385
906	-7,4615385
906	-7,4615385
907	-14,4615385
907	1,5384615
907	-7,4615385
907	1,5384615
908	-17,4615385
908	11,5384615
908	27,5384615
908	-9,4615385
909	-2,4615385
909	-17,4615385
909	-17,4615385
909	-17,4615385
910	-17,4615385
910	-16,4615385
910	-11,4615385
910	-17,4615385
911	0,5384615
911	-6,4615385
911	8,5384615
911	10,5384615
912	-0,4615385
912	15,5384615
912	-14,4615385
912	0,5384615
913	16,5384615
913	-21,4615385
913	4,5384615
913	-22,4615385
914	-13,4615385
914	-12,4615385
914	-11,4615385
914	-12,4615385
915	-27,4615385
915	-13,4615385
915	-1,4615385
915	0,5384615
916	9,5384615
916	11,5384615
916	19,5384615
916	-6,4615385
917	-28,4615385
917	8,5384615
917	-18,4615385
917	0,5384615
917	-22,4615385
918	0,5384615
918	20,5384615
918	-12,4615385
918	-16,4615385
919	-22,4615385
919	-9,4615385
919	19,5384615
919	-21,4615385
920	-3,4615385
920	-6,4615385
920	-7,4615385
920	-2,4615385
921	0,5384615
921	6,5384615
921	-7,4615385
921	-24,4615385
922	-2,4615385
922	1,5384615
922	-11,4615385
922	-15,4615385
923	0,5384615
923	0,5384615
923	-6,4615385
923	-22,4615385
924	-11,4615385
924	-33,4615385
924	-22,4615385
924	-30,4615385
925	-17,4615385
925	6,5384615
925	-12,4615385
925	18,5384615
926	4,5384615
926	-7,4615385
926	-14,4615385
926	-20,4615385
927	-24,4615385
927	0,5384615
927	5,5384615
927	-13,4615385
928	-19,4615385
928	-6,4615385
928	-15,4615385
928	-27,4615385
928	9,5384615
929	12,5384615
929	-1,4615385
929	-1,4615385
929	-27,4615385
930	-2,4615385
930	0,5384615
930	-23,4615385
930	-20,4615385
931	-20,4615385
931	3,5384615
931	19,5384615
931	-2,4615385
932	-17,4615385
932	7,5384615
932	-36,4615385
932	-8,4615385
933	-6,4615385
933	-17,4615385
933	20,5384615
933	10,5384615
934	1,5384615
934	17,5384615
934	-2,4615385
934	3,5384615
935	2,5384615
935	1,5384615
935	-20,4615385
935	4,5384615
936	-9,4615385
936	7,5384615
936	-22,4615385
936	-23,4615385
937	-3,4615385
937	-6,4615385
937	-3,4615385
937	2,5384615
938	17,5384615
938	-13,4615385
938	0,5384615
938	28,5384615
938	5,5384615
939	-8,4615385
939	-16,4615385
939	15,5384615
939	17,5384615
940	8,5384615
940	7,5384615
940	-24,4615385
940	-6,4615385
941	-6,4615385
941	-16,4615385
941	-14,4615385
941	-14,4615385
942	-20,4615385
942	7,5384615
942	-9,4615385
942	15,5384615
943	9,5384615
943	-13,4615385
943	13,5384615
943	6,5384615
944	-20,4615385
944	-7,4615385
944	-5,4615385
944	4,5384615
945	4,5384615
945	3,5384615
945	-3,4615385
945	-8,4615385
946	-1,4615385
946	3,5384615
946	-9,4615385
946	-25,4615385
947	12,5384615
947	19,5384615
947	-27,4615385
947	-8,4615385
947	-9,4615385
948	-7,4615385
948	-20,4615385
948	-21,4615385
948	-15,4615385
949	14,5384615
949	-16,4615385
949	-0,4615385
949	-24,4615385
950	26,5384615
950	-13,4615385
950	11,5384615
950	4,5384615
951	4,5384615
951	13,5384615
951	2,5384615
951	-23,4615385
952	-15,4615385
952	8,5384615
952	0,5384615
952	13,5384615
953	-11,4615385
953	-1,4615385
953	2,5384615
953	-29,4615385
954	-46,4615385
954	-14,4615385
954	-6,4615385
954	-8,4615385
955	-19,4615385
955	-6,4615385
955	-13,4615385
955	-33,4615385
956	7,5384615
956	12,5384615
956	-32,4615385
956	-2,4615385
956	-21,4615385
957	29,5384615
957	24,5384615
957	-3,4615385
957	-0,4615385
958	0,5384615
958	-28,4615385
958	-8,4615385
958	-9,4615385
959	-4,4615385
959	-2,4615385
959	-9,4615385
959	-8,4615385
960	-2,4615385
960	-8,4615385
960	-15,4615385
960	4,5384615
961	-6,4615385
961	11,5384615
961	-0,4615385
961	-7,4615385
962	5,5384615
962	-6,4615385
962	3,5384615
962	11,5384615
963	1,5384615
963	-11,4615385
963	-7,4615385
963	-15,4615385
964	-22,4615385
964	1,5384615
964	-21,4615385
964	-14,4615385
964	-11,4615385
965	-3,4615385
965	-11,4615385
965	-5,4615385
965	-29,4615385
966	22,5384615
966	-13,4615385
966	-22,4615385
966	-5,4615385
967	4,5384615
967	-23,4615385
967	-9,4615385
967	-9,4615385
968	-14,4615385
968	0,5384615
968	-7,4615385
968	2,5384615
969	-6,4615385
969	-30,4615385
969	-1,4615385
969	-0,4615385
970	4,5384615
970	-16,4615385
970	-26,4615385
970	-5,4615385
971	1,5384615
971	-10,4615385
971	4,5384615
971	-6,4615385
972	25,5384615
972	-13,4615385
972	5,5384615
972	0,5384615
972	-12,4615385
973	-39,4615385
973	-19,4615385
973	-4,4615385
973	-22,4615385
974	-20,4615385
974	-22,4615385
974	-2,4615385
974	-15,4615385
975	18,5384615
975	-10,4615385
975	15,5384615
975	12,5384615
976	-24,4615385
976	-35,4615385
976	2,5384615
976	-17,4615385
977	-6,4615385
977	-22,4615385
977	-24,4615385
977	-0,4615385
978	18,5384615
978	15,5384615
978	-15,4615385
978	-7,4615385
979	-1,4615385
979	-5,4615385
979	9,5384615
979	13,5384615
980	-27,4615385
980	5,5384615
980	0,5384615
980	-0,4615385
980	-1,4615385
981	10,5384615
981	16,5384615
981	3,5384615
981	-20,4615385
982	-26,4615385
982	-6,4615385
982	16,5384615
982	11,5384615
983	14,5384615
983	-19,4615385
983	-17,4615385
983	8,5384615
984	6,5384615
984	-4,4615385
984	-18,4615385
984	-23,4615385
985	-19,4615385
985	6,5384615
985	24,5384615
985	0,5384615
986	-9,4615385
986	1,5384615
986	14,5384615
986	3,5384615
987	-22,4615385
987	9,5384615
987	-0,4615385
987	-16,4615385
988	-15,4615385
988	-6,4615385
988	-2,4615385
988	0,5384615
988	-15,4615385
989	-13,4615385
989	-19,4615385
989	-14,4615385
989	-12,4615385
990	-0,4615385
990	-13,4615385
990	-23,4615385
990	-9,4615385
991	-5,4615385
991	-4,4615385
991	-22,4615385
991	-19,4615385
992	-11,4615385
992	-6,4615385
992	14,5384615
992	-5,4615385
993	-17,4615385
993	8,5384615
993	-12,4615385
993	17,5384615
994	-14,4615385
994	-2,4615385
994	16,5384615
994	4,5384615
995	-14,4615385
995	-15,4615385
995	7,5384615
995	18,5384615
995	-8,4615385
996	-9,4615385
996	-13,4615385
996	6,5384615
996	-8,4615385
997	2,5384615
997	-42,4615385
997	-2,4615385
997	25,5384615
998	-24,4615385
998	12,5384615
998	3,5384615
998	-14,4615385
999	7,5384615
999	-22,4615385
999	-3,4615385
999	-16,4615385
1000	-25,4615385
1000	11,5384615
1000	5,5384615
1000	-13,4615385
1001	13,5384615
1001	-8,4615385
1001	10,5384615
1001	5,5384615
1002	-21,4615385
1002	14,5384615
1002	-3,4615385
1002	4,5384615
1002	-16,4615385
1003	-2,4615385
1003	-5,4615385
1003	5,5384615
1003	10,5384615
1004	2,5384615
1004	-15,4615385
1004	13,5384615
1004	19,5384615
1005	-8,4615385
1005	-22,4615385
1005	-6,4615385
1005	-9,4615385
1006	-21,4615385
1006	-3,4615385
1006	18,5384615
1006	-4,4615385
1007	-13,4615385
1007	-21,4615385
1007	-19,4615385
1007	-11,4615385
1008	-1,4615385
1008	12,5384615
1008	5,5384615
1008	-2,4615385
1008	-2,4615385
1009	2,5384615
1009	-24,4615385
1009	-27,4615385
1009	-5,4615385
1010	6,5384615
1010	-27,4615385
1010	-18,4615385
1010	-2,4615385
1011	-6,4615385
1011	-1,4615385
1011	-7,4615385
1011	9,5384615
1012	-19,4615385
1012	-9,4615385
1012	-0,4615385
1012	-6,4615385
1013	-8,4615385
1013	-8,4615385
1013	12,5384615
1013	-16,4615385
1014	5,5384615
1014	-4,4615385
1014	-10,4615385
1014	-0,4615385
1015	-42,4615385
1015	-3,4615385
1015	-1,4615385
1015	-6,4615385
1015	10,5384615
1016	5,5384615
1016	-5,4615385
1016	-7,4615385
1016	7,5384615
1017	-3,4615385
1017	5,5384615
1017	-5,4615385
1017	-16,4615385
1018	-1,4615385
1018	-18,4615385
1018	7,5384615
1018	-15,4615385
1019	-7,4615385
1019	-7,4615385
1019	-15,4615385
1019	-9,4615385
1020	-14,4615385
1020	-4,4615385
1020	-3,4615385
1020	-5,4615385
1021	1,5384615
1021	4,5384615
1021	-3,4615385
1021	-16,4615385
1021	25,5384615
1022	-10,4615385
1022	1,5384615
1022	-12,4615385
1022	1,5384615
1023	-33,4615385
1023	-19,4615385
1023	4,5384615
1023	-9,4615385
1024	-4,4615385
1024	-45,4615385
1024	-17,4615385
1024	-8,4615385
1025	-5,4615385
1025	-25,4615385
1025	-6,4615385
1025	9,5384615
1026	1,5384615
1026	-3,4615385
1026	-1,4615385
1026	4,5384615
1027	11,5384615
1027	-3,4615385
1027	15,5384615
1027	10,5384615
1027	-13,4615385
1028	-17,4615385
1028	-7,4615385
1028	-19,4615385
1028	2,5384615
1029	-29,4615385
1029	6,5384615
1029	22,5384615
1029	-6,4615385
1030	7,5384615
1030	-5,4615385
1030	-5,4615385
1030	-16,4615385
1031	35,5384615
1031	-6,4615385
1031	13,5384615
1031	-25,4615385
1032	-18,4615385
1032	-12,4615385
1032	-26,4615385
1032	-3,4615385
1033	11,5384615
1033	4,5384615
1033	10,5384615
1033	-13,4615385
1034	6,5384615
1034	-6,4615385
1034	-30,4615385
1034	-17,4615385
1034	-5,4615385
1035	-2,4615385
1035	-15,4615385
1035	-15,4615385
1035	7,5384615
1036	22,5384615
1036	6,5384615
1036	-3,4615385
1036	-37,4615385
1037	-25,4615385
1037	-33,4615385
1037	-10,4615385
1037	8,5384615
1038	15,5384615
1038	-3,4615385
1038	-12,4615385
1038	22,5384615
1039	-11,4615385
1039	-5,4615385
1039	-10,4615385
1039	-19,4615385
1039	-5,4615385
1040	-11,4615385
1040	10,5384615
1040	1,5384615
1040	-15,4615385
1041	-4,4615385
1041	-20,4615385
1041	8,5384615
1041	16,5384615
1042	10,5384615
1042	-11,4615385
1042	10,5384615
1042	8,5384615
1043	5,5384615
1043	7,5384615
1043	-11,4615385
1043	-10,4615385
1044	-8,4615385
1044	-44,4615385
1044	-13,4615385
1044	-21,4615385
1045	-21,4615385
1045	-14,4615385
1045	-18,4615385
1045	-25,4615385
1045	-24,4615385
1046	-2,4615385
1046	-7,4615385
1046	-4,4615385
1046	-17,4615385
1047	-14,4615385
1047	5,5384615
1047	-0,4615385
1047	31,5384615
1048	14,5384615
1048	11,5384615
1048	24,5384615
1048	-5,4615385
1049	-26,4615385
1049	-20,4615385
1049	-1,4615385
1049	12,5384615
1050	-51,4615385
1050	-22,4615385
1050	-9,4615385
1050	-5,4615385
1051	22,5384615
1051	1,5384615
1051	-5,4615385
1051	-12,4615385
1051	-7,4615385
1052	-16,4615385
1052	-10,4615385
1052	-10,4615385
1052	-20,4615385
1053	1,5384615
1053	20,5384615
1053	-13,4615385
1053	-7,4615385
1054	-5,4615385
1054	-13,4615385
1054	-3,4615385
1054	-2,4615385
1055	-5,4615385
1055	0,5384615
1055	6,5384615
1055	-1,4615385
1056	6,5384615
1056	1,5384615
1056	-36,4615385
1056	-1,4615385
1056	-11,4615385
1057	14,5384615
1057	-5,4615385
1057	29,5384615
1057	3,5384615
1058	-6,4615385
1058	-11,4615385
1058	-10,4615385
1058	1,5384615
1059	12,5384615
1059	-21,4615385
1059	-12,4615385
1059	-25,4615385
1060	0,5384615
1060	2,5384615
1060	-2,4615385
1060	20,5384615
1061	15,5384615
1061	-3,4615385
1061	14,5384615
1061	17,5384615
1062	-5,4615385
1062	-21,4615385
1062	-39,4615385
1062	14,5384615
1062	-0,4615385
1063	-19,4615385
1063	-4,4615385
1063	11,5384615
1063	7,5384615
1064	-7,4615385
1064	3,5384615
1064	1,5384615
1064	-23,4615385
1065	-0,4615385
1065	-5,4615385
1065	-28,4615385
1065	-16,4615385
1066	1,5384615
1066	-4,4615385
1066	-7,4615385
1066	-0,4615385
1067	-9,4615385
1067	4,5384615
1067	19,5384615
1067	-2,4615385
1067	5,5384615
1068	-3,4615385
1068	16,5384615
1068	26,5384615
1068	19,5384615
1069	20,5384615
1069	8,5384615
1069	-8,4615385
1069	-4,4615385
1070	-16,4615385
1070	-2,4615385
1070	-7,4615385
1070	5,5384615
1071	3,5384615
1071	0,5384615
1071	6,5384615
1071	3,5384615
1072	25,5384615
1072	13,5384615
1072	-2,4615385
1072	-1,4615385
1072	4,5384615
1073	-30,4615385
1073	-16,4615385
1073	-33,4615385
1073	-22,4615385
1074	-18,4615385
1074	9,5384615
1074	-8,4615385
1074	-1,4615385
1075	6,5384615
1075	-9,4615385
1075	9,5384615
1075	-6,4615385
1076	8,5384615
1076	12,5384615
1076	7,5384615
1076	6,5384615
1077	2,5384615
1077	-30,4615385
1077	0,5384615
1077	-17,4615385
1077	-2,4615385
1078	-3,4615385
1078	-14,4615385
1078	11,5384615
1078	-17,4615385
1079	-11,4615385
1079	2,5384615
1079	-27,4615385
1079	5,5384615
1080	1,5384615
1080	-20,4615385
1080	3,5384615
1080	19,5384615
1081	-24,4615385
1081	-28,4615385
1081	-14,4615385
1081	0,5384615
1082	4,5384615
1082	-3,4615385
1082	-12,4615385
1082	-24,4615385
1082	-2,4615385
1083	4,5384615
1083	-3,4615385
1083	-13,4615385
1083	-8,4615385
1084	6,5384615
1084	1,5384615
1084	22,5384615
1084	13,5384615
1085	-1,4615385
1085	-8,4615385
1085	1,5384615
1085	11,5384615
1086	-4,4615385
1086	2,5384615
1086	-1,4615385
1086	-1,4615385
1087	-15,4615385
1087	-3,4615385
1087	-26,4615385
1087	-23,4615385
1087	-9,4615385
1088	-14,4615385
1088	-4,4615385
1088	2,5384615
1088	3,5384615
1089	-14,4615385
1089	-20,4615385
1089	-24,4615385
1089	-15,4615385
1090	0,5384615
1090	3,5384615
1090	10,5384615
1090	-5,4615385
1091	6,5384615
1091	-6,4615385
1091	-10,4615385
1091	-1,4615385
1092	1,5384615
1092	4,5384615
1092	-35,4615385
1092	-8,4615385
1092	6,5384615
1093	-11,4615385
1093	0,5384615
1093	-38,4615385
1093	-8,4615385
1094	-8,4615385
1094	-17,4615385
1094	-15,4615385
1094	13,5384615
1095	-6,4615385
1095	-1,4615385
1095	-14,4615385
1095	15,5384615
1096	3,5384615
1096	-28,4615385
1096	-47,4615385
1096	-10,4615385
1097	1,5384615
1097	-15,4615385
1097	-5,4615385
1097	15,5384615
1097	-7,4615385
1098	23,5384615
1098	19,5384615
1098	8,5384615
1098	-38,4615385
1099	13,5384615
1099	19,5384615
1099	-2,4615385
1099	-5,4615385
1100	-21,4615385
1100	-13,4615385
1100	-6,4615385
1100	-9,4615385
1101	-17,4615385
1101	9,5384615
1101	57,5384615
1101	-16,4615385
1101	-11,4615385
1102	-31,4615385
1102	11,5384615
1102	5,5384615
1102	-7,4615385
1103	2,5384615
1103	-24,4615385
1103	2,5384615
1103	-7,4615385
1104	-16,4615385
1104	-13,4615385
1104	-21,4615385
1104	14,5384615
1105	-5,4615385
1105	14,5384615
1105	3,5384615
1105	18,5384615
1106	9,5384615
1106	-13,4615385
1106	-2,4615385
1106	-16,4615385
1106	-16,4615385
1107	6,5384615
1107	4,5384615
1107	23,5384615
1107	-5,4615385
1108	-9,4615385
1108	-8,4615385
1108	12,5384615
1108	-3,4615385
1109	-8,4615385
1109	-6,4615385
1109	-4,4615385
1109	2,5384615
1110	-11,4615385
1110	-5,4615385
1110	-8,4615385
1110	-25,4615385
1110	-17,4615385
1111	-14,4615385
1111	26,5384615
1111	11,5384615
1111	14,5384615
1112	-12,4615385
1112	-3,4615385
1112	29,5384615
1112	-13,4615385
1113	-19,4615385
1113	-29,4615385
1113	-7,4615385
1113	13,5384615
1114	5,5384615
1114	-8,4615385
1114	-3,4615385
1114	-5,4615385
1115	-3,4615385
1115	-25,4615385
1115	-18,4615385
1115	12,5384615
1115	-6,4615385
1116	-8,4615385
1116	-9,4615385
1116	-16,4615385
1116	-1,4615385
1117	6,5384615
1117	-11,4615385
1117	6,5384615
1117	8,5384615
1118	-8,4615385
