196	-6,5384615
196	-6,5384615
196	-6,5384615
197	-14,5384615
197	8,4615385
197	7,4615385
197	-9,5384615
198	-5,5384615
198	8,4615385
198	-12,5384615
199	23,4615385
199	-0,5384615
199	14,4615385
199	-9,5384615
200	21,4615385
200	3,4615385
200	17,4615385
200	-1,5384615
201	-10,5384615
201	-0,5384615
201	17,4615385
201	-13,5384615
202	33,4615385
202	25,4615385
202	-23,5384615
203	8,4615385
203	6,4615385
203	19,4615385
203	-1,5384615
204	5,4615385
204	30,4615385
204	-24,5384615
204	9,4615385
205	5,4615385
205	-14,5384615
205	-15,5384615
205	12,4615385
206	-11,5384615
206	13,4615385
206	15,4615385
207	-8,5384615
207	1,4615385
207	3,4615385
207	-9,5384615
208	-4,5384615
208	-4,5384615
208	-15,5384615
208	3,4615385
209	-2,5384615
209	1,4615385
209	13,4615385
209	6,4615385
210	17,4615385
210	8,4615385
210	-8,5384615
211	-9,5384615
211	-1,5384615
211	-18,5384615
211	-16,5384615
212	-10,5384615
212	-17,5384615
212	10,4615385
212	-9,5384615
213	24,4615385
213	-17,5384615
213	-2,5384615
213	26,4615385
214	-14,5384615
214	-5,5384615
214	-5,5384615
215	-8,5384615
215	-19,5384615
215	-25,5384615
215	-9,5384615
216	10,4615385
216	-2,5384615
216	41,4615385
216	-1,5384615
217	-2,5384615
217	23,4615385
217	-4,5384615
217	-10,5384615
218	-28,5384615
218	-13,5384615
218	6,4615385
219	0,4615385
219	-30,5384615
219	14,4615385
219	4,4615385
220	16,4615385
220	21,4615385
220	-0,5384615
220	-6,5384615
221	3,4615385
221	-13,5384615
221	10,4615385
221	-16,5384615
222	-17,5384615
222	16,4615385
222	6,4615385
223	18,4615385
223	-11,5384615
223	-4,5384615
223	-36,5384615
224	-2,5384615
224	-19,5384615
224	8,4615385
224	-20,5384615
225	1,4615385
225	32,4615385
225	19,4615385
225	16,4615385
226	5,4615385
226	-16,5384615
226	-1,5384615
227	5,4615385
227	-3,5384615
227	2,4615385
227	11,4615385
228	14,4615385
228	-4,5384615
228	14,4615385
228	15,4615385
229	-3,5384615
229	-12,5384615
229	-13,5384615
229	1,4615385
230	-9,5384615
230	-11,5384615
230	-10,5384615
231	-5,5384615
231	16,4615385
231	-18,5384615
231	36,4615385
232	24,4615385
232	4,4615385
232	27,4615385
232	12,4615385
233	-7,5384615
233	0,4615385
233	8,4615385
233	3,4615385
234	-14,5384615
234	13,4615385
234	3,4615385
235	8,4615385
235	23,4615385
235	31,4615385
235	4,4615385
236	9,4615385
236	20,4615385
236	3,4615385
236	-3,5384615
237	19,4615385
237	-0,5384615
237	24,4615385
237	2,4615385
238	20,4615385
238	-7,5384615
238	2,4615385
239	-5,5384615
239	-23,5384615
239	-4,5384615
239	-15,5384615
240	-21,5384615
240	1,4615385
240	0,4615385
240	7,4615385
241	1,4615385
241	-8,5384615
241	19,4615385
241	13,4615385
242	-3,5384615
242	-25,5384615
242	-1,5384615
243	0,4615385
243	26,4615385
243	-6,5384615
243	-13,5384615
244	-0,5384615
244	-8,5384615
244	-5,5384615
244	0,4615385
245	-5,5384615
245	10,4615385
245	-11,5384615
245	-4,5384615
246	-17,5384615
246	8,4615385
246	-29,5384615
247	4,4615385
247	-2,5384615
247	5,4615385
247	21,4615385
248	9,4615385
248	12,4615385
248	-14,5384615
248	8,4615385
249	9,4615385
249	-5,5384615
249	-0,5384615
249	9,4615385
250	11,4615385
250	18,4615385
250	-1,5384615
251	2,4615385
251	11,4615385
251	17,4615385
251	-39,5384615
252	-12,5384615
252	-2,5384615
252	11,4615385
252	16,4615385
253	8,4615385
253	-0,5384615
253	-28,5384615
253	6,4615385
254	10,4615385
254	-0,5384615
254	-4,5384615
254	12,4615385
255	-35,5384615
255	-17,5384615
255	-23,5384615
256	-10,5384615
256	-10,5384615
256	-13,5384615
256	15,4615385
257	18,4615385
257	-0,5384615
257	3,4615385
257	18,4615385
258	12,4615385
258	-28,5384615
258	-1,5384615
258	-8,5384615
259	-5,5384615
259	18,4615385
259	1,4615385
260	2,4615385
260	-23,5384615
260	-9,5384615
260	-1,5384615
261	-0,5384615
261	28,4615385
261	14,4615385
261	-2,5384615
262	10,4615385
262	20,4615385
262	-13,5384615
262	-17,5384615
263	18,4615385
263	-6,5384615
263	5,4615385
264	29,4615385
264	10,4615385
264	-8,5384615
264	-7,5384615
265	-14,5384615
265	5,4615385
265	1,4615385
265	-8,5384615
266	7,4615385
266	16,4615385
266	5,4615385
266	-38,5384615
267	-4,5384615
267	-2,5384615
267	4,4615385
268	14,4615385
268	23,4615385
268	12,4615385
268	33,4615385
269	0,4615385
269	23,4615385
269	-15,5384615
269	-2,5384615
270	-3,5384615
270	-4,5384615
270	-12,5384615
270	15,4615385
271	6,4615385
271	0,4615385
271	24,4615385
271	-14,5384615
272	-6,5384615
272	12,4615385
272	-18,5384615
273	4,4615385
273	-1,5384615
273	2,4615385
273	2,4615385
274	-5,5384615
274	-28,5384615
274	-6,5384615
274	-6,5384615
275	20,4615385
275	8,4615385
275	-15,5384615
275	-2,5384615
276	13,4615385
276	-2,5384615
276	-12,5384615
277	8,4615385
277	35,4615385
277	17,4615385
277	9,4615385
278	-5,5384615
278	9,4615385
278	12,4615385
278	-6,5384615
279	7,4615385
279	-4,5384615
279	31,4615385
279	11,4615385
280	-8,5384615
280	2,4615385
280	-30,5384615
280	-11,5384615
281	5,4615385
281	23,4615385
281	-15,5384615
282	-11,5384615
282	1,4615385
282	-8,5384615
282	-24,5384615
283	-23,5384615
283	-15,5384615
283	-23,5384615
283	4,4615385
284	21,4615385
284	-9,5384615
284	-18,5384615
284	0,4615385
285	-16,5384615
285	-9,5384615
285	3,4615385
286	10,4615385
286	9,4615385
286	-17,5384615
286	-2,5384615
287	26,4615385
287	1,4615385
287	-14,5384615
287	16,4615385
288	1,4615385
288	7,4615385
288	-2,5384615
288	-5,5384615
289	15,4615385
289	-21,5384615
289	8,4615385
290	-22,5384615
290	-10,5384615
290	8,4615385
290	-15,5384615
291	7,4615385
291	12,4615385
291	-16,5384615
291	-3,5384615
292	17,4615385
292	-13,5384615
292	-13,5384615
292	14,4615385
293	-6,5384615
293	-4,5384615
293	12,4615385
293	14,4615385
294	-0,5384615
294	-13,5384615
294	1,4615385
295	14,4615385
295	29,4615385
295	14,4615385
295	-22,5384615
296	-2,5384615
296	-3,5384615
296	-10,5384615
296	-1,5384615
297	-5,5384615
297	5,4615385
297	-20,5384615
297	-2,5384615
298	8,4615385
298	-7,5384615
298	16,4615385
299	-16,5384615
299	18,4615385
299	5,4615385
299	-5,5384615
300	-24,5384615
300	5,4615385
300	-16,5384615
300	3,4615385
301	-7,5384615
301	-1,5384615
301	-41,5384615
301	-12,5384615
302	-9,5384615
302	-10,5384615
302	17,4615385
302	16,4615385
303	-1,5384615
303	-5,5384615
303	-8,5384615
304	0,4615385
304	2,4615385
304	-7,5384615
304	-6,5384615
305	3,4615385
305	5,4615385
305	-24,5384615
305	-3,5384615
306	11,4615385
306	-14,5384615
306	-9,5384615
306	4,4615385
307	3,4615385
307	14,4615385
307	12,4615385
307	4,4615385
308	21,4615385
308	5,4615385
308	0,4615385
309	20,4615385
309	9,4615385
309	-3,5384615
309	-11,5384615
310	-9,5384615
310	-18,5384615
310	2,4615385
310	-19,5384615
311	6,4615385
311	16,4615385
311	3,4615385
311	2,4615385
312	-4,5384615
312	22,4615385
312	5,4615385
313	-7,5384615
313	-8,5384615
313	17,4615385
313	6,4615385
314	-2,5384615
314	-16,5384615
314	5,4615385
314	-8,5384615
315	-8,5384615
315	17,4615385
315	-0,5384615
315	-14,5384615
316	-3,5384615
316	3,4615385
316	0,4615385
316	-2,5384615
317	14,4615385
317	-15,5384615
317	-10,5384615
318	-21,5384615
318	-30,5384615
318	27,4615385
318	12,4615385
319	-1,5384615
319	0,4615385
319	-4,5384615
319	0,4615385
320	3,4615385
320	8,4615385
320	1,4615385
320	-9,5384615
321	14,4615385
321	-8,5384615
321	-21,5384615
321	-0,5384615
322	21,4615385
322	-0,5384615
322	-6,5384615
323	-0,5384615
323	-1,5384615
323	-11,5384615
323	-7,5384615
324	5,4615385
324	-11,5384615
324	-11,5384615
324	3,4615385
325	-13,5384615
325	-31,5384615
325	-1,5384615
325	-16,5384615
326	-21,5384615
326	-41,5384615
326	-6,5384615
327	3,4615385
327	-2,5384615
327	-2,5384615
327	-35,5384615
328	-21,5384615
328	-9,5384615
328	13,4615385
328	3,4615385
329	-16,5384615
329	-30,5384615
329	-15,5384615
329	15,4615385
330	2,4615385
330	-23,5384615
330	14,4615385
330	5,4615385
331	-29,5384615
331	-22,5384615
331	0,4615385
332	11,4615385
332	9,4615385
332	-7,5384615
332	-6,5384615
333	-17,5384615
333	-24,5384615
333	-12,5384615
333	-3,5384615
334	-4,5384615
334	-20,5384615
334	-7,5384615
334	6,4615385
335	9,4615385
335	6,4615385
335	-9,5384615
335	7,4615385
336	16,4615385
336	53,4615385
336	0,4615385
337	-23,5384615
337	20,4615385
337	7,4615385
337	-22,5384615
338	1,4615385
338	-30,5384615
338	-6,5384615
338	9,4615385
339	14,4615385
339	11,4615385
339	25,4615385
339	10,4615385
340	-6,5384615
340	12,4615385
340	1,4615385
340	-15,5384615
341	5,4615385
341	32,4615385
341	-0,5384615
342	-12,5384615
342	-6,5384615
342	10,4615385
342	-9,5384615
343	4,4615385
343	-3,5384615
343	-13,5384615
343	13,4615385
344	16,4615385
344	24,4615385
344	22,4615385
344	-17,5384615
345	-15,5384615
345	0,4615385
345	-3,5384615
345	5,4615385
346	-21,5384615
346	-7,5384615
346	4,4615385
347	13,4615385
347	-15,5384615
347	-25,5384615
347	-8,5384615
348	-8,5384615
348	-7,5384615
348	22,4615385
348	0,4615385
349	-1,5384615
349	-3,5384615
349	14,4615385
349	-5,5384615
350	-6,5384615
350	-7,5384615
350	-22,5384615
350	-0,5384615
351	-8,5384615
351	-29,5384615
351	-38,5384615
352	-5,5384615
352	15,4615385
352	23,4615385
352	33,4615385
353	15,4615385
353	23,4615385
353	-17,5384615
353	-2,5384615
354	-15,5384615
354	11,4615385
354	4,4615385
354	2,4615385
355	-9,5384615
355	1,4615385
355	-12,5384615
355	1,4615385
356	3,4615385
356	-16,5384615
356	6,4615385
357	-12,5384615
357	9,4615385
357	21,4615385
357	-0,5384615
358	4,4615385
358	-7,5384615
358	1,4615385
358	7,4615385
359	-33,5384615
359	-19,5384615
359	-26,5384615
359	5,4615385
360	11,4615385
360	10,4615385
360	6,4615385
360	6,4615385
361	11,4615385
361	-17,5384615
361	6,4615385
362	43,4615385
362	31,4615385
362	21,4615385
362	7,4615385
363	-13,5384615
363	9,4615385
363	-17,5384615
363	3,4615385
364	-5,5384615
364	-4,5384615
364	-9,5384615
364	11,4615385
365	-8,5384615
365	-2,5384615
365	-15,5384615
365	3,4615385
366	-11,5384615
366	-5,5384615
366	-2,5384615
367	5,4615385
367	23,4615385
367	21,4615385
367	11,4615385
368	-25,5384615
368	-21,5384615
368	1,4615385
368	-2,5384615
369	-3,5384615
369	-9,5384615
369	-24,5384615
369	-19,5384615
370	-6,5384615
370	-12,5384615
370	-27,5384615
370	13,4615385
371	18,4615385
371	-2,5384615
371	-9,5384615
371	16,4615385
372	29,4615385
372	-4,5384615
372	-14,5384615
373	9,4615385
373	-7,5384615
373	-9,5384615
373	-8,5384615
374	-21,5384615
374	-7,5384615
374	-8,5384615
374	-9,5384615
375	2,4615385
375	17,4615385
375	18,4615385
375	5,4615385
376	-8,5384615
376	0,4615385
376	-6,5384615
376	-6,5384615
377	-1,5384615
377	-2,5384615
377	1,4615385
378	6,4615385
378	10,4615385
378	14,4615385
378	13,4615385
379	2,4615385
379	-16,5384615
379	-0,5384615
379	-2,5384615
380	-11,5384615
380	-18,5384615
380	9,4615385
380	-0,5384615
381	41,4615385
381	-9,5384615
381	13,4615385
381	3,4615385
382	4,4615385
382	-23,5384615
382	6,4615385
383	1,4615385
383	-33,5384615
383	4,4615385
383	5,4615385
384	6,4615385
384	-3,5384615
384	13,4615385
384	-0,5384615
385	-2,5384615
385	11,4615385
385	8,4615385
385	-0,5384615
386	4,4615385
386	-13,5384615
386	-6,5384615
386	20,4615385
387	11,4615385
387	6,4615385
387	2,4615385
387	-21,5384615
388	-5,5384615
388	-12,5384615
388	-14,5384615
389	-28,5384615
389	-27,5384615
389	-17,5384615
389	-18,5384615
390	-11,5384615
390	-14,5384615
390	15,4615385
390	15,4615385
391	-1,5384615
391	10,4615385
391	-8,5384615
391	-6,5384615
392	16,4615385
392	5,4615385
392	-16,5384615
392	13,4615385
393	-16,5384615
393	-13,5384615
393	15,4615385
394	0,4615385
394	-1,5384615
394	-12,5384615
394	25,4615385
395	-29,5384615
395	-17,5384615
395	-23,5384615
395	4,4615385
396	-11,5384615
396	5,4615385
396	-13,5384615
396	31,4615385
397	-9,5384615
397	-3,5384615
397	-4,5384615
397	-15,5384615
398	2,4615385
398	-15,5384615
398	-11,5384615
398	4,4615385
399	0,4615385
399	-3,5384615
399	2,4615385
400	14,4615385
400	7,4615385
400	-8,5384615
400	2,4615385
401	-5,5384615
401	24,4615385
401	-0,5384615
401	-1,5384615
402	22,4615385
402	3,4615385
402	3,4615385
402	-22,5384615
403	-16,5384615
403	6,4615385
403	-6,5384615
403	-17,5384615
404	-33,5384615
404	33,4615385
404	6,4615385
405	-10,5384615
405	0,4615385
405	13,4615385
405	21,4615385
406	30,4615385
406	8,4615385
406	-5,5384615
406	11,4615385
407	10,4615385
407	-22,5384615
407	-21,5384615
407	-1,5384615
408	18,4615385
408	3,4615385
408	-22,5384615
408	8,4615385
409	11,4615385
409	18,4615385
409	28,4615385
409	4,4615385
410	-8,5384615
410	-32,5384615
410	1,4615385
411	-0,5384615
411	12,4615385
411	4,4615385
411	-19,5384615
412	3,4615385
412	7,4615385
412	9,4615385
412	5,4615385
413	-38,5384615
413	-14,5384615
413	-20,5384615
413	6,4615385
414	8,4615385
414	-1,5384615
414	-9,5384615
414	-10,5384615
415	19,4615385
415	14,4615385
415	4,4615385
415	15,4615385
416	8,4615385
416	-2,5384615
416	-12,5384615
417	3,4615385
417	2,4615385
417	-19,5384615
417	-15,5384615
418	10,4615385
418	29,4615385
418	19,4615385
418	-20,5384615
419	18,4615385
419	-3,5384615
419	22,4615385
419	-2,5384615
420	22,4615385
420	6,4615385
420	5,4615385
420	10,4615385
421	19,4615385
421	22,4615385
421	-3,5384615
421	6,4615385
422	-14,5384615
422	11,4615385
422	-17,5384615
423	20,4615385
423	0,4615385
423	6,4615385
423	27,4615385
424	22,4615385
424	-26,5384615
424	2,4615385
424	16,4615385
425	21,4615385
425	-15,5384615
425	18,4615385
425	-4,5384615
426	-18,5384615
426	-2,5384615
426	21,4615385
426	8,4615385
427	6,4615385
427	-21,5384615
427	-15,5384615
427	8,4615385
428	43,4615385
428	16,4615385
428	-5,5384615
429	7,4615385
429	20,4615385
429	-15,5384615
429	31,4615385
430	7,4615385
430	10,4615385
430	-11,5384615
430	-1,5384615
431	0,4615385
431	-21,5384615
431	-3,5384615
431	11,4615385
432	16,4615385
432	-27,5384615
432	-19,5384615
432	1,4615385
433	9,4615385
433	-5,5384615
433	0,4615385
433	-8,5384615
434	-1,5384615
434	13,4615385
434	-5,5384615
435	-10,5384615
435	-6,5384615
435	-24,5384615
435	-23,5384615
436	17,4615385
436	27,4615385
436	-4,5384615
436	-5,5384615
437	9,4615385
437	5,4615385
437	3,4615385
437	-15,5384615
438	6,4615385
438	21,4615385
438	26,4615385
438	-2,5384615
439	16,4615385
439	-10,5384615
439	8,4615385
439	1,4615385
440	28,4615385
440	-8,5384615
440	-12,5384615
441	-16,5384615
441	-18,5384615
441	26,4615385
441	12,4615385
442	-9,5384615
442	10,4615385
442	7,4615385
442	-23,5384615
443	26,4615385
443	11,4615385
443	4,4615385
443	19,4615385
444	-39,5384615
444	33,4615385
444	-14,5384615
444	24,4615385
445	7,4615385
445	5,4615385
445	16,4615385
445	0,4615385
446	-21,5384615
446	1,4615385
446	1,4615385
447	13,4615385
447	17,4615385
447	10,4615385
447	2,4615385
448	26,4615385
448	-21,5384615
448	-26,5384615
448	-40,5384615
449	-2,5384615
449	5,4615385
449	-2,5384615
449	-4,5384615
450	14,4615385
450	-10,5384615
450	-25,5384615
450	9,4615385
451	12,4615385
451	-17,5384615
451	-3,5384615
451	-3,5384615
452	-3,5384615
452	-28,5384615
452	2,4615385
452	8,4615385
453	15,4615385
453	-2,5384615
453	-1,5384615
454	7,4615385
454	-10,5384615
454	-2,5384615
454	-15,5384615
455	-1,5384615
455	-4,5384615
455	-4,5384615
455	9,4615385
456	31,4615385
456	0,4615385
456	-23,5384615
456	-0,5384615
457	-26,5384615
457	13,4615385
457	2,4615385
457	-3,5384615
458	-7,5384615
458	-11,5384615
458	-16,5384615
458	5,4615385
459	-11,5384615
459	-9,5384615
459	18,4615385
460	9,4615385
460	13,4615385
460	6,4615385
460	-8,5384615
461	-4,5384615
461	-2,5384615
461	-10,5384615
461	2,4615385
462	13,4615385
462	-4,5384615
462	4,4615385
462	-0,5384615
463	-28,5384615
463	-11,5384615
463	-35,5384615
463	-21,5384615
464	-7,5384615
464	-0,5384615
464	-7,5384615
464	-13,5384615
465	-2,5384615
465	26,4615385
465	11,4615385
465	5,4615385
466	2,4615385
466	1,4615385
466	-17,5384615
467	-7,5384615
467	0,4615385
467	10,4615385
467	-8,5384615
468	4,4615385
468	18,4615385
468	-31,5384615
468	-11,5384615
469	18,4615385
469	-13,5384615
469	-27,5384615
469	8,4615385
470	21,4615385
470	-8,5384615
470	0,4615385
470	-5,5384615
471	18,4615385
471	-14,5384615
471	2,4615385
471	-0,5384615
472	14,4615385
472	33,4615385
472	25,4615385
472	15,4615385
473	-17,5384615
473	5,4615385
473	-19,5384615
474	7,4615385
474	-8,5384615
474	17,4615385
474	-8,5384615
475	-6,5384615
475	9,4615385
475	14,4615385
475	6,4615385
476	1,4615385
476	-4,5384615
476	-9,5384615
476	0,4615385
477	18,4615385
477	2,4615385
477	1,4615385
477	-5,5384615
478	1,4615385
478	-11,5384615
478	-17,5384615
478	-9,5384615
479	-5,5384615
479	25,4615385
479	5,4615385
479	-3,5384615
480	11,4615385
480	-6,5384615
480	-19,5384615
481	12,4615385
481	0,4615385
481	12,4615385
481	14,4615385
482	49,4615385
482	-15,5384615
482	1,4615385
482	13,4615385
483	-22,5384615
483	7,4615385
483	4,4615385
483	8,4615385
484	3,4615385
484	7,4615385
484	0,4615385
484	-5,5384615
485	-25,5384615
485	3,4615385
485	10,4615385
485	8,4615385
486	8,4615385
486	12,4615385
486	15,4615385
486	16,4615385
487	3,4615385
487	26,4615385
487	19,4615385
488	11,4615385
488	0,4615385
488	-16,5384615
488	-6,5384615
489	8,4615385
489	4,4615385
489	-5,5384615
489	4,4615385
490	-5,5384615
490	9,4615385
490	-6,5384615
490	2,4615385
491	4,4615385
491	8,4615385
491	-24,5384615
491	-0,5384615
492	-11,5384615
492	-7,5384615
492	12,4615385
492	-12,5384615
493	-3,5384615
493	-6,5384615
493	-7,5384615
493	-11,5384615
494	-3,5384615
494	-33,5384615
494	-3,5384615
495	-2,5384615
495	-14,5384615
495	7,4615385
495	-16,5384615
496	12,4615385
496	-1,5384615
496	-4,5384615
496	-1,5384615
497	-2,5384615
497	19,4615385
497	9,4615385
497	11,4615385
498	-8,5384615
498	-23,5384615
498	-6,5384615
498	-17,5384615
499	-0,5384615
499	9,4615385
499	-6,5384615
499	44,4615385
500	11,4615385
500	-1,5384615
500	-5,5384615
500	12,4615385
501	-10,5384615
501	5,4615385
501	4,4615385
502	-5,5384615
502	6,4615385
502	3,4615385
502	-3,5384615
503	3,4615385
503	6,4615385
503	8,4615385
503	-10,5384615
504	-13,5384615
504	-14,5384615
504	-2,5384615
504	29,4615385
505	-6,5384615
505	-17,5384615
505	-6,5384615
505	-5,5384615
506	-19,5384615
506	7,4615385
506	-26,5384615
506	3,4615385
507	3,4615385
507	8,4615385
507	-5,5384615
507	-15,5384615
508	13,4615385
508	12,4615385
508	-2,5384615
508	12,4615385
509	-12,5384615
509	18,4615385
509	8,4615385
510	-11,5384615
510	7,4615385
510	16,4615385
510	0,4615385
511	8,4615385
511	-1,5384615
511	-12,5384615
511	-18,5384615
512	19,4615385
512	-8,5384615
512	-0,5384615
512	4,4615385
513	-16,5384615
513	0,4615385
513	11,4615385
513	-30,5384615
514	-13,5384615
514	29,4615385
514	2,4615385
514	-2,5384615
515	2,4615385
515	-14,5384615
515	-10,5384615
515	3,4615385
516	14,4615385
516	24,4615385
516	-20,5384615
516	-34,5384615
517	-10,5384615
517	7,4615385
517	6,4615385
518	-12,5384615
518	-0,5384615
518	-1,5384615
518	13,4615385
519	46,4615385
519	18,4615385
519	-4,5384615
519	11,4615385
520	-29,5384615
520	-9,5384615
520	23,4615385
520	5,4615385
521	-4,5384615
521	21,4615385
521	24,4615385
521	16,4615385
522	19,4615385
522	11,4615385
522	-4,5384615
522	15,4615385
523	12,4615385
523	-3,5384615
523	6,4615385
523	-2,5384615
524	4,4615385
524	-24,5384615
524	21,4615385
524	18,4615385
525	1,4615385
525	8,4615385
525	-13,5384615
526	13,4615385
526	44,4615385
526	4,4615385
526	-8,5384615
527	-0,5384615
527	-1,5384615
527	-5,5384615
527	8,4615385
528	-6,5384615
528	19,4615385
528	-8,5384615
528	26,4615385
529	15,4615385
529	-15,5384615
529	-26,5384615
529	1,4615385
530	-5,5384615
530	-19,5384615
530	2,4615385
530	14,4615385
531	2,4615385
531	10,4615385
531	21,4615385
531	6,4615385
532	0,4615385
532	-2,5384615
532	20,4615385
532	-4,5384615
533	6,4615385
533	-8,5384615
533	-6,5384615
534	1,4615385
534	6,4615385
534	6,4615385
534	5,4615385
535	2,4615385
535	-11,5384615
535	2,4615385
535	-8,5384615
536	18,4615385
536	13,4615385
536	-7,5384615
536	14,4615385
537	-10,5384615
537	-5,5384615
537	-4,5384615
537	14,4615385
538	-7,5384615
538	-35,5384615
538	1,4615385
538	-0,5384615
539	-2,5384615
539	10,4615385
539	15,4615385
539	9,4615385
540	-10,5384615
540	-2,5384615
540	23,4615385
540	13,4615385
541	12,4615385
541	-12,5384615
541	-23,5384615
541	-9,5384615
542	-2,5384615
542	-12,5384615
542	15,4615385
543	16,4615385
543	14,4615385
543	23,4615385
543	43,4615385
544	-2,5384615
544	-2,5384615
544	-12,5384615
544	16,4615385
545	-29,5384615
545	4,4615385
545	-16,5384615
545	-10,5384615
546	15,4615385
546	-2,5384615
546	-5,5384615
546	-10,5384615
547	-9,5384615
547	-14,5384615
547	-14,5384615
547	-11,5384615
548	2,4615385
548	29,4615385
548	7,4615385
548	11,4615385
549	4,4615385
549	27,4615385
549	3,4615385
549	-36,5384615
550	7,4615385
550	9,4615385
550	22,4615385
550	-5,5384615
551	-21,5384615
551	1,4615385
551	20,4615385
552	-33,5384615
552	-3,5384615
552	-6,5384615
552	6,4615385
553	1,4615385
553	7,4615385
553	15,4615385
553	18,4615385
554	-3,5384615
554	-4,5384615
554	10,4615385
554	-14,5384615
555	7,4615385
555	39,4615385
555	7,4615385
555	-3,5384615
556	18,4615385
556	2,4615385
556	3,4615385
556	9,4615385
557	16,4615385
557	20,4615385
557	-26,5384615
557	1,4615385
558	-10,5384615
558	-35,5384615
558	23,4615385
558	7,4615385
559	15,4615385
559	14,4615385
559	-2,5384615
559	-8,5384615
560	15,4615385
560	14,4615385
560	-15,5384615
561	15,4615385
561	5,4615385
561	-20,5384615
561	4,4615385
562	10,4615385
562	11,4615385
562	13,4615385
562	4,4615385
563	9,4615385
563	-7,5384615
563	-1,5384615
563	-8,5384615
564	12,4615385
564	-21,5384615
564	7,4615385
564	11,4615385
565	4,4615385
565	3,4615385
565	3,4615385
565	14,4615385
566	1,4615385
566	-29,5384615
566	-29,5384615
566	18,4615385
567	4,4615385
567	-23,5384615
567	-23,5384615
567	-34,5384615
568	-13,5384615
568	-11,5384615
568	4,4615385
568	-0,5384615
569	-19,5384615
569	20,4615385
569	3,4615385
569	-23,5384615
570	-23,5384615
570	-17,5384615
570	-11,5384615
571	-17,5384615
571	-8,5384615
571	-4,5384615
571	22,4615385
572	-20,5384615
572	3,4615385
572	-6,5384615
572	4,4615385
573	17,4615385
573	-22,5384615
573	9,4615385
573	3,4615385
574	-5,5384615
574	4,4615385
574	-16,5384615
574	18,4615385
575	1,4615385
575	0,4615385
575	-4,5384615
575	-3,5384615
576	5,4615385
576	-10,5384615
576	27,4615385
576	-26,5384615
577	-12,5384615
577	10,4615385
577	-15,5384615
577	6,4615385
578	17,4615385
578	5,4615385
578	7,4615385
578	-1,5384615
579	-5,5384615
579	-24,5384615
579	-9,5384615
579	3,4615385
580	8,4615385
580	-4,5384615
580	-19,5384615
581	26,4615385
581	8,4615385
581	9,4615385
581	-13,5384615
582	-24,5384615
582	-28,5384615
582	-3,5384615
582	19,4615385
583	1,4615385
583	-10,5384615
583	12,4615385
583	-3,5384615
584	22,4615385
584	3,4615385
584	8,4615385
584	21,4615385
585	-8,5384615
585	-11,5384615
585	4,4615385
585	7,4615385
586	7,4615385
586	-5,5384615
586	15,4615385
586	15,4615385
587	-0,5384615
587	-27,5384615
587	-7,5384615
587	-22,5384615
588	-20,5384615
588	19,4615385
588	19,4615385
588	-15,5384615
589	6,4615385
589	-9,5384615
589	14,4615385
589	-51,5384615
590	-11,5384615
590	-1,5384615
590	-20,5384615
590	29,4615385
591	4,4615385
591	29,4615385
591	5,4615385
592	2,4615385
592	-14,5384615
592	14,4615385
592	-3,5384615
593	16,4615385
593	-10,5384615
593	-6,5384615
593	7,4615385
594	64,4615385
594	-8,5384615
594	14,4615385
594	2,4615385
595	4,4615385
595	-5,5384615
595	7,4615385
595	-7,5384615
596	9,4615385
596	9,4615385
596	-37,5384615
596	17,4615385
597	13,4615385
597	18,4615385
597	15,4615385
597	-230,5384615
598	-34,5384615
598	-10,5384615
598	-26,5384615
598	-24,5384615
599	-8,5384615
599	16,4615385
599	-24,5384615
599	-18,5384615
600	3,4615385
600	0,4615385
600	-21,5384615
600	-6,5384615
601	-24,5384615
601	-10,5384615
601	0,4615385
601	12,4615385
602	-3,5384615
602	-27,5384615
602	8,4615385
603	10,4615385
603	18,4615385
603	19,4615385
603	5,4615385
604	-25,5384615
604	1,4615385
604	12,4615385
604	5,4615385
605	17,4615385
605	3,4615385
605	-3,5384615
605	-9,5384615
606	6,4615385
606	0,4615385
606	-0,5384615
606	12,4615385
607	-27,5384615
607	14,4615385
607	12,4615385
607	8,4615385
608	1,4615385
608	3,4615385
608	3,4615385
608	6,4615385
609	-5,5384615
609	5,4615385
609	-6,5384615
609	-10,5384615
610	-29,5384615
610	1,4615385
610	-6,5384615
610	-5,5384615
611	7,4615385
611	5,4615385
611	-17,5384615
611	-13,5384615
612	7,4615385
612	4,4615385
612	13,4615385
612	-3,5384615
613	-17,5384615
613	0,4615385
613	2,4615385
613	11,4615385
614	14,4615385
614	-0,5384615
614	13,4615385
614	-6,5384615
615	-6,5384615
615	14,4615385
615	-18,5384615
616	-24,5384615
616	-4,5384615
616	-0,5384615
616	-22,5384615
617	-16,5384615
617	1,4615385
617	10,4615385
617	-6,5384615
618	-18,5384615
618	23,4615385
618	-1,5384615
618	8,4615385
619	3,4615385
619	9,4615385
619	4,4615385
619	-8,5384615
620	-0,5384615
620	9,4615385
620	-37,5384615
620	-13,5384615
621	0,4615385
621	9,4615385
621	-10,5384615
621	13,4615385
622	-13,5384615
622	7,4615385
622	11,4615385
622	-5,5384615
623	-27,5384615
623	-2,5384615
623	-1,5384615
623	-7,5384615
624	4,4615385
624	2,4615385
624	7,4615385
624	11,4615385
625	9,4615385
625	-6,5384615
625	-16,5384615
625	-5,5384615
626	5,4615385
626	-7,5384615
626	-8,5384615
626	0,4615385
627	-9,5384615
627	-12,5384615
627	22,4615385
627	0,4615385
628	8,4615385
628	0,4615385
628	-15,5384615
629	-15,5384615
629	2,4615385
629	-32,5384615
629	-10,5384615
630	3,4615385
630	1,4615385
630	-10,5384615
630	-8,5384615
631	-9,5384615
631	-2,5384615
631	-9,5384615
631	-11,5384615
632	9,4615385
632	1,4615385
632	-9,5384615
632	10,4615385
633	0,4615385
633	2,4615385
633	-9,5384615
633	-16,5384615
634	-1,5384615
634	-26,5384615
634	0,4615385
634	-16,5384615
635	8,4615385
635	-15,5384615
635	-29,5384615
635	-6,5384615
636	11,4615385
636	8,4615385
636	-10,5384615
636	-24,5384615
637	-16,5384615
637	3,4615385
637	7,4615385
637	-13,5384615
638	6,4615385
638	2,4615385
638	-7,5384615
638	11,4615385
639	-6,5384615
639	-27,5384615
639	0,4615385
639	10,4615385
640	-37,5384615
640	10,4615385
640	-8,5384615
640	7,4615385
641	-26,5384615
641	9,4615385
641	8,4615385
641	-1,5384615
642	2,4615385
642	3,4615385
642	3,4615385
642	6,4615385
643	-7,5384615
643	-1,5384615
643	2,4615385
644	0,4615385
644	-4,5384615
644	20,4615385
644	5,4615385
645	-1,5384615
645	-29,5384615
645	-1,5384615
645	-3,5384615
646	-5,5384615
646	4,4615385
646	-0,5384615
646	9,4615385
647	5,4615385
647	27,4615385
647	0,4615385
647	-2,5384615
648	29,4615385
648	6,4615385
648	-39,5384615
648	-12,5384615
649	-10,5384615
649	10,4615385
649	10,4615385
649	4,4615385
650	6,4615385
650	-3,5384615
650	10,4615385
650	-12,5384615
651	1,4615385
651	11,4615385
651	-8,5384615
651	2,4615385
652	-18,5384615
652	-1,5384615
652	22,4615385
652	-9,5384615
653	12,4615385
653	10,4615385
653	3,4615385
653	-5,5384615
654	-13,5384615
654	5,4615385
654	26,4615385
654	3,4615385
655	-0,5384615
655	30,4615385
655	-1,5384615
655	14,4615385
656	5,4615385
656	9,4615385
656	-18,5384615
656	-7,5384615
657	-15,5384615
657	0,4615385
657	-0,5384615
657	-2,5384615
658	-15,5384615
658	-13,5384615
658	-5,5384615
658	0,4615385
659	10,4615385
659	-7,5384615
659	25,4615385
660	-10,5384615
660	10,4615385
660	19,4615385
660	-8,5384615
661	-7,5384615
661	10,4615385
661	11,4615385
661	-5,5384615
662	-1,5384615
662	4,4615385
662	12,4615385
662	32,4615385
663	-28,5384615
663	-11,5384615
663	15,4615385
663	9,4615385
664	13,4615385
664	31,4615385
664	18,4615385
664	0,4615385
665	13,4615385
665	12,4615385
665	19,4615385
665	11,4615385
666	-14,5384615
666	20,4615385
666	24,4615385
666	-6,5384615
667	13,4615385
667	-5,5384615
667	10,4615385
667	-18,5384615
668	1,4615385
668	-6,5384615
668	-4,5384615
668	5,4615385
669	-9,5384615
669	-19,5384615
669	0,4615385
669	-6,5384615
670	-14,5384615
670	28,4615385
670	-13,5384615
670	3,4615385
671	-8,5384615
671	11,4615385
671	-4,5384615
671	-24,5384615
672	0,4615385
672	-14,5384615
672	14,4615385
672	16,4615385
673	15,4615385
673	-15,5384615
673	2,4615385
673	2,4615385
674	-4,5384615
674	10,4615385
674	-6,5384615
674	2,4615385
675	-30,5384615
675	19,4615385
675	-13,5384615
675	0,4615385
676	10,4615385
676	-25,5384615
676	-13,5384615
676	25,4615385
677	6,4615385
677	-2,5384615
677	-12,5384615
677	-1,5384615
678	12,4615385
678	16,4615385
678	14,4615385
678	21,4615385
679	-2,5384615
679	-3,5384615
679	-2,5384615
680	16,4615385
680	-5,5384615
680	15,4615385
680	15,4615385
681	19,4615385
681	2,4615385
681	3,4615385
681	-14,5384615
682	10,4615385
682	-17,5384615
682	-6,5384615
682	-4,5384615
683	-20,5384615
683	-7,5384615
683	25,4615385
683	23,4615385
684	15,4615385
684	-9,5384615
684	17,4615385
684	-6,5384615
685	10,4615385
685	-7,5384615
685	12,4615385
685	-25,5384615
686	12,4615385
686	-7,5384615
686	10,4615385
686	9,4615385
687	-6,5384615
687	25,4615385
687	-6,5384615
687	5,4615385
688	-9,5384615
688	4,4615385
688	-24,5384615
688	-14,5384615
689	-4,5384615
689	-13,5384615
689	1,4615385
689	-16,5384615
690	-5,5384615
690	-16,5384615
690	-26,5384615
690	3,4615385
691	12,4615385
691	6,4615385
691	7,4615385
691	9,4615385
692	15,4615385
692	-1,5384615
692	-1,5384615
692	-7,5384615
693	19,4615385
693	-4,5384615
693	-23,5384615
693	-25,5384615
694	16,4615385
694	31,4615385
694	-5,5384615
694	4,4615385
695	-16,5384615
695	8,4615385
695	-7,5384615
695	-35,5384615
696	-22,5384615
696	-8,5384615
696	-10,5384615
696	13,4615385
697	-14,5384615
697	-15,5384615
697	-2,5384615
697	9,4615385
698	-2,5384615
698	-19,5384615
698	-7,5384615
698	3,4615385
699	-2,5384615
699	-13,5384615
699	11,4615385
699	10,4615385
700	10,4615385
700	2,4615385
700	-1,5384615
700	-2,5384615
701	6,4615385
701	-11,5384615
701	19,4615385
701	3,4615385
702	-31,5384615
702	-8,5384615
702	-5,5384615
702	-14,5384615
703	-17,5384615
703	-4,5384615
703	7,4615385
703	-7,5384615
704	-14,5384615
704	2,4615385
704	-8,5384615
704	24,4615385
705	11,4615385
705	-5,5384615
705	19,4615385
706	8,4615385
706	21,4615385
706	26,4615385
706	6,4615385
707	19,4615385
707	-21,5384615
707	15,4615385
707	24,4615385
708	-5,5384615
708	-2,5384615
708	-17,5384615
708	16,4615385
709	-15,5384615
709	-6,5384615
709	-4,5384615
709	-25,5384615
710	-8,5384615
710	-14,5384615
710	-8,5384615
710	-7,5384615
711	-15,5384615
711	15,4615385
711	-9,5384615
711	-13,5384615
712	0,4615385
712	-17,5384615
712	-2,5384615
712	-15,5384615
713	-4,5384615
713	18,4615385
713	-7,5384615
713	4,4615385
714	10,4615385
714	14,4615385
714	-4,5384615
714	11,4615385
715	-0,5384615
715	-17,5384615
715	10,4615385
715	17,4615385
716	4,4615385
716	0,4615385
716	2,4615385
716	10,4615385
717	-4,5384615
717	-2,5384615
717	-2,5384615
717	2,4615385
718	1,4615385
718	0,4615385
718	-13,5384615
718	-5,5384615
719	9,4615385
719	-0,5384615
719	-6,5384615
719	-30,5384615
720	-25,5384615
720	-14,5384615
720	-6,5384615
720	-5,5384615
721	1,4615385
721	5,4615385
721	-3,5384615
721	-11,5384615
722	42,4615385
722	-6,5384615
722	-6,5384615
722	-25,5384615
723	8,4615385
723	3,4615385
723	12,4615385
723	17,4615385
724	5,4615385
724	35,4615385
724	9,4615385
724	-14,5384615
725	12,4615385
725	23,4615385
725	-9,5384615
725	-7,5384615
726	-22,5384615
726	-5,5384615
726	21,4615385
726	-22,5384615
727	-7,5384615
727	-38,5384615
727	16,4615385
727	24,4615385
728	4,4615385
728	-16,5384615
728	-4,5384615
728	-12,5384615
729	-16,5384615
729	17,4615385
729	5,4615385
729	7,4615385
730	15,4615385
730	-31,5384615
730	-4,5384615
730	-6,5384615
731	6,4615385
731	3,4615385
731	-11,5384615
731	25,4615385
732	-7,5384615
732	-30,5384615
732	3,4615385
732	-1,5384615
733	8,4615385
733	20,4615385
733	15,4615385
733	5,4615385
734	6,4615385
734	-19,5384615
734	-15,5384615
734	14,4615385
735	-12,5384615
735	-1,5384615
735	8,4615385
735	11,4615385
736	-10,5384615
736	-8,5384615
736	-24,5384615
736	0,4615385
737	-11,5384615
737	-16,5384615
737	-21,5384615
737	-5,5384615
738	-12,5384615
738	-13,5384615
738	3,4615385
738	4,4615385
739	16,4615385
739	14,4615385
739	-26,5384615
739	-22,5384615
740	-11,5384615
740	-11,5384615
740	-15,5384615
740	-4,5384615
741	-7,5384615
741	4,4615385
741	-17,5384615
741	-11,5384615
742	-3,5384615
742	36,4615385
742	-1,5384615
742	-14,5384615
743	-29,5384615
743	11,4615385
743	17,4615385
743	-12,5384615
744	13,4615385
744	11,4615385
744	-17,5384615
744	8,4615385
745	-11,5384615
745	-17,5384615
745	-2,5384615
745	-27,5384615
746	-4,5384615
746	-2,5384615
746	-7,5384615
746	-1,5384615
747	14,4615385
747	-10,5384615
747	-2,5384615
747	-7,5384615
748	0,4615385
748	-2,5384615
748	-9,5384615
748	7,4615385
749	-2,5384615
749	-9,5384615
749	-1,5384615
749	-20,5384615
750	13,4615385
750	8,4615385
750	4,4615385
750	-2,5384615
751	20,4615385
751	-12,5384615
751	-18,5384615
751	-17,5384615
752	0,4615385
752	-5,5384615
752	18,4615385
752	6,4615385
753	-34,5384615
753	-3,5384615
753	-12,5384615
753	11,4615385
754	-2,5384615
754	-31,5384615
754	-37,5384615
754	1,4615385
755	-14,5384615
755	8,4615385
755	-13,5384615
755	-12,5384615
756	1,4615385
756	-5,5384615
756	-13,5384615
756	19,4615385
757	-5,5384615
757	-10,5384615
757	-13,5384615
757	-4,5384615
758	0,4615385
758	-13,5384615
758	0,4615385
758	26,4615385
759	11,4615385
759	22,4615385
759	-8,5384615
759	-7,5384615
760	15,4615385
760	-1,5384615
760	18,4615385
760	-2,5384615
761	11,4615385
761	28,4615385
761	2,4615385
761	3,4615385
762	29,4615385
762	19,4615385
762	-1,5384615
762	-8,5384615
763	-6,5384615
763	-5,5384615
763	-4,5384615
763	-16,5384615
764	-20,5384615
764	-11,5384615
764	6,4615385
764	-6,5384615
765	8,4615385
765	-8,5384615
765	-9,5384615
765	13,4615385
766	-1,5384615
766	-23,5384615
766	-24,5384615
766	4,4615385
767	-26,5384615
767	-27,5384615
767	9,4615385
767	-2,5384615
768	-20,5384615
768	1,4615385
768	-2,5384615
768	18,4615385
769	-30,5384615
769	14,4615385
769	4,4615385
769	-23,5384615
770	16,4615385
770	-18,5384615
770	-0,5384615
770	-5,5384615
771	-1,5384615
771	-30,5384615
771	-10,5384615
771	-6,5384615
772	-3,5384615
772	6,4615385
772	20,4615385
772	17,4615385
773	-13,5384615
773	-10,5384615
773	14,4615385
773	8,4615385
774	-1,5384615
774	-4,5384615
774	-11,5384615
774	-32,5384615
775	-17,5384615
775	-0,5384615
775	-0,5384615
775	9,4615385
776	-15,5384615
776	-9,5384615
776	27,4615385
776	-15,5384615
777	24,4615385
777	-7,5384615
777	7,4615385
777	-8,5384615
778	-7,5384615
778	0,4615385
778	1,4615385
778	4,4615385
779	-12,5384615
779	-2,5384615
779	-2,5384615
779	4,4615385
780	0,4615385
780	11,4615385
780	-2,5384615
780	5,4615385
781	-0,5384615
781	-7,5384615
781	5,4615385
781	-10,5384615
782	14,4615385
782	3,4615385
782	-13,5384615
782	26,4615385
783	17,4615385
783	8,4615385
783	5,4615385
783	3,4615385
784	9,4615385
784	7,4615385
784	8,4615385
784	-4,5384615
785	-14,5384615
785	-5,5384615
785	-15,5384615
785	-9,5384615
786	-6,5384615
786	-24,5384615
786	7,4615385
786	14,4615385
787	3,4615385
787	-3,5384615
787	-3,5384615
787	-12,5384615
788	-8,5384615
788	-0,5384615
788	-8,5384615
788	-1,5384615
789	4,4615385
789	-8,5384615
789	3,4615385
789	-32,5384615
790	0,4615385
790	-2,5384615
790	-6,5384615
790	-2,5384615
791	0,4615385
791	-20,5384615
791	-13,5384615
791	-32,5384615
792	4,4615385
792	8,4615385
792	28,4615385
792	10,4615385
793	-4,5384615
793	1,4615385
793	-15,5384615
793	12,4615385
794	4,4615385
794	-27,5384615
794	1,4615385
794	-34,5384615
795	-1,5384615
795	4,4615385
795	-13,5384615
795	-5,5384615
796	-5,5384615
796	18,4615385
796	-6,5384615
796	0,4615385
797	-4,5384615
797	-7,5384615
797	10,4615385
797	11,4615385
798	7,4615385
798	-13,5384615
798	9,4615385
798	22,4615385
799	-12,5384615
799	-21,5384615
799	-7,5384615
799	-9,5384615
800	-9,5384615
800	12,4615385
800	19,4615385
800	-13,5384615
801	3,4615385
801	-10,5384615
801	17,4615385
801	8,4615385
802	14,4615385
802	0,4615385
802	-0,5384615
802	-19,5384615
803	0,4615385
803	-17,5384615
803	-1,5384615
803	11,4615385
804	5,4615385
804	-6,5384615
804	-18,5384615
804	16,4615385
805	-16,5384615
805	-57,5384615
805	-2,5384615
805	-33,5384615
806	0,4615385
806	-4,5384615
806	8,4615385
806	20,4615385
807	-14,5384615
807	4,4615385
807	-8,5384615
807	4,4615385
808	3,4615385
808	-4,5384615
808	0,4615385
808	8,4615385
809	-15,5384615
809	12,4615385
809	-2,5384615
809	3,4615385
810	16,4615385
810	1,4615385
810	-6,5384615
810	3,4615385
811	22,4615385
811	15,4615385
811	-0,5384615
811	6,4615385
812	6,4615385
812	4,4615385
812	8,4615385
812	-30,5384615
813	-18,5384615
813	4,4615385
813	31,4615385
813	8,4615385
814	18,4615385
814	-9,5384615
814	-12,5384615
814	10,4615385
815	34,4615385
815	-18,5384615
815	18,4615385
815	-17,5384615
816	22,4615385
816	-0,5384615
816	-11,5384615
816	-11,5384615
817	-7,5384615
817	2,4615385
817	-1,5384615
817	13,4615385
818	-0,5384615
818	3,4615385
818	-11,5384615
818	-0,5384615
819	3,4615385
819	20,4615385
819	10,4615385
819	-1,5384615
820	-16,5384615
820	-5,5384615
820	18,4615385
820	34,4615385
820	-8,5384615
821	-17,5384615
821	0,4615385
821	-4,5384615
821	-10,5384615
822	3,4615385
822	3,4615385
822	-35,5384615
822	-15,5384615
823	-18,5384615
823	28,4615385
823	-18,5384615
823	-15,5384615
824	-4,5384615
824	19,4615385
824	19,4615385
824	14,4615385
825	-0,5384615
825	17,4615385
825	8,4615385
825	22,4615385
826	20,4615385
826	-0,5384615
826	5,4615385
826	4,4615385
827	-1,5384615
827	-22,5384615
827	-26,5384615
827	-35,5384615
828	10,4615385
828	-16,5384615
828	16,4615385
828	6,4615385
829	8,4615385
829	25,4615385
829	13,4615385
829	0,4615385
830	5,4615385
830	33,4615385
830	-2,5384615
830	4,4615385
831	27,4615385
831	18,4615385
831	-11,5384615
831	10,4615385
832	24,4615385
832	-2,5384615
832	-11,5384615
832	-14,5384615
833	16,4615385
833	-15,5384615
833	-27,5384615
833	21,4615385
834	32,4615385
834	24,4615385
834	32,4615385
834	0,4615385
835	-14,5384615
835	11,4615385
835	-7,5384615
835	15,4615385
836	-12,5384615
836	-22,5384615
836	14,4615385
836	19,4615385
837	2,4615385
837	-23,5384615
837	-2,5384615
837	-9,5384615
838	-7,5384615
838	10,4615385
838	13,4615385
838	-2,5384615
839	6,4615385
839	-20,5384615
839	8,4615385
839	12,4615385
840	5,4615385
840	-1,5384615
840	-14,5384615
840	-5,5384615
841	-23,5384615
841	14,4615385
841	10,4615385
841	-3,5384615
842	-10,5384615
842	22,4615385
842	-22,5384615
842	17,4615385
843	20,4615385
843	12,4615385
843	13,4615385
843	-12,5384615
844	-6,5384615
844	30,4615385
844	21,4615385
844	-0,5384615
845	-5,5384615
845	27,4615385
845	10,4615385
845	-10,5384615
845	-19,5384615
846	-11,5384615
846	12,4615385
846	4,4615385
846	0,4615385
847	14,4615385
847	-2,5384615
847	6,4615385
847	-9,5384615
848	-12,5384615
848	-20,5384615
848	5,4615385
848	-0,5384615
849	4,4615385
849	0,4615385
849	-12,5384615
849	-5,5384615
850	28,4615385
850	2,4615385
850	-11,5384615
850	27,4615385
851	2,4615385
851	-21,5384615
851	3,4615385
851	-20,5384615
852	-38,5384615
852	-10,5384615
852	-7,5384615
852	-35,5384615
853	-24,5384615
853	-32,5384615
853	-31,5384615
853	-9,5384615
854	0,4615385
854	-4,5384615
854	3,4615385
854	-1,5384615
855	1,4615385
855	-1,5384615
855	8,4615385
855	-0,5384615
856	-10,5384615
856	5,4615385
856	-18,5384615
856	-26,5384615
857	6,4615385
857	28,4615385
857	12,4615385
857	12,4615385
858	22,4615385
858	-0,5384615
858	19,4615385
858	-8,5384615
859	23,4615385
859	-5,5384615
859	16,4615385
859	2,4615385
860	1,4615385
860	0,4615385
860	17,4615385
860	2,4615385
861	18,4615385
861	-34,5384615
861	-17,5384615
861	11,4615385
862	19,4615385
862	7,4615385
862	-2,5384615
862	3,4615385
863	-15,5384615
863	11,4615385
863	-3,5384615
863	4,4615385
864	8,4615385
864	-11,5384615
864	-14,5384615
864	-1,5384615
864	5,4615385
865	15,4615385
865	-4,5384615
865	-0,5384615
865	5,4615385
866	9,4615385
866	-23,5384615
866	14,4615385
866	19,4615385
867	18,4615385
867	-6,5384615
867	0,4615385
867	-2,5384615
868	-3,5384615
868	-34,5384615
868	7,4615385
868	15,4615385
869	0,4615385
869	-6,5384615
869	-13,5384615
869	-14,5384615
870	23,4615385
870	6,4615385
870	1,4615385
870	0,4615385
871	-8,5384615
871	-1,5384615
871	0,4615385
871	-18,5384615
872	16,4615385
872	-11,5384615
872	-10,5384615
872	-3,5384615
873	-15,5384615
873	-25,5384615
873	-13,5384615
873	4,4615385
874	-3,5384615
874	-0,5384615
874	14,4615385
874	-15,5384615
875	9,4615385
875	-44,5384615
875	-27,5384615
875	14,4615385
876	-17,5384615
876	-8,5384615
876	-0,5384615
876	-0,5384615
877	-11,5384615
877	-6,5384615
877	9,4615385
877	-5,5384615
878	7,4615385
878	-9,5384615
878	20,4615385
878	26,4615385
879	27,4615385
879	-16,5384615
879	12,4615385
879	15,4615385
880	-10,5384615
880	2,4615385
880	-3,5384615
880	-7,5384615
880	-3,5384615
881	-11,5384615
881	4,4615385
881	-6,5384615
881	4,4615385
882	8,4615385
882	-1,5384615
882	8,4615385
882	7,4615385
883	-15,5384615
883	-43,5384615
883	-14,5384615
883	-16,5384615
884	20,4615385
884	-8,5384615
884	-12,5384615
884	-5,5384615
885	7,4615385
885	28,4615385
885	5,4615385
885	12,4615385
886	11,4615385
886	-2,5384615
886	-12,5384615
886	-2,5384615
887	26,4615385
887	11,4615385
887	-6,5384615
887	-14,5384615
888	-0,5384615
888	-9,5384615
888	0,4615385
888	-19,5384615
889	-23,5384615
889	12,4615385
889	-7,5384615
889	2,4615385
890	3,4615385
890	-34,5384615
890	8,4615385
890	2,4615385
891	-2,5384615
891	-2,5384615
891	25,4615385
891	-3,5384615
892	-24,5384615
892	-4,5384615
892	-23,5384615
892	35,4615385
893	18,4615385
893	-3,5384615
893	-4,5384615
893	-12,5384615
894	-1,5384615
894	-7,5384615
894	-2,5384615
894	-5,5384615
894	9,4615385
895	2,4615385
895	9,4615385
895	4,4615385
895	0,4615385
896	19,4615385
896	13,4615385
896	-7,5384615
896	11,4615385
897	38,4615385
897	18,4615385
897	42,4615385
897	20,4615385
898	-16,5384615
898	6,4615385
898	-23,5384615
898	-6,5384615
899	-1,5384615
899	-22,5384615
899	-3,5384615
899	-25,5384615
900	6,4615385
900	10,4615385
900	14,4615385
900	24,4615385
901	40,4615385
901	9,4615385
901	11,4615385
901	-2,5384615
902	-8,5384615
902	-10,5384615
902	4,4615385
902	-1,5384615
903	-9,5384615
903	8,4615385
903	-10,5384615
903	19,4615385
904	-14,5384615
904	-14,5384615
904	-17,5384615
904	-11,5384615
905	-15,5384615
905	5,4615385
905	23,4615385
905	22,4615385
906	10,4615385
906	18,4615385
906	13,4615385
906	16,4615385
906	-10,5384615
907	-1,5384615
907	16,4615385
907	-6,5384615
907	8,4615385
908	-6,5384615
908	29,4615385
908	32,4615385
908	-13,5384615
909	-5,5384615
909	-37,5384615
909	-10,5384615
909	-7,5384615
910	5,4615385
910	-30,5384615
910	4,4615385
910	-12,5384615
911	-21,5384615
911	1,4615385
911	11,4615385
911	7,4615385
912	-6,5384615
912	28,4615385
912	-12,5384615
912	2,4615385
913	1,4615385
913	-10,5384615
913	9,4615385
913	4,4615385
914	-1,5384615
914	-9,5384615
914	-7,5384615
914	-0,5384615
915	-19,5384615
915	-20,5384615
915	13,4615385
915	27,4615385
916	25,4615385
916	19,4615385
916	9,4615385
916	0,4615385
917	-22,5384615
917	4,4615385
917	10,4615385
917	-1,5384615
917	-17,5384615
918	-15,5384615
918	23,4615385
918	-0,5384615
918	13,4615385
919	-14,5384615
919	-2,5384615
919	34,4615385
919	-4,5384615
920	1,4615385
920	-5,5384615
920	13,4615385
920	-13,5384615
921	1,4615385
921	2,4615385
921	-19,5384615
921	-25,5384615
922	-27,5384615
922	-14,5384615
922	-0,5384615
922	-27,5384615
923	-6,5384615
923	21,4615385
923	-8,5384615
923	-1,5384615
924	-7,5384615
924	-9,5384615
924	-8,5384615
924	-20,5384615
925	0,4615385
925	-6,5384615
925	3,4615385
925	-0,5384615
926	10,4615385
926	10,4615385
926	13,4615385
926	-1,5384615
927	-8,5384615
927	8,4615385
927	-15,5384615
927	-4,5384615
928	-16,5384615
928	-4,5384615
928	-23,5384615
928	-9,5384615
928	22,4615385
929	9,4615385
929	-9,5384615
929	5,4615385
929	-1,5384615
930	-31,5384615
930	-18,5384615
930	-26,5384615
930	-3,5384615
931	-8,5384615
931	14,4615385
931	11,4615385
931	-1,5384615
932	-0,5384615
932	6,4615385
932	5,4615385
932	-15,5384615
933	10,4615385
933	-25,5384615
933	-7,5384615
933	-1,5384615
934	-18,5384615
934	13,4615385
934	-3,5384615
934	4,4615385
935	-7,5384615
935	-6,5384615
935	-11,5384615
935	18,4615385
936	-23,5384615
936	-1,5384615
936	-9,5384615
936	-9,5384615
937	14,4615385
937	-9,5384615
937	-9,5384615
937	0,4615385
938	10,4615385
938	-2,5384615
938	-13,5384615
938	5,4615385
938	0,4615385
939	6,4615385
939	8,4615385
939	8,4615385
939	15,4615385
940	9,4615385
940	1,4615385
940	-18,5384615
940	-23,5384615
941	-8,5384615
941	2,4615385
941	-16,5384615
941	-3,5384615
942	-9,5384615
942	0,4615385
942	3,4615385
942	2,4615385
943	12,4615385
943	2,4615385
943	-3,5384615
943	17,4615385
944	-4,5384615
944	-11,5384615
944	-9,5384615
944	3,4615385
945	-14,5384615
945	8,4615385
945	-6,5384615
945	5,4615385
946	6,4615385
946	5,4615385
946	-33,5384615
946	-8,5384615
947	21,4615385
947	2,4615385
947	-11,5384615
947	-11,5384615
947	-0,5384615
948	-0,5384615
948	-7,5384615
948	-15,5384615
948	0,4615385
949	22,4615385
949	2,4615385
949	9,4615385
949	-11,5384615
950	-0,5384615
950	-20,5384615
950	-18,5384615
950	-14,5384615
951	-6,5384615
951	7,4615385
951	0,4615385
951	4,4615385
952	12,4615385
952	12,4615385
952	9,4615385
952	32,4615385
953	-16,5384615
953	-2,5384615
953	4,4615385
953	-22,5384615
954	-33,5384615
954	10,4615385
954	-3,5384615
954	-11,5384615
955	1,4615385
955	11,4615385
955	-4,5384615
955	-27,5384615
956	16,4615385
956	-7,5384615
956	-7,5384615
956	7,4615385
956	-17,5384615
957	5,4615385
957	7,4615385
957	-5,5384615
957	-8,5384615
958	-11,5384615
958	-28,5384615
958	-5,5384615
958	27,4615385
959	-11,5384615
959	3,4615385
959	-18,5384615
959	-17,5384615
960	41,4615385
960	28,4615385
960	12,4615385
960	3,4615385
961	10,4615385
961	-1,5384615
961	-7,5384615
961	-2,5384615
962	3,4615385
962	-23,5384615
962	-15,5384615
962	2,4615385
963	-3,5384615
963	8,4615385
963	18,4615385
963	-25,5384615
964	-10,5384615
964	25,4615385
964	-12,5384615
964	-10,5384615
964	-11,5384615
965	-4,5384615
965	-36,5384615
965	-14,5384615
965	-14,5384615
966	25,4615385
966	3,4615385
966	-2,5384615
966	7,4615385
967	1,4615385
967	-22,5384615
967	5,4615385
967	-0,5384615
968	5,4615385
968	13,4615385
968	8,4615385
968	8,4615385
969	11,4615385
969	-26,5384615
969	-11,5384615
969	4,4615385
970	6,4615385
970	-1,5384615
970	12,4615385
970	6,4615385
971	-14,5384615
971	-0,5384615
971	1,4615385
971	-2,5384615
972	18,4615385
972	1,4615385
972	2,4615385
972	0,4615385
972	-6,5384615
973	-29,5384615
973	-33,5384615
973	4,4615385
973	-12,5384615
974	-6,5384615
974	-5,5384615
974	-1,5384615
974	-13,5384615
975	11,4615385
975	-21,5384615
975	-2,5384615
975	-0,5384615
976	-28,5384615
976	-17,5384615
976	-6,5384615
976	9,4615385
977	12,4615385
977	-0,5384615
977	-24,5384615
977	12,4615385
978	33,4615385
978	12,4615385
978	-4,5384615
978	0,4615385
979	0,4615385
979	-13,5384615
979	3,4615385
979	9,4615385
980	-18,5384615
980	5,4615385
980	8,4615385
980	-6,5384615
980	5,4615385
981	-23,5384615
981	-3,5384615
981	10,4615385
981	-10,5384615
982	-20,5384615
982	-31,5384615
982	35,4615385
982	11,4615385
983	1,4615385
983	6,4615385
983	-10,5384615
983	2,4615385
984	6,4615385
984	19,4615385
984	11,4615385
984	8,4615385
985	-0,5384615
985	13,4615385
985	15,4615385
985	-5,5384615
986	-24,5384615
986	-9,5384615
986	26,4615385
986	20,4615385
987	-16,5384615
987	2,4615385
987	-13,5384615
987	-3,5384615
988	0,4615385
988	-14,5384615
988	-8,5384615
988	22,4615385
988	2,4615385
989	-8,5384615
989	-13,5384615
989	8,4615385
989	3,4615385
990	-2,5384615
990	-15,5384615
990	-4,5384615
990	-1,5384615
991	0,4615385
991	10,4615385
991	8,4615385
991	13,4615385
992	14,4615385
992	-16,5384615
992	5,4615385
992	-12,5384615
993	-4,5384615
993	2,4615385
993	-16,5384615
993	17,4615385
994	2,4615385
994	6,4615385
994	11,4615385
994	-7,5384615
995	13,4615385
995	7,4615385
995	3,4615385
995	35,4615385
995	6,4615385
996	11,4615385
996	-1,5384615
996	15,4615385
996	12,4615385
997	26,4615385
997	-33,5384615
997	-10,5384615
997	21,4615385
998	-23,5384615
998	-10,5384615
998	7,4615385
998	10,4615385
999	17,4615385
999	-10,5384615
999	17,4615385
999	-1,5384615
1000	0,4615385
1000	18,4615385
1000	16,4615385
1000	0,4615385
1001	1,4615385
1001	-15,5384615
1001	7,4615385
1001	11,4615385
1002	-17,5384615
1002	-9,5384615
1002	14,4615385
1002	-0,5384615
1002	-8,5384615
1003	1,4615385
1003	-3,5384615
1003	22,4615385
1003	21,4615385
1004	13,4615385
1004	3,4615385
1004	-0,5384615
1004	11,4615385
1005	-0,5384615
1005	-14,5384615
1005	6,4615385
1005	12,4615385
1006	-8,5384615
1006	0,4615385
1006	0,4615385
1006	11,4615385
1007	-5,5384615
1007	-31,5384615
1007	-4,5384615
1007	-9,5384615
1008	-9,5384615
1008	15,4615385
1008	19,4615385
1008	-3,5384615
1008	-12,5384615
1009	-5,5384615
1009	-12,5384615
1009	6,4615385
1009	8,4615385
1010	7,4615385
1010	-16,5384615
1010	-25,5384615
1010	-2,5384615
1011	-25,5384615
1011	5,4615385
1011	-14,5384615
1011	4,4615385
1012	19,4615385
1012	-3,5384615
1012	19,4615385
1012	-29,5384615
1013	-17,5384615
1013	-13,5384615
1013	1,4615385
1013	0,4615385
1014	7,4615385
1014	-6,5384615
1014	13,4615385
1014	-1,5384615
1015	-17,5384615
1015	1,4615385
1015	-10,5384615
1015	-28,5384615
1015	20,4615385
1016	30,4615385
1016	8,4615385
1016	-6,5384615
1016	-9,5384615
1017	-16,5384615
1017	-25,5384615
1017	0,4615385
1017	8,4615385
1018	6,4615385
1018	-1,5384615
1018	-1,5384615
1018	3,4615385
1019	16,4615385
1019	11,4615385
1019	4,4615385
1019	6,4615385
1020	-15,5384615
1020	-26,5384615
1020	9,4615385
1020	11,4615385
1021	-10,5384615
1021	11,4615385
1021	4,4615385
1021	8,4615385
1021	7,4615385
1022	10,4615385
1022	22,4615385
1022	0,4615385
1022	-16,5384615
1023	-25,5384615
1023	-24,5384615
1023	0,4615385
1023	-7,5384615
1024	-5,5384615
1024	-30,5384615
1024	20,4615385
1024	19,4615385
1025	-0,5384615
1025	-16,5384615
1025	-26,5384615
1025	5,4615385
1026	9,4615385
1026	7,4615385
1026	10,4615385
1026	14,4615385
1027	26,4615385
1027	13,4615385
1027	11,4615385
1027	10,4615385
1027	-8,5384615
1028	2,4615385
1028	-10,5384615
1028	6,4615385
1028	8,4615385
1029	-32,5384615
1029	-28,5384615
1029	16,4615385
1029	14,4615385
1030	16,4615385
1030	15,4615385
1030	12,4615385
1030	-15,5384615
1031	17,4615385
1031	-3,5384615
1031	9,4615385
1031	-23,5384615
1032	-17,5384615
1032	5,4615385
1032	-5,5384615
1032	11,4615385
1033	14,4615385
1033	-5,5384615
1033	-16,5384615
1033	-15,5384615
1034	15,4615385
1034	-1,5384615
1034	-19,5384615
1034	-15,5384615
1034	0,4615385
1035	0,4615385
1035	-17,5384615
1035	4,4615385
1035	18,4615385
1036	52,4615385
1036	19,4615385
1036	13,4615385
1036	-12,5384615
1037	-14,5384615
1037	-0,5384615
1037	-14,5384615
1037	13,4615385
1038	-6,5384615
1038	10,4615385
1038	-4,5384615
1038	3,4615385
1039	12,4615385
1039	14,4615385
1039	-20,5384615
1039	3,4615385
1039	0,4615385
1040	-13,5384615
1040	13,4615385
1040	19,4615385
1040	29,4615385
1041	10,4615385
1041	-5,5384615
1041	-5,5384615
1041	7,4615385
1042	15,4615385
1042	26,4615385
1042	-2,5384615
1042	18,4615385
1043	16,4615385
1043	49,4615385
1043	-9,5384615
1043	-9,5384615
1044	-2,5384615
1044	-35,5384615
1044	6,4615385
1044	0,4615385
1045	0,4615385
1045	-16,5384615
1045	7,4615385
1045	-11,5384615
1045	-11,5384615
1046	7,4615385
1046	7,4615385
1046	-7,5384615
1046	7,4615385
1047	-4,5384615
1047	15,4615385
1047	-1,5384615
1047	16,4615385
1048	11,4615385
1048	-0,5384615
1048	34,4615385
1048	6,4615385
1049	-29,5384615
1049	4,4615385
1049	2,4615385
1049	8,4615385
1050	-15,5384615
1050	-17,5384615
1050	-5,5384615
1050	6,4615385
1051	-2,5384615
1051	3,4615385
1051	2,4615385
1051	-18,5384615
1051	-23,5384615
1052	-3,5384615
1052	4,4615385
1052	-7,5384615
1052	-27,5384615
1053	2,4615385
1053	-6,5384615
1053	9,4615385
1053	15,4615385
1054	7,4615385
1054	9,4615385
1054	12,4615385
1054	14,4615385
1055	23,4615385
1055	-2,5384615
1055	-0,5384615
1055	6,4615385
1056	14,4615385
1056	0,4615385
1056	-11,5384615
1056	-20,5384615
1056	-26,5384615
1057	28,4615385
1057	0,4615385
1057	6,4615385
1057	20,4615385
1058	-14,5384615
1058	-8,5384615
1058	-0,5384615
1058	15,4615385
1059	-3,5384615
1059	-15,5384615
1059	-21,5384615
1059	5,4615385
1060	4,4615385
1060	7,4615385
1060	-2,5384615
1060	3,4615385
1061	5,4615385
1061	2,4615385
1061	18,4615385
1061	13,4615385
1062	-1,5384615
1062	6,4615385
1062	-23,5384615
1062	-0,5384615
1062	10,4615385
1063	-2,5384615
1063	-6,5384615
1063	12,4615385
1063	10,4615385
1064	-20,5384615
1064	-8,5384615
1064	-14,5384615
1064	-12,5384615
1065	22,4615385
1065	0,4615385
1065	-26,5384615
1065	-14,5384615
1066	16,4615385
1066	-9,5384615
1066	-16,5384615
1066	11,4615385
1067	-9,5384615
1067	10,4615385
1067	29,4615385
1067	-7,5384615
1067	-5,5384615
1068	-10,5384615
1068	10,4615385
1068	-1,5384615
1068	21,4615385
1069	13,4615385
1069	-17,5384615
1069	-3,5384615
1069	-5,5384615
1070	-0,5384615
1070	-5,5384615
1070	-1,5384615
1070	0,4615385
1071	4,4615385
1071	18,4615385
1071	8,4615385
1071	10,4615385
1072	12,4615385
1072	23,4615385
1072	-3,5384615
1072	-14,5384615
1072	20,4615385
1073	27,4615385
1073	7,4615385
1073	-28,5384615
1073	-0,5384615
1074	2,4615385
1074	-20,5384615
1074	-12,5384615
1074	4,4615385
1075	21,4615385
1075	4,4615385
1075	-2,5384615
1075	20,4615385
1076	-1,5384615
1076	-7,5384615
1076	-10,5384615
1076	20,4615385
1077	15,4615385
1077	-13,5384615
1077	5,4615385
1077	-19,5384615
1077	19,4615385
1078	-8,5384615
1078	-11,5384615
1078	2,4615385
1078	-28,5384615
1079	13,4615385
1079	16,4615385
1079	-7,5384615
1079	0,4615385
1080	15,4615385
1080	-14,5384615
1080	7,4615385
1080	-1,5384615
1081	-6,5384615
1081	-14,5384615
1081	1,4615385
1081	15,4615385
1082	12,4615385
1082	-29,5384615
1082	-13,5384615
1082	-11,5384615
1082	-25,5384615
1083	-8,5384615
1083	-1,5384615
1083	-4,5384615
1083	-1,5384615
1084	8,4615385
1084	-7,5384615
1084	22,4615385
1084	1,4615385
1085	1,4615385
1085	1,4615385
1085	14,4615385
1085	2,4615385
1086	-15,5384615
1086	-1,5384615
1086	13,4615385
1086	4,4615385
1087	7,4615385
1087	3,4615385
1087	-7,5384615
1087	2,4615385
1087	17,4615385
1088	-24,5384615
1088	-7,5384615
1088	13,4615385
1088	4,4615385
1089	14,4615385
1089	-23,5384615
1089	-27,5384615
1089	-18,5384615
1090	18,4615385
1090	7,4615385
1090	-0,5384615
1090	-6,5384615
1091	3,4615385
1091	15,4615385
1091	21,4615385
1091	-22,5384615
1092	20,4615385
1092	-10,5384615
1092	-22,5384615
1092	-3,5384615
1092	7,4615385
1093	-1,5384615
1093	-3,5384615
1093	-15,5384615
1093	-14,5384615
1094	9,4615385
1094	-28,5384615
1094	-9,5384615
1094	13,4615385
1095	-11,5384615
1095	0,4615385
1095	9,4615385
1095	17,4615385
1096	7,4615385
1096	-22,5384615
1096	-24,5384615
1096	-18,5384615
1097	-15,5384615
1097	-5,5384615
1097	-0,5384615
1097	24,4615385
1097	-1,5384615
1098	4,4615385
1098	33,4615385
1098	-18,5384615
1098	-0,5384615
1099	4,4615385
1099	0,4615385
1099	14,4615385
1099	-5,5384615
1100	-12,5384615
1100	-21,5384615
1100	2,4615385
1100	-8,5384615
1101	5,4615385
1101	-2,5384615
1101	40,4615385
1101	-25,5384615
1101	12,4615385
1102	-14,5384615
1102	7,4615385
1102	-19,5384615
1102	-0,5384615
1103	8,4615385
1103	4,4615385
1103	7,4615385
1103	15,4615385
1104	-19,5384615
1104	-7,5384615
1104	2,4615385
1104	8,4615385
1105	9,4615385
1105	2,4615385
1105	12,4615385
1105	26,4615385
1106	27,4615385
1106	2,4615385
1106	-3,5384615
1106	-8,5384615
1106	-28,5384615
1107	4,4615385
1107	24,4615385
1107	13,4615385
1107	7,4615385
1108	-10,5384615
1108	-4,5384615
1108	8,4615385
1108	-10,5384615
1109	2,4615385
1109	-0,5384615
1109	-6,5384615
1109	-0,5384615
1110	16,4615385
1110	14,4615385
1110	-5,5384615
1110	-12,5384615
1110	-1,5384615
1111	-18,5384615
1111	35,4615385
1111	-4,5384615
1111	1,4615385
1112	10,4615385
1112	21,4615385
1112	23,4615385
1112	-6,5384615
1113	12,4615385
1113	-25,5384615
1113	-10,5384615
1113	16,4615385
1114	33,4615385
1114	-3,5384615
1114	12,4615385
1114	-1,5384615
1115	-10,5384615
1115	-18,5384615
1115	-23,5384615
1115	-24,5384615
1115	3,4615385
1116	8,4615385
1116	0,4615385
1116	-7,5384615
1116	1,4615385
1117	15,4615385
1117	11,4615385
1117	0,4615385
1117	-9,5384615
1118	-21,5384615
