196	-15,9230769
196	-15,9230769
196	-15,9230769
197	-15,9230769
197	13,0769231
197	16,0769231
197	-12,9230769
198	19,0769231
198	39,0769231
198	-0,9230769
199	1,0769231
199	-11,9230769
199	1,0769231
199	-11,9230769
200	44,0769231
200	5,0769231
200	-2,9230769
200	-23,9230769
201	-17,9230769
201	-6,9230769
201	-6,9230769
201	8,0769231
202	23,0769231
202	12,0769231
202	-30,9230769
203	2,0769231
203	4,0769231
203	32,0769231
203	-10,9230769
204	10,0769231
204	9,0769231
204	-16,9230769
204	12,0769231
205	-10,9230769
205	-27,9230769
205	-17,9230769
205	2,0769231
206	3,0769231
206	9,0769231
206	8,0769231
207	-27,9230769
207	-4,9230769
207	4,0769231
207	-18,9230769
208	-11,9230769
208	5,0769231
208	-32,9230769
208	-1,9230769
209	2,0769231
209	-12,9230769
209	-4,9230769
209	-13,9230769
210	4,0769231
210	-8,9230769
210	4,0769231
211	-5,9230769
211	9,0769231
211	-18,9230769
211	-8,9230769
212	-20,9230769
212	-25,9230769
212	7,0769231
212	-17,9230769
213	-13,9230769
213	-26,9230769
213	-9,9230769
213	1,0769231
214	-12,9230769
214	-17,9230769
214	12,0769231
215	1,0769231
215	-24,9230769
215	-24,9230769
215	-5,9230769
216	-3,9230769
216	-1,9230769
216	22,0769231
216	13,0769231
217	5,0769231
217	11,0769231
217	7,0769231
217	-7,9230769
218	-41,9230769
218	-0,9230769
218	-6,9230769
219	10,0769231
219	-17,9230769
219	14,0769231
219	-2,9230769
220	7,0769231
220	0,0769231
220	-14,9230769
220	-3,9230769
221	-11,9230769
221	-20,9230769
221	-5,9230769
221	-3,9230769
222	6,0769231
222	-1,9230769
222	15,0769231
223	30,0769231
223	-7,9230769
223	-15,9230769
223	-48,9230769
224	-15,9230769
224	-23,9230769
224	-29,9230769
224	-7,9230769
225	-2,9230769
225	-23,9230769
225	-19,9230769
225	-15,9230769
226	8,0769231
226	-17,9230769
226	17,0769231
227	-1,9230769
227	3,0769231
227	3,0769231
227	9,0769231
228	-1,9230769
228	-26,9230769
228	13,0769231
228	12,0769231
229	-8,9230769
229	-20,9230769
229	2,0769231
229	3,0769231
230	9,0769231
230	-16,9230769
230	-9,9230769
231	-8,9230769
231	6,0769231
231	-18,9230769
231	16,0769231
232	5,0769231
232	0,0769231
232	16,0769231
232	-22,9230769
233	-30,9230769
233	-23,9230769
233	-19,9230769
233	-30,9230769
234	-15,9230769
234	7,0769231
234	-12,9230769
235	11,0769231
235	14,0769231
235	14,0769231
235	-7,9230769
236	3,0769231
236	-12,9230769
236	-3,9230769
236	0,0769231
237	21,0769231
237	-5,9230769
237	-13,9230769
237	4,0769231
238	-7,9230769
238	-14,9230769
238	8,0769231
239	1,0769231
239	-23,9230769
239	-13,9230769
239	-2,9230769
240	-12,9230769
240	-1,9230769
240	-27,9230769
240	11,0769231
241	-17,9230769
241	0,0769231
241	-18,9230769
241	-30,9230769
242	-9,9230769
242	-17,9230769
242	10,0769231
243	6,0769231
243	3,0769231
243	-12,9230769
243	-3,9230769
244	-6,9230769
244	-17,9230769
244	-0,9230769
244	-1,9230769
245	14,0769231
245	16,0769231
245	-2,9230769
245	-13,9230769
246	-26,9230769
246	10,0769231
246	-18,9230769
247	-8,9230769
247	-10,9230769
247	-12,9230769
247	-2,9230769
248	-8,9230769
248	-4,9230769
248	-7,9230769
248	14,0769231
249	2,0769231
249	-6,9230769
249	-6,9230769
249	-0,9230769
250	5,0769231
250	13,0769231
250	22,0769231
251	0,0769231
251	2,0769231
251	8,0769231
251	-29,9230769
252	-16,9230769
252	15,0769231
252	19,0769231
252	0,0769231
253	-16,9230769
253	2,0769231
253	-36,9230769
253	-12,9230769
254	-2,9230769
254	-0,9230769
254	-4,9230769
254	9,0769231
255	-10,9230769
255	-13,9230769
255	-21,9230769
256	-23,9230769
256	-46,9230769
256	-2,9230769
256	11,0769231
257	7,0769231
257	-6,9230769
257	15,0769231
257	-0,9230769
258	16,0769231
258	-17,9230769
258	0,0769231
258	3,0769231
259	13,0769231
259	7,0769231
259	12,0769231
260	-9,9230769
260	-24,9230769
260	-6,9230769
260	-5,9230769
261	14,0769231
261	-12,9230769
261	14,0769231
261	-2,9230769
262	9,0769231
262	6,0769231
262	-3,9230769
262	-28,9230769
263	25,0769231
263	-10,9230769
263	7,0769231
264	-0,9230769
264	-10,9230769
264	-13,9230769
264	-2,9230769
265	-7,9230769
265	-5,9230769
265	-7,9230769
265	-19,9230769
266	-30,9230769
266	12,0769231
266	7,0769231
266	-18,9230769
267	4,0769231
267	7,0769231
267	7,0769231
268	-16,9230769
268	-2,9230769
268	-3,9230769
268	44,0769231
269	2,0769231
269	13,0769231
269	-37,9230769
269	1,0769231
270	-6,9230769
270	5,0769231
270	7,0769231
270	7,0769231
271	-15,9230769
271	5,0769231
271	8,0769231
271	-10,9230769
272	-29,9230769
272	-10,9230769
272	-33,9230769
273	-6,9230769
273	-0,9230769
273	-21,9230769
273	-7,9230769
274	-20,9230769
274	-1,9230769
274	-14,9230769
274	-24,9230769
275	14,0769231
275	-3,9230769
275	-8,9230769
275	-15,9230769
276	9,0769231
276	0,0769231
276	-13,9230769
277	14,0769231
277	30,0769231
277	20,0769231
277	-3,9230769
278	-9,9230769
278	21,0769231
278	4,0769231
278	-0,9230769
279	1,0769231
279	-5,9230769
279	3,0769231
279	2,0769231
280	4,0769231
280	12,0769231
280	-36,9230769
280	-15,9230769
281	-1,9230769
281	13,0769231
281	-13,9230769
282	-10,9230769
282	0,0769231
282	1,0769231
282	-24,9230769
283	-24,9230769
283	-23,9230769
283	4,0769231
283	18,0769231
284	3,0769231
284	0,0769231
284	-16,9230769
284	-6,9230769
285	-8,9230769
285	4,0769231
285	-10,9230769
286	25,0769231
286	-5,9230769
286	-12,9230769
286	0,0769231
287	-2,9230769
287	-8,9230769
287	-6,9230769
287	10,0769231
288	-6,9230769
288	4,0769231
288	-5,9230769
288	-3,9230769
289	24,0769231
289	-8,9230769
289	-3,9230769
290	-6,9230769
290	-8,9230769
290	-6,9230769
290	-24,9230769
291	6,0769231
291	22,0769231
291	-14,9230769
291	-21,9230769
292	-0,9230769
292	2,0769231
292	-6,9230769
292	-5,9230769
293	7,0769231
293	-13,9230769
293	28,0769231
293	27,0769231
294	1,0769231
294	-8,9230769
294	-2,9230769
295	1,0769231
295	0,0769231
295	6,0769231
295	2,0769231
296	-16,9230769
296	-21,9230769
296	12,0769231
296	1,0769231
297	-11,9230769
297	12,0769231
297	-15,9230769
297	19,0769231
298	40,0769231
298	-21,9230769
298	4,0769231
299	8,0769231
299	22,0769231
299	19,0769231
299	-4,9230769
300	-25,9230769
300	4,0769231
300	-28,9230769
300	6,0769231
301	11,0769231
301	-4,9230769
301	-23,9230769
301	-8,9230769
302	-33,9230769
302	-2,9230769
302	29,0769231
302	22,0769231
303	30,0769231
303	1,0769231
303	-7,9230769
304	-8,9230769
304	-10,9230769
304	22,0769231
304	0,0769231
305	-1,9230769
305	28,0769231
305	-6,9230769
305	-5,9230769
306	7,0769231
306	-3,9230769
306	-0,9230769
306	22,0769231
307	1,0769231
307	39,0769231
307	2,0769231
307	-5,9230769
308	-4,9230769
308	2,0769231
308	16,0769231
309	11,0769231
309	-5,9230769
309	14,0769231
309	24,0769231
310	-14,9230769
310	-18,9230769
310	-27,9230769
310	-6,9230769
311	28,0769231
311	33,0769231
311	15,0769231
311	-20,9230769
312	17,0769231
312	39,0769231
312	34,0769231
313	15,0769231
313	33,0769231
313	14,0769231
313	3,0769231
314	6,0769231
314	13,0769231
314	6,0769231
314	30,0769231
315	12,0769231
315	31,0769231
315	18,0769231
315	19,0769231
316	38,0769231
316	9,0769231
316	6,0769231
316	18,0769231
317	19,0769231
317	4,0769231
317	3,0769231
318	18,0769231
318	15,0769231
318	11,0769231
318	29,0769231
319	8,0769231
319	17,0769231
319	24,0769231
319	32,0769231
320	17,0769231
320	7,0769231
320	-5,9230769
320	18,0769231
321	13,0769231
321	5,0769231
321	-27,9230769
321	-19,9230769
322	2,0769231
322	-8,9230769
322	-13,9230769
323	-14,9230769
323	4,0769231
323	-9,9230769
323	-15,9230769
324	-22,9230769
324	-3,9230769
324	-30,9230769
324	-8,9230769
325	-34,9230769
325	2,0769231
325	-12,9230769
325	-5,9230769
326	-7,9230769
326	-33,9230769
326	-22,9230769
327	-6,9230769
327	10,0769231
327	33,0769231
327	-21,9230769
328	-9,9230769
328	-31,9230769
328	3,0769231
328	-10,9230769
329	-19,9230769
329	-23,9230769
329	-5,9230769
329	7,0769231
330	4,0769231
330	-3,9230769
330	11,0769231
330	16,0769231
331	-27,9230769
331	2,0769231
331	21,0769231
332	5,0769231
332	30,0769231
332	24,0769231
332	37,0769231
333	18,0769231
333	-6,9230769
333	44,0769231
333	16,0769231
334	6,0769231
334	21,0769231
334	28,0769231
334	27,0769231
335	30,0769231
335	31,0769231
335	21,0769231
335	44,0769231
336	27,0769231
336	61,0769231
336	22,0769231
337	24,0769231
337	58,0769231
337	54,0769231
337	6,0769231
338	33,0769231
338	18,0769231
338	11,0769231
338	25,0769231
339	45,0769231
339	17,0769231
339	39,0769231
339	58,0769231
340	22,0769231
340	34,0769231
340	21,0769231
340	18,0769231
341	6,0769231
341	8,0769231
341	-0,9230769
342	1,0769231
342	-7,9230769
342	24,0769231
342	-5,9230769
343	21,0769231
343	5,0769231
343	-16,9230769
343	8,0769231
344	8,0769231
344	10,0769231
344	28,0769231
344	-3,9230769
345	-24,9230769
345	8,0769231
345	-17,9230769
345	20,0769231
346	-7,9230769
346	11,0769231
346	5,0769231
347	6,0769231
347	3,0769231
347	13,0769231
347	8,0769231
348	-2,9230769
348	3,0769231
348	15,0769231
348	0,0769231
349	34,0769231
349	15,0769231
349	11,0769231
349	4,0769231
350	-9,9230769
350	12,0769231
350	30,0769231
350	15,0769231
351	26,0769231
351	-3,9230769
351	13,0769231
352	8,0769231
352	23,0769231
352	45,0769231
352	32,0769231
353	33,0769231
353	31,0769231
353	26,0769231
353	32,0769231
354	12,0769231
354	60,0769231
354	41,0769231
354	46,0769231
355	34,0769231
355	53,0769231
355	7,0769231
355	7,0769231
356	4,0769231
356	23,0769231
356	26,0769231
357	30,0769231
357	35,0769231
357	56,0769231
357	29,0769231
358	60,0769231
358	50,0769231
358	34,0769231
358	44,0769231
359	18,0769231
359	27,0769231
359	1,0769231
359	31,0769231
360	40,0769231
360	8,0769231
360	11,0769231
360	-4,9230769
361	-5,9230769
361	-2,9230769
361	26,0769231
362	30,0769231
362	23,0769231
362	26,0769231
362	23,0769231
363	19,0769231
363	24,0769231
363	-14,9230769
363	7,0769231
364	9,0769231
364	0,0769231
364	-1,9230769
364	5,0769231
365	19,0769231
365	7,0769231
365	-15,9230769
365	19,0769231
366	-0,9230769
366	14,0769231
366	0,0769231
367	4,0769231
367	20,0769231
367	14,0769231
367	-13,9230769
368	-25,9230769
368	-21,9230769
368	4,0769231
368	10,0769231
369	-8,9230769
369	-21,9230769
369	-16,9230769
369	-19,9230769
370	8,0769231
370	-16,9230769
370	-20,9230769
370	42,0769231
371	7,0769231
371	-0,9230769
371	-1,9230769
371	19,0769231
372	6,0769231
372	-19,9230769
372	-7,9230769
373	14,0769231
373	0,0769231
373	-11,9230769
373	-2,9230769
374	2,0769231
374	17,0769231
374	19,0769231
374	16,0769231
375	17,0769231
375	23,0769231
375	23,0769231
375	20,0769231
376	16,0769231
376	41,0769231
376	19,0769231
376	11,0769231
377	1,0769231
377	13,0769231
377	35,0769231
378	32,0769231
378	17,0769231
378	17,0769231
378	10,0769231
379	15,0769231
379	10,0769231
379	38,0769231
379	6,0769231
380	6,0769231
380	-1,9230769
380	10,0769231
380	12,0769231
381	39,0769231
381	20,0769231
381	17,0769231
381	12,0769231
382	17,0769231
382	19,0769231
382	21,0769231
383	9,0769231
383	-22,9230769
383	25,0769231
383	-0,9230769
384	-1,9230769
384	20,0769231
384	-2,9230769
384	15,0769231
385	9,0769231
385	14,0769231
385	31,0769231
385	19,0769231
386	14,0769231
386	-15,9230769
386	-3,9230769
386	19,0769231
387	7,0769231
387	3,0769231
387	-19,9230769
387	-12,9230769
388	17,0769231
388	8,0769231
388	11,0769231
389	-22,9230769
389	-40,9230769
389	-3,9230769
389	10,0769231
390	7,0769231
390	17,0769231
390	10,0769231
390	6,0769231
391	-4,9230769
391	0,0769231
391	-4,9230769
391	-5,9230769
392	-6,9230769
392	-1,9230769
392	-0,9230769
392	4,0769231
393	1,0769231
393	4,0769231
393	24,0769231
394	11,0769231
394	16,0769231
394	-2,9230769
394	12,0769231
395	-2,9230769
395	-13,9230769
395	8,0769231
395	7,0769231
396	-2,9230769
396	-0,9230769
396	-6,9230769
396	4,0769231
397	-7,9230769
397	18,0769231
397	8,0769231
397	10,0769231
398	14,0769231
398	9,0769231
398	-0,9230769
398	4,0769231
399	4,0769231
399	16,0769231
399	10,0769231
400	-11,9230769
400	-4,9230769
400	-21,9230769
400	10,0769231
401	7,0769231
401	18,0769231
401	28,0769231
401	33,0769231
402	8,0769231
402	17,0769231
402	6,0769231
402	-3,9230769
403	13,0769231
403	35,0769231
403	18,0769231
403	10,0769231
404	2,0769231
404	17,0769231
404	1,0769231
405	-16,9230769
405	6,0769231
405	35,0769231
405	14,0769231
406	8,0769231
406	2,0769231
406	2,0769231
406	2,0769231
407	2,0769231
407	-9,9230769
407	5,0769231
407	12,0769231
408	-9,9230769
408	-11,9230769
408	-9,9230769
408	-5,9230769
409	-4,9230769
409	6,0769231
409	12,0769231
409	-2,9230769
410	15,0769231
410	3,0769231
410	14,0769231
411	7,0769231
411	-6,9230769
411	-0,9230769
411	-14,9230769
412	12,0769231
412	-6,9230769
412	0,0769231
412	-20,9230769
413	-18,9230769
413	-11,9230769
413	9,0769231
413	4,0769231
414	1,0769231
414	-10,9230769
414	1,0769231
414	10,0769231
415	15,0769231
415	-6,9230769
415	8,0769231
415	5,0769231
416	-6,9230769
416	-17,9230769
416	-5,9230769
417	14,0769231
417	-5,9230769
417	-6,9230769
417	3,0769231
418	4,0769231
418	17,0769231
418	5,0769231
418	-10,9230769
419	4,0769231
419	-5,9230769
419	14,0769231
419	-5,9230769
420	-0,9230769
420	11,0769231
420	31,0769231
420	1,0769231
421	20,0769231
421	9,0769231
421	-10,9230769
421	-3,9230769
422	-11,9230769
422	27,0769231
422	-8,9230769
423	12,0769231
423	-0,9230769
423	19,0769231
423	10,0769231
424	12,0769231
424	-13,9230769
424	-8,9230769
424	2,0769231
425	12,0769231
425	-9,9230769
425	12,0769231
425	3,0769231
426	-14,9230769
426	-9,9230769
426	4,0769231
426	19,0769231
427	6,0769231
427	-27,9230769
427	-11,9230769
427	17,0769231
428	5,0769231
428	30,0769231
428	1,0769231
429	16,0769231
429	7,0769231
429	-15,9230769
429	21,0769231
430	26,0769231
430	-32,9230769
430	-8,9230769
430	12,0769231
431	29,0769231
431	-5,9230769
431	0,0769231
431	24,0769231
432	-0,9230769
432	-3,9230769
432	11,0769231
432	20,0769231
433	-9,9230769
433	-13,9230769
433	-0,9230769
433	-17,9230769
434	17,0769231
434	-2,9230769
434	15,0769231
435	7,0769231
435	7,0769231
435	-5,9230769
435	-30,9230769
436	-5,9230769
436	18,0769231
436	1,0769231
436	3,0769231
437	3,0769231
437	17,0769231
437	-4,9230769
437	-6,9230769
438	14,0769231
438	24,0769231
438	33,0769231
438	6,0769231
439	18,0769231
439	-32,9230769
439	1,0769231
439	-2,9230769
440	6,0769231
440	9,0769231
440	12,0769231
441	-13,9230769
441	-11,9230769
441	10,0769231
441	29,0769231
442	7,0769231
442	-1,9230769
442	-3,9230769
442	1,0769231
443	0,0769231
443	14,0769231
443	13,0769231
443	-14,9230769
444	-27,9230769
444	-0,9230769
444	3,0769231
444	-0,9230769
445	-12,9230769
445	10,0769231
445	18,0769231
445	1,0769231
446	-23,9230769
446	-15,9230769
446	15,0769231
447	5,0769231
447	0,0769231
447	3,0769231
447	-3,9230769
448	1,0769231
448	-29,9230769
448	-5,9230769
448	-20,9230769
449	-8,9230769
449	10,0769231
449	1,0769231
449	1,0769231
450	-4,9230769
450	7,0769231
450	-8,9230769
450	1,0769231
451	-11,9230769
451	-10,9230769
451	4,0769231
451	5,0769231
452	-17,9230769
452	-20,9230769
452	-5,9230769
452	-2,9230769
453	-13,9230769
453	-6,9230769
453	8,0769231
454	15,0769231
454	-1,9230769
454	-4,9230769
454	7,0769231
455	-9,9230769
455	-11,9230769
455	11,0769231
455	-6,9230769
456	9,0769231
456	14,0769231
456	-18,9230769
456	15,0769231
457	-20,9230769
457	-5,9230769
457	-11,9230769
457	-11,9230769
458	-9,9230769
458	-9,9230769
458	-11,9230769
458	-0,9230769
459	0,0769231
459	-26,9230769
459	1,0769231
460	39,0769231
460	-3,9230769
460	12,0769231
460	16,0769231
461	2,0769231
461	-13,9230769
461	0,0769231
461	20,0769231
462	3,0769231
462	-3,9230769
462	-10,9230769
462	-3,9230769
463	8,0769231
463	-8,9230769
463	-14,9230769
463	-7,9230769
464	-17,9230769
464	-7,9230769
464	-6,9230769
464	-30,9230769
465	-14,9230769
465	26,0769231
465	10,0769231
465	1,0769231
466	-6,9230769
466	-3,9230769
466	0,0769231
467	1,0769231
467	-11,9230769
467	0,0769231
467	-17,9230769
468	8,0769231
468	21,0769231
468	-19,9230769
468	7,0769231
469	5,0769231
469	3,0769231
469	-34,9230769
469	10,0769231
470	14,0769231
470	-4,9230769
470	-1,9230769
470	-4,9230769
471	6,0769231
471	-7,9230769
471	18,0769231
471	5,0769231
472	22,0769231
472	38,0769231
472	-5,9230769
472	17,0769231
473	-2,9230769
473	22,0769231
473	12,0769231
474	17,0769231
474	4,0769231
474	27,0769231
474	-5,9230769
475	-9,9230769
475	4,0769231
475	12,0769231
475	0,0769231
476	6,0769231
476	6,0769231
476	-22,9230769
476	11,0769231
477	18,0769231
477	4,0769231
477	-15,9230769
477	6,0769231
478	-14,9230769
478	-13,9230769
478	-7,9230769
478	-23,9230769
479	-7,9230769
479	-8,9230769
479	0,0769231
479	-7,9230769
480	-3,9230769
480	-11,9230769
480	-0,9230769
481	1,0769231
481	3,0769231
481	-4,9230769
481	1,0769231
482	20,0769231
482	-7,9230769
482	-10,9230769
482	3,0769231
483	-15,9230769
483	-1,9230769
483	-7,9230769
483	5,0769231
484	11,0769231
484	3,0769231
484	0,0769231
484	-11,9230769
485	-19,9230769
485	-25,9230769
485	-12,9230769
485	10,0769231
486	-4,9230769
486	10,0769231
486	14,0769231
486	-15,9230769
487	-18,9230769
487	-0,9230769
487	17,0769231
488	12,0769231
488	1,0769231
488	-19,9230769
488	1,0769231
489	0,0769231
489	21,0769231
489	4,0769231
489	0,0769231
490	-1,9230769
490	0,0769231
490	-17,9230769
490	14,0769231
491	-8,9230769
491	-5,9230769
491	-5,9230769
491	-8,9230769
492	-14,9230769
492	8,0769231
492	26,0769231
492	-2,9230769
493	-3,9230769
493	-14,9230769
493	-9,9230769
493	-21,9230769
494	-10,9230769
494	-18,9230769
494	-0,9230769
495	-11,9230769
495	-17,9230769
495	4,0769231
495	12,0769231
496	19,0769231
496	0,0769231
496	-2,9230769
496	-11,9230769
497	-12,9230769
497	3,0769231
497	18,0769231
497	3,0769231
498	7,0769231
498	-24,9230769
498	-18,9230769
498	-42,9230769
499	8,0769231
499	-3,9230769
499	-28,9230769
499	30,0769231
500	19,0769231
500	0,0769231
500	3,0769231
500	4,0769231
501	13,0769231
501	-3,9230769
501	6,0769231
502	-8,9230769
502	-4,9230769
502	-15,9230769
502	-4,9230769
503	-5,9230769
503	-21,9230769
503	0,0769231
503	-23,9230769
504	-4,9230769
504	-3,9230769
504	2,0769231
504	13,0769231
505	4,0769231
505	-12,9230769
505	-0,9230769
505	-4,9230769
506	-11,9230769
506	-21,9230769
506	-16,9230769
506	-2,9230769
507	-0,9230769
507	1,0769231
507	-10,9230769
507	-11,9230769
508	-2,9230769
508	14,0769231
508	-2,9230769
508	18,0769231
509	-3,9230769
509	14,0769231
509	22,0769231
510	-13,9230769
510	-4,9230769
510	-15,9230769
510	-8,9230769
511	18,0769231
511	6,0769231
511	-23,9230769
511	-17,9230769
512	17,0769231
512	-13,9230769
512	-0,9230769
512	-15,9230769
513	-10,9230769
513	-19,9230769
513	14,0769231
513	-29,9230769
514	-28,9230769
514	-3,9230769
514	-10,9230769
514	3,0769231
515	2,0769231
515	6,0769231
515	-25,9230769
515	-10,9230769
516	-5,9230769
516	18,0769231
516	-7,9230769
516	-23,9230769
517	-20,9230769
517	-7,9230769
517	-10,9230769
518	-10,9230769
518	10,0769231
518	6,0769231
518	-6,9230769
519	11,0769231
519	-3,9230769
519	6,0769231
519	17,0769231
520	-25,9230769
520	-1,9230769
520	14,0769231
520	11,0769231
521	12,0769231
521	3,0769231
521	12,0769231
521	19,0769231
522	36,0769231
522	0,0769231
522	-9,9230769
522	-14,9230769
523	25,0769231
523	6,0769231
523	-11,9230769
523	-13,9230769
524	-0,9230769
524	-20,9230769
524	0,0769231
524	-2,9230769
525	-0,9230769
525	-25,9230769
525	-9,9230769
526	5,0769231
526	28,0769231
526	24,0769231
526	-1,9230769
527	-22,9230769
527	4,0769231
527	1,0769231
527	4,0769231
528	0,0769231
528	5,0769231
528	-8,9230769
528	19,0769231
529	23,0769231
529	-16,9230769
529	-25,9230769
529	4,0769231
530	8,0769231
530	-8,9230769
530	-13,9230769
530	-5,9230769
531	-2,9230769
531	-0,9230769
531	9,0769231
531	4,0769231
532	2,0769231
532	-4,9230769
532	4,0769231
532	-21,9230769
533	-9,9230769
533	-23,9230769
533	-4,9230769
534	1,0769231
534	21,0769231
534	7,0769231
534	-7,9230769
535	-6,9230769
535	-13,9230769
535	26,0769231
535	-4,9230769
536	5,0769231
536	14,0769231
536	-26,9230769
536	-13,9230769
537	-8,9230769
537	-10,9230769
537	-0,9230769
537	-6,9230769
538	-8,9230769
538	-7,9230769
538	-3,9230769
538	-29,9230769
539	-4,9230769
539	15,0769231
539	-15,9230769
539	20,0769231
540	-1,9230769
540	-15,9230769
540	0,0769231
540	-3,9230769
541	5,0769231
541	-3,9230769
541	-30,9230769
541	-9,9230769
542	12,0769231
542	-18,9230769
542	-5,9230769
543	-2,9230769
543	-14,9230769
543	-15,9230769
543	25,0769231
544	-20,9230769
544	-7,9230769
544	16,0769231
544	4,0769231
545	-37,9230769
545	24,0769231
545	-9,9230769
545	-19,9230769
546	5,0769231
546	20,0769231
546	-2,9230769
546	-21,9230769
547	-12,9230769
547	7,0769231
547	-0,9230769
547	-26,9230769
548	-12,9230769
548	-14,9230769
548	11,0769231
548	8,0769231
549	-9,9230769
549	27,0769231
549	-8,9230769
549	-35,9230769
550	-0,9230769
550	-21,9230769
550	22,0769231
550	-5,9230769
551	-40,9230769
551	-4,9230769
551	5,0769231
552	-24,9230769
552	-4,9230769
552	-0,9230769
552	-7,9230769
553	9,0769231
553	20,0769231
553	10,0769231
553	4,0769231
554	-20,9230769
554	0,0769231
554	8,0769231
554	-22,9230769
555	1,0769231
555	5,0769231
555	-11,9230769
555	-18,9230769
556	1,0769231
556	-14,9230769
556	-14,9230769
556	-3,9230769
557	29,0769231
557	19,0769231
557	-17,9230769
557	-22,9230769
558	5,0769231
558	-30,9230769
558	7,0769231
558	8,0769231
559	-5,9230769
559	-2,9230769
559	21,0769231
559	-24,9230769
560	9,0769231
560	22,0769231
560	-3,9230769
561	9,0769231
561	3,0769231
561	-12,9230769
561	9,0769231
562	-5,9230769
562	5,0769231
562	31,0769231
562	-5,9230769
563	7,0769231
563	-5,9230769
563	-20,9230769
563	-6,9230769
564	-15,9230769
564	-8,9230769
564	-7,9230769
564	15,0769231
565	5,0769231
565	6,0769231
565	0,0769231
565	4,0769231
566	32,0769231
566	-17,9230769
566	-16,9230769
566	-0,9230769
567	15,0769231
567	-12,9230769
567	-21,9230769
567	-0,9230769
568	-27,9230769
568	-16,9230769
568	4,0769231
568	-19,9230769
569	-12,9230769
569	15,0769231
569	7,0769231
569	-8,9230769
570	-9,9230769
570	-4,9230769
570	-9,9230769
571	-8,9230769
571	0,0769231
571	-28,9230769
571	-9,9230769
572	2,0769231
572	15,0769231
572	-10,9230769
572	-10,9230769
573	-14,9230769
573	-10,9230769
573	-5,9230769
573	-22,9230769
574	6,0769231
574	17,0769231
574	-21,9230769
574	-18,9230769
575	-3,9230769
575	-22,9230769
575	27,0769231
575	-5,9230769
576	-7,9230769
576	-5,9230769
576	22,0769231
576	-10,9230769
577	-22,9230769
577	-8,9230769
577	1,0769231
577	5,0769231
578	4,0769231
578	-8,9230769
578	-8,9230769
578	18,0769231
579	-5,9230769
579	2,0769231
579	-13,9230769
579	-27,9230769
580	4,0769231
580	4,0769231
580	-18,9230769
581	16,0769231
581	-10,9230769
581	8,0769231
581	-35,9230769
582	-10,9230769
582	-3,9230769
582	17,0769231
582	-2,9230769
583	-6,9230769
583	-18,9230769
583	-4,9230769
583	-7,9230769
584	0,0769231
584	-5,9230769
584	9,0769231
584	18,0769231
585	-10,9230769
585	-1,9230769
585	3,0769231
585	8,0769231
586	-2,9230769
586	-0,9230769
586	-12,9230769
586	-0,9230769
587	-5,9230769
587	-34,9230769
587	-11,9230769
587	-13,9230769
588	-29,9230769
588	15,0769231
588	9,0769231
588	-0,9230769
589	9,0769231
589	-7,9230769
589	5,0769231
589	-18,9230769
590	-2,9230769
590	-13,9230769
590	-6,9230769
590	0,0769231
591	2,0769231
591	15,0769231
591	-14,9230769
592	-10,9230769
592	-13,9230769
592	-1,9230769
592	9,0769231
593	1,0769231
593	-26,9230769
593	-11,9230769
593	21,0769231
594	25,0769231
594	-20,9230769
594	15,0769231
594	-1,9230769
595	6,0769231
595	-27,9230769
595	-1,9230769
595	0,0769231
596	-0,9230769
596	-4,9230769
596	-11,9230769
596	2,0769231
597	11,0769231
597	-1,9230769
597	2,0769231
597	-226,9230769
598	-10,9230769
598	-6,9230769
598	-23,9230769
598	-6,9230769
599	7,0769231
599	-4,9230769
599	-31,9230769
599	-19,9230769
600	14,0769231
600	-6,9230769
600	-0,9230769
600	0,0769231
601	-31,9230769
601	9,0769231
601	26,0769231
601	-9,9230769
602	0,0769231
602	10,0769231
602	20,0769231
603	19,0769231
603	1,0769231
603	36,0769231
603	11,0769231
604	1,0769231
604	-0,9230769
604	2,0769231
604	-7,9230769
605	25,0769231
605	-0,9230769
605	-12,9230769
605	-13,9230769
606	-28,9230769
606	-6,9230769
606	1,0769231
606	2,0769231
607	-13,9230769
607	-3,9230769
607	19,0769231
607	2,0769231
608	-4,9230769
608	15,0769231
608	-6,9230769
608	-26,9230769
609	-18,9230769
609	-10,9230769
609	22,0769231
609	-16,9230769
610	-24,9230769
610	-7,9230769
610	-15,9230769
610	-3,9230769
611	-5,9230769
611	-3,9230769
611	13,0769231
611	4,0769231
612	-3,9230769
612	-3,9230769
612	13,0769231
612	-8,9230769
613	3,0769231
613	0,0769231
613	11,0769231
613	-9,9230769
614	26,0769231
614	-0,9230769
614	-3,9230769
614	-22,9230769
615	-19,9230769
615	-14,9230769
615	-9,9230769
616	-18,9230769
616	-5,9230769
616	21,0769231
616	-20,9230769
617	15,0769231
617	-3,9230769
617	-15,9230769
617	-9,9230769
618	1,0769231
618	-16,9230769
618	-23,9230769
618	2,0769231
619	-0,9230769
619	8,0769231
619	5,0769231
619	-27,9230769
620	-7,9230769
620	-13,9230769
620	-35,9230769
620	9,0769231
621	2,0769231
621	19,0769231
621	-20,9230769
621	-23,9230769
622	-13,9230769
622	-9,9230769
622	11,0769231
622	15,0769231
623	-27,9230769
623	-21,9230769
623	-7,9230769
623	-6,9230769
624	-6,9230769
624	9,0769231
624	16,0769231
624	-10,9230769
625	23,0769231
625	11,0769231
625	-18,9230769
625	-9,9230769
626	15,0769231
626	-4,9230769
626	-22,9230769
626	3,0769231
627	13,0769231
627	-8,9230769
627	4,0769231
627	-8,9230769
628	-20,9230769
628	-8,9230769
628	22,0769231
629	4,0769231
629	8,0769231
629	-18,9230769
629	-7,9230769
630	18,0769231
630	-4,9230769
630	-16,9230769
630	-4,9230769
631	-14,9230769
631	-6,9230769
631	-1,9230769
631	-16,9230769
632	2,0769231
632	6,0769231
632	11,0769231
632	-3,9230769
633	-3,9230769
633	0,0769231
633	-10,9230769
633	6,0769231
634	-18,9230769
634	-35,9230769
634	-12,9230769
634	-4,9230769
635	6,0769231
635	-11,9230769
635	-4,9230769
635	6,0769231
636	8,0769231
636	1,0769231
636	29,0769231
636	-10,9230769
637	-17,9230769
637	0,0769231
637	-0,9230769
637	-7,9230769
638	15,0769231
638	-7,9230769
638	4,0769231
638	20,0769231
639	-22,9230769
639	-16,9230769
639	8,0769231
639	13,0769231
640	-23,9230769
640	2,0769231
640	-23,9230769
640	0,0769231
641	-13,9230769
641	0,0769231
641	6,0769231
641	9,0769231
642	-5,9230769
642	-13,9230769
642	5,0769231
642	-15,9230769
643	-8,9230769
643	4,0769231
643	0,0769231
644	-7,9230769
644	-1,9230769
644	7,0769231
644	3,0769231
645	5,0769231
645	-3,9230769
645	4,0769231
645	13,0769231
646	-0,9230769
646	4,0769231
646	6,0769231
646	7,0769231
647	14,0769231
647	12,0769231
647	-24,9230769
647	9,0769231
648	33,0769231
648	19,0769231
648	-23,9230769
648	-3,9230769
649	-4,9230769
649	29,0769231
649	-6,9230769
649	-3,9230769
650	2,0769231
650	-2,9230769
650	17,0769231
650	-16,9230769
651	-25,9230769
651	7,0769231
651	-5,9230769
651	-7,9230769
652	9,0769231
652	5,0769231
652	-3,9230769
652	-22,9230769
653	24,0769231
653	17,0769231
653	0,0769231
653	-12,9230769
654	-17,9230769
654	-3,9230769
654	23,0769231
654	10,0769231
655	-4,9230769
655	21,0769231
655	10,0769231
655	9,0769231
656	0,0769231
656	5,0769231
656	-26,9230769
656	14,0769231
657	16,0769231
657	-16,9230769
657	-0,9230769
657	-1,9230769
658	-17,9230769
658	-9,9230769
658	12,0769231
658	-16,9230769
659	3,0769231
659	-3,9230769
659	9,0769231
660	-2,9230769
660	0,0769231
660	3,0769231
660	0,0769231
661	-0,9230769
661	19,0769231
661	-15,9230769
661	-13,9230769
662	16,0769231
662	36,0769231
662	5,0769231
662	5,0769231
663	-10,9230769
663	-0,9230769
663	17,0769231
663	5,0769231
664	5,0769231
664	6,0769231
664	19,0769231
664	-14,9230769
665	-4,9230769
665	2,0769231
665	17,0769231
665	-6,9230769
666	-0,9230769
666	-2,9230769
666	-4,9230769
666	-13,9230769
667	17,0769231
667	-6,9230769
667	3,0769231
667	-9,9230769
668	-5,9230769
668	-1,9230769
668	21,0769231
668	10,0769231
669	9,0769231
669	-30,9230769
669	-31,9230769
669	-27,9230769
670	-19,9230769
670	20,0769231
670	-18,9230769
670	-0,9230769
671	-2,9230769
671	25,0769231
671	5,0769231
671	9,0769231
672	16,0769231
672	-8,9230769
672	35,0769231
672	27,0769231
673	14,0769231
673	8,0769231
673	-0,9230769
673	-5,9230769
674	-1,9230769
674	4,0769231
674	2,0769231
674	15,0769231
675	-48,9230769
675	-15,9230769
675	-19,9230769
675	-3,9230769
676	-18,9230769
676	-10,9230769
676	-41,9230769
676	9,0769231
677	10,0769231
677	-1,9230769
677	-25,9230769
677	4,0769231
678	15,0769231
678	18,0769231
678	5,0769231
678	-0,9230769
679	-3,9230769
679	7,0769231
679	12,0769231
680	2,0769231
680	-4,9230769
680	-5,9230769
680	-3,9230769
681	19,0769231
681	-16,9230769
681	-1,9230769
681	-4,9230769
682	-5,9230769
682	15,0769231
682	18,0769231
682	15,0769231
683	-33,9230769
683	-9,9230769
683	20,0769231
683	-12,9230769
684	-22,9230769
684	-1,9230769
684	-9,9230769
684	-20,9230769
685	18,0769231
685	-30,9230769
685	-8,9230769
685	-10,9230769
686	16,0769231
686	-2,9230769
686	-6,9230769
686	-7,9230769
687	26,0769231
687	-7,9230769
687	11,0769231
687	-12,9230769
688	-7,9230769
688	4,0769231
688	-15,9230769
688	-18,9230769
689	15,0769231
689	15,0769231
689	-9,9230769
689	-6,9230769
690	9,0769231
690	-5,9230769
690	-19,9230769
690	-6,9230769
691	12,0769231
691	-8,9230769
691	4,0769231
691	7,0769231
692	-11,9230769
692	-8,9230769
692	14,0769231
692	7,0769231
693	-15,9230769
693	-20,9230769
693	-10,9230769
693	-34,9230769
694	-5,9230769
694	12,0769231
694	8,0769231
694	-15,9230769
695	-20,9230769
695	9,0769231
695	-4,9230769
695	-13,9230769
696	-28,9230769
696	-19,9230769
696	-14,9230769
696	-27,9230769
697	-19,9230769
697	1,0769231
697	-3,9230769
697	11,0769231
698	-2,9230769
698	-18,9230769
698	-18,9230769
698	-12,9230769
699	8,0769231
699	5,0769231
699	13,0769231
699	-13,9230769
700	-15,9230769
700	-12,9230769
700	-10,9230769
700	-7,9230769
701	18,0769231
701	-16,9230769
701	10,0769231
701	-15,9230769
702	-28,9230769
702	-23,9230769
702	-0,9230769
702	-24,9230769
703	-20,9230769
703	1,0769231
703	-9,9230769
703	-4,9230769
704	5,0769231
704	15,0769231
704	-16,9230769
704	23,0769231
705	-1,9230769
705	-2,9230769
705	22,0769231
706	22,0769231
706	2,0769231
706	3,0769231
706	-9,9230769
707	4,0769231
707	-8,9230769
707	5,0769231
707	10,0769231
708	-16,9230769
708	-6,9230769
708	-23,9230769
708	8,0769231
709	-6,9230769
709	9,0769231
709	-16,9230769
709	-27,9230769
710	-19,9230769
710	-2,9230769
710	1,0769231
710	-4,9230769
711	-18,9230769
711	3,0769231
711	3,0769231
711	-4,9230769
712	-1,9230769
712	-31,9230769
712	-14,9230769
712	-17,9230769
713	-11,9230769
713	7,0769231
713	1,0769231
713	-9,9230769
714	15,0769231
714	8,0769231
714	-7,9230769
714	-27,9230769
715	-15,9230769
715	0,0769231
715	-1,9230769
715	7,0769231
716	-16,9230769
716	-4,9230769
716	-19,9230769
716	3,0769231
717	-10,9230769
717	3,0769231
717	16,0769231
717	-0,9230769
718	-9,9230769
718	2,0769231
718	-21,9230769
718	-1,9230769
719	-10,9230769
719	-12,9230769
719	-9,9230769
719	-2,9230769
720	-23,9230769
720	-15,9230769
720	-0,9230769
720	5,0769231
721	14,0769231
721	-17,9230769
721	6,0769231
721	-8,9230769
722	15,0769231
722	2,0769231
722	-20,9230769
722	-22,9230769
723	29,0769231
723	-2,9230769
723	-14,9230769
723	21,0769231
724	-2,9230769
724	24,0769231
724	-6,9230769
724	-13,9230769
725	-3,9230769
725	15,0769231
725	21,0769231
725	4,0769231
726	-21,9230769
726	-1,9230769
726	5,0769231
726	-0,9230769
727	-5,9230769
727	-37,9230769
727	-0,9230769
727	-5,9230769
728	-8,9230769
728	-2,9230769
728	-0,9230769
728	3,0769231
729	-7,9230769
729	9,0769231
729	11,0769231
729	0,0769231
730	2,0769231
730	-21,9230769
730	-14,9230769
730	1,0769231
731	2,0769231
731	-16,9230769
731	4,0769231
731	-0,9230769
732	-11,9230769
732	-21,9230769
732	-1,9230769
732	9,0769231
733	10,0769231
733	-13,9230769
733	-1,9230769
733	-4,9230769
734	-19,9230769
734	-17,9230769
734	-2,9230769
734	-6,9230769
735	-16,9230769
735	12,0769231
735	21,0769231
735	21,0769231
736	-18,9230769
736	-20,9230769
736	-30,9230769
736	17,0769231
737	15,0769231
737	-8,9230769
737	-21,9230769
737	-5,9230769
738	4,0769231
738	23,0769231
738	-1,9230769
738	2,0769231
739	-4,9230769
739	17,0769231
739	-17,9230769
739	0,0769231
740	-0,9230769
740	-12,9230769
740	16,0769231
740	-16,9230769
741	-30,9230769
741	-22,9230769
741	-5,9230769
741	-26,9230769
742	3,0769231
742	1,0769231
742	-5,9230769
742	-1,9230769
743	-26,9230769
743	17,0769231
743	-6,9230769
743	10,0769231
744	1,0769231
744	-7,9230769
744	-8,9230769
744	-3,9230769
745	-11,9230769
745	-3,9230769
745	-2,9230769
745	-26,9230769
746	-2,9230769
746	-0,9230769
746	-19,9230769
746	-12,9230769
747	-1,9230769
747	7,0769231
747	4,0769231
747	0,0769231
748	-5,9230769
748	6,0769231
748	-17,9230769
748	22,0769231
749	-1,9230769
749	-2,9230769
749	4,0769231
749	-8,9230769
750	-3,9230769
750	-1,9230769
750	19,0769231
750	0,0769231
751	20,0769231
751	2,0769231
751	-3,9230769
751	-5,9230769
752	4,0769231
752	-6,9230769
752	4,0769231
752	-7,9230769
753	-14,9230769
753	-12,9230769
753	-23,9230769
753	6,0769231
754	-15,9230769
754	-12,9230769
754	-30,9230769
754	-14,9230769
755	-13,9230769
755	-14,9230769
755	-6,9230769
755	-20,9230769
756	-9,9230769
756	-6,9230769
756	2,0769231
756	4,0769231
757	-17,9230769
757	-3,9230769
757	-27,9230769
757	9,0769231
758	-8,9230769
758	8,0769231
758	-12,9230769
758	27,0769231
759	13,0769231
759	13,0769231
759	0,0769231
759	2,0769231
760	-4,9230769
760	-11,9230769
760	-7,9230769
760	-19,9230769
761	29,0769231
761	20,0769231
761	-27,9230769
761	-9,9230769
762	16,0769231
762	10,0769231
762	-0,9230769
762	-33,9230769
763	-14,9230769
763	7,0769231
763	-9,9230769
763	-0,9230769
764	18,0769231
764	-15,9230769
764	3,0769231
764	12,0769231
765	7,0769231
765	-24,9230769
765	4,0769231
765	15,0769231
766	-15,9230769
766	-20,9230769
766	-7,9230769
766	2,0769231
767	-4,9230769
767	12,0769231
767	21,0769231
767	-0,9230769
768	-13,9230769
768	-7,9230769
768	6,0769231
768	33,0769231
769	-12,9230769
769	14,0769231
769	-29,9230769
769	-0,9230769
770	4,0769231
770	15,0769231
770	-2,9230769
770	-13,9230769
771	-8,9230769
771	-0,9230769
771	4,0769231
771	1,0769231
772	7,0769231
772	3,0769231
772	5,0769231
772	15,0769231
773	-10,9230769
773	-3,9230769
773	1,0769231
773	-11,9230769
774	3,0769231
774	-2,9230769
774	-29,9230769
774	-16,9230769
775	-17,9230769
775	-15,9230769
775	-15,9230769
775	23,0769231
776	-18,9230769
776	-16,9230769
776	14,0769231
776	-35,9230769
777	7,0769231
777	-9,9230769
777	14,0769231
777	12,0769231
778	-2,9230769
778	2,0769231
778	3,0769231
778	-5,9230769
779	4,0769231
779	10,0769231
779	1,0769231
779	13,0769231
780	28,0769231
780	-0,9230769
780	-3,9230769
780	-16,9230769
781	3,0769231
781	-3,9230769
781	13,0769231
781	-5,9230769
782	15,0769231
782	2,0769231
782	-0,9230769
782	25,0769231
783	7,0769231
783	-16,9230769
783	5,0769231
783	-5,9230769
784	-0,9230769
784	19,0769231
784	13,0769231
784	-12,9230769
785	-10,9230769
785	-3,9230769
785	-22,9230769
785	-11,9230769
786	-9,9230769
786	-25,9230769
786	0,0769231
786	-10,9230769
787	-12,9230769
787	-16,9230769
787	-27,9230769
787	-16,9230769
788	-10,9230769
788	-18,9230769
788	-24,9230769
788	-10,9230769
789	21,0769231
789	0,0769231
789	-17,9230769
789	-17,9230769
790	-13,9230769
790	-1,9230769
790	7,0769231
790	0,0769231
791	-16,9230769
791	-15,9230769
791	-27,9230769
791	-25,9230769
792	-7,9230769
792	-19,9230769
792	23,0769231
792	-1,9230769
793	-12,9230769
793	27,0769231
793	-29,9230769
793	-1,9230769
794	-12,9230769
794	-29,9230769
794	-6,9230769
794	-26,9230769
795	1,0769231
795	2,0769231
795	-7,9230769
795	18,0769231
796	6,0769231
796	8,0769231
796	-25,9230769
796	-13,9230769
797	-11,9230769
797	-41,9230769
797	3,0769231
797	-16,9230769
798	16,0769231
798	0,0769231
798	28,0769231
798	41,0769231
799	0,0769231
799	-17,9230769
799	-9,9230769
799	-32,9230769
800	-1,9230769
800	24,0769231
800	-12,9230769
800	-20,9230769
801	-5,9230769
801	3,0769231
801	15,0769231
801	-27,9230769
802	-12,9230769
802	-8,9230769
802	3,0769231
802	-3,9230769
803	4,0769231
803	-21,9230769
803	-11,9230769
803	-17,9230769
804	-2,9230769
804	-16,9230769
804	1,0769231
804	17,0769231
805	-12,9230769
805	-43,9230769
805	-7,9230769
805	-16,9230769
806	-23,9230769
806	-40,9230769
806	18,0769231
806	9,0769231
807	-21,9230769
807	-0,9230769
807	-19,9230769
807	14,0769231
808	3,0769231
808	-6,9230769
808	16,0769231
808	10,0769231
809	-14,9230769
809	-3,9230769
809	-1,9230769
809	-24,9230769
810	-18,9230769
810	5,0769231
810	-13,9230769
810	-10,9230769
811	7,0769231
811	-6,9230769
811	4,0769231
811	2,0769231
812	-17,9230769
812	2,0769231
812	4,0769231
812	-14,9230769
813	-26,9230769
813	-1,9230769
813	18,0769231
813	-7,9230769
814	10,0769231
814	-7,9230769
814	-3,9230769
814	-1,9230769
815	11,0769231
815	-4,9230769
815	1,0769231
815	-12,9230769
816	41,0769231
816	22,0769231
816	-19,9230769
816	14,0769231
817	15,0769231
817	11,0769231
817	10,0769231
817	-32,9230769
818	-23,9230769
818	19,0769231
818	-8,9230769
818	1,0769231
819	10,0769231
819	2,0769231
819	3,0769231
819	5,0769231
820	1,0769231
820	-19,9230769
820	6,0769231
820	-8,9230769
820	-10,9230769
821	-30,9230769
821	-20,9230769
821	-25,9230769
821	-7,9230769
822	-8,9230769
822	-19,9230769
822	-43,9230769
822	-5,9230769
823	-6,9230769
823	-23,9230769
823	-34,9230769
823	2,0769231
824	-3,9230769
824	13,0769231
824	-12,9230769
824	-1,9230769
825	4,0769231
825	2,0769231
825	-1,9230769
825	2,0769231
826	4,0769231
826	5,0769231
826	1,0769231
826	-7,9230769
827	-13,9230769
827	-25,9230769
827	0,0769231
827	-12,9230769
828	-2,9230769
828	-33,9230769
828	-26,9230769
828	-13,9230769
829	16,0769231
829	-3,9230769
829	13,0769231
829	8,0769231
830	13,0769231
830	16,0769231
830	-27,9230769
830	-14,9230769
831	19,0769231
831	14,0769231
831	6,0769231
831	-12,9230769
832	2,0769231
832	-0,9230769
832	-9,9230769
832	11,0769231
833	12,0769231
833	-3,9230769
833	-27,9230769
833	7,0769231
834	16,0769231
834	8,0769231
834	-22,9230769
834	-16,9230769
835	-29,9230769
835	13,0769231
835	7,0769231
835	3,0769231
836	5,0769231
836	-23,9230769
836	-9,9230769
836	5,0769231
837	33,0769231
837	-19,9230769
837	-20,9230769
837	-15,9230769
838	-27,9230769
838	12,0769231
838	0,0769231
838	-6,9230769
839	13,0769231
839	-30,9230769
839	-11,9230769
839	2,0769231
840	-6,9230769
840	6,0769231
840	-4,9230769
840	-21,9230769
841	-19,9230769
841	17,0769231
841	2,0769231
841	4,0769231
842	-18,9230769
842	-1,9230769
842	-6,9230769
842	15,0769231
843	4,0769231
843	6,0769231
843	-5,9230769
843	-18,9230769
844	-5,9230769
844	20,0769231
844	4,0769231
844	-26,9230769
845	-6,9230769
845	1,0769231
845	-2,9230769
845	-13,9230769
845	-23,9230769
846	-17,9230769
846	15,0769231
846	-6,9230769
846	6,0769231
847	5,0769231
847	-13,9230769
847	8,0769231
847	0,0769231
848	-3,9230769
848	-9,9230769
848	1,0769231
848	-1,9230769
849	-11,9230769
849	8,0769231
849	-1,9230769
849	9,0769231
850	-2,9230769
850	-12,9230769
850	3,0769231
850	28,0769231
851	5,0769231
851	-25,9230769
851	15,0769231
851	-11,9230769
852	-45,9230769
852	-13,9230769
852	9,0769231
852	-19,9230769
853	-3,9230769
853	9,0769231
853	-18,9230769
853	3,0769231
854	-5,9230769
854	-7,9230769
854	-2,9230769
854	4,0769231
855	-8,9230769
855	-12,9230769
855	6,0769231
855	-3,9230769
856	1,0769231
856	-2,9230769
856	-6,9230769
856	-13,9230769
857	-21,9230769
857	6,0769231
857	8,0769231
857	-13,9230769
858	18,0769231
858	5,0769231
858	9,0769231
858	-2,9230769
859	23,0769231
859	-18,9230769
859	11,0769231
859	-14,9230769
860	-6,9230769
860	-8,9230769
860	25,0769231
860	-5,9230769
861	9,0769231
861	-27,9230769
861	-5,9230769
861	-3,9230769
862	-0,9230769
862	12,0769231
862	-2,9230769
862	15,0769231
863	-1,9230769
863	-20,9230769
863	-1,9230769
863	3,0769231
864	21,0769231
864	-12,9230769
864	-30,9230769
864	-31,9230769
864	-0,9230769
865	-8,9230769
865	1,0769231
865	1,0769231
865	-21,9230769
866	-23,9230769
866	3,0769231
866	12,0769231
866	1,0769231
867	16,0769231
867	-25,9230769
867	-19,9230769
867	-16,9230769
868	14,0769231
868	-15,9230769
868	3,0769231
868	10,0769231
869	5,0769231
869	2,0769231
869	-25,9230769
869	0,0769231
870	26,0769231
870	0,0769231
870	-18,9230769
870	24,0769231
871	2,0769231
871	-21,9230769
871	-13,9230769
871	-27,9230769
872	4,0769231
872	-10,9230769
872	-19,9230769
872	19,0769231
873	-6,9230769
873	-6,9230769
873	-7,9230769
873	18,0769231
874	-15,9230769
874	3,0769231
874	0,0769231
874	-4,9230769
875	17,0769231
875	-39,9230769
875	-34,9230769
875	11,0769231
876	-27,9230769
876	7,0769231
876	7,0769231
876	3,0769231
877	-0,9230769
877	-14,9230769
877	0,0769231
877	2,0769231
878	18,0769231
878	-25,9230769
878	-4,9230769
878	26,0769231
879	7,0769231
879	-33,9230769
879	2,0769231
879	3,0769231
880	-5,9230769
880	-14,9230769
880	13,0769231
880	13,0769231
880	7,0769231
881	21,0769231
881	14,0769231
881	-14,9230769
881	0,0769231
882	-6,9230769
882	-27,9230769
882	15,0769231
882	-3,9230769
883	-7,9230769
883	-32,9230769
883	-5,9230769
883	-11,9230769
884	6,0769231
884	-21,9230769
884	-4,9230769
884	-8,9230769
885	-37,9230769
885	-11,9230769
885	-24,9230769
885	12,0769231
886	18,0769231
886	5,0769231
886	-24,9230769
886	-7,9230769
887	-2,9230769
887	0,0769231
887	-34,9230769
887	-25,9230769
888	6,0769231
888	-24,9230769
888	-19,9230769
888	-29,9230769
889	-29,9230769
889	14,0769231
889	-11,9230769
889	14,0769231
890	17,0769231
890	-27,9230769
890	5,0769231
890	-2,9230769
891	-4,9230769
891	0,0769231
891	7,0769231
891	8,0769231
892	-5,9230769
892	-16,9230769
892	-24,9230769
892	12,0769231
893	9,0769231
893	-15,9230769
893	-17,9230769
893	-19,9230769
894	11,0769231
894	-2,9230769
894	2,0769231
894	-11,9230769
894	3,0769231
895	4,0769231
895	-10,9230769
895	-2,9230769
895	-6,9230769
896	13,0769231
896	13,0769231
896	5,0769231
896	29,0769231
897	13,0769231
897	13,0769231
897	21,0769231
897	23,0769231
898	6,0769231
898	-16,9230769
898	-38,9230769
898	-7,9230769
899	-18,9230769
899	-20,9230769
899	-2,9230769
899	-13,9230769
900	-5,9230769
900	8,0769231
900	-1,9230769
900	10,0769231
901	15,0769231
901	-3,9230769
901	10,0769231
901	-12,9230769
902	-4,9230769
902	1,0769231
902	-0,9230769
902	-10,9230769
903	-14,9230769
903	0,0769231
903	-17,9230769
903	33,0769231
904	-22,9230769
904	4,0769231
904	-1,9230769
904	5,0769231
905	2,0769231
905	-10,9230769
905	1,0769231
905	-8,9230769
906	2,0769231
906	-19,9230769
906	-4,9230769
906	23,0769231
906	-9,9230769
907	-9,9230769
907	14,0769231
907	-12,9230769
907	8,0769231
908	-22,9230769
908	1,0769231
908	29,0769231
908	-23,9230769
909	-19,9230769
909	-28,9230769
909	1,0769231
909	5,0769231
910	3,0769231
910	-19,9230769
910	-4,9230769
910	-11,9230769
911	-10,9230769
911	-10,9230769
911	19,0769231
911	-3,9230769
912	-8,9230769
912	0,0769231
912	-7,9230769
912	4,0769231
913	-5,9230769
913	-11,9230769
913	-13,9230769
913	-25,9230769
914	26,0769231
914	-4,9230769
914	-16,9230769
914	-21,9230769
915	-16,9230769
915	-23,9230769
915	-14,9230769
915	11,0769231
916	8,0769231
916	17,0769231
916	29,0769231
916	17,0769231
917	-18,9230769
917	12,0769231
917	-0,9230769
917	8,0769231
917	-26,9230769
918	-22,9230769
918	11,0769231
918	-22,9230769
918	-5,9230769
919	-12,9230769
919	-11,9230769
919	21,0769231
919	-24,9230769
920	-1,9230769
920	3,0769231
920	20,0769231
920	5,0769231
921	-1,9230769
921	3,0769231
921	-12,9230769
921	-20,9230769
922	-16,9230769
922	-12,9230769
922	6,0769231
922	-3,9230769
923	-7,9230769
923	-0,9230769
923	-49,9230769
923	-6,9230769
924	-13,9230769
924	-24,9230769
924	-16,9230769
924	-20,9230769
925	3,0769231
925	2,0769231
925	-0,9230769
925	1,0769231
926	-13,9230769
926	-12,9230769
926	-4,9230769
926	3,0769231
927	-8,9230769
927	-1,9230769
927	-19,9230769
927	-28,9230769
928	-24,9230769
928	-0,9230769
928	-15,9230769
928	3,0769231
928	39,0769231
929	21,0769231
929	4,0769231
929	13,0769231
929	-23,9230769
930	-21,9230769
930	-21,9230769
930	-24,9230769
930	-8,9230769
931	-9,9230769
931	-6,9230769
931	15,0769231
931	10,0769231
932	3,0769231
932	-1,9230769
932	1,0769231
932	-12,9230769
933	-2,9230769
933	-12,9230769
933	23,0769231
933	8,0769231
934	-8,9230769
934	-0,9230769
934	-16,9230769
934	2,0769231
935	6,0769231
935	4,0769231
935	-6,9230769
935	-3,9230769
936	-9,9230769
936	6,0769231
936	-17,9230769
936	-22,9230769
937	6,0769231
937	9,0769231
937	-8,9230769
937	2,0769231
938	-24,9230769
938	-13,9230769
938	-9,9230769
938	15,0769231
938	17,0769231
939	3,0769231
939	5,0769231
939	-4,9230769
939	5,0769231
940	-4,9230769
940	10,0769231
940	-41,9230769
940	-30,9230769
941	-9,9230769
941	-24,9230769
941	-18,9230769
941	4,0769231
942	8,0769231
942	13,0769231
942	-17,9230769
942	-3,9230769
943	6,0769231
943	-2,9230769
943	-19,9230769
943	-6,9230769
944	-13,9230769
944	-6,9230769
944	2,0769231
944	15,0769231
945	-23,9230769
945	-9,9230769
945	-10,9230769
945	-12,9230769
946	-5,9230769
946	-7,9230769
946	-7,9230769
946	8,0769231
947	4,0769231
947	-0,9230769
947	-3,9230769
947	-14,9230769
947	-1,9230769
948	-11,9230769
948	-5,9230769
948	-30,9230769
948	-6,9230769
949	-10,9230769
949	-27,9230769
949	6,0769231
949	-5,9230769
950	-10,9230769
950	-27,9230769
950	1,0769231
950	-10,9230769
951	0,0769231
951	-1,9230769
951	-5,9230769
951	-23,9230769
952	-15,9230769
952	-4,9230769
952	29,0769231
952	49,0769231
953	-8,9230769
953	11,0769231
953	27,0769231
953	-7,9230769
954	-35,9230769
954	-1,9230769
954	3,0769231
954	-14,9230769
955	-1,9230769
955	-4,9230769
955	-10,9230769
955	-17,9230769
956	2,0769231
956	-5,9230769
956	-8,9230769
956	-11,9230769
956	-55,9230769
957	-6,9230769
957	14,0769231
957	3,0769231
957	1,0769231
958	9,0769231
958	-16,9230769
958	-5,9230769
958	5,0769231
959	12,0769231
959	0,0769231
959	-3,9230769
959	-7,9230769
960	20,0769231
960	-1,9230769
960	-0,9230769
960	1,0769231
961	3,0769231
961	13,0769231
961	-31,9230769
961	4,0769231
962	-9,9230769
962	8,0769231
962	0,0769231
962	14,0769231
963	-15,9230769
963	12,0769231
963	31,0769231
963	-21,9230769
964	-24,9230769
964	8,0769231
964	15,0769231
964	-6,9230769
964	-18,9230769
965	5,0769231
965	-22,9230769
965	12,0769231
965	-14,9230769
966	11,0769231
966	-15,9230769
966	-9,9230769
966	5,0769231
967	-11,9230769
967	-12,9230769
967	-2,9230769
967	-19,9230769
968	-13,9230769
968	5,0769231
968	-4,9230769
968	-8,9230769
969	3,0769231
969	-18,9230769
969	-10,9230769
969	-10,9230769
970	-10,9230769
970	-32,9230769
970	-1,9230769
970	-1,9230769
971	23,0769231
971	-13,9230769
971	-9,9230769
971	14,0769231
972	19,0769231
972	-14,9230769
972	9,0769231
972	0,0769231
972	-18,9230769
973	-36,9230769
973	-4,9230769
973	8,0769231
973	-18,9230769
974	-9,9230769
974	8,0769231
974	28,0769231
974	5,0769231
975	39,0769231
975	-1,9230769
975	-15,9230769
975	-12,9230769
976	2,0769231
976	-34,9230769
976	2,0769231
976	-17,9230769
977	-15,9230769
977	-13,9230769
977	3,0769231
977	-13,9230769
978	17,0769231
978	14,0769231
978	-25,9230769
978	-1,9230769
979	7,0769231
979	6,0769231
979	-2,9230769
979	6,0769231
980	-24,9230769
980	-12,9230769
980	-7,9230769
980	-10,9230769
980	-7,9230769
981	2,0769231
981	-2,9230769
981	10,0769231
981	-6,9230769
982	-23,9230769
982	-11,9230769
982	18,0769231
982	9,0769231
983	12,0769231
983	-7,9230769
983	-6,9230769
983	17,0769231
984	15,0769231
984	29,0769231
984	-16,9230769
984	-17,9230769
985	-10,9230769
985	17,0769231
985	8,0769231
985	0,0769231
986	24,0769231
986	-10,9230769
986	-11,9230769
986	-5,9230769
987	1,0769231
987	17,0769231
987	-9,9230769
987	-27,9230769
988	4,0769231
988	2,0769231
988	-28,9230769
988	11,0769231
988	12,0769231
989	-0,9230769
989	2,0769231
989	-14,9230769
989	-1,9230769
990	10,0769231
990	-7,9230769
990	-11,9230769
990	-24,9230769
991	3,0769231
991	7,0769231
991	-7,9230769
991	5,0769231
992	5,0769231
992	-11,9230769
992	-5,9230769
992	-5,9230769
993	-20,9230769
993	17,0769231
993	-16,9230769
993	-6,9230769
994	-0,9230769
994	-3,9230769
994	4,0769231
994	-17,9230769
995	-8,9230769
995	-2,9230769
995	-13,9230769
995	32,0769231
995	12,0769231
996	14,0769231
996	29,0769231
996	5,0769231
996	-18,9230769
997	37,0769231
997	-26,9230769
997	-16,9230769
997	40,0769231
998	-11,9230769
998	14,0769231
998	4,0769231
998	5,0769231
999	9,0769231
999	-12,9230769
999	-7,9230769
999	-0,9230769
1000	2,0769231
1000	6,0769231
1000	-8,9230769
1000	-11,9230769
1001	1,0769231
1001	-8,9230769
1001	20,0769231
1001	-0,9230769
1002	1,0769231
1002	20,0769231
1002	6,0769231
1002	5,0769231
1002	-14,9230769
1003	-2,9230769
1003	2,0769231
1003	7,0769231
1003	1,0769231
1004	1,0769231
1004	2,0769231
1004	14,0769231
1004	13,0769231
1005	-6,9230769
1005	-3,9230769
1005	22,0769231
1005	-15,9230769
1006	-43,9230769
1006	-20,9230769
1006	22,0769231
1006	14,0769231
1007	2,0769231
1007	1,0769231
1007	-6,9230769
1007	-27,9230769
1008	-18,9230769
1008	11,0769231
1008	11,0769231
1008	0,0769231
1008	-13,9230769
1009	3,0769231
1009	0,0769231
1009	21,0769231
1009	8,0769231
1010	7,0769231
1010	-9,9230769
1010	-10,9230769
1010	-1,9230769
1011	9,0769231
1011	-3,9230769
1011	1,0769231
1011	-0,9230769
1012	-1,9230769
1012	-23,9230769
1012	5,0769231
1012	-11,9230769
1013	-28,9230769
1013	2,0769231
1013	3,0769231
1013	-7,9230769
1014	7,0769231
1014	-7,9230769
1014	18,0769231
1014	13,0769231
1015	-11,9230769
1015	1,0769231
1015	6,0769231
1015	-8,9230769
1015	20,0769231
1016	-1,9230769
1016	19,0769231
1016	-15,9230769
1016	-7,9230769
1017	20,0769231
1017	4,0769231
1017	-20,9230769
1017	-7,9230769
1018	6,0769231
1018	13,0769231
1018	-13,9230769
1018	1,0769231
1019	-8,9230769
1019	-4,9230769
1019	-14,9230769
1019	9,0769231
1020	4,0769231
1020	-14,9230769
1020	1,0769231
1020	3,0769231
1021	-2,9230769
1021	8,0769231
1021	12,0769231
1021	5,0769231
1021	-7,9230769
1022	-7,9230769
1022	10,0769231
1022	-12,9230769
1022	-11,9230769
1023	-16,9230769
1023	-9,9230769
1023	-11,9230769
1023	9,0769231
1024	-15,9230769
1024	-25,9230769
1024	21,0769231
1024	13,0769231
1025	10,0769231
1025	-15,9230769
1025	-15,9230769
1025	-7,9230769
1026	6,0769231
1026	16,0769231
1026	12,0769231
1026	4,0769231
1027	6,0769231
1027	-26,9230769
1027	3,0769231
1027	8,0769231
1027	-6,9230769
1028	-15,9230769
1028	-14,9230769
1028	-12,9230769
1028	0,0769231
1029	-18,9230769
1029	6,0769231
1029	5,0769231
1029	5,0769231
1030	10,0769231
1030	9,0769231
1030	-2,9230769
1030	12,0769231
1031	19,0769231
1031	-3,9230769
1031	14,0769231
1031	-32,9230769
1032	10,0769231
1032	-5,9230769
1032	-9,9230769
1032	4,0769231
1033	0,0769231
1033	14,0769231
1033	11,0769231
1033	5,0769231
1034	11,0769231
1034	-6,9230769
1034	-27,9230769
1034	-18,9230769
1034	-13,9230769
1035	5,0769231
1035	-8,9230769
1035	6,0769231
1035	3,0769231
1036	25,0769231
1036	-6,9230769
1036	1,0769231
1036	6,0769231
1037	-7,9230769
1037	-9,9230769
1037	1,0769231
1037	16,0769231
1038	-10,9230769
1038	-9,9230769
1038	-16,9230769
1038	28,0769231
1039	-7,9230769
1039	-13,9230769
1039	0,0769231
1039	-2,9230769
1039	13,0769231
1040	-4,9230769
1040	0,0769231
1040	3,0769231
1040	10,0769231
1041	2,0769231
1041	-10,9230769
1041	-12,9230769
1041	12,0769231
1042	13,0769231
1042	20,0769231
1042	29,0769231
1042	12,0769231
1043	-4,9230769
1043	13,0769231
1043	7,0769231
1043	-3,9230769
1044	-6,9230769
1044	-21,9230769
1044	-10,9230769
1044	-17,9230769
1045	-5,9230769
1045	-15,9230769
1045	10,0769231
1045	-12,9230769
1045	-3,9230769
1046	-9,9230769
1046	-0,9230769
1046	-15,9230769
1046	-17,9230769
1047	-3,9230769
1047	33,0769231
1047	-0,9230769
1047	16,0769231
1048	13,0769231
1048	0,0769231
1048	30,0769231
1048	-6,9230769
1049	-30,9230769
1049	-36,9230769
1049	9,0769231
1049	19,0769231
1050	-19,9230769
1050	4,0769231
1050	-4,9230769
1050	22,0769231
1051	3,0769231
1051	-9,9230769
1051	-11,9230769
1051	-5,9230769
1051	-5,9230769
1052	-11,9230769
1052	-9,9230769
1052	-2,9230769
1052	-10,9230769
1053	-17,9230769
1053	-10,9230769
1053	-12,9230769
1053	17,0769231
1054	-1,9230769
1054	4,0769231
1054	12,0769231
1054	8,0769231
1055	-14,9230769
1055	-4,9230769
1055	-4,9230769
1055	0,0769231
1056	0,0769231
1056	11,0769231
1056	12,0769231
1056	9,0769231
1056	-19,9230769
1057	12,0769231
1057	0,0769231
1057	-2,9230769
1057	22,0769231
1058	-16,9230769
1058	5,0769231
1058	-0,9230769
1058	-0,9230769
1059	-11,9230769
1059	-15,9230769
1059	-8,9230769
1059	-5,9230769
1060	16,0769231
1060	22,0769231
1060	5,0769231
1060	-16,9230769
1061	13,0769231
1061	9,0769231
1061	17,0769231
1061	22,0769231
1062	-5,9230769
1062	-2,9230769
1062	-3,9230769
1062	18,0769231
1062	9,0769231
1063	-4,9230769
1063	-3,9230769
1063	5,0769231
1063	1,0769231
1064	-11,9230769
1064	-3,9230769
1064	3,0769231
1064	-21,9230769
1065	1,0769231
1065	-12,9230769
1065	-18,9230769
1065	-18,9230769
1066	-22,9230769
1066	-4,9230769
1066	-16,9230769
1066	9,0769231
1067	-4,9230769
1067	8,0769231
1067	3,0769231
1067	5,0769231
1067	-9,9230769
1068	1,0769231
1068	9,0769231
1068	5,0769231
1068	11,0769231
1069	13,0769231
1069	-1,9230769
1069	-25,9230769
1069	-5,9230769
1070	5,0769231
1070	-10,9230769
1070	-8,9230769
1070	-17,9230769
1071	-28,9230769
1071	-5,9230769
1071	4,0769231
1071	10,0769231
1072	9,0769231
1072	13,0769231
1072	-5,9230769
1072	3,0769231
1072	23,0769231
1073	2,0769231
1073	13,0769231
1073	-13,9230769
1073	-6,9230769
1074	-13,9230769
1074	14,0769231
1074	-3,9230769
1074	-21,9230769
1075	25,0769231
1075	10,0769231
1075	21,0769231
1075	1,0769231
1076	-17,9230769
1076	3,0769231
1076	-9,9230769
1076	-9,9230769
1077	-7,9230769
1077	2,0769231
1077	1,0769231
1077	-22,9230769
1077	22,0769231
1078	4,0769231
1078	0,0769231
1078	-3,9230769
1078	-19,9230769
1079	25,0769231
1079	6,0769231
1079	0,0769231
1079	2,0769231
1080	14,0769231
1080	-18,9230769
1080	-10,9230769
1080	6,0769231
1081	-3,9230769
1081	2,0769231
1081	1,0769231
1081	17,0769231
1082	7,0769231
1082	3,0769231
1082	-12,9230769
1082	-13,9230769
1082	-1,9230769
1083	-18,9230769
1083	3,0769231
1083	9,0769231
1083	1,0769231
1084	5,0769231
1084	-4,9230769
1084	17,0769231
1084	8,0769231
1085	4,0769231
1085	2,0769231
1085	13,0769231
1085	10,0769231
1086	-21,9230769
1086	-14,9230769
1086	-6,9230769
1086	30,0769231
1087	-3,9230769
1087	-1,9230769
1087	18,0769231
1087	-3,9230769
1087	1,0769231
1088	2,0769231
1088	-12,9230769
1088	-13,9230769
1088	4,0769231
1089	-15,9230769
1089	-13,9230769
1089	-21,9230769
1089	-3,9230769
1090	-18,9230769
1090	-24,9230769
1090	-4,9230769
1090	-16,9230769
1091	-5,9230769
1091	0,0769231
1091	-2,9230769
1091	4,0769231
1092	12,0769231
1092	3,0769231
1092	-31,9230769
1092	3,0769231
1092	-21,9230769
1093	-28,9230769
1093	-6,9230769
1093	-28,9230769
1093	-2,9230769
1094	0,0769231
1094	-27,9230769
1094	-15,9230769
1094	0,0769231
1095	0,0769231
1095	39,0769231
1095	25,0769231
1095	8,0769231
1096	27,0769231
1096	-31,9230769
1096	-27,9230769
1096	11,0769231
1097	-2,9230769
1097	-28,9230769
1097	-21,9230769
1097	24,0769231
1097	-8,9230769
1098	-6,9230769
1098	3,0769231
1098	-25,9230769
1098	-33,9230769
1099	8,0769231
1099	-15,9230769
1099	5,0769231
1099	1,0769231
1100	-4,9230769
1100	-13,9230769
1100	-7,9230769
1100	12,0769231
1101	-5,9230769
1101	14,0769231
1101	29,0769231
1101	-12,9230769
1101	4,0769231
1102	-17,9230769
1102	17,0769231
1102	-17,9230769
1102	2,0769231
1103	13,0769231
1103	-11,9230769
1103	-4,9230769
1103	14,0769231
1104	12,0769231
1104	-15,9230769
1104	-24,9230769
1104	5,0769231
1105	3,0769231
1105	-1,9230769
1105	21,0769231
1105	10,0769231
1106	4,0769231
1106	-24,9230769
1106	-9,9230769
1106	-21,9230769
1106	-24,9230769
1107	17,0769231
1107	28,0769231
1107	13,0769231
1107	-0,9230769
1108	-4,9230769
1108	0,0769231
1108	-5,9230769
1108	-14,9230769
1109	-4,9230769
1109	7,0769231
1109	-18,9230769
1109	-25,9230769
1110	-2,9230769
1110	8,0769231
1110	-3,9230769
1110	-23,9230769
1110	-15,9230769
1111	-8,9230769
1111	8,0769231
1111	-8,9230769
1111	-5,9230769
1112	-31,9230769
1112	-12,9230769
1112	21,0769231
1112	4,0769231
1113	-25,9230769
1113	-18,9230769
1113	-17,9230769
1113	13,0769231
1114	4,0769231
1114	-8,9230769
1114	-4,9230769
1114	-10,9230769
1115	-2,9230769
1115	-11,9230769
1115	-22,9230769
1115	-10,9230769
1115	8,0769231
1116	0,0769231
1116	-15,9230769
1116	-16,9230769
1116	-7,9230769
1117	3,0769231
1117	3,0769231
1117	15,0769231
1117	17,0769231
1118	12,0769231
