196	-34,1538462
196	-34,1538462
196	-34,1538462
197	-16,1538462
197	-0,1538462
197	40,8461538
197	18,8461538
198	-0,1538462
198	14,8461538
198	-7,1538462
199	16,8461538
199	21,8461538
199	12,8461538
199	7,8461538
200	41,8461538
200	20,8461538
200	15,8461538
200	-5,1538462
201	-3,1538462
201	-3,1538462
201	4,8461538
201	25,8461538
202	30,8461538
202	32,8461538
202	-9,1538462
203	12,8461538
203	20,8461538
203	1,8461538
203	10,8461538
204	32,8461538
204	38,8461538
204	-3,1538462
204	9,8461538
205	-8,1538462
205	22,8461538
205	-2,1538462
205	4,8461538
206	4,8461538
206	19,8461538
206	16,8461538
207	-3,1538462
207	-2,1538462
207	-7,1538462
207	10,8461538
208	-1,1538462
208	14,8461538
208	-8,1538462
208	9,8461538
209	16,8461538
209	4,8461538
209	13,8461538
209	4,8461538
210	19,8461538
210	16,8461538
210	-4,1538462
211	7,8461538
211	20,8461538
211	-4,1538462
211	-0,1538462
212	2,8461538
212	3,8461538
212	3,8461538
212	-4,1538462
213	10,8461538
213	-10,1538462
213	6,8461538
213	29,8461538
214	15,8461538
214	-0,1538462
214	-11,1538462
215	19,8461538
215	-5,1538462
215	-6,1538462
215	2,8461538
216	12,8461538
216	-6,1538462
216	19,8461538
216	7,8461538
217	2,8461538
217	-11,1538462
217	5,8461538
217	4,8461538
218	-2,1538462
218	-7,1538462
218	-1,1538462
219	15,8461538
219	-4,1538462
219	10,8461538
219	4,8461538
220	5,8461538
220	7,8461538
220	2,8461538
220	-3,1538462
221	5,8461538
221	-2,1538462
221	11,8461538
221	6,8461538
222	15,8461538
222	0,8461538
222	14,8461538
223	21,8461538
223	6,8461538
223	22,8461538
223	-15,1538462
224	15,8461538
224	-12,1538462
224	17,8461538
224	-16,1538462
225	10,8461538
225	12,8461538
225	8,8461538
225	6,8461538
226	-2,1538462
226	-18,1538462
226	25,8461538
227	34,8461538
227	9,8461538
227	-1,1538462
227	35,8461538
228	16,8461538
228	9,8461538
228	14,8461538
228	23,8461538
229	32,8461538
229	16,8461538
229	4,8461538
229	1,8461538
230	8,8461538
230	-0,1538462
230	-0,1538462
231	-16,1538462
231	-4,1538462
231	-15,1538462
231	47,8461538
232	24,8461538
232	12,8461538
232	11,8461538
232	5,8461538
233	-12,1538462
233	4,8461538
233	-11,1538462
233	9,8461538
234	-28,1538462
234	1,8461538
234	-10,1538462
235	33,8461538
235	34,8461538
235	4,8461538
235	1,8461538
236	4,8461538
236	6,8461538
236	26,8461538
236	-17,1538462
237	12,8461538
237	13,8461538
237	28,8461538
237	9,8461538
238	19,8461538
238	-7,1538462
238	5,8461538
239	10,8461538
239	4,8461538
239	-12,1538462
239	17,8461538
240	2,8461538
240	26,8461538
240	7,8461538
240	17,8461538
241	7,8461538
241	7,8461538
241	5,8461538
241	1,8461538
242	-1,1538462
242	-13,1538462
242	4,8461538
243	6,8461538
243	16,8461538
243	-8,1538462
243	5,8461538
244	6,8461538
244	8,8461538
244	-1,1538462
244	-3,1538462
245	1,8461538
245	31,8461538
245	-13,1538462
245	-7,1538462
246	7,8461538
246	15,8461538
246	2,8461538
247	-0,1538462
247	20,8461538
247	22,8461538
247	27,8461538
248	5,8461538
248	4,8461538
248	0,8461538
248	5,8461538
249	12,8461538
249	15,8461538
249	3,8461538
249	3,8461538
250	22,8461538
250	27,8461538
250	11,8461538
251	5,8461538
251	11,8461538
251	11,8461538
251	-17,1538462
252	-8,1538462
252	19,8461538
252	25,8461538
252	4,8461538
253	3,8461538
253	8,8461538
253	-3,1538462
253	30,8461538
254	20,8461538
254	16,8461538
254	12,8461538
254	12,8461538
255	-14,1538462
255	-15,1538462
255	4,8461538
256	-14,1538462
256	-24,1538462
256	-1,1538462
256	31,8461538
257	15,8461538
257	2,8461538
257	20,8461538
257	12,8461538
258	25,8461538
258	-7,1538462
258	15,8461538
258	11,8461538
259	-3,1538462
259	14,8461538
259	-11,1538462
260	-3,1538462
260	-28,1538462
260	-13,1538462
260	6,8461538
261	2,8461538
261	30,8461538
261	4,8461538
261	-5,1538462
262	7,8461538
262	22,8461538
262	5,8461538
262	-18,1538462
263	21,8461538
263	-3,1538462
263	8,8461538
264	7,8461538
264	25,8461538
264	22,8461538
264	18,8461538
265	-9,1538462
265	1,8461538
265	-5,1538462
265	-17,1538462
266	13,8461538
266	8,8461538
266	-5,1538462
266	-27,1538462
267	21,8461538
267	25,8461538
267	25,8461538
268	2,8461538
268	33,8461538
268	1,8461538
268	15,8461538
269	10,8461538
269	4,8461538
269	-14,1538462
269	0,8461538
270	19,8461538
270	26,8461538
270	5,8461538
270	6,8461538
271	-6,1538462
271	0,8461538
271	33,8461538
271	-15,1538462
272	12,8461538
272	0,8461538
272	-14,1538462
273	9,8461538
273	-1,1538462
273	-7,1538462
273	3,8461538
274	13,8461538
274	-0,1538462
274	-16,1538462
274	14,8461538
275	29,8461538
275	-17,1538462
275	1,8461538
275	24,8461538
276	20,8461538
276	19,8461538
276	-5,1538462
277	12,8461538
277	35,8461538
277	31,8461538
277	1,8461538
278	12,8461538
278	40,8461538
278	-9,1538462
278	-19,1538462
279	10,8461538
279	5,8461538
279	-1,1538462
279	14,8461538
280	5,8461538
280	7,8461538
280	-4,1538462
280	-2,1538462
281	14,8461538
281	24,8461538
281	-26,1538462
282	-25,1538462
282	19,8461538
282	14,8461538
282	-27,1538462
283	-15,1538462
283	-9,1538462
283	-7,1538462
283	21,8461538
284	23,8461538
284	8,8461538
284	-4,1538462
284	-0,1538462
285	-10,1538462
285	-8,1538462
285	6,8461538
286	28,8461538
286	18,8461538
286	9,8461538
286	-5,1538462
287	8,8461538
287	14,8461538
287	5,8461538
287	15,8461538
288	-8,1538462
288	2,8461538
288	3,8461538
288	11,8461538
289	13,8461538
289	-24,1538462
289	10,8461538
290	17,8461538
290	-13,1538462
290	16,8461538
290	-20,1538462
291	30,8461538
291	-0,1538462
291	-21,1538462
291	-0,1538462
292	15,8461538
292	8,8461538
292	-1,1538462
292	9,8461538
293	5,8461538
293	-18,1538462
293	33,8461538
293	23,8461538
294	6,8461538
294	12,8461538
294	11,8461538
295	11,8461538
295	-5,1538462
295	16,8461538
295	-7,1538462
296	-13,1538462
296	-4,1538462
296	-2,1538462
296	-4,1538462
297	-38,1538462
297	-1,1538462
297	9,8461538
297	18,8461538
298	18,8461538
298	-2,1538462
298	3,8461538
299	-14,1538462
299	52,8461538
299	24,8461538
299	-1,1538462
300	-15,1538462
300	-20,1538462
300	-24,1538462
300	9,8461538
301	-10,1538462
301	-5,1538462
301	-23,1538462
301	-9,1538462
302	-22,1538462
302	-7,1538462
302	21,8461538
302	39,8461538
303	44,8461538
303	-3,1538462
303	-5,1538462
304	8,8461538
304	-5,1538462
304	5,8461538
304	-3,1538462
305	6,8461538
305	4,8461538
305	2,8461538
305	-37,1538462
306	6,8461538
306	-15,1538462
306	7,8461538
306	21,8461538
307	18,8461538
307	22,8461538
307	-4,1538462
307	6,8461538
308	-9,1538462
308	-11,1538462
308	18,8461538
309	24,8461538
309	15,8461538
309	19,8461538
309	5,8461538
310	28,8461538
310	-10,1538462
310	7,8461538
310	-1,1538462
311	7,8461538
311	20,8461538
311	25,8461538
311	9,8461538
312	-2,1538462
312	14,8461538
312	19,8461538
313	-13,1538462
313	6,8461538
313	-1,1538462
313	1,8461538
314	-4,1538462
314	3,8461538
314	-6,1538462
314	-0,1538462
315	13,8461538
315	5,8461538
315	10,8461538
315	-4,1538462
316	13,8461538
316	20,8461538
316	-3,1538462
316	-6,1538462
317	25,8461538
317	-3,1538462
317	-7,1538462
318	-18,1538462
318	-3,1538462
318	22,8461538
318	11,8461538
319	19,8461538
319	9,8461538
319	-4,1538462
319	21,8461538
320	8,8461538
320	-0,1538462
320	22,8461538
320	-14,1538462
321	5,8461538
321	-6,1538462
321	-12,1538462
321	13,8461538
322	19,8461538
322	16,8461538
322	5,8461538
323	1,8461538
323	16,8461538
323	-15,1538462
323	19,8461538
324	7,8461538
324	-15,1538462
324	-22,1538462
324	25,8461538
325	7,8461538
325	-15,1538462
325	-7,1538462
325	2,8461538
326	-6,1538462
326	-20,1538462
326	24,8461538
327	6,8461538
327	17,8461538
327	8,8461538
327	-21,1538462
328	4,8461538
328	-14,1538462
328	8,8461538
328	1,8461538
329	-5,1538462
329	-1,1538462
329	-1,1538462
329	18,8461538
330	19,8461538
330	-10,1538462
330	-10,1538462
330	4,8461538
331	-19,1538462
331	-22,1538462
331	-6,1538462
332	8,8461538
332	9,8461538
332	12,8461538
332	-8,1538462
333	10,8461538
333	5,8461538
333	5,8461538
333	-5,1538462
334	-5,1538462
334	18,8461538
334	19,8461538
334	22,8461538
335	15,8461538
335	-22,1538462
335	-16,1538462
335	8,8461538
336	-7,1538462
336	29,8461538
336	20,8461538
337	-5,1538462
337	20,8461538
337	0,8461538
337	-14,1538462
338	4,8461538
338	4,8461538
338	6,8461538
338	15,8461538
339	3,8461538
339	-5,1538462
339	20,8461538
339	17,8461538
340	-0,1538462
340	29,8461538
340	-9,1538462
340	-3,1538462
341	5,8461538
341	20,8461538
341	1,8461538
342	-5,1538462
342	10,8461538
342	7,8461538
342	-13,1538462
343	4,8461538
343	23,8461538
343	18,8461538
343	16,8461538
344	23,8461538
344	4,8461538
344	13,8461538
344	0,8461538
345	-13,1538462
345	14,8461538
345	5,8461538
345	20,8461538
346	-20,1538462
346	-2,1538462
346	0,8461538
347	18,8461538
347	9,8461538
347	1,8461538
347	-2,1538462
348	-0,1538462
348	17,8461538
348	14,8461538
348	-0,1538462
349	10,8461538
349	4,8461538
349	1,8461538
349	-10,1538462
350	-21,1538462
350	16,8461538
350	18,8461538
350	19,8461538
351	-10,1538462
351	-3,1538462
351	-2,1538462
352	-23,1538462
352	-0,1538462
352	1,8461538
352	13,8461538
353	17,8461538
353	7,8461538
353	-16,1538462
353	9,8461538
354	6,8461538
354	16,8461538
354	50,8461538
354	2,8461538
355	-11,1538462
355	17,8461538
355	-12,1538462
355	-8,1538462
356	0,8461538
356	8,8461538
356	35,8461538
357	-9,1538462
357	-13,1538462
357	29,8461538
357	9,8461538
358	14,8461538
358	18,8461538
358	4,8461538
358	-1,1538462
359	-12,1538462
359	6,8461538
359	-4,1538462
359	14,8461538
360	10,8461538
360	6,8461538
360	14,8461538
360	3,8461538
361	4,8461538
361	-14,1538462
361	24,8461538
362	37,8461538
362	32,8461538
362	9,8461538
362	0,8461538
363	-3,1538462
363	7,8461538
363	2,8461538
363	7,8461538
364	12,8461538
364	-0,1538462
364	5,8461538
364	14,8461538
365	-1,1538462
365	12,8461538
365	-24,1538462
365	25,8461538
366	-4,1538462
366	7,8461538
366	-4,1538462
367	2,8461538
367	12,8461538
367	9,8461538
367	1,8461538
368	-42,1538462
368	-5,1538462
368	22,8461538
368	-0,1538462
369	-3,1538462
369	-14,1538462
369	-18,1538462
369	-11,1538462
370	19,8461538
370	-14,1538462
370	-6,1538462
370	-3,1538462
371	17,8461538
371	2,8461538
371	11,8461538
371	6,8461538
372	14,8461538
372	-11,1538462
372	-18,1538462
373	7,8461538
373	11,8461538
373	1,8461538
373	-8,1538462
374	-11,1538462
374	7,8461538
374	-2,1538462
374	-0,1538462
375	-21,1538462
375	31,8461538
375	27,8461538
375	12,8461538
376	20,8461538
376	9,8461538
376	-7,1538462
376	11,8461538
377	-8,1538462
377	0,8461538
377	23,8461538
378	18,8461538
378	17,8461538
378	9,8461538
378	14,8461538
379	14,8461538
379	-12,1538462
379	6,8461538
379	3,8461538
380	-3,1538462
380	-34,1538462
380	22,8461538
380	-5,1538462
381	13,8461538
381	-16,1538462
381	14,8461538
381	5,8461538
382	35,8461538
382	14,8461538
382	26,8461538
383	4,8461538
383	-21,1538462
383	13,8461538
383	-11,1538462
384	-0,1538462
384	0,8461538
384	7,8461538
384	21,8461538
385	19,8461538
385	11,8461538
385	12,8461538
385	20,8461538
386	2,8461538
386	31,8461538
386	8,8461538
386	12,8461538
387	18,8461538
387	-16,1538462
387	-13,1538462
387	-0,1538462
388	-21,1538462
388	-7,1538462
388	17,8461538
389	2,8461538
389	-34,1538462
389	-2,1538462
389	9,8461538
390	-21,1538462
390	6,8461538
390	8,8461538
390	2,8461538
391	5,8461538
391	15,8461538
391	35,8461538
391	-0,1538462
392	6,8461538
392	-7,1538462
392	-14,1538462
392	0,8461538
393	14,8461538
393	3,8461538
393	30,8461538
394	25,8461538
394	-1,1538462
394	2,8461538
394	24,8461538
395	1,8461538
395	9,8461538
395	-16,1538462
395	3,8461538
396	-12,1538462
396	-2,1538462
396	-31,1538462
396	4,8461538
397	-25,1538462
397	39,8461538
397	6,8461538
397	-11,1538462
398	25,8461538
398	7,8461538
398	4,8461538
398	-3,1538462
399	2,8461538
399	3,8461538
399	5,8461538
400	12,8461538
400	20,8461538
400	-1,1538462
400	9,8461538
401	5,8461538
401	32,8461538
401	3,8461538
401	18,8461538
402	13,8461538
402	0,8461538
402	12,8461538
402	-1,1538462
403	16,8461538
403	26,8461538
403	3,8461538
403	-1,1538462
404	-12,1538462
404	19,8461538
404	21,8461538
405	17,8461538
405	8,8461538
405	21,8461538
405	18,8461538
406	28,8461538
406	5,8461538
406	-5,1538462
406	-4,1538462
407	10,8461538
407	-3,1538462
407	4,8461538
407	16,8461538
408	11,8461538
408	1,8461538
408	-28,1538462
408	-2,1538462
409	13,8461538
409	-2,1538462
409	14,8461538
409	-0,1538462
410	6,8461538
410	18,8461538
410	16,8461538
411	3,8461538
411	11,8461538
411	14,8461538
411	3,8461538
412	8,8461538
412	7,8461538
412	4,8461538
412	19,8461538
413	-12,1538462
413	-10,1538462
413	13,8461538
413	9,8461538
414	-7,1538462
414	8,8461538
414	-5,1538462
414	0,8461538
415	13,8461538
415	33,8461538
415	11,8461538
415	3,8461538
416	2,8461538
416	3,8461538
416	5,8461538
417	16,8461538
417	14,8461538
417	11,8461538
417	4,8461538
418	-5,1538462
418	9,8461538
418	11,8461538
418	5,8461538
419	32,8461538
419	-5,1538462
419	22,8461538
419	-8,1538462
420	6,8461538
420	18,8461538
420	30,8461538
420	16,8461538
421	24,8461538
421	24,8461538
421	8,8461538
421	14,8461538
422	-8,1538462
422	9,8461538
422	-3,1538462
423	17,8461538
423	-1,1538462
423	22,8461538
423	7,8461538
424	15,8461538
424	-13,1538462
424	5,8461538
424	17,8461538
425	25,8461538
425	-18,1538462
425	5,8461538
425	21,8461538
426	-15,1538462
426	0,8461538
426	20,8461538
426	26,8461538
427	15,8461538
427	-8,1538462
427	1,8461538
427	2,8461538
428	8,8461538
428	39,8461538
428	3,8461538
429	3,8461538
429	11,8461538
429	4,8461538
429	19,8461538
430	22,8461538
430	5,8461538
430	10,8461538
430	10,8461538
431	12,8461538
431	-19,1538462
431	-1,1538462
431	10,8461538
432	18,8461538
432	-3,1538462
432	-0,1538462
432	29,8461538
433	14,8461538
433	-9,1538462
433	27,8461538
433	12,8461538
434	-4,1538462
434	7,8461538
434	10,8461538
435	9,8461538
435	8,8461538
435	-6,1538462
435	-9,1538462
436	1,8461538
436	32,8461538
436	-1,1538462
436	-4,1538462
437	5,8461538
437	7,8461538
437	-9,1538462
437	4,8461538
438	17,8461538
438	7,8461538
438	25,8461538
438	5,8461538
439	20,8461538
439	17,8461538
439	9,8461538
439	8,8461538
440	14,8461538
440	1,8461538
440	0,8461538
441	8,8461538
441	-14,1538462
441	16,8461538
441	20,8461538
442	18,8461538
442	20,8461538
442	28,8461538
442	18,8461538
443	30,8461538
443	18,8461538
443	2,8461538
443	11,8461538
444	-14,1538462
444	29,8461538
444	4,8461538
444	-4,1538462
445	3,8461538
445	-3,1538462
445	20,8461538
445	13,8461538
446	-23,1538462
446	1,8461538
446	11,8461538
447	25,8461538
447	12,8461538
447	1,8461538
447	-5,1538462
448	43,8461538
448	-14,1538462
448	-7,1538462
448	-13,1538462
449	7,8461538
449	12,8461538
449	1,8461538
449	12,8461538
450	-6,1538462
450	2,8461538
450	-8,1538462
450	14,8461538
451	6,8461538
451	-5,1538462
451	-7,1538462
451	8,8461538
452	4,8461538
452	-15,1538462
452	-13,1538462
452	5,8461538
453	-3,1538462
453	6,8461538
453	3,8461538
454	8,8461538
454	-8,1538462
454	13,8461538
454	6,8461538
455	5,8461538
455	-4,1538462
455	-1,1538462
455	-2,1538462
456	35,8461538
456	23,8461538
456	6,8461538
456	20,8461538
457	1,8461538
457	-15,1538462
457	8,8461538
457	-5,1538462
458	-0,1538462
458	5,8461538
458	-7,1538462
458	28,8461538
459	-16,1538462
459	11,8461538
459	22,8461538
460	33,8461538
460	19,8461538
460	42,8461538
460	3,8461538
461	9,8461538
461	-5,1538462
461	1,8461538
461	14,8461538
462	-16,1538462
462	-8,1538462
462	-0,1538462
462	-6,1538462
463	-2,1538462
463	-6,1538462
463	-34,1538462
463	-6,1538462
464	-7,1538462
464	6,8461538
464	-11,1538462
464	-43,1538462
465	18,8461538
465	27,8461538
465	21,8461538
465	0,8461538
466	-12,1538462
466	19,8461538
466	-5,1538462
467	9,8461538
467	-6,1538462
467	14,8461538
467	22,8461538
468	36,8461538
468	23,8461538
468	-5,1538462
468	2,8461538
469	10,8461538
469	-4,1538462
469	-20,1538462
469	12,8461538
470	-3,1538462
470	12,8461538
470	0,8461538
470	8,8461538
471	17,8461538
471	-8,1538462
471	3,8461538
471	7,8461538
472	14,8461538
472	13,8461538
472	-8,1538462
472	46,8461538
473	-8,1538462
473	21,8461538
473	-1,1538462
474	10,8461538
474	-8,1538462
474	34,8461538
474	-0,1538462
475	6,8461538
475	4,8461538
475	-10,1538462
475	-8,1538462
476	-9,1538462
476	18,8461538
476	-20,1538462
476	-9,1538462
477	23,8461538
477	-8,1538462
477	-24,1538462
477	-1,1538462
478	3,8461538
478	-9,1538462
478	-8,1538462
478	-5,1538462
479	-1,1538462
479	0,8461538
479	16,8461538
479	17,8461538
480	23,8461538
480	2,8461538
480	-9,1538462
481	5,8461538
481	-0,1538462
481	2,8461538
481	1,8461538
482	53,8461538
482	6,8461538
482	6,8461538
482	8,8461538
483	-4,1538462
483	-7,1538462
483	3,8461538
483	7,8461538
484	8,8461538
484	28,8461538
484	18,8461538
484	-8,1538462
485	-5,1538462
485	4,8461538
485	1,8461538
485	-0,1538462
486	-5,1538462
486	-0,1538462
486	13,8461538
486	-6,1538462
487	9,8461538
487	14,8461538
487	24,8461538
488	7,8461538
488	6,8461538
488	-9,1538462
488	-8,1538462
489	16,8461538
489	28,8461538
489	17,8461538
489	-4,1538462
490	22,8461538
490	5,8461538
490	-1,1538462
490	10,8461538
491	0,8461538
491	1,8461538
491	2,8461538
491	7,8461538
492	14,8461538
492	-16,1538462
492	7,8461538
492	-14,1538462
493	-0,1538462
493	-6,1538462
493	-4,1538462
493	1,8461538
494	-3,1538462
494	5,8461538
494	7,8461538
495	-1,1538462
495	2,8461538
495	12,8461538
495	-7,1538462
496	30,8461538
496	-6,1538462
496	-8,1538462
496	-1,1538462
497	7,8461538
497	19,8461538
497	12,8461538
497	19,8461538
498	2,8461538
498	-6,1538462
498	3,8461538
498	-22,1538462
499	9,8461538
499	17,8461538
499	-7,1538462
499	30,8461538
500	24,8461538
500	17,8461538
500	1,8461538
500	11,8461538
501	-3,1538462
501	19,8461538
501	25,8461538
502	6,8461538
502	16,8461538
502	28,8461538
502	4,8461538
503	2,8461538
503	8,8461538
503	21,8461538
503	6,8461538
504	10,8461538
504	8,8461538
504	10,8461538
504	20,8461538
505	19,8461538
505	0,8461538
505	-0,1538462
505	-6,1538462
506	16,8461538
506	6,8461538
506	-27,1538462
506	-2,1538462
507	31,8461538
507	22,8461538
507	12,8461538
507	9,8461538
508	10,8461538
508	29,8461538
508	24,8461538
508	20,8461538
509	-0,1538462
509	-5,1538462
509	-7,1538462
510	-14,1538462
510	19,8461538
510	-4,1538462
510	-4,1538462
511	26,8461538
511	24,8461538
511	-7,1538462
511	-13,1538462
512	15,8461538
512	-4,1538462
512	5,8461538
512	-12,1538462
513	0,8461538
513	18,8461538
513	9,8461538
513	-14,1538462
514	-9,1538462
514	17,8461538
514	19,8461538
514	17,8461538
515	-3,1538462
515	-6,1538462
515	-8,1538462
515	3,8461538
516	-6,1538462
516	24,8461538
516	8,8461538
516	-6,1538462
517	-21,1538462
517	7,8461538
517	7,8461538
518	10,8461538
518	14,8461538
518	17,8461538
518	7,8461538
519	32,8461538
519	29,8461538
519	3,8461538
519	30,8461538
520	-16,1538462
520	9,8461538
520	39,8461538
520	18,8461538
521	-6,1538462
521	2,8461538
521	1,8461538
521	8,8461538
522	12,8461538
522	37,8461538
522	3,8461538
522	6,8461538
523	4,8461538
523	8,8461538
523	1,8461538
523	1,8461538
524	-14,1538462
524	-23,1538462
524	4,8461538
524	7,8461538
525	4,8461538
525	-3,1538462
525	-5,1538462
526	-8,1538462
526	28,8461538
526	52,8461538
526	-1,1538462
527	-10,1538462
527	0,8461538
527	-3,1538462
527	-5,1538462
528	27,8461538
528	12,8461538
528	8,8461538
528	6,8461538
529	-0,1538462
529	-6,1538462
529	-4,1538462
529	29,8461538
530	31,8461538
530	-13,1538462
530	3,8461538
530	-3,1538462
531	29,8461538
531	7,8461538
531	31,8461538
531	-7,1538462
532	10,8461538
532	-13,1538462
532	1,8461538
532	0,8461538
533	-8,1538462
533	-18,1538462
533	4,8461538
534	9,8461538
534	13,8461538
534	13,8461538
534	25,8461538
535	17,8461538
535	-12,1538462
535	28,8461538
535	15,8461538
536	19,8461538
536	12,8461538
536	-14,1538462
536	-6,1538462
537	-5,1538462
537	25,8461538
537	21,8461538
537	-12,1538462
538	-1,1538462
538	-3,1538462
538	21,8461538
538	18,8461538
539	20,8461538
539	16,8461538
539	4,8461538
539	14,8461538
540	1,8461538
540	-2,1538462
540	25,8461538
540	12,8461538
541	22,8461538
541	2,8461538
541	-7,1538462
541	-14,1538462
542	6,8461538
542	-11,1538462
542	16,8461538
543	17,8461538
543	16,8461538
543	-4,1538462
543	31,8461538
544	-0,1538462
544	-2,1538462
544	-3,1538462
544	14,8461538
545	-16,1538462
545	23,8461538
545	5,8461538
545	-12,1538462
546	45,8461538
546	2,8461538
546	12,8461538
546	1,8461538
547	4,8461538
547	12,8461538
547	12,8461538
547	-9,1538462
548	4,8461538
548	-0,1538462
548	22,8461538
548	8,8461538
549	10,8461538
549	6,8461538
549	11,8461538
549	-19,1538462
550	19,8461538
550	6,8461538
550	24,8461538
550	-7,1538462
551	-27,1538462
551	5,8461538
551	20,8461538
552	-10,1538462
552	16,8461538
552	4,8461538
552	14,8461538
553	6,8461538
553	0,8461538
553	11,8461538
553	39,8461538
554	9,8461538
554	14,8461538
554	16,8461538
554	-6,1538462
555	16,8461538
555	34,8461538
555	-14,1538462
555	-1,1538462
556	18,8461538
556	13,8461538
556	10,8461538
556	20,8461538
557	33,8461538
557	31,8461538
557	-6,1538462
557	-0,1538462
558	-15,1538462
558	-16,1538462
558	27,8461538
558	29,8461538
559	18,8461538
559	20,8461538
559	-1,1538462
559	-7,1538462
560	24,8461538
560	24,8461538
560	3,8461538
561	3,8461538
561	-2,1538462
561	-15,1538462
561	2,8461538
562	0,8461538
562	0,8461538
562	17,8461538
562	10,8461538
563	15,8461538
563	14,8461538
563	4,8461538
563	8,8461538
564	-7,1538462
564	-16,1538462
564	-3,1538462
564	1,8461538
565	21,8461538
565	7,8461538
565	5,8461538
565	16,8461538
566	10,8461538
566	-1,1538462
566	-0,1538462
566	18,8461538
567	-20,1538462
567	1,8461538
567	-12,1538462
567	1,8461538
568	-7,1538462
568	-4,1538462
568	7,8461538
568	-5,1538462
569	-16,1538462
569	8,8461538
569	9,8461538
569	9,8461538
570	0,8461538
570	-5,1538462
570	2,8461538
571	-2,1538462
571	-10,1538462
571	-0,1538462
571	26,8461538
572	-1,1538462
572	7,8461538
572	2,8461538
572	5,8461538
573	-9,1538462
573	-6,1538462
573	-13,1538462
573	-14,1538462
574	4,8461538
574	-3,1538462
574	-22,1538462
574	6,8461538
575	7,8461538
575	-24,1538462
575	11,8461538
575	-14,1538462
576	13,8461538
576	-2,1538462
576	23,8461538
576	2,8461538
577	5,8461538
577	12,8461538
577	8,8461538
577	1,8461538
578	11,8461538
578	8,8461538
578	-11,1538462
578	7,8461538
579	25,8461538
579	7,8461538
579	-4,1538462
579	3,8461538
580	8,8461538
580	5,8461538
580	2,8461538
581	20,8461538
581	7,8461538
581	42,8461538
581	-11,1538462
582	-12,1538462
582	-15,1538462
582	17,8461538
582	17,8461538
583	-5,1538462
583	-2,1538462
583	-6,1538462
583	-7,1538462
584	17,8461538
584	27,8461538
584	18,8461538
584	30,8461538
585	2,8461538
585	-13,1538462
585	9,8461538
585	4,8461538
586	-5,1538462
586	22,8461538
586	10,8461538
586	24,8461538
587	5,8461538
587	-9,1538462
587	-8,1538462
587	-9,1538462
588	-1,1538462
588	14,8461538
588	13,8461538
588	12,8461538
589	4,8461538
589	9,8461538
589	2,8461538
589	-24,1538462
590	6,8461538
590	21,8461538
590	-16,1538462
590	16,8461538
591	10,8461538
591	13,8461538
591	-6,1538462
592	-0,1538462
592	-2,1538462
592	4,8461538
592	5,8461538
593	16,8461538
593	-17,1538462
593	3,8461538
593	9,8461538
594	44,8461538
594	-3,1538462
594	10,8461538
594	25,8461538
595	18,8461538
595	-11,1538462
595	-5,1538462
595	4,8461538
596	6,8461538
596	7,8461538
596	-22,1538462
596	28,8461538
597	-2,1538462
597	1,8461538
597	-14,1538462
597	-229,1538462
598	-20,1538462
598	-2,1538462
598	-16,1538462
598	3,8461538
599	22,8461538
599	-6,1538462
599	-1,1538462
599	2,8461538
600	7,8461538
600	-1,1538462
600	-0,1538462
600	8,8461538
601	-12,1538462
601	9,8461538
601	3,8461538
601	10,8461538
602	-0,1538462
602	-0,1538462
602	16,8461538
603	13,8461538
603	31,8461538
603	63,8461538
603	12,8461538
604	-9,1538462
604	16,8461538
604	6,8461538
604	13,8461538
605	23,8461538
605	-7,1538462
605	4,8461538
605	-19,1538462
606	5,8461538
606	2,8461538
606	15,8461538
606	2,8461538
607	-8,1538462
607	-5,1538462
607	17,8461538
607	4,8461538
608	17,8461538
608	29,8461538
608	11,8461538
608	8,8461538
609	-10,1538462
609	6,8461538
609	2,8461538
609	-19,1538462
610	-12,1538462
610	-1,1538462
610	12,8461538
610	-5,1538462
611	-7,1538462
611	9,8461538
611	-2,1538462
611	22,8461538
612	3,8461538
612	-15,1538462
612	2,8461538
612	16,8461538
613	9,8461538
613	27,8461538
613	12,8461538
613	-2,1538462
614	13,8461538
614	10,8461538
614	-4,1538462
614	-2,1538462
615	-10,1538462
615	5,8461538
615	3,8461538
616	-23,1538462
616	-21,1538462
616	30,8461538
616	-11,1538462
617	6,8461538
617	-7,1538462
617	1,8461538
617	-8,1538462
618	-11,1538462
618	24,8461538
618	-11,1538462
618	21,8461538
619	27,8461538
619	-0,1538462
619	-12,1538462
619	4,8461538
620	24,8461538
620	-12,1538462
620	-20,1538462
620	-0,1538462
621	-4,1538462
621	22,8461538
621	-3,1538462
621	-9,1538462
622	-4,1538462
622	4,8461538
622	15,8461538
622	20,8461538
623	1,8461538
623	-3,1538462
623	7,8461538
623	23,8461538
624	19,8461538
624	36,8461538
624	-0,1538462
624	-0,1538462
625	21,8461538
625	7,8461538
625	-12,1538462
625	-11,1538462
626	7,8461538
626	7,8461538
626	8,8461538
626	3,8461538
627	4,8461538
627	-4,1538462
627	14,8461538
627	22,8461538
628	-7,1538462
628	11,8461538
628	9,8461538
629	-4,1538462
629	15,8461538
629	-0,1538462
629	-10,1538462
630	13,8461538
630	-4,1538462
630	-5,1538462
630	19,8461538
631	2,8461538
631	0,8461538
631	-8,1538462
631	-8,1538462
632	21,8461538
632	18,8461538
632	4,8461538
632	9,8461538
633	10,8461538
633	17,8461538
633	-12,1538462
633	4,8461538
634	-0,1538462
634	-17,1538462
634	-9,1538462
634	11,8461538
635	-7,1538462
635	19,8461538
635	8,8461538
635	11,8461538
636	1,8461538
636	-3,1538462
636	-1,1538462
636	-8,1538462
637	-20,1538462
637	20,8461538
637	-5,1538462
637	-0,1538462
638	17,8461538
638	0,8461538
638	10,8461538
638	3,8461538
639	-12,1538462
639	9,8461538
639	19,8461538
639	20,8461538
640	-17,1538462
640	18,8461538
640	-1,1538462
640	22,8461538
641	-5,1538462
641	14,8461538
641	14,8461538
641	5,8461538
642	4,8461538
642	28,8461538
642	-1,1538462
642	-4,1538462
643	2,8461538
643	3,8461538
643	18,8461538
644	16,8461538
644	-3,1538462
644	0,8461538
644	31,8461538
645	-10,1538462
645	-8,1538462
645	-1,1538462
645	-1,1538462
646	5,8461538
646	15,8461538
646	-11,1538462
646	6,8461538
647	22,8461538
647	2,8461538
647	-5,1538462
647	22,8461538
648	24,8461538
648	28,8461538
648	-15,1538462
648	13,8461538
649	12,8461538
649	24,8461538
649	4,8461538
649	0,8461538
650	21,8461538
650	2,8461538
650	22,8461538
650	9,8461538
651	-1,1538462
651	18,8461538
651	13,8461538
651	20,8461538
652	20,8461538
652	9,8461538
652	5,8461538
652	0,8461538
653	20,8461538
653	17,8461538
653	14,8461538
653	-1,1538462
654	-9,1538462
654	2,8461538
654	14,8461538
654	16,8461538
655	-3,1538462
655	26,8461538
655	15,8461538
655	-6,1538462
656	9,8461538
656	23,8461538
656	-16,1538462
656	3,8461538
657	44,8461538
657	15,8461538
657	-6,1538462
657	-10,1538462
658	-26,1538462
658	21,8461538
658	-4,1538462
658	-19,1538462
659	-0,1538462
659	15,8461538
659	11,8461538
660	6,8461538
660	6,8461538
660	-1,1538462
660	-5,1538462
661	-0,1538462
661	40,8461538
661	-1,1538462
661	4,8461538
662	33,8461538
662	25,8461538
662	5,8461538
662	12,8461538
663	17,8461538
663	2,8461538
663	6,8461538
663	30,8461538
664	12,8461538
664	20,8461538
664	15,8461538
664	13,8461538
665	11,8461538
665	-5,1538462
665	22,8461538
665	0,8461538
666	-3,1538462
666	14,8461538
666	24,8461538
666	-1,1538462
667	19,8461538
667	16,8461538
667	-6,1538462
667	-17,1538462
668	-3,1538462
668	-0,1538462
668	21,8461538
668	8,8461538
669	-15,1538462
669	-13,1538462
669	3,8461538
669	2,8461538
670	-0,1538462
670	27,8461538
670	13,8461538
670	8,8461538
671	15,8461538
671	9,8461538
671	9,8461538
671	-3,1538462
672	20,8461538
672	10,8461538
672	23,8461538
672	16,8461538
673	4,8461538
673	-24,1538462
673	20,8461538
673	20,8461538
674	16,8461538
674	14,8461538
674	-3,1538462
674	7,8461538
675	-20,1538462
675	8,8461538
675	-18,1538462
675	5,8461538
676	10,8461538
676	7,8461538
676	-4,1538462
676	25,8461538
677	12,8461538
677	4,8461538
677	3,8461538
677	12,8461538
678	14,8461538
678	19,8461538
678	10,8461538
678	20,8461538
679	12,8461538
679	14,8461538
679	20,8461538
680	16,8461538
680	3,8461538
680	15,8461538
680	-6,1538462
681	13,8461538
681	-11,1538462
681	-23,1538462
681	-10,1538462
682	2,8461538
682	-6,1538462
682	21,8461538
682	26,8461538
683	-10,1538462
683	-3,1538462
683	29,8461538
683	29,8461538
684	5,8461538
684	5,8461538
684	11,8461538
684	5,8461538
685	17,8461538
685	-11,1538462
685	7,8461538
685	-3,1538462
686	4,8461538
686	9,8461538
686	7,8461538
686	29,8461538
687	23,8461538
687	20,8461538
687	6,8461538
687	8,8461538
688	0,8461538
688	-2,1538462
688	3,8461538
688	5,8461538
689	1,8461538
689	17,8461538
689	35,8461538
689	13,8461538
690	0,8461538
690	-10,1538462
690	-12,1538462
690	3,8461538
691	25,8461538
691	-13,1538462
691	13,8461538
691	17,8461538
692	15,8461538
692	11,8461538
692	8,8461538
692	6,8461538
693	12,8461538
693	-9,1538462
693	-2,1538462
693	-12,1538462
694	0,8461538
694	13,8461538
694	6,8461538
694	-10,1538462
695	-4,1538462
695	19,8461538
695	-4,1538462
695	-7,1538462
696	-16,1538462
696	5,8461538
696	-0,1538462
696	7,8461538
697	7,8461538
697	2,8461538
697	4,8461538
697	14,8461538
698	-18,1538462
698	-23,1538462
698	-2,1538462
698	-16,1538462
699	-9,1538462
699	-8,1538462
699	20,8461538
699	21,8461538
700	34,8461538
700	13,8461538
700	-12,1538462
700	-25,1538462
701	11,8461538
701	-8,1538462
701	8,8461538
701	2,8461538
702	-4,1538462
702	19,8461538
702	9,8461538
702	-11,1538462
703	6,8461538
703	1,8461538
703	20,8461538
703	-6,1538462
704	-9,1538462
704	7,8461538
704	11,8461538
704	16,8461538
705	25,8461538
705	2,8461538
705	15,8461538
706	4,8461538
706	17,8461538
706	5,8461538
706	2,8461538
707	5,8461538
707	-10,1538462
707	23,8461538
707	7,8461538
708	3,8461538
708	0,8461538
708	5,8461538
708	11,8461538
709	-18,1538462
709	-7,1538462
709	-3,1538462
709	2,8461538
710	-0,1538462
710	-9,1538462
710	10,8461538
710	38,8461538
711	-2,1538462
711	1,8461538
711	8,8461538
711	8,8461538
712	24,8461538
712	-4,1538462
712	2,8461538
712	-6,1538462
713	-1,1538462
713	30,8461538
713	24,8461538
713	3,8461538
714	25,8461538
714	31,8461538
714	10,8461538
714	-13,1538462
715	-0,1538462
715	-8,1538462
715	-1,1538462
715	21,8461538
716	9,8461538
716	15,8461538
716	3,8461538
716	7,8461538
717	9,8461538
717	-19,1538462
717	9,8461538
717	-3,1538462
718	-0,1538462
718	2,8461538
718	-6,1538462
718	21,8461538
719	0,8461538
719	-12,1538462
719	26,8461538
719	-9,1538462
720	6,8461538
720	-20,1538462
720	10,8461538
720	-5,1538462
721	23,8461538
721	13,8461538
721	0,8461538
721	-20,1538462
722	26,8461538
722	27,8461538
722	-9,1538462
722	-23,1538462
723	24,8461538
723	16,8461538
723	1,8461538
723	34,8461538
724	23,8461538
724	21,8461538
724	-14,1538462
724	-2,1538462
725	0,8461538
725	12,8461538
725	15,8461538
725	8,8461538
726	-16,1538462
726	10,8461538
726	19,8461538
726	-1,1538462
727	16,8461538
727	-21,1538462
727	8,8461538
727	-10,1538462
728	-9,1538462
728	-12,1538462
728	-15,1538462
728	-4,1538462
729	-21,1538462
729	4,8461538
729	-2,1538462
729	-6,1538462
730	37,8461538
730	-3,1538462
730	-4,1538462
730	13,8461538
731	33,8461538
731	3,8461538
731	-8,1538462
731	20,8461538
732	-18,1538462
732	3,8461538
732	10,8461538
732	13,8461538
733	15,8461538
733	12,8461538
733	0,8461538
733	31,8461538
734	-3,1538462
734	-13,1538462
734	-19,1538462
734	11,8461538
735	-25,1538462
735	-2,1538462
735	28,8461538
735	17,8461538
736	-19,1538462
736	3,8461538
736	-12,1538462
736	33,8461538
737	9,8461538
737	-9,1538462
737	-14,1538462
737	11,8461538
738	-6,1538462
738	-9,1538462
738	1,8461538
738	8,8461538
739	16,8461538
739	19,8461538
739	-0,1538462
739	24,8461538
740	3,8461538
740	-7,1538462
740	-3,1538462
740	-25,1538462
741	0,8461538
741	-16,1538462
741	-21,1538462
741	-6,1538462
742	8,8461538
742	3,8461538
742	-15,1538462
742	-27,1538462
743	-8,1538462
743	23,8461538
743	-3,1538462
743	-0,1538462
744	10,8461538
744	1,8461538
744	21,8461538
744	9,8461538
745	-1,1538462
745	-16,1538462
745	2,8461538
745	-8,1538462
746	-0,1538462
746	10,8461538
746	-1,1538462
746	4,8461538
747	22,8461538
747	26,8461538
747	8,8461538
747	-0,1538462
748	16,8461538
748	13,8461538
748	20,8461538
748	5,8461538
749	17,8461538
749	18,8461538
749	13,8461538
749	-23,1538462
750	-2,1538462
750	15,8461538
750	-6,1538462
750	0,8461538
751	15,8461538
751	19,8461538
751	20,8461538
751	-11,1538462
752	-3,1538462
752	11,8461538
752	-7,1538462
752	8,8461538
753	-17,1538462
753	0,8461538
753	8,8461538
753	19,8461538
754	0,8461538
754	-10,1538462
754	-26,1538462
754	9,8461538
755	0,8461538
755	-8,1538462
755	9,8461538
755	-22,1538462
756	2,8461538
756	20,8461538
756	-2,1538462
756	25,8461538
757	-1,1538462
757	-1,1538462
757	1,8461538
757	4,8461538
758	-7,1538462
758	-0,1538462
758	-2,1538462
758	16,8461538
759	14,8461538
759	49,8461538
759	-13,1538462
759	2,8461538
760	3,8461538
760	-4,1538462
760	-10,1538462
760	-8,1538462
761	9,8461538
761	16,8461538
761	7,8461538
761	11,8461538
762	29,8461538
762	14,8461538
762	6,8461538
762	-3,1538462
763	-5,1538462
763	12,8461538
763	1,8461538
763	13,8461538
764	8,8461538
764	14,8461538
764	24,8461538
764	9,8461538
765	-7,1538462
765	-20,1538462
765	-1,1538462
765	9,8461538
766	-3,1538462
766	4,8461538
766	9,8461538
766	0,8461538
767	-4,1538462
767	19,8461538
767	22,8461538
767	7,8461538
768	3,8461538
768	-1,1538462
768	-0,1538462
768	-5,1538462
769	-21,1538462
769	19,8461538
769	-7,1538462
769	-8,1538462
770	32,8461538
770	2,8461538
770	18,8461538
770	-8,1538462
771	1,8461538
771	-6,1538462
771	10,8461538
771	17,8461538
772	2,8461538
772	-26,1538462
772	8,8461538
772	10,8461538
773	-7,1538462
773	-4,1538462
773	-15,1538462
773	9,8461538
774	-13,1538462
774	-2,1538462
774	-4,1538462
774	24,8461538
775	0,8461538
775	5,8461538
775	6,8461538
775	16,8461538
776	-8,1538462
776	-0,1538462
776	32,8461538
776	0,8461538
777	24,8461538
777	14,8461538
777	13,8461538
777	10,8461538
778	16,8461538
778	-4,1538462
778	1,8461538
778	14,8461538
779	17,8461538
779	16,8461538
779	-19,1538462
779	40,8461538
780	22,8461538
780	-2,1538462
780	11,8461538
780	3,8461538
781	6,8461538
781	3,8461538
781	11,8461538
781	2,8461538
782	31,8461538
782	10,8461538
782	9,8461538
782	30,8461538
783	10,8461538
783	-2,1538462
783	3,8461538
783	8,8461538
784	24,8461538
784	27,8461538
784	15,8461538
784	-14,1538462
785	-15,1538462
785	17,8461538
785	-7,1538462
785	0,8461538
786	-4,1538462
786	0,8461538
786	-0,1538462
786	24,8461538
787	13,8461538
787	1,8461538
787	3,8461538
787	-13,1538462
788	-30,1538462
788	-17,1538462
788	-4,1538462
788	12,8461538
789	29,8461538
789	19,8461538
789	-4,1538462
789	-18,1538462
790	-5,1538462
790	1,8461538
790	-13,1538462
790	2,8461538
791	5,8461538
791	-3,1538462
791	-7,1538462
791	-12,1538462
792	1,8461538
792	-4,1538462
792	8,8461538
792	9,8461538
793	12,8461538
793	22,8461538
793	-14,1538462
793	18,8461538
794	20,8461538
794	-11,1538462
794	7,8461538
794	-21,1538462
795	-3,1538462
795	5,8461538
795	-15,1538462
795	-2,1538462
796	-4,1538462
796	8,8461538
796	-17,1538462
796	3,8461538
797	11,8461538
797	-18,1538462
797	25,8461538
797	-3,1538462
798	9,8461538
798	21,8461538
798	26,8461538
798	23,8461538
799	0,8461538
799	-4,1538462
799	3,8461538
799	-29,1538462
800	11,8461538
800	48,8461538
800	22,8461538
800	3,8461538
801	19,8461538
801	6,8461538
801	12,8461538
801	0,8461538
802	-3,1538462
802	0,8461538
802	2,8461538
802	-5,1538462
803	-14,1538462
803	-1,1538462
803	5,8461538
803	13,8461538
804	13,8461538
804	4,8461538
804	-10,1538462
804	26,8461538
805	-15,1538462
805	-40,1538462
805	11,8461538
805	-16,1538462
806	-14,1538462
806	-5,1538462
806	34,8461538
806	1,8461538
807	-22,1538462
807	12,8461538
807	11,8461538
807	8,8461538
808	-1,1538462
808	-3,1538462
808	6,8461538
808	6,8461538
809	5,8461538
809	-11,1538462
809	-10,1538462
809	-7,1538462
810	-2,1538462
810	-5,1538462
810	-9,1538462
810	-0,1538462
811	11,8461538
811	6,8461538
811	-16,1538462
811	12,8461538
812	13,8461538
812	1,8461538
812	-2,1538462
812	4,8461538
813	-13,1538462
813	13,8461538
813	27,8461538
813	13,8461538
814	11,8461538
814	-9,1538462
814	-17,1538462
814	22,8461538
815	17,8461538
815	27,8461538
815	27,8461538
815	13,8461538
816	9,8461538
816	18,8461538
816	3,8461538
816	17,8461538
817	-5,1538462
817	-3,1538462
817	-10,1538462
817	-14,1538462
818	-4,1538462
818	-4,1538462
818	-23,1538462
818	8,8461538
819	9,8461538
819	29,8461538
819	4,8461538
819	11,8461538
820	7,8461538
820	9,8461538
820	-6,1538462
820	24,8461538
820	-14,1538462
821	-23,1538462
821	3,8461538
821	2,8461538
821	-12,1538462
822	4,8461538
822	16,8461538
822	-18,1538462
822	-6,1538462
823	0,8461538
823	-0,1538462
823	-6,1538462
823	-9,1538462
824	2,8461538
824	21,8461538
824	0,8461538
824	12,8461538
825	23,8461538
825	20,8461538
825	4,8461538
825	42,8461538
826	1,8461538
826	-9,1538462
826	15,8461538
826	11,8461538
827	6,8461538
827	0,8461538
827	14,8461538
827	-13,1538462
828	5,8461538
828	5,8461538
828	-1,1538462
828	-12,1538462
829	16,8461538
829	20,8461538
829	36,8461538
829	-8,1538462
830	31,8461538
830	33,8461538
830	-12,1538462
830	-1,1538462
831	19,8461538
831	9,8461538
831	-14,1538462
831	18,8461538
832	29,8461538
832	5,8461538
832	18,8461538
832	25,8461538
833	17,8461538
833	-2,1538462
833	-29,1538462
833	0,8461538
834	24,8461538
834	5,8461538
834	23,8461538
834	-2,1538462
835	-11,1538462
835	40,8461538
835	-9,1538462
835	14,8461538
836	-9,1538462
836	-5,1538462
836	26,8461538
836	28,8461538
837	-8,1538462
837	-0,1538462
837	-4,1538462
837	19,8461538
838	-7,1538462
838	12,8461538
838	25,8461538
838	17,8461538
839	42,8461538
839	-2,1538462
839	6,8461538
839	24,8461538
840	11,8461538
840	-11,1538462
840	-1,1538462
840	-0,1538462
841	-1,1538462
841	31,8461538
841	16,8461538
841	12,8461538
842	8,8461538
842	7,8461538
842	-19,1538462
842	11,8461538
843	6,8461538
843	12,8461538
843	-5,1538462
843	6,8461538
844	-0,1538462
844	25,8461538
844	38,8461538
844	-4,1538462
845	-5,1538462
845	10,8461538
845	9,8461538
845	2,8461538
845	0,8461538
846	-16,1538462
846	-1,1538462
846	3,8461538
846	7,8461538
847	10,8461538
847	5,8461538
847	5,8461538
847	-10,1538462
848	5,8461538
848	-21,1538462
848	-14,1538462
848	2,8461538
849	9,8461538
849	-10,1538462
849	9,8461538
849	1,8461538
850	22,8461538
850	5,8461538
850	-0,1538462
850	21,8461538
851	28,8461538
851	3,8461538
851	16,8461538
851	1,8461538
852	-33,1538462
852	-0,1538462
852	15,8461538
852	-22,1538462
853	5,8461538
853	-11,1538462
853	-13,1538462
853	1,8461538
854	-8,1538462
854	-2,1538462
854	-3,1538462
854	22,8461538
855	-0,1538462
855	2,8461538
855	1,8461538
855	-2,1538462
856	2,8461538
856	3,8461538
856	11,8461538
856	0,8461538
857	1,8461538
857	14,8461538
857	7,8461538
857	3,8461538
858	14,8461538
858	36,8461538
858	11,8461538
858	9,8461538
859	25,8461538
859	-10,1538462
859	25,8461538
859	27,8461538
860	3,8461538
860	6,8461538
860	22,8461538
860	9,8461538
861	24,8461538
861	1,8461538
861	3,8461538
861	7,8461538
862	13,8461538
862	23,8461538
862	-2,1538462
862	12,8461538
863	8,8461538
863	9,8461538
863	-19,1538462
863	16,8461538
864	25,8461538
864	-17,1538462
864	1,8461538
864	10,8461538
864	-14,1538462
865	-2,1538462
865	-11,1538462
865	4,8461538
865	3,8461538
866	0,8461538
866	15,8461538
866	25,8461538
866	-0,1538462
867	18,8461538
867	-0,1538462
867	-21,1538462
867	10,8461538
868	18,8461538
868	-27,1538462
868	4,8461538
868	7,8461538
869	4,8461538
869	7,8461538
869	-20,1538462
869	-8,1538462
870	9,8461538
870	-4,1538462
870	0,8461538
870	19,8461538
871	-5,1538462
871	0,8461538
871	9,8461538
871	-28,1538462
872	3,8461538
872	-3,1538462
872	-11,1538462
872	14,8461538
873	6,8461538
873	1,8461538
873	-19,1538462
873	12,8461538
874	-5,1538462
874	8,8461538
874	3,8461538
874	-4,1538462
875	12,8461538
875	-12,1538462
875	-4,1538462
875	1,8461538
876	-15,1538462
876	22,8461538
876	18,8461538
876	-5,1538462
877	-8,1538462
877	-22,1538462
877	3,8461538
877	12,8461538
878	-8,1538462
878	-15,1538462
878	17,8461538
878	29,8461538
879	-11,1538462
879	-36,1538462
879	12,8461538
879	13,8461538
880	6,8461538
880	1,8461538
880	27,8461538
880	2,8461538
880	4,8461538
881	13,8461538
881	1,8461538
881	16,8461538
881	6,8461538
882	-2,1538462
882	-13,1538462
882	7,8461538
882	-11,1538462
883	0,8461538
883	-21,1538462
883	1,8461538
883	-3,1538462
884	9,8461538
884	21,8461538
884	-3,1538462
884	-2,1538462
885	-4,1538462
885	15,8461538
885	5,8461538
885	15,8461538
886	3,8461538
886	7,8461538
886	-8,1538462
886	5,8461538
887	2,8461538
887	2,8461538
887	-6,1538462
887	-11,1538462
888	-1,1538462
888	1,8461538
888	11,8461538
888	-4,1538462
889	-16,1538462
889	23,8461538
889	-11,1538462
889	2,8461538
890	20,8461538
890	-31,1538462
890	20,8461538
890	5,8461538
891	-13,1538462
891	15,8461538
891	29,8461538
891	13,8461538
892	-15,1538462
892	37,8461538
892	4,8461538
892	40,8461538
893	11,8461538
893	-12,1538462
893	0,8461538
893	-1,1538462
894	7,8461538
894	15,8461538
894	-4,1538462
894	2,8461538
894	6,8461538
895	18,8461538
895	12,8461538
895	22,8461538
895	2,8461538
896	30,8461538
896	-0,1538462
896	26,8461538
896	20,8461538
897	17,8461538
897	42,8461538
897	40,8461538
897	11,8461538
898	0,8461538
898	4,8461538
898	-10,1538462
898	-15,1538462
899	-6,1538462
899	-1,1538462
899	-4,1538462
899	4,8461538
900	14,8461538
900	21,8461538
900	6,8461538
900	17,8461538
901	2,8461538
901	9,8461538
901	17,8461538
901	-23,1538462
902	-1,1538462
902	9,8461538
902	2,8461538
902	5,8461538
903	-4,1538462
903	16,8461538
903	-16,1538462
903	9,8461538
904	1,8461538
904	0,8461538
904	20,8461538
904	10,8461538
905	-1,1538462
905	14,8461538
905	9,8461538
905	26,8461538
906	23,8461538
906	19,8461538
906	4,8461538
906	4,8461538
906	5,8461538
907	22,8461538
907	20,8461538
907	-24,1538462
907	12,8461538
908	2,8461538
908	28,8461538
908	25,8461538
908	-11,1538462
909	4,8461538
909	-6,1538462
909	0,8461538
909	0,8461538
910	10,8461538
910	-8,1538462
910	19,8461538
910	-15,1538462
911	-4,1538462
911	-0,1538462
911	4,8461538
911	-10,1538462
912	5,8461538
912	9,8461538
912	3,8461538
912	15,8461538
913	-0,1538462
913	-18,1538462
913	-14,1538462
913	-5,1538462
914	23,8461538
914	-4,1538462
914	8,8461538
914	-5,1538462
915	-18,1538462
915	-23,1538462
915	5,8461538
915	0,8461538
916	-0,1538462
916	10,8461538
916	6,8461538
916	0,8461538
917	13,8461538
917	25,8461538
917	-8,1538462
917	-8,1538462
917	-16,1538462
918	3,8461538
918	38,8461538
918	-4,1538462
918	27,8461538
919	-0,1538462
919	19,8461538
919	39,8461538
919	1,8461538
920	10,8461538
920	3,8461538
920	0,8461538
920	38,8461538
921	-2,1538462
921	14,8461538
921	-6,1538462
921	-13,1538462
922	-8,1538462
922	-15,1538462
922	10,8461538
922	-2,1538462
923	-2,1538462
923	23,8461538
923	-27,1538462
923	0,8461538
924	-17,1538462
924	-14,1538462
924	-13,1538462
924	-9,1538462
925	-9,1538462
925	3,8461538
925	3,8461538
925	22,8461538
926	11,8461538
926	11,8461538
926	24,8461538
926	4,8461538
927	-10,1538462
927	-5,1538462
927	6,8461538
927	3,8461538
928	-15,1538462
928	-12,1538462
928	-11,1538462
928	5,8461538
928	32,8461538
929	9,8461538
929	-7,1538462
929	-4,1538462
929	-11,1538462
930	2,8461538
930	-0,1538462
930	-13,1538462
930	13,8461538
931	12,8461538
931	-15,1538462
931	25,8461538
931	15,8461538
932	16,8461538
932	8,8461538
932	-18,1538462
932	-0,1538462
933	24,8461538
933	-5,1538462
933	6,8461538
933	-22,1538462
934	0,8461538
934	18,8461538
934	13,8461538
934	15,8461538
935	9,8461538
935	2,8461538
935	-1,1538462
935	1,8461538
936	-5,1538462
936	16,8461538
936	-20,1538462
936	-17,1538462
937	15,8461538
937	16,8461538
937	-1,1538462
937	-11,1538462
938	-1,1538462
938	5,8461538
938	14,8461538
938	12,8461538
938	13,8461538
939	19,8461538
939	1,8461538
939	19,8461538
939	17,8461538
940	13,8461538
940	11,8461538
940	-15,1538462
940	-8,1538462
941	-10,1538462
941	-0,1538462
941	-17,1538462
941	1,8461538
942	17,8461538
942	3,8461538
942	16,8461538
942	9,8461538
943	16,8461538
943	-4,1538462
943	-4,1538462
943	14,8461538
944	-3,1538462
944	8,8461538
944	14,8461538
944	29,8461538
945	6,8461538
945	22,8461538
945	-12,1538462
945	2,8461538
946	6,8461538
946	8,8461538
946	-6,1538462
946	-9,1538462
947	29,8461538
947	14,8461538
947	14,8461538
947	-12,1538462
947	-11,1538462
948	7,8461538
948	6,8461538
948	4,8461538
948	16,8461538
949	16,8461538
949	4,8461538
949	0,8461538
949	-8,1538462
950	13,8461538
950	5,8461538
950	-4,1538462
950	-4,1538462
951	-14,1538462
951	6,8461538
951	11,8461538
951	-13,1538462
952	13,8461538
952	35,8461538
952	3,8461538
952	43,8461538
953	-5,1538462
953	7,8461538
953	18,8461538
953	0,8461538
954	-37,1538462
954	-12,1538462
954	-14,1538462
954	4,8461538
955	1,8461538
955	19,8461538
955	-18,1538462
955	-3,1538462
956	15,8461538
956	12,8461538
956	-26,1538462
956	-17,1538462
956	-1,1538462
957	15,8461538
957	24,8461538
957	14,8461538
957	12,8461538
958	-7,1538462
958	-13,1538462
958	-14,1538462
958	26,8461538
959	-2,1538462
959	35,8461538
959	-14,1538462
959	-19,1538462
960	33,8461538
960	24,8461538
960	11,8461538
960	23,8461538
961	19,8461538
961	14,8461538
961	-1,1538462
961	-7,1538462
962	-23,1538462
962	-2,1538462
962	23,8461538
962	19,8461538
963	-4,1538462
963	18,8461538
963	27,8461538
963	-13,1538462
964	5,8461538
964	21,8461538
964	-6,1538462
964	-21,1538462
964	-9,1538462
965	7,8461538
965	-2,1538462
965	2,8461538
965	-4,1538462
966	27,8461538
966	10,8461538
966	-11,1538462
966	-8,1538462
967	-24,1538462
967	-4,1538462
967	0,8461538
967	-3,1538462
968	1,8461538
968	18,8461538
968	-2,1538462
968	22,8461538
969	10,8461538
969	-13,1538462
969	7,8461538
969	2,8461538
970	10,8461538
970	-11,1538462
970	7,8461538
970	12,8461538
971	13,8461538
971	-4,1538462
971	13,8461538
971	11,8461538
972	39,8461538
972	0,8461538
972	24,8461538
972	10,8461538
972	-25,1538462
973	-13,1538462
973	-19,1538462
973	18,8461538
973	-5,1538462
974	2,8461538
974	-10,1538462
974	18,8461538
974	-1,1538462
975	24,8461538
975	13,8461538
975	-0,1538462
975	8,8461538
976	-12,1538462
976	-10,1538462
976	-2,1538462
976	18,8461538
977	9,8461538
977	16,8461538
977	-0,1538462
977	0,8461538
978	31,8461538
978	33,8461538
978	0,8461538
978	30,8461538
979	16,8461538
979	31,8461538
979	15,8461538
979	-5,1538462
980	4,8461538
980	29,8461538
980	-8,1538462
980	-0,1538462
980	2,8461538
981	20,8461538
981	12,8461538
981	26,8461538
981	-3,1538462
982	-27,1538462
982	2,8461538
982	17,8461538
982	27,8461538
983	15,8461538
983	20,8461538
983	-5,1538462
983	4,8461538
984	26,8461538
984	18,8461538
984	-0,1538462
984	-9,1538462
985	0,8461538
985	13,8461538
985	12,8461538
985	14,8461538
986	10,8461538
986	1,8461538
986	3,8461538
986	6,8461538
987	-2,1538462
987	8,8461538
987	6,8461538
987	2,8461538
988	-19,1538462
988	19,8461538
988	-6,1538462
988	6,8461538
988	24,8461538
989	1,8461538
989	0,8461538
989	0,8461538
989	30,8461538
990	22,8461538
990	-6,1538462
990	1,8461538
990	-21,1538462
991	6,8461538
991	0,8461538
991	26,8461538
991	-2,1538462
992	20,8461538
992	16,8461538
992	17,8461538
992	13,8461538
993	14,8461538
993	17,8461538
993	-0,1538462
993	23,8461538
994	33,8461538
994	13,8461538
994	13,8461538
994	8,8461538
995	5,8461538
995	16,8461538
995	17,8461538
995	53,8461538
995	30,8461538
996	8,8461538
996	19,8461538
996	-5,1538462
996	-18,1538462
997	29,8461538
997	-6,1538462
997	7,8461538
997	40,8461538
998	7,8461538
998	-1,1538462
998	-7,1538462
998	14,8461538
999	16,8461538
999	-9,1538462
999	22,8461538
999	17,8461538
1000	-7,1538462
1000	32,8461538
1000	5,8461538
1000	15,8461538
1001	-1,1538462
1001	16,8461538
1001	24,8461538
1001	-12,1538462
1002	6,8461538
1002	14,8461538
1002	15,8461538
1002	35,8461538
1002	-15,1538462
1003	7,8461538
1003	2,8461538
1003	8,8461538
1003	15,8461538
1004	-4,1538462
1004	3,8461538
1004	16,8461538
1004	22,8461538
1005	2,8461538
1005	8,8461538
1005	11,8461538
1005	13,8461538
1006	-21,1538462
1006	-3,1538462
1006	19,8461538
1006	7,8461538
1007	20,8461538
1007	1,8461538
1007	-13,1538462
1007	-18,1538462
1008	-13,1538462
1008	-3,1538462
1008	17,8461538
1008	2,8461538
1008	2,8461538
1009	9,8461538
1009	4,8461538
1009	11,8461538
1009	31,8461538
1010	1,8461538
1010	-5,1538462
1010	-16,1538462
1010	6,8461538
1011	9,8461538
1011	13,8461538
1011	5,8461538
1011	9,8461538
1012	28,8461538
1012	0,8461538
1012	-29,1538462
1012	-11,1538462
1013	-29,1538462
1013	-2,1538462
1013	7,8461538
1013	10,8461538
1014	12,8461538
1014	35,8461538
1014	28,8461538
1014	15,8461538
1015	8,8461538
1015	18,8461538
1015	6,8461538
1015	3,8461538
1015	8,8461538
1016	23,8461538
1016	38,8461538
1016	-4,1538462
1016	6,8461538
1017	20,8461538
1017	-1,1538462
1017	8,8461538
1017	16,8461538
1018	2,8461538
1018	11,8461538
1018	18,8461538
1018	4,8461538
1019	-5,1538462
1019	-2,1538462
1019	-9,1538462
1019	0,8461538
1020	12,8461538
1020	-5,1538462
1020	-6,1538462
1020	13,8461538
1021	22,8461538
1021	21,8461538
1021	29,8461538
1021	1,8461538
1021	22,8461538
1022	-5,1538462
1022	12,8461538
1022	-4,1538462
1022	7,8461538
1023	3,8461538
1023	12,8461538
1023	1,8461538
1023	4,8461538
1024	-2,1538462
1024	-9,1538462
1024	19,8461538
1024	11,8461538
1025	28,8461538
1025	-0,1538462
1025	-18,1538462
1025	22,8461538
1026	7,8461538
1026	32,8461538
1026	17,8461538
1026	10,8461538
1027	27,8461538
1027	5,8461538
1027	28,8461538
1027	23,8461538
1027	-12,1538462
1028	2,8461538
1028	-6,1538462
1028	23,8461538
1028	18,8461538
1029	-36,1538462
1029	-0,1538462
1029	23,8461538
1029	7,8461538
1030	17,8461538
1030	27,8461538
1030	0,8461538
1030	-2,1538462
1031	27,8461538
1031	11,8461538
1031	14,8461538
1031	-10,1538462
1032	10,8461538
1032	14,8461538
1032	-2,1538462
1032	5,8461538
1033	15,8461538
1033	6,8461538
1033	17,8461538
1033	23,8461538
1034	16,8461538
1034	2,8461538
1034	2,8461538
1034	-16,1538462
1034	-8,1538462
1035	2,8461538
1035	1,8461538
1035	0,8461538
1035	-4,1538462
1036	46,8461538
1036	6,8461538
1036	22,8461538
1036	17,8461538
1037	2,8461538
1037	-18,1538462
1037	9,8461538
1037	15,8461538
1038	21,8461538
1038	3,8461538
1038	2,8461538
1038	-2,1538462
1039	15,8461538
1039	2,8461538
1039	2,8461538
1039	7,8461538
1039	-2,1538462
1040	17,8461538
1040	26,8461538
1040	24,8461538
1040	13,8461538
1041	23,8461538
1041	4,8461538
1041	9,8461538
1041	5,8461538
1042	26,8461538
1042	8,8461538
1042	-3,1538462
1042	6,8461538
1043	28,8461538
1043	38,8461538
1043	7,8461538
1043	-2,1538462
1044	-0,1538462
1044	-23,1538462
1044	-2,1538462
1044	-11,1538462
1045	-4,1538462
1045	3,8461538
1045	6,8461538
1045	16,8461538
1045	-16,1538462
1046	2,8461538
1046	0,8461538
1046	-25,1538462
1046	-3,1538462
1047	1,8461538
1047	23,8461538
1047	3,8461538
1047	23,8461538
1048	19,8461538
1048	19,8461538
1048	22,8461538
1048	24,8461538
1049	-1,1538462
1049	1,8461538
1049	-9,1538462
1049	19,8461538
1050	20,8461538
1050	-2,1538462
1050	0,8461538
1050	31,8461538
1051	14,8461538
1051	30,8461538
1051	-8,1538462
1051	13,8461538
1051	-7,1538462
1052	3,8461538
1052	10,8461538
1052	-1,1538462
1052	-5,1538462
1053	5,8461538
1053	18,8461538
1053	3,8461538
1053	-9,1538462
1054	13,8461538
1054	13,8461538
1054	3,8461538
1054	-11,1538462
1055	2,8461538
1055	-8,1538462
1055	-9,1538462
1055	13,8461538
1056	4,8461538
1056	-4,1538462
1056	-14,1538462
1056	2,8461538
1056	0,8461538
1057	17,8461538
1057	18,8461538
1057	4,8461538
1057	20,8461538
1058	-5,1538462
1058	-7,1538462
1058	7,8461538
1058	23,8461538
1059	18,8461538
1059	0,8461538
1059	-7,1538462
1059	1,8461538
1060	0,8461538
1060	-2,1538462
1060	-4,1538462
1060	15,8461538
1061	15,8461538
1061	1,8461538
1061	-2,1538462
1061	5,8461538
1062	4,8461538
1062	11,8461538
1062	-8,1538462
1062	38,8461538
1062	6,8461538
1063	2,8461538
1063	-0,1538462
1063	28,8461538
1063	14,8461538
1064	-25,1538462
1064	5,8461538
1064	10,8461538
1064	8,8461538
1065	6,8461538
1065	-1,1538462
1065	-24,1538462
1065	2,8461538
1066	-3,1538462
1066	14,8461538
1066	10,8461538
1066	20,8461538
1067	0,8461538
1067	17,8461538
1067	27,8461538
1067	4,8461538
1067	16,8461538
1068	18,8461538
1068	19,8461538
1068	6,8461538
1068	21,8461538
1069	8,8461538
1069	-5,1538462
1069	9,8461538
1069	8,8461538
1070	11,8461538
1070	2,8461538
1070	13,8461538
1070	28,8461538
1071	13,8461538
1071	17,8461538
1071	-5,1538462
1071	7,8461538
1072	25,8461538
1072	41,8461538
1072	2,8461538
1072	-10,1538462
1072	17,8461538
1073	1,8461538
1073	-10,1538462
1073	1,8461538
1073	-5,1538462
1074	1,8461538
1074	22,8461538
1074	-7,1538462
1074	19,8461538
1075	10,8461538
1075	-2,1538462
1075	7,8461538
1075	12,8461538
1076	5,8461538
1076	2,8461538
1076	10,8461538
1076	2,8461538
1077	19,8461538
1077	-5,1538462
1077	5,8461538
1077	-10,1538462
1077	25,8461538
1078	8,8461538
1078	10,8461538
1078	16,8461538
1078	-5,1538462
1079	31,8461538
1079	17,8461538
1079	0,8461538
1079	16,8461538
1080	29,8461538
1080	-19,1538462
1080	5,8461538
1080	0,8461538
1081	-17,1538462
1081	-1,1538462
1081	14,8461538
1081	8,8461538
1082	15,8461538
1082	-13,1538462
1082	12,8461538
1082	-7,1538462
1082	15,8461538
1083	15,8461538
1083	21,8461538
1083	18,8461538
1083	-0,1538462
1084	10,8461538
1084	-9,1538462
1084	15,8461538
1084	8,8461538
1085	1,8461538
1085	18,8461538
1085	6,8461538
1085	28,8461538
1086	23,8461538
1086	0,8461538
1086	-1,1538462
1086	19,8461538
1087	9,8461538
1087	4,8461538
1087	19,8461538
1087	-9,1538462
1087	33,8461538
1088	14,8461538
1088	19,8461538
1088	3,8461538
1088	-2,1538462
1089	16,8461538
1089	12,8461538
1089	-31,1538462
1089	1,8461538
1090	27,8461538
1090	24,8461538
1090	23,8461538
1090	-3,1538462
1091	-12,1538462
1091	4,8461538
1091	2,8461538
1091	9,8461538
1092	19,8461538
1092	10,8461538
1092	-24,1538462
1092	2,8461538
1092	-1,1538462
1093	-18,1538462
1093	10,8461538
1093	-21,1538462
1093	2,8461538
1094	16,8461538
1094	-4,1538462
1094	-3,1538462
1094	22,8461538
1095	17,8461538
1095	42,8461538
1095	25,8461538
1095	22,8461538
1096	35,8461538
1096	-30,1538462
1096	-17,1538462
1096	12,8461538
1097	7,8461538
1097	-2,1538462
1097	6,8461538
1097	12,8461538
1097	15,8461538
1098	6,8461538
1098	29,8461538
1098	-0,1538462
1098	-17,1538462
1099	14,8461538
1099	4,8461538
1099	8,8461538
1099	25,8461538
1100	27,8461538
1100	-16,1538462
1100	5,8461538
1100	18,8461538
1101	-0,1538462
1101	6,8461538
1101	32,8461538
1101	-8,1538462
1101	-0,1538462
1102	-0,1538462
1102	28,8461538
1102	-2,1538462
1102	16,8461538
1103	6,8461538
1103	8,8461538
1103	5,8461538
1103	12,8461538
1104	-6,1538462
1104	-3,1538462
1104	1,8461538
1104	11,8461538
1105	22,8461538
1105	-7,1538462
1105	18,8461538
1105	26,8461538
1106	37,8461538
1106	-10,1538462
1106	9,8461538
1106	0,8461538
1106	-13,1538462
1107	22,8461538
1107	25,8461538
1107	17,8461538
1107	-9,1538462
1108	-16,1538462
1108	-16,1538462
1108	8,8461538
1108	-0,1538462
1109	12,8461538
1109	17,8461538
1109	-10,1538462
1109	-9,1538462
1110	-5,1538462
1110	29,8461538
1110	18,8461538
1110	-14,1538462
1110	-1,1538462
1111	10,8461538
1111	27,8461538
1111	-7,1538462
1111	6,8461538
1112	3,8461538
1112	28,8461538
1112	32,8461538
1112	7,8461538
1113	-4,1538462
1113	-7,1538462
1113	9,8461538
1113	30,8461538
1114	39,8461538
1114	8,8461538
1114	12,8461538
1114	16,8461538
1115	-4,1538462
1115	10,8461538
1115	-14,1538462
1115	14,8461538
1115	-0,1538462
1116	-15,1538462
1116	1,8461538
1116	-13,1538462
1116	-2,1538462
1117	17,8461538
1117	-3,1538462
1117	24,8461538
1117	1,8461538
1118	6,8461538
