196	6,2307692
196	6,2307692
196	6,2307692
197	-14,7692308
197	2,2307692
197	17,2307692
197	8,2307692
198	12,2307692
198	-15,7692308
198	-16,7692308
199	0,2307692
199	-6,7692308
199	-4,7692308
199	-13,7692308
200	32,2307692
200	-14,7692308
200	12,2307692
200	-22,7692308
201	-8,7692308
201	-17,7692308
201	-10,7692308
201	-26,7692308
202	15,2307692
202	0,2307692
202	-33,7692308
203	-22,7692308
203	-7,7692308
203	6,2307692
203	-3,7692308
204	16,2307692
204	-1,7692308
204	-39,7692308
204	-12,7692308
205	-7,7692308
205	-27,7692308
205	-6,7692308
205	10,2307692
206	-10,7692308
206	3,2307692
206	10,2307692
207	-34,7692308
207	-16,7692308
207	-15,7692308
207	-22,7692308
208	-10,7692308
208	-11,7692308
208	-2,7692308
208	-9,7692308
209	-25,7692308
209	-5,7692308
209	7,2307692
209	-1,7692308
210	28,2307692
210	-26,7692308
210	-11,7692308
211	-6,7692308
211	9,2307692
211	-7,7692308
211	-20,7692308
212	-15,7692308
212	-30,7692308
212	6,2307692
212	-7,7692308
213	14,2307692
213	-31,7692308
213	-4,7692308
213	0,2307692
214	-1,7692308
214	-1,7692308
214	3,2307692
215	0,2307692
215	-16,7692308
215	-7,7692308
215	12,2307692
216	6,2307692
216	-3,7692308
216	20,2307692
216	9,2307692
217	-21,7692308
217	-17,7692308
217	9,2307692
217	-8,7692308
218	-12,7692308
218	-28,7692308
218	-3,7692308
219	17,2307692
219	-25,7692308
219	18,2307692
219	7,2307692
220	1,2307692
220	3,2307692
220	-12,7692308
220	-0,7692308
221	-5,7692308
221	-6,7692308
221	2,2307692
221	-3,7692308
222	3,2307692
222	-14,7692308
222	-1,7692308
223	11,2307692
223	-11,7692308
223	-27,7692308
223	-44,7692308
224	9,2307692
224	-14,7692308
224	2,2307692
224	2,2307692
225	-12,7692308
225	8,2307692
225	-2,7692308
225	6,2307692
226	-7,7692308
226	-19,7692308
226	-24,7692308
227	3,2307692
227	-2,7692308
227	-3,7692308
227	2,2307692
228	-6,7692308
228	-19,7692308
228	15,2307692
228	14,2307692
229	12,2307692
229	-14,7692308
229	-21,7692308
229	-8,7692308
230	13,2307692
230	1,2307692
230	-8,7692308
231	-1,7692308
231	-13,7692308
231	-27,7692308
231	-3,7692308
232	12,2307692
232	-1,7692308
232	10,2307692
232	-19,7692308
233	-16,7692308
233	9,2307692
233	-0,7692308
233	-17,7692308
234	-18,7692308
234	5,2307692
234	-1,7692308
235	10,2307692
235	35,2307692
235	13,2307692
235	4,2307692
236	2,2307692
236	-4,7692308
236	-27,7692308
236	-30,7692308
237	-4,7692308
237	-13,7692308
237	10,2307692
237	4,2307692
238	-4,7692308
238	-14,7692308
238	2,2307692
239	-10,7692308
239	-26,7692308
239	-14,7692308
239	5,2307692
240	-3,7692308
240	6,2307692
240	-21,7692308
240	6,2307692
241	11,2307692
241	-2,7692308
241	5,2307692
241	14,2307692
242	-16,7692308
242	-15,7692308
242	-7,7692308
243	6,2307692
243	5,2307692
243	-18,7692308
243	-40,7692308
244	-5,7692308
244	-24,7692308
244	6,2307692
244	-9,7692308
245	-8,7692308
245	-10,7692308
245	-34,7692308
245	-6,7692308
246	-22,7692308
246	9,2307692
246	-17,7692308
247	-10,7692308
247	-12,7692308
247	-2,7692308
247	22,2307692
248	-8,7692308
248	-11,7692308
248	-8,7692308
248	-6,7692308
249	-6,7692308
249	-18,7692308
249	-14,7692308
249	2,2307692
250	16,2307692
250	21,2307692
250	-2,7692308
251	0,2307692
251	10,2307692
251	-5,7692308
251	-16,7692308
252	-20,7692308
252	-2,7692308
252	19,2307692
252	-9,7692308
253	-3,7692308
253	-4,7692308
253	-43,7692308
253	7,2307692
254	-4,7692308
254	-14,7692308
254	2,2307692
254	-8,7692308
255	-25,7692308
255	-10,7692308
255	-32,7692308
256	-15,7692308
256	-38,7692308
256	2,2307692
256	25,2307692
257	-7,7692308
257	-7,7692308
257	9,2307692
257	3,2307692
258	-2,7692308
258	3,2307692
258	1,2307692
258	-26,7692308
259	-1,7692308
259	-0,7692308
259	-7,7692308
260	-13,7692308
260	-19,7692308
260	-21,7692308
260	-18,7692308
261	-2,7692308
261	10,2307692
261	-6,7692308
261	-20,7692308
262	31,2307692
262	37,2307692
262	6,2307692
262	-9,7692308
263	28,2307692
263	9,2307692
263	5,2307692
264	10,2307692
264	8,2307692
264	0,2307692
264	12,2307692
265	-16,7692308
265	-8,7692308
265	-21,7692308
265	-10,7692308
266	7,2307692
266	-13,7692308
266	-19,7692308
266	-6,7692308
267	23,2307692
267	4,2307692
267	35,2307692
268	26,2307692
268	-0,7692308
268	-6,7692308
268	27,2307692
269	2,2307692
269	10,2307692
269	-14,7692308
269	7,2307692
270	0,2307692
270	-2,7692308
270	-17,7692308
270	13,2307692
271	-3,7692308
271	16,2307692
271	5,2307692
271	-24,7692308
272	-23,7692308
272	2,2307692
272	-17,7692308
273	-12,7692308
273	-10,7692308
273	-5,7692308
273	22,2307692
274	-3,7692308
274	-27,7692308
274	-25,7692308
274	6,2307692
275	25,2307692
275	-24,7692308
275	-9,7692308
275	11,2307692
276	10,2307692
276	6,2307692
276	-12,7692308
277	23,2307692
277	12,2307692
277	4,2307692
277	-24,7692308
278	-13,7692308
278	10,2307692
278	-1,7692308
278	-5,7692308
279	9,2307692
279	8,2307692
279	27,2307692
279	15,2307692
280	-6,7692308
280	2,2307692
280	-22,7692308
280	-14,7692308
281	-7,7692308
281	0,2307692
281	-14,7692308
282	-29,7692308
282	-7,7692308
282	-8,7692308
282	-19,7692308
283	-29,7692308
283	-14,7692308
283	-3,7692308
283	3,2307692
284	7,2307692
284	-12,7692308
284	-53,7692308
284	-7,7692308
285	1,2307692
285	3,2307692
285	-8,7692308
286	22,2307692
286	-8,7692308
286	-30,7692308
286	-8,7692308
287	0,2307692
287	-16,7692308
287	-15,7692308
287	2,2307692
288	1,2307692
288	0,2307692
288	-9,7692308
288	-3,7692308
289	15,2307692
289	-4,7692308
289	-5,7692308
290	1,2307692
290	-12,7692308
290	16,2307692
290	-22,7692308
291	26,2307692
291	22,2307692
291	-4,7692308
291	-1,7692308
292	17,2307692
292	6,2307692
292	7,2307692
292	26,2307692
293	3,2307692
293	7,2307692
293	39,2307692
293	24,2307692
294	21,2307692
294	7,2307692
294	15,2307692
295	35,2307692
295	34,2307692
295	40,2307692
295	34,2307692
296	25,2307692
296	6,2307692
296	12,2307692
296	11,2307692
297	2,2307692
297	29,2307692
297	34,2307692
297	16,2307692
298	42,2307692
298	7,2307692
298	41,2307692
299	19,2307692
299	53,2307692
299	16,2307692
299	13,2307692
300	-7,7692308
300	13,2307692
300	-16,7692308
300	44,2307692
301	15,2307692
301	8,2307692
301	-37,7692308
301	-8,7692308
302	-12,7692308
302	5,2307692
302	-2,7692308
302	27,2307692
303	18,2307692
303	9,2307692
303	3,2307692
304	-5,7692308
304	2,2307692
304	1,2307692
304	-6,7692308
305	8,2307692
305	19,2307692
305	18,2307692
305	-27,7692308
306	4,2307692
306	0,2307692
306	-3,7692308
306	40,2307692
307	39,2307692
307	34,2307692
307	21,2307692
307	31,2307692
308	19,2307692
308	13,2307692
308	33,2307692
309	55,2307692
309	37,2307692
309	50,2307692
309	50,2307692
310	51,2307692
310	59,2307692
310	40,2307692
310	71,2307692
311	70,2307692
311	88,2307692
311	124,2307692
311	108,2307692
312	116,2307692
312	132,2307692
312	120,2307692
313	116,2307692
313	163,2307692
313	150,2307692
313	128,2307692
314	147,2307692
314	149,2307692
314	135,2307692
314	151,2307692
315	150,2307692
315	154,2307692
315	152,2307692
315	129,2307692
316	156,2307692
316	146,2307692
316	144,2307692
316	134,2307692
317	120,2307692
317	93,2307692
317	104,2307692
318	109,2307692
318	89,2307692
318	96,2307692
318	82,2307692
319	62,2307692
319	46,2307692
319	61,2307692
319	36,2307692
320	30,2307692
320	48,2307692
320	40,2307692
320	29,2307692
321	29,2307692
321	-0,7692308
321	11,2307692
321	12,2307692
322	-2,7692308
322	-5,7692308
322	13,2307692
323	6,2307692
323	-2,7692308
323	-4,7692308
323	4,2307692
324	14,2307692
324	12,2307692
324	-7,7692308
324	6,2307692
325	-14,7692308
325	-12,7692308
325	-9,7692308
325	-15,7692308
326	-16,7692308
326	-7,7692308
326	-1,7692308
327	17,2307692
327	12,2307692
327	25,2307692
327	-11,7692308
328	29,2307692
328	3,2307692
328	43,2307692
328	25,2307692
329	20,2307692
329	5,2307692
329	-1,7692308
329	37,2307692
330	22,2307692
330	27,2307692
330	56,2307692
330	48,2307692
331	31,2307692
331	45,2307692
331	87,2307692
332	92,2307692
332	124,2307692
332	142,2307692
332	149,2307692
333	155,2307692
333	131,2307692
333	183,2307692
333	189,2307692
334	195,2307692
334	213,2307692
334	222,2307692
334	234,2307692
335	213,2307692
335	220,2307692
335	216,2307692
335	247,2307692
336	257,2307692
336	290,2307692
336	281,2307692
337	231,2307692
337	281,2307692
337	318,2307692
337	302,2307692
338	302,2307692
338	245,2307692
338	205,2307692
338	220,2307692
339	207,2307692
339	213,2307692
339	236,2307692
339	191,2307692
340	146,2307692
340	142,2307692
340	106,2307692
340	127,2307692
341	108,2307692
341	107,2307692
341	109,2307692
342	108,2307692
342	113,2307692
342	113,2307692
342	52,2307692
343	51,2307692
343	36,2307692
343	19,2307692
343	29,2307692
344	15,2307692
344	31,2307692
344	27,2307692
344	10,2307692
345	-2,7692308
345	-3,7692308
345	-4,7692308
345	32,2307692
346	12,2307692
346	19,2307692
346	2,2307692
347	14,2307692
347	22,2307692
347	26,2307692
347	5,2307692
348	14,2307692
348	26,2307692
348	49,2307692
348	42,2307692
349	35,2307692
349	-3,7692308
349	25,2307692
349	45,2307692
350	25,2307692
350	41,2307692
350	55,2307692
350	61,2307692
351	68,2307692
351	70,2307692
351	60,2307692
352	89,2307692
352	129,2307692
352	135,2307692
352	130,2307692
353	155,2307692
353	137,2307692
353	135,2307692
353	192,2307692
354	173,2307692
354	207,2307692
354	216,2307692
354	198,2307692
355	194,2307692
355	208,2307692
355	175,2307692
355	179,2307692
356	186,2307692
356	197,2307692
356	240,2307692
357	224,2307692
357	192,2307692
357	244,2307692
357	239,2307692
358	271,2307692
358	276,2307692
358	240,2307692
358	208,2307692
359	161,2307692
359	156,2307692
359	171,2307692
359	179,2307692
360	153,2307692
360	120,2307692
360	135,2307692
360	131,2307692
361	121,2307692
361	104,2307692
361	111,2307692
362	115,2307692
362	139,2307692
362	155,2307692
362	117,2307692
363	71,2307692
363	75,2307692
363	27,2307692
363	46,2307692
364	55,2307692
364	19,2307692
364	11,2307692
364	30,2307692
365	19,2307692
365	22,2307692
365	-4,7692308
365	23,2307692
366	3,2307692
366	16,2307692
366	8,2307692
367	34,2307692
367	32,2307692
367	29,2307692
367	37,2307692
368	-3,7692308
368	16,2307692
368	24,2307692
368	14,2307692
369	1,2307692
369	10,2307692
369	1,2307692
369	15,2307692
370	22,2307692
370	27,2307692
370	23,2307692
370	45,2307692
371	43,2307692
371	52,2307692
371	44,2307692
371	62,2307692
372	38,2307692
372	40,2307692
372	58,2307692
373	62,2307692
373	45,2307692
373	55,2307692
373	64,2307692
374	66,2307692
374	76,2307692
374	72,2307692
374	59,2307692
375	53,2307692
375	93,2307692
375	86,2307692
375	97,2307692
376	115,2307692
376	109,2307692
376	110,2307692
376	96,2307692
377	69,2307692
377	103,2307692
377	133,2307692
378	108,2307692
378	85,2307692
378	82,2307692
378	78,2307692
379	97,2307692
379	100,2307692
379	109,2307692
379	82,2307692
380	78,2307692
380	83,2307692
380	95,2307692
380	106,2307692
381	107,2307692
381	78,2307692
381	90,2307692
381	74,2307692
382	69,2307692
382	78,2307692
382	73,2307692
383	31,2307692
383	37,2307692
383	63,2307692
383	44,2307692
384	65,2307692
384	50,2307692
384	56,2307692
384	59,2307692
385	25,2307692
385	65,2307692
385	54,2307692
385	63,2307692
386	40,2307692
386	20,2307692
386	27,2307692
386	37,2307692
387	37,2307692
387	0,2307692
387	17,2307692
387	-10,7692308
388	22,2307692
388	27,2307692
388	37,2307692
389	24,2307692
389	4,2307692
389	10,2307692
389	9,2307692
390	22,2307692
390	13,2307692
390	42,2307692
390	4,2307692
391	26,2307692
391	38,2307692
391	30,2307692
391	8,2307692
392	6,2307692
392	27,2307692
392	16,2307692
392	9,2307692
393	39,2307692
393	20,2307692
393	25,2307692
394	30,2307692
394	30,2307692
394	27,2307692
394	47,2307692
395	7,2307692
395	40,2307692
395	36,2307692
395	22,2307692
396	8,2307692
396	45,2307692
396	24,2307692
396	25,2307692
397	3,2307692
397	56,2307692
397	35,2307692
397	25,2307692
398	55,2307692
398	29,2307692
398	22,2307692
398	37,2307692
399	47,2307692
399	14,2307692
399	40,2307692
400	54,2307692
400	48,2307692
400	58,2307692
400	59,2307692
401	46,2307692
401	45,2307692
401	21,2307692
401	27,2307692
402	45,2307692
402	34,2307692
402	43,2307692
402	23,2307692
403	41,2307692
403	51,2307692
403	23,2307692
403	23,2307692
404	28,2307692
404	75,2307692
404	36,2307692
405	33,2307692
405	58,2307692
405	58,2307692
405	43,2307692
406	66,2307692
406	44,2307692
406	17,2307692
406	42,2307692
407	47,2307692
407	38,2307692
407	14,2307692
407	35,2307692
408	20,2307692
408	-1,7692308
408	-30,7692308
408	11,2307692
409	34,2307692
409	3,2307692
409	12,2307692
409	54,2307692
410	54,2307692
410	56,2307692
410	36,2307692
411	39,2307692
411	30,2307692
411	25,2307692
411	-5,7692308
412	9,2307692
412	23,2307692
412	9,2307692
412	11,2307692
413	-32,7692308
413	-12,7692308
413	8,2307692
413	-5,7692308
414	1,2307692
414	-4,7692308
414	-3,7692308
414	-10,7692308
415	16,2307692
415	21,2307692
415	12,2307692
415	-11,7692308
416	1,2307692
416	-25,7692308
416	6,2307692
417	37,2307692
417	14,2307692
417	0,2307692
417	-6,7692308
418	-1,7692308
418	25,2307692
418	9,2307692
418	-4,7692308
419	23,2307692
419	8,2307692
419	36,2307692
419	-4,7692308
420	8,2307692
420	6,2307692
420	43,2307692
420	5,2307692
421	36,2307692
421	25,2307692
421	8,2307692
421	6,2307692
422	-1,7692308
422	-10,7692308
422	7,2307692
423	15,2307692
423	21,2307692
423	42,2307692
423	22,2307692
424	26,2307692
424	-1,7692308
424	3,2307692
424	19,2307692
425	15,2307692
425	-13,7692308
425	21,2307692
425	17,2307692
426	20,2307692
426	-4,7692308
426	22,2307692
426	2,2307692
427	6,2307692
427	-29,7692308
427	-12,7692308
427	11,2307692
428	19,2307692
428	27,2307692
428	0,2307692
429	22,2307692
429	16,2307692
429	20,2307692
429	53,2307692
430	4,2307692
430	-9,7692308
430	5,2307692
430	17,2307692
431	28,2307692
431	-1,7692308
431	-0,7692308
431	8,2307692
432	18,2307692
432	10,2307692
432	23,2307692
432	7,2307692
433	11,2307692
433	4,2307692
433	3,2307692
433	-15,7692308
434	13,2307692
434	19,2307692
434	0,2307692
435	24,2307692
435	-0,7692308
435	0,2307692
435	13,2307692
436	2,2307692
436	38,2307692
436	12,2307692
436	-7,7692308
437	-3,7692308
437	1,2307692
437	-2,7692308
437	-9,7692308
438	7,2307692
438	44,2307692
438	33,2307692
438	20,2307692
439	12,2307692
439	4,2307692
439	18,2307692
439	16,2307692
440	28,2307692
440	2,2307692
440	8,2307692
441	-11,7692308
441	-11,7692308
441	18,2307692
441	25,2307692
442	-14,7692308
442	-2,7692308
442	29,2307692
442	15,2307692
443	12,2307692
443	14,2307692
443	8,2307692
443	-22,7692308
444	-5,7692308
444	4,2307692
444	8,2307692
444	7,2307692
445	-14,7692308
445	2,2307692
445	19,2307692
445	32,2307692
446	-20,7692308
446	-2,7692308
446	5,2307692
447	37,2307692
447	-2,7692308
447	15,2307692
447	6,2307692
448	33,2307692
448	-23,7692308
448	-5,7692308
448	-21,7692308
449	-10,7692308
449	-0,7692308
449	-9,7692308
449	-12,7692308
450	-1,7692308
450	-30,7692308
450	-10,7692308
450	-0,7692308
451	0,2307692
451	-9,7692308
451	6,2307692
451	6,2307692
452	-14,7692308
452	-15,7692308
452	-0,7692308
452	-5,7692308
453	14,2307692
453	12,2307692
453	-3,7692308
454	-15,7692308
454	22,2307692
454	-5,7692308
454	-17,7692308
455	-12,7692308
455	-0,7692308
455	-1,7692308
455	-20,7692308
456	15,2307692
456	-18,7692308
456	-4,7692308
456	21,2307692
457	-15,7692308
457	11,2307692
457	1,2307692
457	-6,7692308
458	-8,7692308
458	-14,7692308
458	-6,7692308
458	-9,7692308
459	-27,7692308
459	-9,7692308
459	9,2307692
460	30,2307692
460	6,2307692
460	-5,7692308
460	6,2307692
461	-7,7692308
461	-12,7692308
461	-13,7692308
461	13,2307692
462	17,2307692
462	4,2307692
462	-10,7692308
462	16,2307692
463	-1,7692308
463	-11,7692308
463	-13,7692308
463	-28,7692308
464	-10,7692308
464	-5,7692308
464	-0,7692308
464	-33,7692308
465	-2,7692308
465	16,2307692
465	8,2307692
465	23,2307692
466	-4,7692308
466	9,2307692
466	-4,7692308
467	0,2307692
467	10,2307692
467	14,2307692
467	-11,7692308
468	3,2307692
468	35,2307692
468	-9,7692308
468	1,2307692
469	21,2307692
469	-19,7692308
469	-25,7692308
469	-7,7692308
470	10,2307692
470	-7,7692308
470	5,2307692
470	-1,7692308
471	20,2307692
471	3,2307692
471	12,2307692
471	-12,7692308
472	3,2307692
472	13,2307692
472	7,2307692
472	12,2307692
473	-17,7692308
473	22,2307692
473	-5,7692308
474	5,2307692
474	-1,7692308
474	19,2307692
474	-25,7692308
475	-6,7692308
475	24,2307692
475	15,2307692
475	16,2307692
476	-2,7692308
476	4,2307692
476	2,2307692
476	16,2307692
477	-6,7692308
477	-18,7692308
477	-24,7692308
477	12,2307692
478	-14,7692308
478	-1,7692308
478	-12,7692308
478	-10,7692308
479	-15,7692308
479	-19,7692308
479	7,2307692
479	-0,7692308
480	-4,7692308
480	-9,7692308
480	-19,7692308
481	-1,7692308
481	3,2307692
481	2,2307692
481	22,2307692
482	59,2307692
482	-13,7692308
482	-22,7692308
482	22,2307692
483	-25,7692308
483	-2,7692308
483	-11,7692308
483	2,2307692
484	0,2307692
484	32,2307692
484	-1,7692308
484	-19,7692308
485	-10,7692308
485	-12,7692308
485	6,2307692
485	3,2307692
486	-22,7692308
486	10,2307692
486	-4,7692308
486	-13,7692308
487	-27,7692308
487	13,2307692
487	6,2307692
488	-4,7692308
488	1,2307692
488	-24,7692308
488	-4,7692308
489	-6,7692308
489	-1,7692308
489	-2,7692308
489	4,2307692
490	6,2307692
490	15,2307692
490	-13,7692308
490	-6,7692308
491	-1,7692308
491	-5,7692308
491	-19,7692308
491	5,2307692
492	-10,7692308
492	-5,7692308
492	17,2307692
492	-6,7692308
493	-10,7692308
493	-23,7692308
493	-1,7692308
493	-3,7692308
494	-28,7692308
494	1,2307692
494	15,2307692
495	2,2307692
495	-14,7692308
495	17,2307692
495	0,2307692
496	23,2307692
496	11,2307692
496	-3,7692308
496	-15,7692308
497	-10,7692308
497	10,2307692
497	-2,7692308
497	7,2307692
498	-17,7692308
498	-16,7692308
498	3,2307692
498	-23,7692308
499	-9,7692308
499	4,2307692
499	4,2307692
499	39,2307692
500	19,2307692
500	5,2307692
500	-18,7692308
500	1,2307692
501	-6,7692308
501	-21,7692308
501	9,2307692
502	-5,7692308
502	7,2307692
502	-3,7692308
502	-10,7692308
503	-2,7692308
503	-11,7692308
503	14,2307692
503	-9,7692308
504	-1,7692308
504	-8,7692308
504	-9,7692308
504	14,2307692
505	-8,7692308
505	2,2307692
505	-7,7692308
505	0,2307692
506	-2,7692308
506	6,2307692
506	-14,7692308
506	-11,7692308
507	-14,7692308
507	-8,7692308
507	-15,7692308
507	-10,7692308
508	5,2307692
508	16,2307692
508	17,2307692
508	19,2307692
509	8,2307692
509	6,2307692
509	12,2307692
510	-10,7692308
510	-7,7692308
510	1,2307692
510	-7,7692308
511	10,2307692
511	12,2307692
511	-32,7692308
511	-21,7692308
512	-5,7692308
512	-3,7692308
512	3,2307692
512	-13,7692308
513	-40,7692308
513	7,2307692
513	27,2307692
513	-17,7692308
514	-18,7692308
514	2,2307692
514	-2,7692308
514	-0,7692308
515	9,2307692
515	-0,7692308
515	17,2307692
515	-13,7692308
516	7,2307692
516	32,2307692
516	1,2307692
516	-8,7692308
517	-31,7692308
517	-5,7692308
517	-14,7692308
518	-40,7692308
518	-17,7692308
518	3,2307692
518	-20,7692308
519	19,2307692
519	-0,7692308
519	-25,7692308
519	29,2307692
520	-25,7692308
520	8,2307692
520	11,2307692
520	-5,7692308
521	-5,7692308
521	-15,7692308
521	-19,7692308
521	32,2307692
522	21,2307692
522	3,2307692
522	-2,7692308
522	-3,7692308
523	-11,7692308
523	8,2307692
523	10,2307692
523	-10,7692308
524	19,2307692
524	-23,7692308
524	-3,7692308
524	-2,7692308
525	8,2307692
525	-15,7692308
525	19,2307692
526	9,2307692
526	30,2307692
526	6,2307692
526	-0,7692308
527	-17,7692308
527	24,2307692
527	-8,7692308
527	-6,7692308
528	17,2307692
528	21,2307692
528	0,2307692
528	19,2307692
529	17,2307692
529	-17,7692308
529	-25,7692308
529	16,2307692
530	34,2307692
530	-17,7692308
530	-10,7692308
530	1,2307692
531	-4,7692308
531	-17,7692308
531	25,2307692
531	-2,7692308
532	-16,7692308
532	-3,7692308
532	4,2307692
532	-8,7692308
533	-3,7692308
533	-13,7692308
533	-37,7692308
534	-1,7692308
534	23,2307692
534	11,2307692
534	-1,7692308
535	-0,7692308
535	-11,7692308
535	14,2307692
535	-0,7692308
536	14,2307692
536	6,2307692
536	-4,7692308
536	-1,7692308
537	-9,7692308
537	-13,7692308
537	-0,7692308
537	-11,7692308
538	-20,7692308
538	-49,7692308
538	27,2307692
538	-9,7692308
539	10,2307692
539	2,2307692
539	-2,7692308
539	6,2307692
540	-0,7692308
540	-1,7692308
540	1,2307692
540	-8,7692308
541	7,2307692
541	-9,7692308
541	-15,7692308
541	-3,7692308
542	-1,7692308
542	-10,7692308
542	1,2307692
543	-13,7692308
543	-18,7692308
543	-2,7692308
543	39,2307692
544	-21,7692308
544	-24,7692308
544	-18,7692308
544	-3,7692308
545	-38,7692308
545	19,2307692
545	-12,7692308
545	-44,7692308
546	7,2307692
546	-2,7692308
546	-4,7692308
546	1,2307692
547	-19,7692308
547	-18,7692308
547	-5,7692308
547	-13,7692308
548	-3,7692308
548	-15,7692308
548	30,2307692
548	22,2307692
549	-3,7692308
549	33,2307692
549	2,2307692
549	3,2307692
550	6,2307692
550	-10,7692308
550	13,2307692
550	-9,7692308
551	-14,7692308
551	-18,7692308
551	-2,7692308
552	-31,7692308
552	2,2307692
552	-14,7692308
552	0,2307692
553	31,2307692
553	3,2307692
553	-14,7692308
553	10,2307692
554	-5,7692308
554	-11,7692308
554	-2,7692308
554	-40,7692308
555	21,2307692
555	32,2307692
555	-7,7692308
555	-23,7692308
556	4,2307692
556	0,2307692
556	-2,7692308
556	17,2307692
557	25,2307692
557	18,2307692
557	-3,7692308
557	-3,7692308
558	-17,7692308
558	-40,7692308
558	7,2307692
558	18,2307692
559	10,2307692
559	12,2307692
559	-11,7692308
559	-7,7692308
560	-2,7692308
560	28,2307692
560	-6,7692308
561	-2,7692308
561	13,2307692
561	-1,7692308
561	16,2307692
562	-1,7692308
562	-4,7692308
562	6,2307692
562	3,2307692
563	4,2307692
563	-15,7692308
563	1,2307692
563	-1,7692308
564	6,2307692
564	-0,7692308
564	-18,7692308
564	8,2307692
565	9,2307692
565	1,2307692
565	1,2307692
565	-3,7692308
566	-6,7692308
566	-13,7692308
566	-3,7692308
566	12,2307692
567	-0,7692308
567	-15,7692308
567	-10,7692308
567	-3,7692308
568	-22,7692308
568	-25,7692308
568	-10,7692308
568	-9,7692308
569	-23,7692308
569	14,2307692
569	-2,7692308
569	3,2307692
570	-6,7692308
570	-16,7692308
570	3,2307692
571	31,2307692
571	8,2307692
571	-23,7692308
571	11,2307692
572	-24,7692308
572	-11,7692308
572	-15,7692308
572	12,2307692
573	5,2307692
573	-1,7692308
573	-6,7692308
573	-3,7692308
574	-0,7692308
574	-16,7692308
574	-20,7692308
574	7,2307692
575	-11,7692308
575	-14,7692308
575	16,2307692
575	2,2307692
576	2,2307692
576	11,2307692
576	19,2307692
576	-24,7692308
577	-15,7692308
577	16,2307692
577	15,2307692
577	-23,7692308
578	2,2307692
578	-11,7692308
578	-24,7692308
578	2,2307692
579	2,2307692
579	-1,7692308
579	-1,7692308
579	-9,7692308
580	8,2307692
580	3,2307692
580	17,2307692
581	22,2307692
581	-4,7692308
581	15,2307692
581	-16,7692308
582	-17,7692308
582	-14,7692308
582	5,2307692
582	12,2307692
583	-10,7692308
583	-11,7692308
583	-18,7692308
583	1,2307692
584	7,2307692
584	-6,7692308
584	19,2307692
584	32,2307692
585	-0,7692308
585	-0,7692308
585	11,2307692
585	8,2307692
586	-14,7692308
586	-15,7692308
586	-4,7692308
586	8,2307692
587	-3,7692308
587	-33,7692308
587	-24,7692308
587	-4,7692308
588	-11,7692308
588	-11,7692308
588	3,2307692
588	-1,7692308
589	6,2307692
589	-3,7692308
589	1,2307692
589	-18,7692308
590	-20,7692308
590	1,2307692
590	-3,7692308
590	16,2307692
591	-2,7692308
591	18,2307692
591	-14,7692308
592	-10,7692308
592	-5,7692308
592	-3,7692308
592	4,2307692
593	8,2307692
593	-8,7692308
593	-5,7692308
593	8,2307692
594	46,2307692
594	-7,7692308
594	1,2307692
594	10,2307692
595	-5,7692308
595	-18,7692308
595	5,2307692
595	-3,7692308
596	-18,7692308
596	-11,7692308
596	-23,7692308
596	15,2307692
597	22,2307692
597	4,2307692
597	7,2307692
597	-232,7692308
598	-37,7692308
598	-1,7692308
598	-17,7692308
598	-2,7692308
599	-6,7692308
599	-4,7692308
599	-6,7692308
599	-7,7692308
600	-0,7692308
600	-6,7692308
600	-30,7692308
600	-10,7692308
601	-9,7692308
601	-9,7692308
601	-2,7692308
601	8,2307692
602	-1,7692308
602	-14,7692308
602	-6,7692308
603	2,2307692
603	-13,7692308
603	11,2307692
603	-21,7692308
604	-9,7692308
604	11,2307692
604	8,2307692
604	13,2307692
605	-2,7692308
605	-15,7692308
605	2,2307692
605	14,2307692
606	-2,7692308
606	-3,7692308
606	23,2307692
606	0,2307692
607	0,2307692
607	-11,7692308
607	10,2307692
607	-3,7692308
608	-4,7692308
608	7,2307692
608	2,2307692
608	6,2307692
609	-12,7692308
609	-0,7692308
609	0,2307692
609	-18,7692308
610	-28,7692308
610	-13,7692308
610	6,2307692
610	-6,7692308
611	-4,7692308
611	6,2307692
611	0,2307692
611	-18,7692308
612	-17,7692308
612	17,2307692
612	14,2307692
612	-3,7692308
613	-1,7692308
613	6,2307692
613	6,2307692
613	12,2307692
614	12,2307692
614	-6,7692308
614	-11,7692308
614	-0,7692308
615	-6,7692308
615	-4,7692308
615	-10,7692308
616	-31,7692308
616	-19,7692308
616	4,2307692
616	-12,7692308
617	-8,7692308
617	16,2307692
617	1,2307692
617	-23,7692308
618	-17,7692308
618	18,2307692
618	2,2307692
618	5,2307692
619	3,2307692
619	24,2307692
619	-3,7692308
619	-6,7692308
620	25,2307692
620	17,2307692
620	-4,7692308
620	-22,7692308
621	-18,7692308
621	19,2307692
621	-3,7692308
621	-1,7692308
622	-14,7692308
622	-3,7692308
622	-2,7692308
622	-1,7692308
623	-13,7692308
623	-6,7692308
623	1,2307692
623	3,2307692
624	-10,7692308
624	-6,7692308
624	11,2307692
624	-19,7692308
625	-0,7692308
625	-2,7692308
625	-25,7692308
625	-1,7692308
626	4,2307692
626	-1,7692308
626	-3,7692308
626	6,2307692
627	0,2307692
627	1,2307692
627	2,2307692
627	-9,7692308
628	9,2307692
628	13,2307692
628	5,2307692
629	-18,7692308
629	3,2307692
629	-27,7692308
629	-27,7692308
630	-3,7692308
630	-1,7692308
630	-8,7692308
630	-6,7692308
631	-14,7692308
631	3,2307692
631	-5,7692308
631	-1,7692308
632	-4,7692308
632	1,2307692
632	1,2307692
632	-25,7692308
633	-0,7692308
633	14,2307692
633	-4,7692308
633	-12,7692308
634	-7,7692308
634	-10,7692308
634	-9,7692308
634	10,2307692
635	-12,7692308
635	-24,7692308
635	-25,7692308
635	0,2307692
636	-4,7692308
636	6,2307692
636	-14,7692308
636	9,2307692
637	5,2307692
637	2,2307692
637	7,2307692
637	-17,7692308
638	-3,7692308
638	22,2307692
638	-6,7692308
638	-11,7692308
639	-43,7692308
639	-35,7692308
639	3,2307692
639	25,2307692
640	-32,7692308
640	-6,7692308
640	-10,7692308
640	21,2307692
641	-5,7692308
641	-24,7692308
641	6,2307692
641	-8,7692308
642	2,2307692
642	0,2307692
642	12,2307692
642	-15,7692308
643	-14,7692308
643	2,2307692
643	13,2307692
644	10,2307692
644	-16,7692308
644	-11,7692308
644	4,2307692
645	11,2307692
645	-14,7692308
645	-2,7692308
645	2,2307692
646	-16,7692308
646	2,2307692
646	-14,7692308
646	19,2307692
647	21,2307692
647	29,2307692
647	-6,7692308
647	4,2307692
648	26,2307692
648	7,2307692
648	-12,7692308
648	4,2307692
649	-1,7692308
649	22,2307692
649	29,2307692
649	19,2307692
650	7,2307692
650	-10,7692308
650	9,2307692
650	-3,7692308
651	7,2307692
651	17,2307692
651	15,2307692
651	7,2307692
652	5,2307692
652	-15,7692308
652	6,2307692
652	3,2307692
653	17,2307692
653	21,2307692
653	11,2307692
653	3,2307692
654	-33,7692308
654	-0,7692308
654	8,2307692
654	-12,7692308
655	11,2307692
655	8,2307692
655	1,2307692
655	23,2307692
656	21,2307692
656	16,2307692
656	-9,7692308
656	-16,7692308
657	18,2307692
657	-8,7692308
657	-2,7692308
657	10,2307692
658	-6,7692308
658	-8,7692308
658	6,2307692
658	9,2307692
659	21,2307692
659	10,2307692
659	-6,7692308
660	1,2307692
660	1,2307692
660	23,2307692
660	-7,7692308
661	9,2307692
661	17,2307692
661	-3,7692308
661	-17,7692308
662	29,2307692
662	12,2307692
662	0,2307692
662	13,2307692
663	-1,7692308
663	12,2307692
663	23,2307692
663	29,2307692
664	44,2307692
664	2,2307692
664	29,2307692
664	9,2307692
665	34,2307692
665	10,2307692
665	12,2307692
665	6,2307692
666	-6,7692308
666	17,2307692
666	21,2307692
666	-9,7692308
667	17,2307692
667	-0,7692308
667	4,2307692
667	-13,7692308
668	-7,7692308
668	0,2307692
668	19,2307692
668	4,2307692
669	-7,7692308
669	-0,7692308
669	3,2307692
669	-12,7692308
670	4,2307692
670	38,2307692
670	-0,7692308
670	6,2307692
671	28,2307692
671	18,2307692
671	20,2307692
671	23,2307692
672	16,2307692
672	6,2307692
672	21,2307692
672	10,2307692
673	8,2307692
673	-29,7692308
673	-3,7692308
673	26,2307692
674	7,2307692
674	33,2307692
674	-1,7692308
674	6,2307692
675	-14,7692308
675	14,2307692
675	-25,7692308
675	14,2307692
676	-5,7692308
676	11,2307692
676	1,2307692
676	-6,7692308
677	1,2307692
677	-1,7692308
677	-6,7692308
677	-5,7692308
678	5,2307692
678	12,2307692
678	6,2307692
678	-1,7692308
679	-15,7692308
679	-13,7692308
679	16,2307692
680	4,2307692
680	-5,7692308
680	34,2307692
680	10,2307692
681	-26,7692308
681	-14,7692308
681	10,2307692
681	-1,7692308
682	5,2307692
682	-4,7692308
682	4,2307692
682	1,2307692
683	3,2307692
683	4,2307692
683	8,2307692
683	16,2307692
684	6,2307692
684	2,2307692
684	1,2307692
684	5,2307692
685	18,2307692
685	-6,7692308
685	-9,7692308
685	-24,7692308
686	-1,7692308
686	10,2307692
686	5,2307692
686	4,2307692
687	9,2307692
687	2,2307692
687	-9,7692308
687	3,2307692
688	-6,7692308
688	1,2307692
688	-18,7692308
688	-17,7692308
689	-22,7692308
689	-0,7692308
689	10,2307692
689	-3,7692308
690	5,2307692
690	-14,7692308
690	-23,7692308
690	-0,7692308
691	24,2307692
691	-14,7692308
691	5,2307692
691	20,2307692
692	15,2307692
692	5,2307692
692	3,2307692
692	-9,7692308
693	9,2307692
693	-29,7692308
693	-34,7692308
693	-28,7692308
694	-1,7692308
694	11,2307692
694	5,2307692
694	8,2307692
695	-13,7692308
695	-9,7692308
695	-3,7692308
695	-24,7692308
696	-29,7692308
696	-2,7692308
696	-26,7692308
696	-13,7692308
697	-18,7692308
697	-11,7692308
697	-7,7692308
697	4,2307692
698	-8,7692308
698	-30,7692308
698	-32,7692308
698	-4,7692308
699	-6,7692308
699	-8,7692308
699	1,2307692
699	-20,7692308
700	-4,7692308
700	-19,7692308
700	2,2307692
700	-16,7692308
701	-6,7692308
701	-18,7692308
701	7,2307692
701	4,2307692
702	-8,7692308
702	-21,7692308
702	-24,7692308
702	-35,7692308
703	-13,7692308
703	-8,7692308
703	-1,7692308
703	-6,7692308
704	-17,7692308
704	-8,7692308
704	2,2307692
704	20,2307692
705	7,2307692
705	0,2307692
705	14,2307692
706	3,2307692
706	15,2307692
706	-5,7692308
706	-1,7692308
707	-16,7692308
707	-20,7692308
707	8,2307692
707	3,2307692
708	0,2307692
708	11,2307692
708	-4,7692308
708	-6,7692308
709	-9,7692308
709	7,2307692
709	-2,7692308
709	-28,7692308
710	-17,7692308
710	-18,7692308
710	-21,7692308
710	3,2307692
711	-5,7692308
711	-0,7692308
711	-0,7692308
711	-27,7692308
712	23,2307692
712	-25,7692308
712	-8,7692308
712	-12,7692308
713	-7,7692308
713	-1,7692308
713	-0,7692308
713	1,2307692
714	13,2307692
714	5,2307692
714	-13,7692308
714	-9,7692308
715	-10,7692308
715	-8,7692308
715	-3,7692308
715	-26,7692308
716	4,2307692
716	1,2307692
716	-8,7692308
716	1,2307692
717	-9,7692308
717	-6,7692308
717	6,2307692
717	4,2307692
718	-7,7692308
718	1,2307692
718	-25,7692308
718	-1,7692308
719	2,2307692
719	-19,7692308
719	-2,7692308
719	-44,7692308
720	-25,7692308
720	-29,7692308
720	-11,7692308
720	4,2307692
721	16,2307692
721	-3,7692308
721	8,2307692
721	-7,7692308
722	7,2307692
722	-6,7692308
722	-20,7692308
722	-48,7692308
723	11,2307692
723	18,2307692
723	-12,7692308
723	-0,7692308
724	-5,7692308
724	31,2307692
724	-11,7692308
724	-6,7692308
725	13,2307692
725	-2,7692308
725	-13,7692308
725	-15,7692308
726	-33,7692308
726	6,2307692
726	30,2307692
726	5,2307692
727	4,2307692
727	-43,7692308
727	2,2307692
727	-3,7692308
728	-7,7692308
728	-0,7692308
728	3,2307692
728	-12,7692308
729	-12,7692308
729	6,2307692
729	16,2307692
729	8,2307692
730	26,2307692
730	-16,7692308
730	-19,7692308
730	-22,7692308
731	12,2307692
731	8,2307692
731	-19,7692308
731	15,2307692
732	-2,7692308
732	-11,7692308
732	0,2307692
732	10,2307692
733	-9,7692308
733	-24,7692308
733	-3,7692308
733	10,2307692
734	-16,7692308
734	-12,7692308
734	1,2307692
734	-4,7692308
735	-35,7692308
735	-18,7692308
735	25,2307692
735	13,2307692
736	-32,7692308
736	-12,7692308
736	-33,7692308
736	13,2307692
737	0,2307692
737	-25,7692308
737	-27,7692308
737	9,2307692
738	-4,7692308
738	-4,7692308
738	-16,7692308
738	1,2307692
739	11,2307692
739	21,2307692
739	-4,7692308
739	10,2307692
740	1,2307692
740	-9,7692308
740	-9,7692308
740	-7,7692308
741	-8,7692308
741	-13,7692308
741	11,2307692
741	-14,7692308
742	5,2307692
742	9,2307692
742	-17,7692308
742	-15,7692308
743	-20,7692308
743	26,2307692
743	0,2307692
743	4,2307692
744	8,2307692
744	3,2307692
744	-6,7692308
744	18,2307692
745	-8,7692308
745	10,2307692
745	-9,7692308
745	-39,7692308
746	-34,7692308
746	-6,7692308
746	-5,7692308
746	10,2307692
747	11,2307692
747	6,2307692
747	2,2307692
747	-5,7692308
748	8,2307692
748	5,2307692
748	-26,7692308
748	14,2307692
749	-0,7692308
749	25,2307692
749	-7,7692308
749	-17,7692308
750	-9,7692308
750	7,2307692
750	-0,7692308
750	-7,7692308
751	14,2307692
751	-8,7692308
751	-16,7692308
751	22,2307692
752	3,2307692
752	13,2307692
752	-3,7692308
752	9,2307692
753	-9,7692308
753	-1,7692308
753	-12,7692308
753	10,2307692
754	-5,7692308
754	-11,7692308
754	-23,7692308
754	1,2307692
755	-6,7692308
755	-11,7692308
755	13,2307692
755	-17,7692308
756	10,2307692
756	-12,7692308
756	-10,7692308
756	2,2307692
757	-19,7692308
757	7,2307692
757	-4,7692308
757	5,2307692
758	3,2307692
758	-6,7692308
758	-20,7692308
758	18,2307692
759	13,2307692
759	19,2307692
759	11,2307692
759	6,2307692
760	19,2307692
760	-7,7692308
760	-0,7692308
760	-1,7692308
761	8,2307692
761	4,2307692
761	-8,7692308
761	-4,7692308
762	7,2307692
762	2,2307692
762	-2,7692308
762	-34,7692308
763	-5,7692308
763	-4,7692308
763	-3,7692308
763	-0,7692308
764	12,2307692
764	-8,7692308
764	0,2307692
764	-3,7692308
765	0,2307692
765	9,2307692
765	3,2307692
765	13,2307692
766	-18,7692308
766	-5,7692308
766	-6,7692308
766	0,2307692
767	-11,7692308
767	1,2307692
767	6,2307692
767	1,2307692
768	-3,7692308
768	4,2307692
768	6,2307692
768	18,2307692
769	-6,7692308
769	5,2307692
769	-8,7692308
769	-11,7692308
770	23,2307692
770	-10,7692308
770	-17,7692308
770	-23,7692308
771	3,2307692
771	-23,7692308
771	-6,7692308
771	4,2307692
772	13,2307692
772	10,2307692
772	11,2307692
772	-10,7692308
773	-28,7692308
773	7,2307692
773	-6,7692308
773	10,2307692
774	22,2307692
774	-4,7692308
774	-13,7692308
774	-8,7692308
775	-14,7692308
775	-7,7692308
775	-20,7692308
775	4,2307692
776	4,2307692
776	-2,7692308
776	20,2307692
776	-13,7692308
777	18,2307692
777	-2,7692308
777	2,2307692
777	-12,7692308
778	-11,7692308
778	-12,7692308
778	8,2307692
778	17,2307692
779	17,2307692
779	-11,7692308
779	-3,7692308
779	14,2307692
780	14,2307692
780	-5,7692308
780	11,2307692
780	1,2307692
781	9,2307692
781	-1,7692308
781	8,2307692
781	5,2307692
782	16,2307692
782	7,2307692
782	-13,7692308
782	11,2307692
783	-0,7692308
783	-11,7692308
783	2,2307692
783	-23,7692308
784	-18,7692308
784	19,2307692
784	1,2307692
784	-21,7692308
785	-4,7692308
785	4,2307692
785	-24,7692308
785	-8,7692308
786	-11,7692308
786	-17,7692308
786	7,2307692
786	9,2307692
787	1,2307692
787	11,2307692
787	-1,7692308
787	-23,7692308
788	-22,7692308
788	0,2307692
788	-18,7692308
788	-10,7692308
789	1,2307692
789	-4,7692308
789	-9,7692308
789	-12,7692308
790	-3,7692308
790	-7,7692308
790	-15,7692308
790	-6,7692308
791	-11,7692308
791	10,2307692
791	-26,7692308
791	-27,7692308
792	-9,7692308
792	-18,7692308
792	32,2307692
792	1,2307692
793	-7,7692308
793	1,2307692
793	-5,7692308
793	8,2307692
794	-8,7692308
794	-13,7692308
794	1,2307692
794	-20,7692308
795	-9,7692308
795	6,2307692
795	-21,7692308
795	-16,7692308
796	10,2307692
796	0,2307692
796	-24,7692308
796	-9,7692308
797	-11,7692308
797	-5,7692308
797	17,2307692
797	-20,7692308
798	-11,7692308
798	4,2307692
798	-1,7692308
798	33,2307692
799	-16,7692308
799	-9,7692308
799	-9,7692308
799	-34,7692308
800	-16,7692308
800	8,2307692
800	12,2307692
800	-18,7692308
801	-0,7692308
801	1,2307692
801	4,2307692
801	-9,7692308
802	-18,7692308
802	6,2307692
802	-9,7692308
802	-27,7692308
803	-17,7692308
803	-21,7692308
803	-10,7692308
803	1,2307692
804	1,2307692
804	-9,7692308
804	-32,7692308
804	25,2307692
805	-1,7692308
805	-45,7692308
805	13,2307692
805	-26,7692308
806	-26,7692308
806	-6,7692308
806	54,2307692
806	0,2307692
807	-3,7692308
807	6,2307692
807	6,2307692
807	-5,7692308
808	-9,7692308
808	-7,7692308
808	1,2307692
808	-5,7692308
809	-25,7692308
809	12,2307692
809	-1,7692308
809	-5,7692308
810	-4,7692308
810	-16,7692308
810	-15,7692308
810	-14,7692308
811	-4,7692308
811	-5,7692308
811	4,2307692
811	-13,7692308
812	-4,7692308
812	14,2307692
812	7,2307692
812	-19,7692308
813	-32,7692308
813	4,2307692
813	-5,7692308
813	-15,7692308
814	-11,7692308
814	-2,7692308
814	-23,7692308
814	-10,7692308
815	4,2307692
815	-6,7692308
815	11,2307692
815	-25,7692308
816	33,2307692
816	19,2307692
816	-1,7692308
816	-0,7692308
817	-18,7692308
817	-3,7692308
817	-9,7692308
817	5,2307692
818	-9,7692308
818	20,2307692
818	-41,7692308
818	-16,7692308
819	-2,7692308
819	9,2307692
819	-15,7692308
819	-20,7692308
820	-1,7692308
820	-36,7692308
820	-22,7692308
820	5,2307692
820	-19,7692308
821	-16,7692308
821	-23,7692308
821	-10,7692308
821	-21,7692308
822	-3,7692308
822	-16,7692308
822	-28,7692308
822	-30,7692308
823	-25,7692308
823	-4,7692308
823	-32,7692308
823	9,2307692
824	-4,7692308
824	9,2307692
824	-16,7692308
824	-13,7692308
825	1,2307692
825	4,2307692
825	-2,7692308
825	14,2307692
826	10,2307692
826	9,2307692
826	-2,7692308
826	7,2307692
827	-5,7692308
827	3,2307692
827	1,2307692
827	-17,7692308
828	-5,7692308
828	-22,7692308
828	-1,7692308
828	-16,7692308
829	33,2307692
829	4,2307692
829	11,2307692
829	-12,7692308
830	-9,7692308
830	2,2307692
830	-17,7692308
830	9,2307692
831	5,2307692
831	-9,7692308
831	-20,7692308
831	-2,7692308
832	1,2307692
832	-1,7692308
832	-1,7692308
832	-31,7692308
833	-1,7692308
833	-23,7692308
833	-38,7692308
833	-5,7692308
834	-3,7692308
834	-3,7692308
834	-3,7692308
834	-2,7692308
835	-2,7692308
835	13,2307692
835	-2,7692308
835	19,2307692
836	5,2307692
836	-26,7692308
836	7,2307692
836	2,2307692
837	-15,7692308
837	-24,7692308
837	-18,7692308
837	-7,7692308
838	-15,7692308
838	0,2307692
838	8,2307692
838	-2,7692308
839	-11,7692308
839	-6,7692308
839	5,2307692
839	39,2307692
840	1,2307692
840	-21,7692308
840	-12,7692308
840	-20,7692308
841	-19,7692308
841	18,2307692
841	-2,7692308
841	-8,7692308
842	-10,7692308
842	19,2307692
842	-8,7692308
842	36,2307692
843	31,2307692
843	14,2307692
843	-2,7692308
843	-4,7692308
844	3,2307692
844	22,2307692
844	-0,7692308
844	-7,7692308
845	-6,7692308
845	8,2307692
845	-6,7692308
845	1,2307692
845	-16,7692308
846	-16,7692308
846	8,2307692
846	1,2307692
846	16,2307692
847	0,2307692
847	-16,7692308
847	-4,7692308
847	-8,7692308
848	1,2307692
848	-30,7692308
848	13,2307692
848	-6,7692308
849	16,2307692
849	-20,7692308
849	-8,7692308
849	-2,7692308
850	6,2307692
850	-0,7692308
850	-3,7692308
850	28,2307692
851	-3,7692308
851	-20,7692308
851	6,2307692
851	1,2307692
852	-42,7692308
852	-18,7692308
852	-1,7692308
852	-13,7692308
853	-9,7692308
853	-20,7692308
853	-39,7692308
853	-13,7692308
854	-10,7692308
854	-2,7692308
854	-4,7692308
854	-15,7692308
855	-0,7692308
855	8,2307692
855	1,2307692
855	-14,7692308
856	2,2307692
856	19,2307692
856	-6,7692308
856	-22,7692308
857	7,2307692
857	20,2307692
857	18,2307692
857	10,2307692
858	19,2307692
858	-10,7692308
858	-6,7692308
858	7,2307692
859	-3,7692308
859	-10,7692308
859	5,2307692
859	9,2307692
860	-4,7692308
860	-4,7692308
860	24,2307692
860	4,2307692
861	14,2307692
861	-2,7692308
861	-4,7692308
861	11,2307692
862	19,2307692
862	16,2307692
862	-25,7692308
862	0,2307692
863	-2,7692308
863	-6,7692308
863	1,2307692
863	9,2307692
864	23,2307692
864	-20,7692308
864	-13,7692308
864	-0,7692308
864	-6,7692308
865	-6,7692308
865	0,2307692
865	-11,7692308
865	-10,7692308
866	-21,7692308
866	-27,7692308
866	8,2307692
866	6,2307692
867	7,2307692
867	-15,7692308
867	-21,7692308
867	17,2307692
868	17,2307692
868	-30,7692308
868	-19,7692308
868	-3,7692308
869	18,2307692
869	15,2307692
869	-25,7692308
869	-17,7692308
870	5,2307692
870	-3,7692308
870	-14,7692308
870	4,2307692
871	8,2307692
871	-7,7692308
871	-11,7692308
871	-35,7692308
872	-4,7692308
872	-8,7692308
872	7,2307692
872	-1,7692308
873	-0,7692308
873	-16,7692308
873	-26,7692308
873	-2,7692308
874	8,2307692
874	-16,7692308
874	-13,7692308
874	-12,7692308
875	-1,7692308
875	-20,7692308
875	-28,7692308
875	21,2307692
876	-24,7692308
876	-3,7692308
876	-10,7692308
876	0,2307692
877	9,2307692
877	-11,7692308
877	8,2307692
877	-14,7692308
878	-5,7692308
878	-40,7692308
878	11,2307692
878	45,2307692
879	18,2307692
879	-41,7692308
879	-1,7692308
879	-12,7692308
880	8,2307692
880	10,2307692
880	9,2307692
880	-6,7692308
880	6,2307692
881	21,2307692
881	-11,7692308
881	-13,7692308
881	-20,7692308
882	-3,7692308
882	-4,7692308
882	4,2307692
882	15,2307692
883	-5,7692308
883	-21,7692308
883	-4,7692308
883	-28,7692308
884	2,2307692
884	-5,7692308
884	-12,7692308
884	8,2307692
885	4,2307692
885	-1,7692308
885	4,2307692
885	7,2307692
886	1,2307692
886	-3,7692308
886	-2,7692308
886	-33,7692308
887	-12,7692308
887	2,2307692
887	-44,7692308
887	-23,7692308
888	-5,7692308
888	-9,7692308
888	-19,7692308
888	-14,7692308
889	-30,7692308
889	-14,7692308
889	-28,7692308
889	8,2307692
890	19,2307692
890	-41,7692308
890	5,2307692
890	17,2307692
891	-15,7692308
891	7,2307692
891	2,2307692
891	25,2307692
892	-3,7692308
892	-2,7692308
892	-26,7692308
892	36,2307692
893	-0,7692308
893	-22,7692308
893	-6,7692308
893	-12,7692308
894	-0,7692308
894	-9,7692308
894	5,2307692
894	-8,7692308
894	-10,7692308
895	-13,7692308
895	-10,7692308
895	-12,7692308
895	-1,7692308
896	-6,7692308
896	3,2307692
896	17,2307692
896	29,2307692
897	-8,7692308
897	-1,7692308
897	7,2307692
897	14,2307692
898	5,2307692
898	-28,7692308
898	-25,7692308
898	-14,7692308
899	-26,7692308
899	-34,7692308
899	-15,7692308
899	-13,7692308
900	9,2307692
900	0,2307692
900	-18,7692308
900	-11,7692308
901	27,2307692
901	-0,7692308
901	1,2307692
901	-2,7692308
902	3,2307692
902	-1,7692308
902	-4,7692308
902	-9,7692308
903	-23,7692308
903	-21,7692308
903	-39,7692308
903	-4,7692308
904	-4,7692308
904	7,2307692
904	-4,7692308
904	-0,7692308
905	10,2307692
905	3,2307692
905	-21,7692308
905	17,2307692
906	19,2307692
906	5,2307692
906	21,2307692
906	4,2307692
906	-23,7692308
907	12,2307692
907	8,2307692
907	6,2307692
907	3,2307692
908	-16,7692308
908	25,2307692
908	30,2307692
908	-20,7692308
909	-11,7692308
909	-33,7692308
909	-13,7692308
909	-12,7692308
910	-12,7692308
910	-21,7692308
910	-1,7692308
910	2,2307692
911	5,2307692
911	-7,7692308
911	6,2307692
911	12,2307692
912	-13,7692308
912	-2,7692308
912	-8,7692308
912	10,2307692
913	-16,7692308
913	-27,7692308
913	-11,7692308
913	-18,7692308
914	-4,7692308
914	-19,7692308
914	-3,7692308
914	-11,7692308
915	-25,7692308
915	-15,7692308
915	0,2307692
915	4,2307692
916	0,2307692
916	7,2307692
916	2,2307692
916	7,2307692
917	-8,7692308
917	26,2307692
917	-10,7692308
917	-7,7692308
917	-35,7692308
918	6,2307692
918	-2,7692308
918	-35,7692308
918	-5,7692308
919	-8,7692308
919	-3,7692308
919	13,2307692
919	-24,7692308
920	-8,7692308
920	7,2307692
920	13,2307692
920	5,2307692
921	-3,7692308
921	1,2307692
921	5,2307692
921	-17,7692308
922	-9,7692308
922	5,2307692
922	-10,7692308
922	-29,7692308
923	-13,7692308
923	-1,7692308
923	-6,7692308
923	-8,7692308
924	-11,7692308
924	-26,7692308
924	-39,7692308
924	-12,7692308
925	-19,7692308
925	-13,7692308
925	8,2307692
925	9,2307692
926	10,2307692
926	0,2307692
926	-10,7692308
926	-6,7692308
927	-25,7692308
927	-13,7692308
927	-10,7692308
927	1,2307692
928	-49,7692308
928	-36,7692308
928	-16,7692308
928	-15,7692308
928	3,2307692
929	2,2307692
929	-9,7692308
929	1,2307692
929	-13,7692308
930	-0,7692308
930	-4,7692308
930	-11,7692308
930	-10,7692308
931	11,2307692
931	0,2307692
931	15,2307692
931	0,2307692
932	-25,7692308
932	-15,7692308
932	-12,7692308
932	-12,7692308
933	5,2307692
933	-38,7692308
933	-7,7692308
933	-17,7692308
934	-4,7692308
934	11,2307692
934	4,2307692
934	12,2307692
935	15,2307692
935	3,2307692
935	-19,7692308
935	-7,7692308
936	3,2307692
936	2,2307692
936	13,2307692
936	-9,7692308
937	8,2307692
937	6,2307692
937	-2,7692308
937	-18,7692308
938	8,2307692
938	15,2307692
938	7,2307692
938	19,2307692
938	24,2307692
939	23,2307692
939	-13,7692308
939	24,2307692
939	-1,7692308
940	-16,7692308
940	-10,7692308
940	-27,7692308
940	-11,7692308
941	-30,7692308
941	-21,7692308
941	-7,7692308
941	-12,7692308
942	-17,7692308
942	-18,7692308
942	1,2307692
942	4,2307692
943	0,2307692
943	-7,7692308
943	-23,7692308
943	-6,7692308
944	-18,7692308
944	-18,7692308
944	11,2307692
944	10,2307692
945	-3,7692308
945	-18,7692308
945	-16,7692308
945	-19,7692308
946	6,2307692
946	-3,7692308
946	3,2307692
946	-5,7692308
947	-4,7692308
947	10,2307692
947	-10,7692308
947	-25,7692308
947	1,2307692
948	15,2307692
948	-16,7692308
948	-10,7692308
948	7,2307692
949	21,2307692
949	-40,7692308
949	3,2307692
949	3,2307692
950	-3,7692308
950	-11,7692308
950	-39,7692308
950	-22,7692308
951	-18,7692308
951	-12,7692308
951	18,2307692
951	-1,7692308
952	-8,7692308
952	15,2307692
952	-10,7692308
952	11,2307692
953	-26,7692308
953	1,2307692
953	13,2307692
953	-1,7692308
954	-41,7692308
954	-2,7692308
954	-3,7692308
954	0,2307692
955	-9,7692308
955	-12,7692308
955	-25,7692308
955	-29,7692308
956	1,2307692
956	23,2307692
956	-8,7692308
956	-10,7692308
956	-23,7692308
957	13,2307692
957	0,2307692
957	-5,7692308
957	-12,7692308
958	-11,7692308
958	-14,7692308
958	11,2307692
958	4,2307692
959	-29,7692308
959	10,2307692
959	-15,7692308
959	-19,7692308
960	50,2307692
960	25,2307692
960	-12,7692308
960	-27,7692308
961	-4,7692308
961	-13,7692308
961	-4,7692308
961	-5,7692308
962	-8,7692308
962	-20,7692308
962	-27,7692308
962	11,2307692
963	-5,7692308
963	36,2307692
963	32,2307692
963	-7,7692308
964	-21,7692308
964	4,2307692
964	-37,7692308
964	-24,7692308
964	-14,7692308
965	12,2307692
965	-22,7692308
965	-9,7692308
965	-36,7692308
966	-0,7692308
966	-13,7692308
966	-4,7692308
966	0,2307692
967	-14,7692308
967	-10,7692308
967	-9,7692308
967	-19,7692308
968	-7,7692308
968	19,2307692
968	-15,7692308
968	24,2307692
969	13,2307692
969	-5,7692308
969	-0,7692308
969	-21,7692308
970	7,2307692
970	-37,7692308
970	-2,7692308
970	-2,7692308
971	-7,7692308
971	-4,7692308
971	-10,7692308
971	-0,7692308
972	-5,7692308
972	-13,7692308
972	15,2307692
972	-10,7692308
972	-23,7692308
973	-38,7692308
973	-14,7692308
973	-8,7692308
973	-33,7692308
974	-16,7692308
974	-11,7692308
974	-7,7692308
974	-12,7692308
975	0,2307692
975	-9,7692308
975	-11,7692308
975	0,2307692
976	0,2307692
976	-19,7692308
976	7,2307692
976	-5,7692308
977	10,2307692
977	2,2307692
977	-24,7692308
977	3,2307692
978	26,2307692
978	1,2307692
978	-7,7692308
978	-20,7692308
979	0,2307692
979	0,2307692
979	9,2307692
979	-3,7692308
980	-21,7692308
980	-3,7692308
980	-16,7692308
980	-15,7692308
980	-21,7692308
981	-15,7692308
981	-15,7692308
981	12,2307692
981	-7,7692308
982	-30,7692308
982	-18,7692308
982	2,2307692
982	16,2307692
983	6,2307692
983	1,2307692
983	-9,7692308
983	12,2307692
984	1,2307692
984	8,2307692
984	-8,7692308
984	-1,7692308
985	3,2307692
985	18,2307692
985	-4,7692308
985	0,2307692
986	-4,7692308
986	2,2307692
986	14,2307692
986	5,2307692
987	-16,7692308
987	21,2307692
987	3,2307692
987	-13,7692308
988	4,2307692
988	-1,7692308
988	-12,7692308
988	-4,7692308
988	-1,7692308
989	-9,7692308
989	4,2307692
989	10,2307692
989	-1,7692308
990	-1,7692308
990	-7,7692308
990	-30,7692308
990	-31,7692308
991	-21,7692308
991	-1,7692308
991	-27,7692308
991	6,2307692
992	-12,7692308
992	-8,7692308
992	-4,7692308
992	-4,7692308
993	17,2307692
993	-5,7692308
993	5,2307692
993	14,2307692
994	3,2307692
994	-3,7692308
994	-8,7692308
994	-2,7692308
995	-2,7692308
995	-7,7692308
995	-2,7692308
995	24,2307692
995	2,2307692
996	-0,7692308
996	4,2307692
996	-4,7692308
996	-4,7692308
997	14,2307692
997	-32,7692308
997	-18,7692308
997	46,2307692
998	-5,7692308
998	-19,7692308
998	-30,7692308
998	4,2307692
999	-4,7692308
999	1,2307692
999	-0,7692308
999	-11,7692308
1000	-24,7692308
1000	12,2307692
1000	-5,7692308
1000	-22,7692308
1001	1,2307692
1001	7,2307692
1001	-3,7692308
1001	-14,7692308
1002	-17,7692308
1002	3,2307692
1002	3,2307692
1002	2,2307692
1002	-6,7692308
1003	12,2307692
1003	-3,7692308
1003	19,2307692
1003	7,2307692
1004	24,2307692
1004	-0,7692308
1004	3,2307692
1004	9,2307692
1005	-8,7692308
1005	-19,7692308
1005	-0,7692308
1005	-0,7692308
1006	-25,7692308
1006	-3,7692308
1006	-11,7692308
1006	-14,7692308
1007	1,2307692
1007	1,2307692
1007	-23,7692308
1007	-7,7692308
1008	-14,7692308
1008	-1,7692308
1008	7,2307692
1008	10,2307692
1008	-4,7692308
1009	1,2307692
1009	-6,7692308
1009	0,2307692
1009	11,2307692
1010	-25,7692308
1010	-16,7692308
1010	-12,7692308
1010	3,2307692
1011	-1,7692308
1011	-1,7692308
1011	-13,7692308
1011	10,2307692
1012	-8,7692308
1012	-19,7692308
1012	-18,7692308
1012	-10,7692308
1013	-16,7692308
1013	-36,7692308
1013	0,2307692
1013	11,2307692
1014	9,2307692
1014	-27,7692308
1014	15,2307692
1014	-0,7692308
1015	-14,7692308
1015	-13,7692308
1015	0,2307692
1015	-4,7692308
1015	31,2307692
1016	14,2307692
1016	19,2307692
1016	-9,7692308
1016	-23,7692308
1017	-10,7692308
1017	3,2307692
1017	-1,7692308
1017	-13,7692308
1018	5,2307692
1018	-2,7692308
1018	-25,7692308
1018	-18,7692308
1019	-33,7692308
1019	13,2307692
1019	-3,7692308
1019	-12,7692308
1020	-12,7692308
1020	-6,7692308
1020	-0,7692308
1020	-9,7692308
1021	-14,7692308
1021	-13,7692308
1021	2,2307692
1021	4,2307692
1021	-7,7692308
1022	1,2307692
1022	14,2307692
1022	-2,7692308
1022	-7,7692308
1023	-19,7692308
1023	2,2307692
1023	-17,7692308
1023	-9,7692308
1024	-12,7692308
1024	-47,7692308
1024	4,2307692
1024	6,2307692
1025	-3,7692308
1025	-25,7692308
1025	-23,7692308
1025	-19,7692308
1026	-13,7692308
1026	-3,7692308
1026	3,2307692
1026	-13,7692308
1027	-7,7692308
1027	-19,7692308
1027	1,2307692
1027	12,2307692
1027	-26,7692308
1028	-5,7692308
1028	-4,7692308
1028	-11,7692308
1028	9,2307692
1029	-33,7692308
1029	-0,7692308
1029	8,2307692
1029	16,2307692
1030	6,2307692
1030	-22,7692308
1030	-13,7692308
1030	-6,7692308
1031	18,2307692
1031	27,2307692
1031	-6,7692308
1031	-40,7692308
1032	0,2307692
1032	9,2307692
1032	-14,7692308
1032	-2,7692308
1033	20,2307692
1033	12,2307692
1033	-20,7692308
1033	-10,7692308
1034	-8,7692308
1034	-12,7692308
1034	-29,7692308
1034	-12,7692308
1034	-31,7692308
1035	6,2307692
1035	-24,7692308
1035	-17,7692308
1035	-3,7692308
1036	7,2307692
1036	-0,7692308
1036	2,2307692
1036	-10,7692308
1037	-13,7692308
1037	-19,7692308
1037	-12,7692308
1037	4,2307692
1038	16,2307692
1038	1,2307692
1038	7,2307692
1038	20,2307692
1039	20,2307692
1039	1,2307692
1039	-10,7692308
1039	-16,7692308
1039	6,2307692
1040	-5,7692308
1040	14,2307692
1040	5,2307692
1040	-8,7692308
1041	-16,7692308
1041	-33,7692308
1041	-16,7692308
1041	20,2307692
1042	9,2307692
1042	11,2307692
1042	19,2307692
1042	0,2307692
1043	-13,7692308
1043	19,2307692
1043	-0,7692308
1043	-8,7692308
1044	-0,7692308
1044	-31,7692308
1044	3,2307692
1044	-9,7692308
1045	-3,7692308
1045	-46,7692308
1045	-8,7692308
1045	-28,7692308
1045	-32,7692308
1046	-1,7692308
1046	-21,7692308
1046	-6,7692308
1046	-3,7692308
1047	-22,7692308
1047	8,2307692
1047	-10,7692308
1047	16,2307692
1048	-2,7692308
1048	-4,7692308
1048	12,2307692
1048	-5,7692308
1049	-25,7692308
1049	-16,7692308
1049	-11,7692308
1049	3,2307692
1050	-19,7692308
1050	1,2307692
1050	5,2307692
1050	1,2307692
1051	11,2307692
1051	-3,7692308
1051	-19,7692308
1051	-6,7692308
1051	-30,7692308
1052	-13,7692308
1052	4,2307692
1052	-17,7692308
1052	-23,7692308
1053	-17,7692308
1053	-0,7692308
1053	1,2307692
1053	0,2307692
1054	-5,7692308
1054	-19,7692308
1054	-3,7692308
1054	-9,7692308
1055	-6,7692308
1055	-20,7692308
1055	-9,7692308
1055	-1,7692308
1056	-1,7692308
1056	-3,7692308
1056	-16,7692308
1056	-2,7692308
1056	-12,7692308
1057	13,2307692
1057	-5,7692308
1057	11,2307692
1057	7,2307692
1058	-15,7692308
1058	-5,7692308
1058	-4,7692308
1058	18,2307692
1059	-3,7692308
1059	-20,7692308
1059	-22,7692308
1059	-6,7692308
1060	15,2307692
1060	-0,7692308
1060	-4,7692308
1060	-4,7692308
1061	16,2307692
1061	8,2307692
1061	5,2307692
1061	-1,7692308
1062	-23,7692308
1062	9,2307692
1062	-0,7692308
1062	11,2307692
1062	18,2307692
1063	-15,7692308
1063	-20,7692308
1063	2,2307692
1063	13,2307692
1064	-32,7692308
1064	-17,7692308
1064	-15,7692308
1064	-13,7692308
1065	-3,7692308
1065	13,2307692
1065	-22,7692308
1065	-16,7692308
1066	-5,7692308
1066	-2,7692308
1066	-18,7692308
1066	-4,7692308
1067	16,2307692
1067	24,2307692
1067	-0,7692308
1067	-6,7692308
1067	0,2307692
1068	-1,7692308
1068	18,2307692
1068	-6,7692308
1068	-4,7692308
1069	1,2307692
1069	-7,7692308
1069	1,2307692
1069	10,2307692
1070	12,2307692
1070	-25,7692308
1070	-9,7692308
1070	-8,7692308
1071	0,2307692
1071	-6,7692308
1071	13,2307692
1071	0,2307692
1072	10,2307692
1072	13,2307692
1072	-23,7692308
1072	-9,7692308
1072	11,2307692
1073	-9,7692308
1073	14,2307692
1073	-13,7692308
1073	-3,7692308
1074	-6,7692308
1074	3,2307692
1074	-6,7692308
1074	-10,7692308
1075	2,2307692
1075	-6,7692308
1075	23,2307692
1075	5,2307692
1076	-28,7692308
1076	-7,7692308
1076	-13,7692308
1076	0,2307692
1077	2,2307692
1077	-17,7692308
1077	-4,7692308
1077	-8,7692308
1077	1,2307692
1078	-12,7692308
1078	-5,7692308
1078	-7,7692308
1078	-23,7692308
1079	10,2307692
1079	6,2307692
1079	-15,7692308
1079	1,2307692
1080	-1,7692308
1080	-8,7692308
1080	-20,7692308
1080	-4,7692308
1081	-36,7692308
1081	-12,7692308
1081	-12,7692308
1081	16,2307692
1082	7,2307692
1082	-10,7692308
1082	3,2307692
1082	-21,7692308
1082	-19,7692308
1083	-0,7692308
1083	29,2307692
1083	-10,7692308
1083	-10,7692308
1084	1,2307692
1084	2,2307692
1084	1,2307692
1084	16,2307692
1085	1,2307692
1085	-3,7692308
1085	9,2307692
1085	-4,7692308
1086	4,2307692
1086	-14,7692308
1086	-13,7692308
1086	2,2307692
1087	-2,7692308
1087	-2,7692308
1087	-10,7692308
1087	-32,7692308
1087	11,2307692
1088	7,2307692
1088	1,2307692
1088	0,2307692
1088	-7,7692308
1089	-3,7692308
1089	-9,7692308
1089	-21,7692308
1089	25,2307692
1090	-9,7692308
1090	-18,7692308
1090	7,2307692
1090	-9,7692308
1091	-22,7692308
1091	-18,7692308
1091	-7,7692308
1091	11,2307692
1092	30,2307692
1092	10,2307692
1092	-20,7692308
1092	-3,7692308
1092	-31,7692308
1093	-11,7692308
1093	5,2307692
1093	-1,7692308
1093	-22,7692308
1094	6,2307692
1094	-26,7692308
1094	-10,7692308
1094	1,2307692
1095	-10,7692308
1095	21,2307692
1095	-8,7692308
1095	-11,7692308
1096	-3,7692308
1096	-39,7692308
1096	-26,7692308
1096	6,2307692
1097	-2,7692308
1097	-25,7692308
1097	-8,7692308
1097	3,2307692
1097	-3,7692308
1098	-3,7692308
1098	38,2307692
1098	-11,7692308
1098	-17,7692308
1099	10,2307692
1099	6,2307692
1099	-8,7692308
1099	-1,7692308
1100	7,2307692
1100	-28,7692308
1100	19,2307692
1100	-11,7692308
1101	-31,7692308
1101	-16,7692308
1101	39,2307692
1101	-16,7692308
1101	-17,7692308
1102	-20,7692308
1102	10,2307692
1102	-30,7692308
1102	-36,7692308
1103	-5,7692308
1103	-5,7692308
1103	1,2307692
1103	4,2307692
1104	-12,7692308
1104	-20,7692308
1104	-8,7692308
1104	5,2307692
1105	1,2307692
1105	-0,7692308
1105	19,2307692
1105	12,2307692
1106	15,2307692
1106	-19,7692308
1106	-5,7692308
1106	-13,7692308
1106	-26,7692308
1107	-18,7692308
1107	11,2307692
1107	2,2307692
1107	-8,7692308
1108	-25,7692308
1108	-13,7692308
1108	7,2307692
1108	-31,7692308
1109	-19,7692308
1109	-22,7692308
1109	-16,7692308
1109	3,2307692
1110	-18,7692308
1110	-7,7692308
1110	-9,7692308
1110	-2,7692308
1110	12,2307692
1111	-12,7692308
1111	31,2307692
1111	-18,7692308
1111	-12,7692308
1112	-15,7692308
1112	-4,7692308
1112	8,2307692
1112	-3,7692308
1113	-1,7692308
1113	-12,7692308
1113	-4,7692308
1113	14,2307692
1114	31,2307692
1114	-8,7692308
1114	-4,7692308
1114	-2,7692308
1115	-7,7692308
1115	-6,7692308
1115	-4,7692308
1115	-18,7692308
1115	4,2307692
1116	-9,7692308
1116	-6,7692308
1116	-6,7692308
1116	3,2307692
1117	10,2307692
1117	-14,7692308
1117	-16,7692308
1117	-8,7692308
1118	-3,7692308
