196	-33,3076923
196	-33,3076923
196	-33,3076923
197	-3,3076923
197	3,6923077
197	35,6923077
197	21,6923077
198	-8,3076923
198	8,6923077
198	-7,3076923
199	26,6923077
199	13,6923077
199	8,6923077
199	3,6923077
200	33,6923077
200	10,6923077
200	29,6923077
200	-8,3076923
201	-0,3076923
201	9,6923077
201	30,6923077
201	-4,3076923
202	17,6923077
202	6,6923077
202	-7,3076923
203	-2,3076923
203	-0,3076923
203	27,6923077
203	16,6923077
204	39,6923077
204	30,6923077
204	-7,3076923
204	-15,3076923
205	-0,3076923
205	5,6923077
205	-14,3076923
205	2,6923077
206	-24,3076923
206	15,6923077
206	21,6923077
207	-2,3076923
207	0,6923077
207	3,6923077
207	-9,3076923
208	6,6923077
208	8,6923077
208	-6,3076923
208	21,6923077
209	8,6923077
209	7,6923077
209	30,6923077
209	-4,3076923
210	29,6923077
210	14,6923077
210	-5,3076923
211	-14,3076923
211	14,6923077
211	-4,3076923
211	11,6923077
212	7,6923077
212	3,6923077
212	19,6923077
212	-6,3076923
213	25,6923077
213	-4,3076923
213	10,6923077
213	22,6923077
214	-3,3076923
214	-13,3076923
214	-11,3076923
215	8,6923077
215	-6,3076923
215	-13,3076923
215	8,6923077
216	35,6923077
216	11,6923077
216	23,6923077
216	10,6923077
217	-12,3076923
217	13,6923077
217	20,6923077
217	17,6923077
218	-11,3076923
218	-13,3076923
218	12,6923077
219	21,6923077
219	-18,3076923
219	3,6923077
219	-4,3076923
220	-14,3076923
220	-2,3076923
220	-0,3076923
220	6,6923077
221	14,6923077
221	-17,3076923
221	9,6923077
221	13,6923077
222	15,6923077
222	11,6923077
222	0,6923077
223	41,6923077
223	-6,3076923
223	9,6923077
223	-24,3076923
224	1,6923077
224	-12,3076923
224	-0,3076923
224	0,6923077
225	15,6923077
225	11,6923077
225	16,6923077
225	19,6923077
226	-5,3076923
226	-0,3076923
226	39,6923077
227	12,6923077
227	-8,3076923
227	17,6923077
227	15,6923077
228	16,6923077
228	17,6923077
228	18,6923077
228	11,6923077
229	11,6923077
229	2,6923077
229	-8,3076923
229	4,6923077
230	12,6923077
230	8,6923077
230	-9,3076923
231	15,6923077
231	16,6923077
231	-26,3076923
231	24,6923077
232	9,6923077
232	3,6923077
232	6,6923077
232	9,6923077
233	-9,3076923
233	25,6923077
233	21,6923077
233	11,6923077
234	-24,3076923
234	17,6923077
234	8,6923077
235	30,6923077
235	35,6923077
235	16,6923077
235	20,6923077
236	13,6923077
236	-0,3076923
236	17,6923077
236	-2,3076923
237	9,6923077
237	-21,3076923
237	7,6923077
237	4,6923077
238	3,6923077
238	-1,3076923
238	20,6923077
239	7,6923077
239	-13,3076923
239	11,6923077
239	13,6923077
240	-6,3076923
240	2,6923077
240	6,6923077
240	26,6923077
241	7,6923077
241	-15,3076923
241	19,6923077
241	8,6923077
242	-10,3076923
242	-8,3076923
242	1,6923077
243	8,6923077
243	17,6923077
243	-13,3076923
243	-3,3076923
244	1,6923077
244	-0,3076923
244	8,6923077
244	-10,3076923
245	11,6923077
245	13,6923077
245	4,6923077
245	0,6923077
246	-16,3076923
246	10,6923077
246	0,6923077
247	-8,3076923
247	-4,3076923
247	12,6923077
247	33,6923077
248	16,6923077
248	16,6923077
248	2,6923077
248	9,6923077
249	11,6923077
249	12,6923077
249	-9,3076923
249	7,6923077
250	17,6923077
250	35,6923077
250	10,6923077
251	-2,3076923
251	15,6923077
251	22,6923077
251	-9,3076923
252	-4,3076923
252	9,6923077
252	31,6923077
252	13,6923077
253	7,6923077
253	6,6923077
253	-9,3076923
253	26,6923077
254	16,6923077
254	8,6923077
254	14,6923077
254	20,6923077
255	-7,3076923
255	-2,3076923
255	-21,3076923
256	3,6923077
256	-13,3076923
256	3,6923077
256	29,6923077
257	19,6923077
257	22,6923077
257	16,6923077
257	2,6923077
258	33,6923077
258	-7,3076923
258	22,6923077
258	10,6923077
259	9,6923077
259	17,6923077
259	22,6923077
260	6,6923077
260	-21,3076923
260	-21,3076923
260	-3,3076923
261	1,6923077
261	14,6923077
261	16,6923077
261	6,6923077
262	6,6923077
262	7,6923077
262	1,6923077
262	-26,3076923
263	21,6923077
263	15,6923077
263	-4,3076923
264	20,6923077
264	21,6923077
264	2,6923077
264	28,6923077
265	-12,3076923
265	4,6923077
265	13,6923077
265	-6,3076923
266	6,6923077
266	-1,3076923
266	10,6923077
266	-31,3076923
267	19,6923077
267	-0,3076923
267	31,6923077
268	18,6923077
268	29,6923077
268	-1,3076923
268	58,6923077
269	18,6923077
269	24,6923077
269	0,6923077
269	1,6923077
270	-11,3076923
270	-7,3076923
270	12,6923077
270	24,6923077
271	-0,3076923
271	14,6923077
271	17,6923077
271	-8,3076923
272	-1,3076923
272	14,6923077
272	-20,3076923
273	12,6923077
273	25,6923077
273	8,6923077
273	28,6923077
274	-7,3076923
274	6,6923077
274	6,6923077
274	13,6923077
275	30,6923077
275	-4,3076923
275	6,6923077
275	1,6923077
276	27,6923077
276	21,6923077
276	-3,3076923
277	8,6923077
277	38,6923077
277	39,6923077
277	-3,3076923
278	12,6923077
278	18,6923077
278	28,6923077
278	19,6923077
279	9,6923077
279	12,6923077
279	21,6923077
279	9,6923077
280	-1,3076923
280	31,6923077
280	2,6923077
280	2,6923077
281	16,6923077
281	45,6923077
281	-2,3076923
282	-0,3076923
282	12,6923077
282	15,6923077
282	15,6923077
283	-0,3076923
283	-23,3076923
283	-2,3076923
283	42,6923077
284	17,6923077
284	1,6923077
284	-7,3076923
284	7,6923077
285	0,6923077
285	-6,3076923
285	5,6923077
286	33,6923077
286	18,6923077
286	-20,3076923
286	-9,3076923
287	15,6923077
287	14,6923077
287	3,6923077
287	34,6923077
288	10,6923077
288	5,6923077
288	-11,3076923
288	15,6923077
289	22,6923077
289	9,6923077
289	21,6923077
290	-3,3076923
290	9,6923077
290	25,6923077
290	1,6923077
291	8,6923077
291	31,6923077
291	14,6923077
291	-4,3076923
292	29,6923077
292	16,6923077
292	11,6923077
292	45,6923077
293	19,6923077
293	17,6923077
293	50,6923077
293	40,6923077
294	8,6923077
294	28,6923077
294	37,6923077
295	42,6923077
295	45,6923077
295	23,6923077
295	35,6923077
296	26,6923077
296	31,6923077
296	49,6923077
296	27,6923077
297	33,6923077
297	51,6923077
297	27,6923077
297	25,6923077
298	76,6923077
298	15,6923077
298	37,6923077
299	25,6923077
299	53,6923077
299	48,6923077
299	37,6923077
300	15,6923077
300	25,6923077
300	10,6923077
300	30,6923077
301	47,6923077
301	22,6923077
301	-4,3076923
301	7,6923077
302	0,6923077
302	-12,3076923
302	19,6923077
302	48,6923077
303	36,6923077
303	16,6923077
303	-14,3076923
304	11,6923077
304	25,6923077
304	14,6923077
304	14,6923077
305	35,6923077
305	43,6923077
305	21,6923077
305	-13,3076923
306	17,6923077
306	-3,3076923
306	13,6923077
306	55,6923077
307	35,6923077
307	49,6923077
307	28,6923077
307	16,6923077
308	30,6923077
308	33,6923077
308	51,6923077
309	63,6923077
309	61,6923077
309	79,6923077
309	48,6923077
310	52,6923077
310	65,6923077
310	74,6923077
310	90,6923077
311	93,6923077
311	123,6923077
311	138,6923077
311	136,6923077
312	132,6923077
312	161,6923077
312	168,6923077
313	148,6923077
313	171,6923077
313	160,6923077
313	174,6923077
314	190,6923077
314	173,6923077
314	164,6923077
314	192,6923077
315	181,6923077
315	195,6923077
315	193,6923077
315	187,6923077
316	202,6923077
316	200,6923077
316	197,6923077
316	185,6923077
317	171,6923077
317	136,6923077
317	156,6923077
318	139,6923077
318	136,6923077
318	141,6923077
318	116,6923077
319	94,6923077
319	70,6923077
319	69,6923077
319	74,6923077
320	80,6923077
320	81,6923077
320	37,6923077
320	40,6923077
321	58,6923077
321	32,6923077
321	15,6923077
321	5,6923077
322	17,6923077
322	16,6923077
322	1,6923077
323	18,6923077
323	38,6923077
323	16,6923077
323	20,6923077
324	26,6923077
324	28,6923077
324	17,6923077
324	41,6923077
325	4,6923077
325	5,6923077
325	-3,3076923
325	30,6923077
326	3,6923077
326	22,6923077
326	4,6923077
327	9,6923077
327	31,6923077
327	39,6923077
327	15,6923077
328	25,6923077
328	7,6923077
328	37,6923077
328	37,6923077
329	8,6923077
329	8,6923077
329	22,6923077
329	50,6923077
330	42,6923077
330	45,6923077
330	64,6923077
330	70,6923077
331	52,6923077
331	75,6923077
331	92,6923077
332	122,6923077
332	152,6923077
332	174,6923077
332	170,6923077
333	180,6923077
333	190,6923077
333	210,6923077
333	214,6923077
334	218,6923077
334	241,6923077
334	237,6923077
334	243,6923077
335	232,6923077
335	241,6923077
335	247,6923077
335	277,6923077
336	295,6923077
336	327,6923077
336	338,6923077
337	299,6923077
337	361,6923077
337	371,6923077
337	398,6923077
338	384,6923077
338	348,6923077
338	316,6923077
338	309,6923077
339	290,6923077
339	274,6923077
339	274,6923077
339	253,6923077
340	191,6923077
340	194,6923077
340	148,6923077
340	125,6923077
341	146,6923077
341	159,6923077
341	165,6923077
342	129,6923077
342	119,6923077
342	129,6923077
342	78,6923077
343	56,6923077
343	59,6923077
343	30,6923077
343	51,6923077
344	58,6923077
344	50,6923077
344	49,6923077
344	40,6923077
345	-5,3076923
345	16,6923077
345	11,6923077
345	31,6923077
346	6,6923077
346	22,6923077
346	24,6923077
347	1,6923077
347	50,6923077
347	17,6923077
347	25,6923077
348	6,6923077
348	23,6923077
348	32,6923077
348	52,6923077
349	57,6923077
349	43,6923077
349	57,6923077
349	69,6923077
350	41,6923077
350	65,6923077
350	62,6923077
350	81,6923077
351	97,6923077
351	89,6923077
351	75,6923077
352	88,6923077
352	132,6923077
352	147,6923077
352	164,6923077
353	175,6923077
353	184,6923077
353	155,6923077
353	179,6923077
354	187,6923077
354	226,6923077
354	241,6923077
354	228,6923077
355	225,6923077
355	256,6923077
355	220,6923077
355	229,6923077
356	208,6923077
356	215,6923077
356	269,6923077
357	237,6923077
357	225,6923077
357	295,6923077
357	281,6923077
358	334,6923077
358	343,6923077
358	329,6923077
358	277,6923077
359	227,6923077
359	230,6923077
359	217,6923077
359	214,6923077
360	172,6923077
360	168,6923077
360	144,6923077
360	152,6923077
361	154,6923077
361	149,6923077
361	129,6923077
362	173,6923077
362	180,6923077
362	157,6923077
362	117,6923077
363	73,6923077
363	72,6923077
363	45,6923077
363	52,6923077
364	56,6923077
364	23,6923077
364	37,6923077
364	72,6923077
365	25,6923077
365	38,6923077
365	13,6923077
365	33,6923077
366	19,6923077
366	25,6923077
366	3,6923077
367	6,6923077
367	39,6923077
367	40,6923077
367	8,6923077
368	-12,3076923
368	19,6923077
368	31,6923077
368	26,6923077
369	32,6923077
369	6,6923077
369	22,6923077
369	25,6923077
370	34,6923077
370	30,6923077
370	20,6923077
370	49,6923077
371	50,6923077
371	50,6923077
371	53,6923077
371	63,6923077
372	68,6923077
372	59,6923077
372	62,6923077
373	82,6923077
373	77,6923077
373	63,6923077
373	72,6923077
374	79,6923077
374	98,6923077
374	69,6923077
374	107,6923077
375	113,6923077
375	114,6923077
375	134,6923077
375	104,6923077
376	136,6923077
376	111,6923077
376	107,6923077
376	124,6923077
377	96,6923077
377	116,6923077
377	107,6923077
378	140,6923077
378	120,6923077
378	139,6923077
378	105,6923077
379	119,6923077
379	108,6923077
379	122,6923077
379	121,6923077
380	134,6923077
380	135,6923077
380	143,6923077
380	127,6923077
381	149,6923077
381	132,6923077
381	122,6923077
381	83,6923077
382	97,6923077
382	98,6923077
382	96,6923077
383	61,6923077
383	53,6923077
383	74,6923077
383	72,6923077
384	38,6923077
384	52,6923077
384	69,6923077
384	89,6923077
385	88,6923077
385	98,6923077
385	72,6923077
385	56,6923077
386	58,6923077
386	36,6923077
386	35,6923077
386	16,6923077
387	43,6923077
387	44,6923077
387	23,6923077
387	-3,3076923
388	39,6923077
388	37,6923077
388	44,6923077
389	-7,3076923
389	-6,3076923
389	15,6923077
389	22,6923077
390	38,6923077
390	37,6923077
390	35,6923077
390	23,6923077
391	15,6923077
391	51,6923077
391	35,6923077
391	26,6923077
392	58,6923077
392	57,6923077
392	10,6923077
392	40,6923077
393	48,6923077
393	43,6923077
393	48,6923077
394	44,6923077
394	48,6923077
394	32,6923077
394	72,6923077
395	39,6923077
395	39,6923077
395	78,6923077
395	42,6923077
396	33,6923077
396	54,6923077
396	40,6923077
396	84,6923077
397	23,6923077
397	60,6923077
397	58,6923077
397	51,6923077
398	46,6923077
398	54,6923077
398	59,6923077
398	52,6923077
399	56,6923077
399	54,6923077
399	44,6923077
400	48,6923077
400	62,6923077
400	62,6923077
400	71,6923077
401	48,6923077
401	64,6923077
401	53,6923077
401	85,6923077
402	97,6923077
402	64,6923077
402	53,6923077
402	34,6923077
403	51,6923077
403	97,6923077
403	68,6923077
403	66,6923077
404	72,6923077
404	86,6923077
404	67,6923077
405	45,6923077
405	49,6923077
405	68,6923077
405	44,6923077
406	70,6923077
406	62,6923077
406	69,6923077
406	57,6923077
407	51,6923077
407	19,6923077
407	34,6923077
407	38,6923077
408	25,6923077
408	11,6923077
408	5,6923077
408	31,6923077
409	43,6923077
409	24,6923077
409	35,6923077
409	59,6923077
410	33,6923077
410	52,6923077
410	60,6923077
411	31,6923077
411	36,6923077
411	42,6923077
411	4,6923077
412	23,6923077
412	21,6923077
412	26,6923077
412	24,6923077
413	10,6923077
413	6,6923077
413	15,6923077
413	19,6923077
414	7,6923077
414	-3,3076923
414	8,6923077
414	27,6923077
415	38,6923077
415	30,6923077
415	23,6923077
415	-1,3076923
416	7,6923077
416	8,6923077
416	25,6923077
417	32,6923077
417	2,6923077
417	36,6923077
417	18,6923077
418	21,6923077
418	21,6923077
418	5,6923077
418	-5,3076923
419	37,6923077
419	21,6923077
419	47,6923077
419	6,6923077
420	33,6923077
420	34,6923077
420	30,6923077
420	25,6923077
421	22,6923077
421	33,6923077
421	30,6923077
421	25,6923077
422	9,6923077
422	37,6923077
422	20,6923077
423	39,6923077
423	26,6923077
423	54,6923077
423	36,6923077
424	28,6923077
424	6,6923077
424	32,6923077
424	23,6923077
425	44,6923077
425	5,6923077
425	37,6923077
425	18,6923077
426	12,6923077
426	26,6923077
426	44,6923077
426	41,6923077
427	31,6923077
427	1,6923077
427	13,6923077
427	57,6923077
428	32,6923077
428	58,6923077
428	36,6923077
429	53,6923077
429	31,6923077
429	16,6923077
429	58,6923077
430	55,6923077
430	35,6923077
430	18,6923077
430	16,6923077
431	41,6923077
431	12,6923077
431	33,6923077
431	26,6923077
432	27,6923077
432	27,6923077
432	26,6923077
432	36,6923077
433	15,6923077
433	15,6923077
433	38,6923077
433	15,6923077
434	14,6923077
434	17,6923077
434	17,6923077
435	2,6923077
435	26,6923077
435	26,6923077
435	17,6923077
436	9,6923077
436	37,6923077
436	45,6923077
436	19,6923077
437	11,6923077
437	1,6923077
437	3,6923077
437	12,6923077
438	34,6923077
438	49,6923077
438	33,6923077
438	43,6923077
439	29,6923077
439	21,6923077
439	7,6923077
439	31,6923077
440	42,6923077
440	27,6923077
440	15,6923077
441	5,6923077
441	-3,3076923
441	44,6923077
441	26,6923077
442	31,6923077
442	28,6923077
442	25,6923077
442	13,6923077
443	19,6923077
443	25,6923077
443	8,6923077
443	-6,3076923
444	-7,3076923
444	27,6923077
444	7,6923077
444	6,6923077
445	18,6923077
445	16,6923077
445	16,6923077
445	29,6923077
446	-8,3076923
446	9,6923077
446	11,6923077
447	30,6923077
447	12,6923077
447	31,6923077
447	23,6923077
448	49,6923077
448	3,6923077
448	4,6923077
448	-12,3076923
449	9,6923077
449	10,6923077
449	-0,3076923
449	-10,3076923
450	19,6923077
450	1,6923077
450	3,6923077
450	12,6923077
451	14,6923077
451	4,6923077
451	-8,3076923
451	17,6923077
452	-6,3076923
452	-8,3076923
452	13,6923077
452	26,6923077
453	19,6923077
453	40,6923077
453	12,6923077
454	-14,3076923
454	14,6923077
454	15,6923077
454	7,6923077
455	41,6923077
455	13,6923077
455	4,6923077
455	-10,3076923
456	22,6923077
456	11,6923077
456	0,6923077
456	29,6923077
457	18,6923077
457	19,6923077
457	20,6923077
457	7,6923077
458	18,6923077
458	4,6923077
458	7,6923077
458	20,6923077
459	0,6923077
459	4,6923077
459	18,6923077
460	34,6923077
460	6,6923077
460	20,6923077
460	-2,3076923
461	-5,3076923
461	18,6923077
461	12,6923077
461	12,6923077
462	20,6923077
462	0,6923077
462	-9,3076923
462	25,6923077
463	-8,3076923
463	22,6923077
463	-12,3076923
463	6,6923077
464	-4,3076923
464	13,6923077
464	11,6923077
464	-8,3076923
465	16,6923077
465	37,6923077
465	28,6923077
465	33,6923077
466	12,6923077
466	10,6923077
466	25,6923077
467	25,6923077
467	18,6923077
467	18,6923077
467	24,6923077
468	13,6923077
468	22,6923077
468	4,6923077
468	8,6923077
469	30,6923077
469	5,6923077
469	-9,3076923
469	8,6923077
470	8,6923077
470	5,6923077
470	-1,3076923
470	9,6923077
471	22,6923077
471	8,6923077
471	10,6923077
471	2,6923077
472	29,6923077
472	22,6923077
472	15,6923077
472	48,6923077
473	-5,3076923
473	10,6923077
473	-2,3076923
474	19,6923077
474	-13,3076923
474	32,6923077
474	-10,3076923
475	1,6923077
475	4,6923077
475	24,6923077
475	-9,3076923
476	2,6923077
476	19,6923077
476	-14,3076923
476	11,6923077
477	26,6923077
477	30,6923077
477	12,6923077
477	9,6923077
478	1,6923077
478	10,6923077
478	2,6923077
478	1,6923077
479	4,6923077
479	10,6923077
479	17,6923077
479	20,6923077
480	21,6923077
480	4,6923077
480	-3,3076923
481	17,6923077
481	10,6923077
481	35,6923077
481	17,6923077
482	53,6923077
482	4,6923077
482	-4,3076923
482	19,6923077
483	-9,3076923
483	14,6923077
483	9,6923077
483	13,6923077
484	5,6923077
484	29,6923077
484	12,6923077
484	-5,3076923
485	-1,3076923
485	11,6923077
485	4,6923077
485	-2,3076923
486	-7,3076923
486	7,6923077
486	15,6923077
486	-8,3076923
487	3,6923077
487	16,6923077
487	10,6923077
488	23,6923077
488	15,6923077
488	-16,3076923
488	0,6923077
489	10,6923077
489	27,6923077
489	36,6923077
489	7,6923077
490	24,6923077
490	-2,3076923
490	0,6923077
490	14,6923077
491	9,6923077
491	13,6923077
491	1,6923077
491	-7,3076923
492	4,6923077
492	9,6923077
492	31,6923077
492	-9,3076923
493	-0,3076923
493	7,6923077
493	-7,3076923
493	-8,3076923
494	-10,3076923
494	11,6923077
494	27,6923077
495	11,6923077
495	8,6923077
495	25,6923077
495	0,6923077
496	19,6923077
496	-12,3076923
496	7,6923077
496	14,6923077
497	8,6923077
497	39,6923077
497	13,6923077
497	12,6923077
498	13,6923077
498	-21,3076923
498	16,6923077
498	-1,3076923
499	10,6923077
499	28,6923077
499	-3,3076923
499	31,6923077
500	26,6923077
500	11,6923077
500	1,6923077
500	-1,3076923
501	5,6923077
501	-17,3076923
501	19,6923077
502	-11,3076923
502	15,6923077
502	7,6923077
502	0,6923077
503	7,6923077
503	26,6923077
503	14,6923077
503	2,6923077
504	-2,3076923
504	-5,3076923
504	16,6923077
504	17,6923077
505	-6,3076923
505	-17,3076923
505	16,6923077
505	8,6923077
506	16,6923077
506	14,6923077
506	-16,3076923
506	-4,3076923
507	2,6923077
507	16,6923077
507	11,6923077
507	-0,3076923
508	-3,3076923
508	35,6923077
508	5,6923077
508	-0,3076923
509	-15,3076923
509	5,6923077
509	21,6923077
510	-15,3076923
510	11,6923077
510	-13,3076923
510	6,6923077
511	19,6923077
511	23,6923077
511	-13,3076923
511	12,6923077
512	22,6923077
512	7,6923077
512	20,6923077
512	-7,3076923
513	-17,3076923
513	25,6923077
513	7,6923077
513	-8,3076923
514	-1,3076923
514	9,6923077
514	9,6923077
514	-4,3076923
515	6,6923077
515	10,6923077
515	-11,3076923
515	30,6923077
516	42,6923077
516	26,6923077
516	1,6923077
516	-24,3076923
517	-2,3076923
517	1,6923077
517	0,6923077
518	-12,3076923
518	25,6923077
518	23,6923077
518	16,6923077
519	46,6923077
519	13,6923077
519	0,6923077
519	19,6923077
520	-10,3076923
520	12,6923077
520	36,6923077
520	11,6923077
521	-5,3076923
521	25,6923077
521	5,6923077
521	34,6923077
522	33,6923077
522	49,6923077
522	18,6923077
522	18,6923077
523	11,6923077
523	1,6923077
523	9,6923077
523	9,6923077
524	17,6923077
524	-4,3076923
524	1,6923077
524	22,6923077
525	6,6923077
525	6,6923077
525	23,6923077
526	12,6923077
526	20,6923077
526	23,6923077
526	7,6923077
527	22,6923077
527	22,6923077
527	33,6923077
527	34,6923077
528	5,6923077
528	26,6923077
528	18,6923077
528	22,6923077
529	23,6923077
529	8,6923077
529	-6,3076923
529	26,6923077
530	15,6923077
530	-1,3076923
530	7,6923077
530	-5,3076923
531	25,6923077
531	4,6923077
531	26,6923077
531	16,6923077
532	-0,3076923
532	13,6923077
532	4,6923077
532	-5,3076923
533	1,6923077
533	0,6923077
533	14,6923077
534	12,6923077
534	22,6923077
534	4,6923077
534	-4,3076923
535	6,6923077
535	6,6923077
535	43,6923077
535	30,6923077
536	21,6923077
536	6,6923077
536	-3,3076923
536	-2,3076923
537	-20,3076923
537	8,6923077
537	9,6923077
537	12,6923077
538	19,6923077
538	-7,3076923
538	31,6923077
538	-2,3076923
539	22,6923077
539	15,6923077
539	-4,3076923
539	27,6923077
540	-8,3076923
540	-1,3076923
540	-6,3076923
540	16,6923077
541	30,6923077
541	-4,3076923
541	-10,3076923
541	-3,3076923
542	24,6923077
542	3,6923077
542	-2,3076923
543	1,6923077
543	-15,3076923
543	8,6923077
543	60,6923077
544	15,6923077
544	-2,3076923
544	5,6923077
544	13,6923077
545	-12,3076923
545	24,6923077
545	8,6923077
545	-9,3076923
546	34,6923077
546	-0,3076923
546	-3,3076923
546	-5,3076923
547	-8,3076923
547	8,6923077
547	24,6923077
547	12,6923077
548	-1,3076923
548	21,6923077
548	23,6923077
548	17,6923077
549	22,6923077
549	40,6923077
549	25,6923077
549	-14,3076923
550	14,6923077
550	14,6923077
550	18,6923077
550	-10,3076923
551	-31,3076923
551	11,6923077
551	6,6923077
552	-8,3076923
552	0,6923077
552	-4,3076923
552	14,6923077
553	21,6923077
553	-0,3076923
553	3,6923077
553	41,6923077
554	-11,3076923
554	3,6923077
554	22,6923077
554	-3,3076923
555	13,6923077
555	30,6923077
555	40,6923077
555	7,6923077
556	-7,3076923
556	20,6923077
556	23,6923077
556	9,6923077
557	30,6923077
557	6,6923077
557	-0,3076923
557	12,6923077
558	11,6923077
558	2,6923077
558	28,6923077
558	23,6923077
559	15,6923077
559	7,6923077
559	5,6923077
559	1,6923077
560	10,6923077
560	48,6923077
560	21,6923077
561	11,6923077
561	-2,3076923
561	-5,3076923
561	2,6923077
562	17,6923077
562	-1,3076923
562	24,6923077
562	6,6923077
563	38,6923077
563	19,6923077
563	0,6923077
563	12,6923077
564	11,6923077
564	14,6923077
564	22,6923077
564	23,6923077
565	24,6923077
565	17,6923077
565	-8,3076923
565	5,6923077
566	34,6923077
566	-4,3076923
566	-11,3076923
566	10,6923077
567	7,6923077
567	2,6923077
567	-9,3076923
567	-8,3076923
568	0,6923077
568	15,6923077
568	33,6923077
568	4,6923077
569	-12,3076923
569	15,6923077
569	14,6923077
569	7,6923077
570	-4,3076923
570	6,6923077
570	10,6923077
571	27,6923077
571	14,6923077
571	6,6923077
571	27,6923077
572	4,6923077
572	24,6923077
572	8,6923077
572	10,6923077
573	4,6923077
573	12,6923077
573	-6,3076923
573	-11,3076923
574	14,6923077
574	10,6923077
574	1,6923077
574	-8,3076923
575	12,6923077
575	11,6923077
575	3,6923077
575	-9,3076923
576	27,6923077
576	30,6923077
576	48,6923077
576	18,6923077
577	9,6923077
577	27,6923077
577	9,6923077
577	22,6923077
578	30,6923077
578	5,6923077
578	8,6923077
578	21,6923077
579	9,6923077
579	0,6923077
579	11,6923077
579	5,6923077
580	2,6923077
580	22,6923077
580	12,6923077
581	25,6923077
581	0,6923077
581	18,6923077
581	-8,3076923
582	-25,3076923
582	11,6923077
582	13,6923077
582	22,6923077
583	-16,3076923
583	-6,3076923
583	-1,3076923
583	8,6923077
584	23,6923077
584	19,6923077
584	11,6923077
584	24,6923077
585	16,6923077
585	19,6923077
585	32,6923077
585	13,6923077
586	16,6923077
586	17,6923077
586	9,6923077
586	13,6923077
587	6,6923077
587	-5,3076923
587	21,6923077
587	-14,3076923
588	3,6923077
588	30,6923077
588	17,6923077
588	-0,3076923
589	18,6923077
589	-3,3076923
589	21,6923077
589	-0,3076923
590	15,6923077
590	5,6923077
590	1,6923077
590	21,6923077
591	8,6923077
591	25,6923077
591	0,6923077
592	-10,3076923
592	6,6923077
592	35,6923077
592	-1,3076923
593	27,6923077
593	4,6923077
593	-1,3076923
593	6,6923077
594	53,6923077
594	1,6923077
594	15,6923077
594	12,6923077
595	15,6923077
595	6,6923077
595	23,6923077
595	16,6923077
596	19,6923077
596	21,6923077
596	-15,3076923
596	30,6923077
597	15,6923077
597	1,6923077
597	10,6923077
597	-231,3076923
598	-36,3076923
598	-12,3076923
598	-15,3076923
598	11,6923077
599	10,6923077
599	22,6923077
599	9,6923077
599	-3,3076923
600	16,6923077
600	10,6923077
600	-0,3076923
600	27,6923077
601	-6,3076923
601	7,6923077
601	14,6923077
601	28,6923077
602	23,6923077
602	11,6923077
602	19,6923077
603	15,6923077
603	24,6923077
603	23,6923077
603	13,6923077
604	23,6923077
604	10,6923077
604	11,6923077
604	4,6923077
605	31,6923077
605	20,6923077
605	31,6923077
605	13,6923077
606	6,6923077
606	-0,3076923
606	1,6923077
606	27,6923077
607	3,6923077
607	-18,3076923
607	25,6923077
607	-1,3076923
608	4,6923077
608	22,6923077
608	21,6923077
608	17,6923077
609	-10,3076923
609	15,6923077
609	8,6923077
609	-7,3076923
610	1,6923077
610	7,6923077
610	11,6923077
610	5,6923077
611	19,6923077
611	15,6923077
611	-0,3076923
611	4,6923077
612	-8,3076923
612	3,6923077
612	20,6923077
612	2,6923077
613	23,6923077
613	38,6923077
613	29,6923077
613	-5,3076923
614	27,6923077
614	-9,3076923
614	1,6923077
614	-22,3076923
615	-6,3076923
615	12,6923077
615	-14,3076923
616	7,6923077
616	3,6923077
616	4,6923077
616	12,6923077
617	10,6923077
617	22,6923077
617	10,6923077
617	-4,3076923
618	10,6923077
618	-1,3076923
618	-16,3076923
618	12,6923077
619	10,6923077
619	44,6923077
619	14,6923077
619	-0,3076923
620	14,6923077
620	-2,3076923
620	-7,3076923
620	-13,3076923
621	17,6923077
621	15,6923077
621	7,6923077
621	8,6923077
622	-12,3076923
622	6,6923077
622	18,6923077
622	11,6923077
623	-32,3076923
623	13,6923077
623	28,6923077
623	2,6923077
624	9,6923077
624	23,6923077
624	9,6923077
624	6,6923077
625	15,6923077
625	11,6923077
625	6,6923077
625	23,6923077
626	17,6923077
626	-8,3076923
626	-2,3076923
626	16,6923077
627	16,6923077
627	7,6923077
627	27,6923077
627	20,6923077
628	2,6923077
628	17,6923077
628	12,6923077
629	-14,3076923
629	-3,3076923
629	14,6923077
629	-23,3076923
630	9,6923077
630	-2,3076923
630	2,6923077
630	23,6923077
631	4,6923077
631	-15,3076923
631	-20,3076923
631	-0,3076923
632	-6,3076923
632	-2,3076923
632	12,6923077
632	-11,3076923
633	15,6923077
633	22,6923077
633	-6,3076923
633	21,6923077
634	-6,3076923
634	-5,3076923
634	0,6923077
634	8,6923077
635	4,6923077
635	-2,3076923
635	16,6923077
635	27,6923077
636	9,6923077
636	8,6923077
636	18,6923077
636	12,6923077
637	-21,3076923
637	-18,3076923
637	6,6923077
637	1,6923077
638	20,6923077
638	24,6923077
638	-14,3076923
638	2,6923077
639	-3,3076923
639	3,6923077
639	20,6923077
639	24,6923077
640	6,6923077
640	14,6923077
640	1,6923077
640	21,6923077
641	11,6923077
641	9,6923077
641	7,6923077
641	5,6923077
642	10,6923077
642	27,6923077
642	22,6923077
642	8,6923077
643	28,6923077
643	7,6923077
643	12,6923077
644	-4,3076923
644	-17,3076923
644	-9,3076923
644	6,6923077
645	10,6923077
645	11,6923077
645	28,6923077
645	17,6923077
646	12,6923077
646	14,6923077
646	-3,3076923
646	19,6923077
647	28,6923077
647	36,6923077
647	11,6923077
647	26,6923077
648	22,6923077
648	21,6923077
648	11,6923077
648	25,6923077
649	11,6923077
649	20,6923077
649	10,6923077
649	35,6923077
650	19,6923077
650	31,6923077
650	15,6923077
650	1,6923077
651	46,6923077
651	30,6923077
651	31,6923077
651	17,6923077
652	24,6923077
652	4,6923077
652	34,6923077
652	15,6923077
653	20,6923077
653	24,6923077
653	27,6923077
653	20,6923077
654	2,6923077
654	-2,3076923
654	-0,3076923
654	36,6923077
655	19,6923077
655	32,6923077
655	26,6923077
655	15,6923077
656	11,6923077
656	8,6923077
656	-7,3076923
656	25,6923077
657	14,6923077
657	0,6923077
657	9,6923077
657	23,6923077
658	3,6923077
658	4,6923077
658	23,6923077
658	13,6923077
659	25,6923077
659	29,6923077
659	25,6923077
660	11,6923077
660	-0,3076923
660	22,6923077
660	20,6923077
661	2,6923077
661	36,6923077
661	15,6923077
661	15,6923077
662	32,6923077
662	22,6923077
662	7,6923077
662	16,6923077
663	-2,3076923
663	9,6923077
663	14,6923077
663	41,6923077
664	21,6923077
664	18,6923077
664	8,6923077
664	-11,3076923
665	5,6923077
665	11,6923077
665	16,6923077
665	-0,3076923
666	13,6923077
666	29,6923077
666	22,6923077
666	17,6923077
667	24,6923077
667	26,6923077
667	5,6923077
667	21,6923077
668	26,6923077
668	6,6923077
668	25,6923077
668	29,6923077
669	-20,3076923
669	-19,3076923
669	7,6923077
669	-15,3076923
670	2,6923077
670	36,6923077
670	19,6923077
670	30,6923077
671	20,6923077
671	32,6923077
671	28,6923077
671	25,6923077
672	10,6923077
672	7,6923077
672	48,6923077
672	25,6923077
673	17,6923077
673	-5,3076923
673	2,6923077
673	0,6923077
674	23,6923077
674	26,6923077
674	1,6923077
674	14,6923077
675	-6,3076923
675	31,6923077
675	7,6923077
675	29,6923077
676	15,6923077
676	22,6923077
676	2,6923077
676	32,6923077
677	9,6923077
677	-7,3076923
677	-9,3076923
677	-0,3076923
678	32,6923077
678	13,6923077
678	3,6923077
678	31,6923077
679	11,6923077
679	7,6923077
679	29,6923077
680	56,6923077
680	23,6923077
680	22,6923077
680	8,6923077
681	18,6923077
681	-8,3076923
681	25,6923077
681	18,6923077
682	23,6923077
682	0,6923077
682	-6,3076923
682	16,6923077
683	-17,3076923
683	18,6923077
683	31,6923077
683	15,6923077
684	8,6923077
684	15,6923077
684	17,6923077
684	8,6923077
685	43,6923077
685	11,6923077
685	19,6923077
685	-0,3076923
686	23,6923077
686	19,6923077
686	28,6923077
686	31,6923077
687	32,6923077
687	26,6923077
687	6,6923077
687	26,6923077
688	0,6923077
688	6,6923077
688	1,6923077
688	-5,3076923
689	17,6923077
689	1,6923077
689	25,6923077
689	10,6923077
690	-18,3076923
690	-0,3076923
690	-21,3076923
690	21,6923077
691	39,6923077
691	2,6923077
691	21,6923077
691	23,6923077
692	24,6923077
692	9,6923077
692	-7,3076923
692	7,6923077
693	23,6923077
693	10,6923077
693	-19,3076923
693	-16,3076923
694	10,6923077
694	36,6923077
694	15,6923077
694	-5,3076923
695	-4,3076923
695	7,6923077
695	-9,3076923
695	-22,3076923
696	-13,3076923
696	-16,3076923
696	-5,3076923
696	8,6923077
697	5,6923077
697	-18,3076923
697	31,6923077
697	20,6923077
698	-23,3076923
698	-19,3076923
698	-1,3076923
698	-13,3076923
699	1,6923077
699	18,6923077
699	21,6923077
699	22,6923077
700	9,6923077
700	9,6923077
700	10,6923077
700	4,6923077
701	2,6923077
701	-20,3076923
701	21,6923077
701	15,6923077
702	-1,3076923
702	-2,3076923
702	-20,3076923
702	4,6923077
703	13,6923077
703	16,6923077
703	3,6923077
703	8,6923077
704	-2,3076923
704	15,6923077
704	7,6923077
704	42,6923077
705	5,6923077
705	15,6923077
705	22,6923077
706	11,6923077
706	13,6923077
706	14,6923077
706	12,6923077
707	20,6923077
707	-23,3076923
707	12,6923077
707	30,6923077
708	8,6923077
708	8,6923077
708	11,6923077
708	19,6923077
709	-8,3076923
709	-4,3076923
709	-14,3076923
709	-18,3076923
710	16,6923077
710	13,6923077
710	8,6923077
710	6,6923077
711	19,6923077
711	14,6923077
711	16,6923077
711	17,6923077
712	34,6923077
712	-5,3076923
712	2,6923077
712	-11,3076923
713	4,6923077
713	-1,3076923
713	25,6923077
713	-8,3076923
714	23,6923077
714	7,6923077
714	3,6923077
714	1,6923077
715	14,6923077
715	19,6923077
715	12,6923077
715	33,6923077
716	4,6923077
716	1,6923077
716	-11,3076923
716	4,6923077
717	2,6923077
717	-2,3076923
717	27,6923077
717	23,6923077
718	24,6923077
718	10,6923077
718	8,6923077
718	-1,3076923
719	-0,3076923
719	-19,3076923
719	21,6923077
719	-12,3076923
720	1,6923077
720	-6,3076923
720	0,6923077
720	8,6923077
721	31,6923077
721	2,6923077
721	-6,3076923
721	7,6923077
722	32,6923077
722	18,6923077
722	-7,3076923
722	-27,3076923
723	24,6923077
723	-0,3076923
723	-1,3076923
723	25,6923077
724	-0,3076923
724	2,6923077
724	-2,3076923
724	-10,3076923
725	23,6923077
725	13,6923077
725	19,6923077
725	2,6923077
726	2,6923077
726	14,6923077
726	10,6923077
726	7,6923077
727	24,6923077
727	-2,3076923
727	15,6923077
727	5,6923077
728	12,6923077
728	-15,3076923
728	5,6923077
728	11,6923077
729	-8,3076923
729	29,6923077
729	10,6923077
729	11,6923077
730	39,6923077
730	-8,3076923
730	-2,3076923
730	11,6923077
731	9,6923077
731	-0,3076923
731	-0,3076923
731	31,6923077
732	-7,3076923
732	9,6923077
732	17,6923077
732	16,6923077
733	25,6923077
733	4,6923077
733	7,6923077
733	0,6923077
734	8,6923077
734	-10,3076923
734	8,6923077
734	31,6923077
735	-22,3076923
735	5,6923077
735	25,6923077
735	6,6923077
736	-31,3076923
736	16,6923077
736	-25,3076923
736	35,6923077
737	10,6923077
737	5,6923077
737	-5,3076923
737	12,6923077
738	2,6923077
738	17,6923077
738	27,6923077
738	2,6923077
739	19,6923077
739	35,6923077
739	-9,3076923
739	11,6923077
740	11,6923077
740	10,6923077
740	5,6923077
740	-16,3076923
741	-3,3076923
741	-5,3076923
741	2,6923077
741	-3,3076923
742	31,6923077
742	6,6923077
742	23,6923077
742	-3,3076923
743	-5,3076923
743	30,6923077
743	13,6923077
743	2,6923077
744	15,6923077
744	2,6923077
744	20,6923077
744	-3,3076923
745	24,6923077
745	5,6923077
745	-4,3076923
745	-31,3076923
746	18,6923077
746	29,6923077
746	11,6923077
746	35,6923077
747	32,6923077
747	17,6923077
747	-5,3076923
747	0,6923077
748	21,6923077
748	-0,3076923
748	0,6923077
748	17,6923077
749	4,6923077
749	-4,3076923
749	0,6923077
749	-11,3076923
750	18,6923077
750	11,6923077
750	8,6923077
750	3,6923077
751	39,6923077
751	14,6923077
751	5,6923077
751	7,6923077
752	-4,3076923
752	-0,3076923
752	10,6923077
752	17,6923077
753	-4,3076923
753	6,6923077
753	-1,3076923
753	27,6923077
754	11,6923077
754	-25,3076923
754	-11,3076923
754	14,6923077
755	6,6923077
755	1,6923077
755	2,6923077
755	4,6923077
756	20,6923077
756	-4,3076923
756	2,6923077
756	11,6923077
757	13,6923077
757	2,6923077
757	-17,3076923
757	-5,3076923
758	17,6923077
758	9,6923077
758	14,6923077
758	24,6923077
759	3,6923077
759	28,6923077
759	-0,3076923
759	-5,3076923
760	10,6923077
760	20,6923077
760	0,6923077
760	-2,3076923
761	13,6923077
761	14,6923077
761	5,6923077
761	15,6923077
762	25,6923077
762	29,6923077
762	20,6923077
762	-6,3076923
763	0,6923077
763	37,6923077
763	22,6923077
763	10,6923077
764	16,6923077
764	14,6923077
764	24,6923077
764	7,6923077
765	32,6923077
765	2,6923077
765	11,6923077
765	13,6923077
766	-12,3076923
766	5,6923077
766	1,6923077
766	-4,3076923
767	3,6923077
767	11,6923077
767	-4,3076923
767	-9,3076923
768	15,6923077
768	-0,3076923
768	10,6923077
768	29,6923077
769	-8,3076923
769	16,6923077
769	10,6923077
769	-8,3076923
770	20,6923077
770	6,6923077
770	26,6923077
770	10,6923077
771	4,6923077
771	-0,3076923
771	7,6923077
771	20,6923077
772	14,6923077
772	3,6923077
772	15,6923077
772	22,6923077
773	-5,3076923
773	-14,3076923
773	9,6923077
773	2,6923077
774	12,6923077
774	27,6923077
774	8,6923077
774	-11,3076923
775	-17,3076923
775	5,6923077
775	13,6923077
775	-0,3076923
776	-3,3076923
776	32,6923077
776	40,6923077
776	4,6923077
777	31,6923077
777	8,6923077
777	11,6923077
777	12,6923077
778	-6,3076923
778	5,6923077
778	25,6923077
778	21,6923077
779	11,6923077
779	14,6923077
779	2,6923077
779	20,6923077
780	17,6923077
780	6,6923077
780	3,6923077
780	4,6923077
781	35,6923077
781	13,6923077
781	6,6923077
781	11,6923077
782	25,6923077
782	-2,3076923
782	-0,3076923
782	13,6923077
783	-2,3076923
783	-1,3076923
783	8,6923077
783	-4,3076923
784	10,6923077
784	26,6923077
784	15,6923077
784	-5,3076923
785	5,6923077
785	14,6923077
785	2,6923077
785	-4,3076923
786	6,6923077
786	-2,3076923
786	14,6923077
786	22,6923077
787	22,6923077
787	-0,3076923
787	1,6923077
787	-3,3076923
788	-29,3076923
788	-26,3076923
788	-12,3076923
788	-6,3076923
789	9,6923077
789	13,6923077
789	1,6923077
789	1,6923077
790	-32,3076923
790	13,6923077
790	4,6923077
790	16,6923077
791	0,6923077
791	-14,3076923
791	-25,3076923
791	-20,3076923
792	-2,3076923
792	-12,3076923
792	24,6923077
792	-5,3076923
793	7,6923077
793	32,6923077
793	-23,3076923
793	27,6923077
794	8,6923077
794	19,6923077
794	28,6923077
794	-20,3076923
795	-4,3076923
795	-0,3076923
795	0,6923077
795	-9,3076923
796	37,6923077
796	33,6923077
796	6,6923077
796	15,6923077
797	-17,3076923
797	-24,3076923
797	10,6923077
797	-0,3076923
798	-1,3076923
798	13,6923077
798	46,6923077
798	46,6923077
799	5,6923077
799	14,6923077
799	14,6923077
799	-4,3076923
800	9,6923077
800	33,6923077
800	35,6923077
800	-0,3076923
801	18,6923077
801	5,6923077
801	10,6923077
801	-12,3076923
802	3,6923077
802	1,6923077
802	-3,3076923
802	11,6923077
803	-3,3076923
803	-19,3076923
803	-0,3076923
803	-7,3076923
804	22,6923077
804	17,6923077
804	-8,3076923
804	17,6923077
805	2,6923077
805	-22,3076923
805	8,6923077
805	-7,3076923
806	-2,3076923
806	8,6923077
806	15,6923077
806	22,6923077
807	-11,3076923
807	39,6923077
807	31,6923077
807	15,6923077
808	9,6923077
808	-4,3076923
808	21,6923077
808	-1,3076923
809	5,6923077
809	1,6923077
809	-11,3076923
809	0,6923077
810	5,6923077
810	21,6923077
810	-20,3076923
810	2,6923077
811	1,6923077
811	10,6923077
811	-10,3076923
811	7,6923077
812	12,6923077
812	15,6923077
812	12,6923077
812	-10,3076923
813	-22,3076923
813	13,6923077
813	22,6923077
813	7,6923077
814	10,6923077
814	14,6923077
814	-7,3076923
814	5,6923077
815	40,6923077
815	29,6923077
815	16,6923077
815	4,6923077
816	42,6923077
816	4,6923077
816	-1,3076923
816	12,6923077
817	4,6923077
817	22,6923077
817	16,6923077
817	14,6923077
818	-14,3076923
818	-7,3076923
818	-10,3076923
818	-14,3076923
819	8,6923077
819	21,6923077
819	-2,3076923
819	14,6923077
820	8,6923077
820	2,6923077
820	-0,3076923
820	2,6923077
820	-6,3076923
821	-8,3076923
821	1,6923077
821	8,6923077
821	-7,3076923
822	35,6923077
822	27,6923077
822	-34,3076923
822	2,6923077
823	-11,3076923
823	7,6923077
823	19,6923077
823	20,6923077
824	-2,3076923
824	44,6923077
824	17,6923077
824	22,6923077
825	15,6923077
825	14,6923077
825	-9,3076923
825	24,6923077
826	31,6923077
826	14,6923077
826	19,6923077
826	10,6923077
827	0,6923077
827	-18,3076923
827	1,6923077
827	-10,3076923
828	3,6923077
828	-21,3076923
828	1,6923077
828	-9,3076923
829	23,6923077
829	-0,3076923
829	23,6923077
829	17,6923077
830	37,6923077
830	53,6923077
830	-3,3076923
830	5,6923077
831	30,6923077
831	22,6923077
831	-1,3076923
831	12,6923077
832	17,6923077
832	8,6923077
832	9,6923077
832	0,6923077
833	16,6923077
833	-22,3076923
833	-9,3076923
833	35,6923077
834	48,6923077
834	8,6923077
834	18,6923077
834	-1,3076923
835	-16,3076923
835	8,6923077
835	1,6923077
835	22,6923077
836	-3,3076923
836	-12,3076923
836	5,6923077
836	18,6923077
837	38,6923077
837	-5,3076923
837	-5,3076923
837	6,6923077
838	5,6923077
838	33,6923077
838	10,6923077
838	11,6923077
839	43,6923077
839	-4,3076923
839	6,6923077
839	46,6923077
840	31,6923077
840	-15,3076923
840	15,6923077
840	-9,3076923
841	-21,3076923
841	29,6923077
841	19,6923077
841	12,6923077
842	12,6923077
842	38,6923077
842	15,6923077
842	36,6923077
843	14,6923077
843	-4,3076923
843	17,6923077
843	1,6923077
844	0,6923077
844	14,6923077
844	12,6923077
844	-25,3076923
845	-16,3076923
845	17,6923077
845	23,6923077
845	13,6923077
845	-6,3076923
846	11,6923077
846	1,6923077
846	2,6923077
846	8,6923077
847	5,6923077
847	-12,3076923
847	-7,3076923
847	-3,3076923
848	-8,3076923
848	1,6923077
848	16,6923077
848	-6,3076923
849	8,6923077
849	11,6923077
849	12,6923077
849	7,6923077
850	16,6923077
850	6,6923077
850	15,6923077
850	35,6923077
851	-8,3076923
851	-13,3076923
851	20,6923077
851	1,6923077
852	-12,3076923
852	8,6923077
852	-4,3076923
852	-6,3076923
853	4,6923077
853	3,6923077
853	-47,3076923
853	-16,3076923
854	-17,3076923
854	15,6923077
854	8,6923077
854	10,6923077
855	9,6923077
855	10,6923077
855	5,6923077
855	9,6923077
856	-16,3076923
856	6,6923077
856	11,6923077
856	-18,3076923
857	-23,3076923
857	15,6923077
857	9,6923077
857	-2,3076923
858	36,6923077
858	12,6923077
858	22,6923077
858	3,6923077
859	-1,3076923
859	-9,3076923
859	18,6923077
859	30,6923077
860	3,6923077
860	-4,3076923
860	14,6923077
860	5,6923077
861	8,6923077
861	4,6923077
861	5,6923077
861	21,6923077
862	10,6923077
862	30,6923077
862	-0,3076923
862	-9,3076923
863	-4,3076923
863	3,6923077
863	1,6923077
863	12,6923077
864	51,6923077
864	2,6923077
864	4,6923077
864	27,6923077
864	10,6923077
865	0,6923077
865	15,6923077
865	15,6923077
865	10,6923077
866	-3,3076923
866	-16,3076923
866	26,6923077
866	12,6923077
867	14,6923077
867	9,6923077
867	-7,3076923
867	21,6923077
868	22,6923077
868	-24,3076923
868	15,6923077
868	30,6923077
869	-2,3076923
869	21,6923077
869	7,6923077
869	-9,3076923
870	19,6923077
870	-8,3076923
870	5,6923077
870	38,6923077
871	0,6923077
871	1,6923077
871	-0,3076923
871	-11,3076923
872	37,6923077
872	-17,3076923
872	6,6923077
872	11,6923077
873	-2,3076923
873	-17,3076923
873	-33,3076923
873	23,6923077
874	12,6923077
874	2,6923077
874	2,6923077
874	11,6923077
875	21,6923077
875	-43,3076923
875	-34,3076923
875	16,6923077
876	-9,3076923
876	2,6923077
876	-3,3076923
876	-0,3076923
877	-5,3076923
877	-24,3076923
877	16,6923077
877	12,6923077
878	9,6923077
878	-14,3076923
878	39,6923077
878	42,6923077
879	14,6923077
879	-15,3076923
879	-1,3076923
879	7,6923077
880	-15,3076923
880	-11,3076923
880	25,6923077
880	25,6923077
880	31,6923077
881	12,6923077
881	8,6923077
881	-1,3076923
881	13,6923077
882	-11,3076923
882	-10,3076923
882	18,6923077
882	14,6923077
883	25,6923077
883	-9,3076923
883	-2,3076923
883	-1,3076923
884	8,6923077
884	0,6923077
884	-2,3076923
884	25,6923077
885	-12,3076923
885	16,6923077
885	26,6923077
885	9,6923077
886	7,6923077
886	-7,3076923
886	-2,3076923
886	-8,3076923
887	18,6923077
887	28,6923077
887	-30,3076923
887	-7,3076923
888	15,6923077
888	-19,3076923
888	-2,3076923
888	-4,3076923
889	0,6923077
889	14,6923077
889	-25,3076923
889	4,6923077
890	13,6923077
890	-19,3076923
890	27,6923077
890	2,6923077
891	4,6923077
891	19,6923077
891	19,6923077
891	18,6923077
892	-16,3076923
892	16,6923077
892	0,6923077
892	39,6923077
893	6,6923077
893	-1,3076923
893	-16,3076923
893	-10,3076923
894	22,6923077
894	-0,3076923
894	17,6923077
894	2,6923077
894	8,6923077
895	2,6923077
895	16,6923077
895	3,6923077
895	6,6923077
896	27,6923077
896	8,6923077
896	18,6923077
896	31,6923077
897	8,6923077
897	29,6923077
897	17,6923077
897	18,6923077
898	2,6923077
898	5,6923077
898	2,6923077
898	3,6923077
899	-11,3076923
899	-13,3076923
899	9,6923077
899	-22,3076923
900	20,6923077
900	17,6923077
900	-1,3076923
900	24,6923077
901	44,6923077
901	18,6923077
901	5,6923077
901	-10,3076923
902	21,6923077
902	-5,3076923
902	-10,3076923
902	-1,3076923
903	14,6923077
903	13,6923077
903	-20,3076923
903	20,6923077
904	20,6923077
904	12,6923077
904	8,6923077
904	11,6923077
905	20,6923077
905	11,6923077
905	2,6923077
905	27,6923077
906	26,6923077
906	10,6923077
906	-11,3076923
906	4,6923077
906	-3,3076923
907	3,6923077
907	-8,3076923
907	-1,3076923
907	20,6923077
908	-11,3076923
908	26,6923077
908	25,6923077
908	-13,3076923
909	0,6923077
909	-15,3076923
909	-5,3076923
909	15,6923077
910	5,6923077
910	1,6923077
910	20,6923077
910	-6,3076923
911	-4,3076923
911	-14,3076923
911	2,6923077
911	14,6923077
912	10,6923077
912	21,6923077
912	5,6923077
912	6,6923077
913	17,6923077
913	-5,3076923
913	1,6923077
913	12,6923077
914	5,6923077
914	-8,3076923
914	-13,3076923
914	5,6923077
915	-28,3076923
915	-14,3076923
915	24,6923077
915	27,6923077
916	12,6923077
916	19,6923077
916	19,6923077
916	14,6923077
917	12,6923077
917	15,6923077
917	-10,3076923
917	-2,3076923
917	-14,3076923
918	17,6923077
918	26,6923077
918	-15,3076923
918	15,6923077
919	14,6923077
919	12,6923077
919	39,6923077
919	-17,3076923
920	19,6923077
920	1,6923077
920	9,6923077
920	22,6923077
921	8,6923077
921	6,6923077
921	3,6923077
921	-3,3076923
922	0,6923077
922	16,6923077
922	-12,3076923
922	-0,3076923
923	16,6923077
923	-6,3076923
923	-3,3076923
923	-4,3076923
924	-8,3076923
924	-21,3076923
924	13,6923077
924	4,6923077
925	6,6923077
925	3,6923077
925	28,6923077
925	17,6923077
926	22,6923077
926	24,6923077
926	32,6923077
926	-22,3076923
927	-9,3076923
927	-9,3076923
927	6,6923077
927	2,6923077
928	-15,3076923
928	-9,3076923
928	-0,3076923
928	4,6923077
928	45,6923077
929	25,6923077
929	-6,3076923
929	18,6923077
929	12,6923077
930	0,6923077
930	-8,3076923
930	-15,3076923
930	2,6923077
931	-1,3076923
931	19,6923077
931	23,6923077
931	5,6923077
932	6,6923077
932	15,6923077
932	13,6923077
932	-10,3076923
933	11,6923077
933	-11,3076923
933	19,6923077
933	6,6923077
934	18,6923077
934	19,6923077
934	17,6923077
934	25,6923077
935	14,6923077
935	-4,3076923
935	-7,3076923
935	20,6923077
936	-11,3076923
936	1,6923077
936	13,6923077
936	-15,3076923
937	10,6923077
937	23,6923077
937	23,6923077
937	-2,3076923
938	1,6923077
938	17,6923077
938	4,6923077
938	19,6923077
938	33,6923077
939	26,6923077
939	8,6923077
939	26,6923077
939	21,6923077
940	24,6923077
940	-3,3076923
940	4,6923077
940	0,6923077
941	1,6923077
941	3,6923077
941	-4,3076923
941	12,6923077
942	-0,3076923
942	24,6923077
942	-22,3076923
942	11,6923077
943	30,6923077
943	-5,3076923
943	-3,3076923
943	3,6923077
944	9,6923077
944	10,6923077
944	20,6923077
944	14,6923077
945	6,6923077
945	25,6923077
945	-0,3076923
945	2,6923077
946	1,6923077
946	11,6923077
946	23,6923077
946	12,6923077
947	21,6923077
947	17,6923077
947	-5,3076923
947	6,6923077
947	18,6923077
948	13,6923077
948	4,6923077
948	-4,3076923
948	17,6923077
949	30,6923077
949	-7,3076923
949	18,6923077
949	-7,3076923
950	5,6923077
950	-12,3076923
950	11,6923077
950	7,6923077
951	-7,3076923
951	2,6923077
951	2,6923077
951	10,6923077
952	14,6923077
952	11,6923077
952	6,6923077
952	46,6923077
953	-9,3076923
953	26,6923077
953	7,6923077
953	5,6923077
954	-12,3076923
954	-5,3076923
954	-2,3076923
954	11,6923077
955	-9,3076923
955	2,6923077
955	-2,3076923
955	-33,3076923
956	3,6923077
956	-14,3076923
956	-11,3076923
956	-6,3076923
956	-6,3076923
957	26,6923077
957	12,6923077
957	-7,3076923
957	-0,3076923
958	4,6923077
958	-12,3076923
958	8,6923077
958	17,6923077
959	7,6923077
959	0,6923077
959	-1,3076923
959	-7,3076923
960	27,6923077
960	20,6923077
960	-10,3076923
960	8,6923077
961	8,6923077
961	7,6923077
961	7,6923077
961	8,6923077
962	12,6923077
962	-1,3076923
962	-0,3076923
962	4,6923077
963	13,6923077
963	31,6923077
963	22,6923077
963	-1,3076923
964	-2,3076923
964	32,6923077
964	12,6923077
964	3,6923077
964	-5,3076923
965	8,6923077
965	1,6923077
965	24,6923077
965	4,6923077
966	26,6923077
966	12,6923077
966	10,6923077
966	2,6923077
967	6,6923077
967	-7,3076923
967	5,6923077
967	3,6923077
968	-3,3076923
968	4,6923077
968	-0,3076923
968	12,6923077
969	2,6923077
969	-4,3076923
969	16,6923077
969	-8,3076923
970	7,6923077
970	-3,3076923
970	11,6923077
970	-4,3076923
971	18,6923077
971	2,6923077
971	22,6923077
971	-0,3076923
972	12,6923077
972	-10,3076923
972	21,6923077
972	-2,3076923
972	-14,3076923
973	-18,3076923
973	1,6923077
973	-9,3076923
973	-8,3076923
974	15,6923077
974	14,6923077
974	44,6923077
974	9,6923077
975	14,6923077
975	-4,3076923
975	15,6923077
975	7,6923077
976	0,6923077
976	-10,3076923
976	-7,3076923
976	-4,3076923
977	8,6923077
977	-10,3076923
977	-8,3076923
977	-10,3076923
978	21,6923077
978	26,6923077
978	-2,3076923
978	6,6923077
979	7,6923077
979	4,6923077
979	24,6923077
979	19,6923077
980	-7,3076923
980	10,6923077
980	-0,3076923
980	-5,3076923
980	6,6923077
981	-5,3076923
981	11,6923077
981	15,6923077
981	-7,3076923
982	-17,3076923
982	-0,3076923
982	16,6923077
982	5,6923077
983	5,6923077
983	13,6923077
983	4,6923077
983	6,6923077
984	17,6923077
984	21,6923077
984	14,6923077
984	7,6923077
985	19,6923077
985	34,6923077
985	22,6923077
985	6,6923077
986	-5,3076923
986	11,6923077
986	-1,3076923
986	-1,3076923
987	12,6923077
987	32,6923077
987	20,6923077
987	-11,3076923
988	0,6923077
988	21,6923077
988	-7,3076923
988	16,6923077
988	4,6923077
989	-11,3076923
989	6,6923077
989	4,6923077
989	20,6923077
990	9,6923077
990	0,6923077
990	-3,3076923
990	-15,3076923
991	8,6923077
991	14,6923077
991	-2,3076923
991	-16,3076923
992	6,6923077
992	-1,3076923
992	25,6923077
992	5,6923077
993	-14,3076923
993	7,6923077
993	2,6923077
993	-10,3076923
994	-13,3076923
994	-10,3076923
994	24,6923077
994	7,6923077
995	11,6923077
995	2,6923077
995	12,6923077
995	50,6923077
995	33,6923077
996	17,6923077
996	48,6923077
996	3,6923077
996	-1,3076923
997	31,6923077
997	-15,3076923
997	-0,3076923
997	24,6923077
998	-9,3076923
998	20,6923077
998	2,6923077
998	37,6923077
999	11,6923077
999	-22,3076923
999	14,6923077
999	7,6923077
1000	-13,3076923
1000	21,6923077
1000	42,6923077
1000	-3,3076923
1001	11,6923077
1001	1,6923077
1001	26,6923077
1001	3,6923077
1002	-7,3076923
1002	12,6923077
1002	13,6923077
1002	27,6923077
1002	7,6923077
1003	16,6923077
1003	9,6923077
1003	3,6923077
1003	3,6923077
1004	29,6923077
1004	-6,3076923
1004	22,6923077
1004	32,6923077
1005	5,6923077
1005	14,6923077
1005	-3,3076923
1005	12,6923077
1006	-24,3076923
1006	4,6923077
1006	1,6923077
1006	11,6923077
1007	19,6923077
1007	13,6923077
1007	-10,3076923
1007	-11,3076923
1008	-12,3076923
1008	10,6923077
1008	13,6923077
1008	13,6923077
1008	4,6923077
1009	1,6923077
1009	-17,3076923
1009	13,6923077
1009	5,6923077
1010	8,6923077
1010	9,6923077
1010	7,6923077
1010	-17,3076923
1011	9,6923077
1011	15,6923077
1011	-18,3076923
1011	21,6923077
1012	0,6923077
1012	-2,3076923
1012	0,6923077
1012	-13,3076923
1013	-2,3076923
1013	5,6923077
1013	29,6923077
1013	1,6923077
1014	19,6923077
1014	17,6923077
1014	10,6923077
1014	-2,3076923
1015	-2,3076923
1015	5,6923077
1015	-0,3076923
1015	8,6923077
1015	8,6923077
1016	30,6923077
1016	3,6923077
1016	3,6923077
1016	-6,3076923
1017	18,6923077
1017	0,6923077
1017	-13,3076923
1017	-0,3076923
1018	6,6923077
1018	22,6923077
1018	6,6923077
1018	12,6923077
1019	10,6923077
1019	32,6923077
1019	1,6923077
1019	1,6923077
1020	-9,3076923
1020	30,6923077
1020	19,6923077
1020	15,6923077
1021	3,6923077
1021	1,6923077
1021	2,6923077
1021	12,6923077
1021	-0,3076923
1022	14,6923077
1022	32,6923077
1022	8,6923077
1022	-8,3076923
1023	-0,3076923
1023	4,6923077
1023	3,6923077
1023	12,6923077
1024	15,6923077
1024	-2,3076923
1024	7,6923077
1024	26,6923077
1025	13,6923077
1025	-0,3076923
1025	-12,3076923
1025	8,6923077
1026	8,6923077
1026	27,6923077
1026	14,6923077
1026	25,6923077
1027	26,6923077
1027	-11,3076923
1027	41,6923077
1027	35,6923077
1027	-1,3076923
1028	20,6923077
1028	-4,3076923
1028	20,6923077
1028	23,6923077
1029	-30,3076923
1029	4,6923077
1029	-1,3076923
1029	9,6923077
1030	2,6923077
1030	-3,3076923
1030	-13,3076923
1030	-12,3076923
1031	28,6923077
1031	-7,3076923
1031	18,6923077
1031	-15,3076923
1032	-10,3076923
1032	21,6923077
1032	3,6923077
1032	24,6923077
1033	19,6923077
1033	24,6923077
1033	31,6923077
1033	21,6923077
1034	24,6923077
1034	16,6923077
1034	-19,3076923
1034	4,6923077
1034	8,6923077
1035	24,6923077
1035	-4,3076923
1035	19,6923077
1035	27,6923077
1036	32,6923077
1036	-2,3076923
1036	17,6923077
1036	6,6923077
1037	-16,3076923
1037	12,6923077
1037	-10,3076923
1037	20,6923077
1038	20,6923077
1038	33,6923077
1038	-2,3076923
1038	22,6923077
1039	0,6923077
1039	-8,3076923
1039	-16,3076923
1039	33,6923077
1039	17,6923077
1040	-17,3076923
1040	6,6923077
1040	11,6923077
1040	5,6923077
1041	36,6923077
1041	-13,3076923
1041	-0,3076923
1041	12,6923077
1042	8,6923077
1042	11,6923077
1042	16,6923077
1042	14,6923077
1043	6,6923077
1043	48,6923077
1043	14,6923077
1043	17,6923077
1044	19,6923077
1044	-18,3076923
1044	29,6923077
1044	1,6923077
1045	3,6923077
1045	-18,3076923
1045	-12,3076923
1045	-1,3076923
1045	-3,3076923
1046	19,6923077
1046	-20,3076923
1046	-8,3076923
1046	11,6923077
1047	4,6923077
1047	51,6923077
1047	18,6923077
1047	17,6923077
1048	2,6923077
1048	20,6923077
1048	39,6923077
1048	7,6923077
1049	-13,3076923
1049	3,6923077
1049	6,6923077
1049	4,6923077
1050	-37,3076923
1050	-3,3076923
1050	-13,3076923
1050	4,6923077
1051	12,6923077
1051	6,6923077
1051	-2,3076923
1051	-5,3076923
1051	-3,3076923
1052	3,6923077
1052	20,6923077
1052	-0,3076923
1052	-0,3076923
1053	-7,3076923
1053	14,6923077
1053	-0,3076923
1053	-18,3076923
1054	11,6923077
1054	20,6923077
1054	2,6923077
1054	16,6923077
1055	20,6923077
1055	4,6923077
1055	24,6923077
1055	17,6923077
1056	20,6923077
1056	10,6923077
1056	4,6923077
1056	23,6923077
1056	-11,3076923
1057	24,6923077
1057	4,6923077
1057	37,6923077
1057	21,6923077
1058	-15,3076923
1058	-4,3076923
1058	-6,3076923
1058	31,6923077
1059	5,6923077
1059	-23,3076923
1059	-18,3076923
1059	18,6923077
1060	27,6923077
1060	29,6923077
1060	20,6923077
1060	20,6923077
1061	20,6923077
1061	4,6923077
1061	2,6923077
1061	6,6923077
1062	12,6923077
1062	19,6923077
1062	-2,3076923
1062	7,6923077
1062	3,6923077
1063	-18,3076923
1063	-13,3076923
1063	25,6923077
1063	11,6923077
1064	-16,3076923
1064	-12,3076923
1064	7,6923077
1064	-14,3076923
1065	25,6923077
1065	13,6923077
1065	-37,3076923
1065	-9,3076923
1066	20,6923077
1066	13,6923077
1066	-15,3076923
1066	16,6923077
1067	20,6923077
1067	11,6923077
1067	8,6923077
1067	1,6923077
1067	10,6923077
1068	3,6923077
1068	36,6923077
1068	11,6923077
1068	11,6923077
1069	15,6923077
1069	-0,3076923
1069	-9,3076923
1069	9,6923077
1070	21,6923077
1070	-2,3076923
1070	4,6923077
1070	18,6923077
1071	18,6923077
1071	16,6923077
1071	21,6923077
1071	8,6923077
1072	14,6923077
1072	19,6923077
1072	4,6923077
1072	7,6923077
1072	23,6923077
1073	15,6923077
1073	-4,3076923
1073	-1,3076923
1073	23,6923077
1074	8,6923077
1074	6,6923077
1074	7,6923077
1074	-1,3076923
1075	10,6923077
1075	14,6923077
1075	25,6923077
1075	-1,3076923
1076	-13,3076923
1076	-3,3076923
1076	12,6923077
1076	24,6923077
1077	10,6923077
1077	-3,3076923
1077	20,6923077
1077	4,6923077
1077	36,6923077
1078	-9,3076923
1078	17,6923077
1078	10,6923077
1078	4,6923077
1079	-2,3076923
1079	15,6923077
1079	16,6923077
1079	39,6923077
1080	13,6923077
1080	-10,3076923
1080	2,6923077
1080	11,6923077
1081	-17,3076923
1081	9,6923077
1081	16,6923077
1081	10,6923077
1082	18,6923077
1082	-14,3076923
1082	15,6923077
1082	-17,3076923
1082	-6,3076923
1083	-12,3076923
1083	18,6923077
1083	13,6923077
1083	1,6923077
1084	4,6923077
1084	-5,3076923
1084	21,6923077
1084	12,6923077
1085	4,6923077
1085	2,6923077
1085	18,6923077
1085	17,6923077
1086	5,6923077
1086	-0,3076923
1086	-3,3076923
1086	7,6923077
1087	4,6923077
1087	4,6923077
1087	0,6923077
1087	-16,3076923
1087	8,6923077
1088	-10,3076923
1088	20,6923077
1088	14,6923077
1088	11,6923077
1089	-2,3076923
1089	-0,3076923
1089	-15,3076923
1089	23,6923077
1090	15,6923077
1090	13,6923077
1090	6,6923077
1090	-7,3076923
1091	10,6923077
1091	17,6923077
1091	-3,3076923
1091	21,6923077
1092	30,6923077
1092	25,6923077
1092	-17,3076923
1092	23,6923077
1092	10,6923077
1093	0,6923077
1093	24,6923077
1093	-5,3076923
1093	1,6923077
1094	13,6923077
1094	-8,3076923
1094	10,6923077
1094	3,6923077
1095	6,6923077
1095	51,6923077
1095	23,6923077
1095	22,6923077
1096	23,6923077
1096	-9,3076923
1096	-20,3076923
1096	9,6923077
1097	8,6923077
1097	-0,3076923
1097	-1,3076923
1097	20,6923077
1097	-12,3076923
1098	-5,3076923
1098	6,6923077
1098	2,6923077
1098	-13,3076923
1099	11,6923077
1099	0,6923077
1099	6,6923077
1099	20,6923077
1100	-6,3076923
1100	-15,3076923
1100	13,6923077
1100	22,6923077
1101	0,6923077
1101	1,6923077
1101	24,6923077
1101	-6,3076923
1101	2,6923077
1102	-4,3076923
1102	11,6923077
1102	-5,3076923
1102	-1,3076923
1103	3,6923077
1103	4,6923077
1103	28,6923077
1103	4,6923077
1104	-5,3076923
1104	2,6923077
1104	19,6923077
1104	13,6923077
1105	22,6923077
1105	30,6923077
1105	2,6923077
1105	35,6923077
1106	30,6923077
1106	11,6923077
1106	0,6923077
1106	-14,3076923
1106	-13,3076923
1107	9,6923077
1107	47,6923077
1107	30,6923077
1107	-8,3076923
1108	5,6923077
1108	0,6923077
1108	20,6923077
1108	-2,3076923
1109	4,6923077
1109	15,6923077
1109	-6,3076923
1109	-13,3076923
1110	6,6923077
1110	19,6923077
1110	9,6923077
1110	4,6923077
1110	-3,3076923
1111	0,6923077
1111	21,6923077
1111	7,6923077
1111	-5,3076923
1112	-7,3076923
1112	0,6923077
1112	11,6923077
1112	4,6923077
1113	-15,3076923
1113	-0,3076923
1113	-12,3076923
1113	36,6923077
1114	20,6923077
1114	38,6923077
1114	17,6923077
1114	-6,3076923
1115	-3,3076923
1115	11,6923077
1115	-13,3076923
1115	6,6923077
1115	15,6923077
1116	1,6923077
1116	-1,3076923
1116	-4,3076923
1116	1,6923077
1117	4,6923077
1117	20,6923077
1117	14,6923077
1117	-5,3076923
1118	-8,3076923
