196	-13,1538462
196	-13,1538462
196	-13,1538462
197	-12,1538462
197	-1,1538462
197	24,8461538
197	22,8461538
198	29,8461538
198	-9,1538462
198	-40,1538462
199	4,8461538
199	12,8461538
199	6,8461538
199	-1,1538462
200	9,8461538
200	7,8461538
200	15,8461538
200	-15,1538462
201	-19,1538462
201	-23,1538462
201	4,8461538
201	-6,1538462
202	15,8461538
202	1,8461538
202	-39,1538462
203	-16,1538462
203	-5,1538462
203	21,8461538
203	-0,1538462
204	8,8461538
204	12,8461538
204	-17,1538462
204	5,8461538
205	11,8461538
205	-11,1538462
205	-26,1538462
205	-5,1538462
206	-18,1538462
206	28,8461538
206	16,8461538
207	-1,1538462
207	0,8461538
207	3,8461538
207	-8,1538462
208	2,8461538
208	11,8461538
208	-8,1538462
208	4,8461538
209	-2,1538462
209	-7,1538462
209	-8,1538462
209	-1,1538462
210	24,8461538
210	-0,1538462
210	1,8461538
211	-5,1538462
211	-1,1538462
211	-7,1538462
211	-15,1538462
212	-9,1538462
212	-19,1538462
212	11,8461538
212	-5,1538462
213	8,8461538
213	-26,1538462
213	6,8461538
213	12,8461538
214	3,8461538
214	-13,1538462
214	-8,1538462
215	-21,1538462
215	-11,1538462
215	-7,1538462
215	-6,1538462
216	14,8461538
216	7,8461538
216	24,8461538
216	-0,1538462
217	-11,1538462
217	-19,1538462
217	3,8461538
217	1,8461538
218	-16,1538462
218	-29,1538462
218	-12,1538462
219	21,8461538
219	5,8461538
219	1,8461538
219	-7,1538462
220	5,8461538
220	-2,1538462
220	-13,1538462
220	-2,1538462
221	-5,1538462
221	-24,1538462
221	0,8461538
221	-2,1538462
222	20,8461538
222	19,8461538
222	10,8461538
223	15,8461538
223	-27,1538462
223	-9,1538462
223	-37,1538462
224	0,8461538
224	-11,1538462
224	-11,1538462
224	-5,1538462
225	22,8461538
225	-5,1538462
225	-1,1538462
225	0,8461538
226	-0,1538462
226	-12,1538462
226	16,8461538
227	-3,1538462
227	-17,1538462
227	-10,1538462
227	0,8461538
228	-1,1538462
228	1,8461538
228	8,8461538
228	10,8461538
229	8,8461538
229	-14,1538462
229	-14,1538462
229	2,8461538
230	8,8461538
230	13,8461538
230	-4,1538462
231	-12,1538462
231	-2,1538462
231	-36,1538462
231	22,8461538
232	24,8461538
232	0,8461538
232	8,8461538
232	-2,1538462
233	-7,1538462
233	19,8461538
233	10,8461538
233	-14,1538462
234	-17,1538462
234	7,8461538
234	-14,1538462
235	3,8461538
235	35,8461538
235	5,8461538
235	6,8461538
236	13,8461538
236	-4,1538462
236	-18,1538462
236	-19,1538462
237	16,8461538
237	2,8461538
237	2,8461538
237	-10,1538462
238	-2,1538462
238	-22,1538462
238	-19,1538462
239	-17,1538462
239	-27,1538462
239	-5,1538462
239	10,8461538
240	16,8461538
240	2,8461538
240	-29,1538462
240	6,8461538
241	-11,1538462
241	-3,1538462
241	-1,1538462
241	10,8461538
242	-13,1538462
242	-10,1538462
242	11,8461538
243	-1,1538462
243	-7,1538462
243	-9,1538462
243	-2,1538462
244	-22,1538462
244	-9,1538462
244	-5,1538462
244	4,8461538
245	5,8461538
245	30,8461538
245	1,8461538
245	-7,1538462
246	-22,1538462
246	11,8461538
246	-31,1538462
247	-3,1538462
247	-1,1538462
247	-1,1538462
247	29,8461538
248	1,8461538
248	2,8461538
248	-11,1538462
248	10,8461538
249	-3,1538462
249	7,8461538
249	-4,1538462
249	17,8461538
250	21,8461538
250	20,8461538
250	-17,1538462
251	-23,1538462
251	-18,1538462
251	-8,1538462
251	-22,1538462
252	-25,1538462
252	-3,1538462
252	33,8461538
252	3,8461538
253	0,8461538
253	-2,1538462
253	-16,1538462
253	5,8461538
254	1,8461538
254	13,8461538
254	2,8461538
254	9,8461538
255	-32,1538462
255	-10,1538462
255	5,8461538
256	-40,1538462
256	-5,1538462
256	-3,1538462
256	15,8461538
257	-7,1538462
257	-4,1538462
257	3,8461538
257	20,8461538
258	3,8461538
258	-18,1538462
258	1,8461538
258	-15,1538462
259	10,8461538
259	-4,1538462
259	-7,1538462
260	4,8461538
260	-24,1538462
260	-4,1538462
260	12,8461538
261	6,8461538
261	19,8461538
261	-7,1538462
261	-36,1538462
262	-12,1538462
262	19,8461538
262	-26,1538462
262	-19,1538462
263	24,8461538
263	23,8461538
263	9,8461538
264	9,8461538
264	15,8461538
264	4,8461538
264	-1,1538462
265	-0,1538462
265	-1,1538462
265	-21,1538462
265	-12,1538462
266	0,8461538
266	3,8461538
266	-3,1538462
266	-34,1538462
267	17,8461538
267	-5,1538462
267	13,8461538
268	8,8461538
268	17,8461538
268	-2,1538462
268	25,8461538
269	5,8461538
269	20,8461538
269	-27,1538462
269	-7,1538462
270	2,8461538
270	-11,1538462
270	-23,1538462
270	-12,1538462
271	-8,1538462
271	4,8461538
271	16,8461538
271	-25,1538462
272	0,8461538
272	-3,1538462
272	1,8461538
273	5,8461538
273	19,8461538
273	-9,1538462
273	-1,1538462
274	-15,1538462
274	-3,1538462
274	4,8461538
274	-6,1538462
275	17,8461538
275	1,8461538
275	2,8461538
275	-9,1538462
276	8,8461538
276	11,8461538
276	1,8461538
277	3,8461538
277	24,8461538
277	8,8461538
277	-0,1538462
278	3,8461538
278	23,8461538
278	1,8461538
278	-25,1538462
279	-2,1538462
279	-1,1538462
279	10,8461538
279	-0,1538462
280	-0,1538462
280	-14,1538462
280	-5,1538462
280	-11,1538462
281	13,8461538
281	18,8461538
281	-3,1538462
282	1,8461538
282	14,8461538
282	-1,1538462
282	-1,1538462
283	-27,1538462
283	-27,1538462
283	-20,1538462
283	-14,1538462
284	-8,1538462
284	6,8461538
284	-12,1538462
284	-20,1538462
285	-9,1538462
285	4,8461538
285	-8,1538462
286	6,8461538
286	-26,1538462
286	-25,1538462
286	-11,1538462
287	18,8461538
287	10,8461538
287	-8,1538462
287	-5,1538462
288	-17,1538462
288	-20,1538462
288	-5,1538462
288	-9,1538462
289	-1,1538462
289	-5,1538462
289	7,8461538
290	0,8461538
290	10,8461538
290	10,8461538
290	-32,1538462
291	4,8461538
291	-0,1538462
291	-3,1538462
291	-12,1538462
292	4,8461538
292	-18,1538462
292	-16,1538462
292	7,8461538
293	2,8461538
293	-11,1538462
293	18,8461538
293	16,8461538
294	2,8461538
294	-6,1538462
294	-11,1538462
295	21,8461538
295	38,8461538
295	-7,1538462
295	5,8461538
296	4,8461538
296	4,8461538
296	4,8461538
296	-3,1538462
297	-7,1538462
297	21,8461538
297	1,8461538
297	20,8461538
298	43,8461538
298	-13,1538462
298	23,8461538
299	10,8461538
299	33,8461538
299	21,8461538
299	-8,1538462
300	-16,1538462
300	2,8461538
300	-15,1538462
300	10,8461538
301	-6,1538462
301	26,8461538
301	-23,1538462
301	-23,1538462
302	-22,1538462
302	-14,1538462
302	17,8461538
302	10,8461538
303	5,8461538
303	-5,1538462
303	-27,1538462
304	0,8461538
304	15,8461538
304	24,8461538
304	-17,1538462
305	15,8461538
305	20,8461538
305	6,8461538
305	-27,1538462
306	-11,1538462
306	-32,1538462
306	-8,1538462
306	10,8461538
307	1,8461538
307	33,8461538
307	-13,1538462
307	5,8461538
308	21,8461538
308	7,8461538
308	15,8461538
309	12,8461538
309	-2,1538462
309	6,8461538
309	21,8461538
310	31,8461538
310	16,8461538
310	2,8461538
310	6,8461538
311	30,8461538
311	56,8461538
311	69,8461538
311	28,8461538
312	29,8461538
312	44,8461538
312	46,8461538
313	56,8461538
313	52,8461538
313	58,8461538
313	26,8461538
314	43,8461538
314	33,8461538
314	46,8461538
314	49,8461538
315	35,8461538
315	62,8461538
315	31,8461538
315	49,8461538
316	51,8461538
316	37,8461538
316	42,8461538
316	47,8461538
317	51,8461538
317	18,8461538
317	25,8461538
318	30,8461538
318	25,8461538
318	26,8461538
318	19,8461538
319	30,8461538
319	23,8461538
319	32,8461538
319	5,8461538
320	9,8461538
320	11,8461538
320	-2,1538462
320	10,8461538
321	24,8461538
321	2,8461538
321	5,8461538
321	1,8461538
322	4,8461538
322	11,8461538
322	8,8461538
323	3,8461538
323	10,8461538
323	6,8461538
323	-25,1538462
324	-4,1538462
324	8,8461538
324	-24,1538462
324	20,8461538
325	-48,1538462
325	-26,1538462
325	-2,1538462
325	21,8461538
326	-5,1538462
326	-15,1538462
326	-3,1538462
327	-7,1538462
327	29,8461538
327	7,8461538
327	-23,1538462
328	10,8461538
328	-0,1538462
328	-0,1538462
328	7,8461538
329	3,8461538
329	-11,1538462
329	-5,1538462
329	9,8461538
330	-1,1538462
330	-11,1538462
330	19,8461538
330	17,8461538
331	8,8461538
331	-16,1538462
331	43,8461538
332	50,8461538
332	53,8461538
332	56,8461538
332	48,8461538
333	34,8461538
333	56,8461538
333	81,8461538
333	70,8461538
334	47,8461538
334	54,8461538
334	72,8461538
334	52,8461538
335	71,8461538
335	40,8461538
335	57,8461538
335	75,8461538
336	69,8461538
336	102,8461538
336	73,8461538
337	61,8461538
337	96,8461538
337	78,8461538
337	54,8461538
338	53,8461538
338	56,8461538
338	59,8461538
338	77,8461538
339	57,8461538
339	54,8461538
339	65,8461538
339	56,8461538
340	61,8461538
340	44,8461538
340	16,8461538
340	26,8461538
341	30,8461538
341	45,8461538
341	34,8461538
342	32,8461538
342	37,8461538
342	40,8461538
342	-3,1538462
343	22,8461538
343	21,8461538
343	10,8461538
343	8,8461538
344	29,8461538
344	12,8461538
344	38,8461538
344	7,8461538
345	-20,1538462
345	-15,1538462
345	-15,1538462
345	-2,1538462
346	5,8461538
346	16,8461538
346	8,8461538
347	-7,1538462
347	-6,1538462
347	12,8461538
347	18,8461538
348	8,8461538
348	14,8461538
348	32,8461538
348	7,8461538
349	26,8461538
349	6,8461538
349	19,8461538
349	18,8461538
350	9,8461538
350	28,8461538
350	21,8461538
350	25,8461538
351	33,8461538
351	31,8461538
351	20,8461538
352	19,8461538
352	40,8461538
352	68,8461538
352	64,8461538
353	50,8461538
353	65,8461538
353	50,8461538
353	70,8461538
354	29,8461538
354	86,8461538
354	80,8461538
354	59,8461538
355	55,8461538
355	67,8461538
355	40,8461538
355	52,8461538
356	41,8461538
356	44,8461538
356	54,8461538
357	57,8461538
357	59,8461538
357	84,8461538
357	66,8461538
358	67,8461538
358	99,8461538
358	78,8461538
358	51,8461538
359	37,8461538
359	50,8461538
359	47,8461538
359	64,8461538
360	77,8461538
360	36,8461538
360	66,8461538
360	48,8461538
361	47,8461538
361	14,8461538
361	40,8461538
362	53,8461538
362	72,8461538
362	33,8461538
362	33,8461538
363	30,8461538
363	15,8461538
363	19,8461538
363	19,8461538
364	24,8461538
364	6,8461538
364	17,8461538
364	15,8461538
365	4,8461538
365	16,8461538
365	-0,1538462
365	4,8461538
366	3,8461538
366	-14,1538462
366	-2,1538462
367	-9,1538462
367	12,8461538
367	4,8461538
367	5,8461538
368	10,8461538
368	-13,1538462
368	8,8461538
368	-2,1538462
369	2,8461538
369	-14,1538462
369	5,8461538
369	-5,1538462
370	12,8461538
370	2,8461538
370	0,8461538
370	10,8461538
371	19,8461538
371	14,8461538
371	21,8461538
371	32,8461538
372	22,8461538
372	35,8461538
372	29,8461538
373	36,8461538
373	27,8461538
373	20,8461538
373	35,8461538
374	16,8461538
374	25,8461538
374	36,8461538
374	34,8461538
375	33,8461538
375	27,8461538
375	53,8461538
375	34,8461538
376	49,8461538
376	43,8461538
376	37,8461538
376	68,8461538
377	41,8461538
377	52,8461538
377	37,8461538
378	32,8461538
378	39,8461538
378	50,8461538
378	40,8461538
379	31,8461538
379	30,8461538
379	32,8461538
379	22,8461538
380	38,8461538
380	24,8461538
380	53,8461538
380	38,8461538
381	78,8461538
381	27,8461538
381	66,8461538
381	18,8461538
382	17,8461538
382	25,8461538
382	32,8461538
383	39,8461538
383	-1,1538462
383	49,8461538
383	40,8461538
384	31,8461538
384	26,8461538
384	36,8461538
384	20,8461538
385	46,8461538
385	36,8461538
385	38,8461538
385	13,8461538
386	22,8461538
386	11,8461538
386	7,8461538
386	12,8461538
387	21,8461538
387	6,8461538
387	-17,1538462
387	-13,1538462
388	6,8461538
388	8,8461538
388	8,8461538
389	-28,1538462
389	-31,1538462
389	18,8461538
389	-5,1538462
390	-6,1538462
390	-11,1538462
390	20,8461538
390	13,8461538
391	-7,1538462
391	0,8461538
391	11,8461538
391	14,8461538
392	-1,1538462
392	-9,1538462
392	-2,1538462
392	5,8461538
393	16,8461538
393	2,8461538
393	38,8461538
394	36,8461538
394	14,8461538
394	23,8461538
394	11,8461538
395	6,8461538
395	13,8461538
395	-6,1538462
395	12,8461538
396	16,8461538
396	26,8461538
396	8,8461538
396	47,8461538
397	-10,1538462
397	27,8461538
397	18,8461538
397	15,8461538
398	38,8461538
398	9,8461538
398	3,8461538
398	14,8461538
399	12,8461538
399	7,8461538
399	35,8461538
400	21,8461538
400	28,8461538
400	28,8461538
400	25,8461538
401	6,8461538
401	31,8461538
401	3,8461538
401	10,8461538
402	30,8461538
402	13,8461538
402	18,8461538
402	9,8461538
403	15,8461538
403	55,8461538
403	12,8461538
403	9,8461538
404	8,8461538
404	16,8461538
404	18,8461538
405	29,8461538
405	33,8461538
405	27,8461538
405	51,8461538
406	0,8461538
406	29,8461538
406	18,8461538
406	-2,1538462
407	20,8461538
407	8,8461538
407	-11,1538462
407	34,8461538
408	21,8461538
408	8,8461538
408	-20,1538462
408	12,8461538
409	26,8461538
409	19,8461538
409	-3,1538462
409	10,8461538
410	11,8461538
410	13,8461538
410	33,8461538
411	18,8461538
411	5,8461538
411	-5,1538462
411	-17,1538462
412	9,8461538
412	19,8461538
412	-15,1538462
412	7,8461538
413	-17,1538462
413	-11,1538462
413	12,8461538
413	7,8461538
414	10,8461538
414	23,8461538
414	13,8461538
414	0,8461538
415	37,8461538
415	22,8461538
415	19,8461538
415	9,8461538
416	-4,1538462
416	-6,1538462
416	8,8461538
417	41,8461538
417	21,8461538
417	5,8461538
417	37,8461538
418	7,8461538
418	8,8461538
418	4,8461538
418	-6,1538462
419	31,8461538
419	-6,1538462
419	12,8461538
419	-8,1538462
420	9,8461538
420	-2,1538462
420	16,8461538
420	11,8461538
421	31,8461538
421	3,8461538
421	1,8461538
421	9,8461538
422	3,8461538
422	23,8461538
422	-14,1538462
423	9,8461538
423	3,8461538
423	42,8461538
423	8,8461538
424	36,8461538
424	-15,1538462
424	2,8461538
424	4,8461538
425	21,8461538
425	3,8461538
425	-1,1538462
425	14,8461538
426	-17,1538462
426	-10,1538462
426	16,8461538
426	16,8461538
427	23,8461538
427	-2,1538462
427	17,8461538
427	14,8461538
428	15,8461538
428	34,8461538
428	26,8461538
429	9,8461538
429	45,8461538
429	-6,1538462
429	23,8461538
430	21,8461538
430	10,8461538
430	14,8461538
430	-5,1538462
431	0,8461538
431	-13,1538462
431	-10,1538462
431	23,8461538
432	25,8461538
432	12,8461538
432	21,8461538
432	28,8461538
433	14,8461538
433	-2,1538462
433	-9,1538462
433	-10,1538462
434	1,8461538
434	19,8461538
434	3,8461538
435	-9,1538462
435	-10,1538462
435	23,8461538
435	7,8461538
436	4,8461538
436	42,8461538
436	28,8461538
436	1,8461538
437	5,8461538
437	13,8461538
437	-4,1538462
437	1,8461538
438	11,8461538
438	20,8461538
438	24,8461538
438	7,8461538
439	4,8461538
439	-5,1538462
439	-2,1538462
439	11,8461538
440	12,8461538
440	26,8461538
440	20,8461538
441	-22,1538462
441	-8,1538462
441	8,8461538
441	17,8461538
442	16,8461538
442	10,8461538
442	8,8461538
442	-8,1538462
443	15,8461538
443	18,8461538
443	3,8461538
443	-5,1538462
444	-36,1538462
444	18,8461538
444	-0,1538462
444	11,8461538
445	-5,1538462
445	-7,1538462
445	18,8461538
445	-2,1538462
446	-22,1538462
446	-19,1538462
446	3,8461538
447	-13,1538462
447	4,8461538
447	9,8461538
447	8,8461538
448	11,8461538
448	-12,1538462
448	-6,1538462
448	-12,1538462
449	2,8461538
449	8,8461538
449	3,8461538
449	1,8461538
450	-16,1538462
450	-34,1538462
450	-12,1538462
450	-4,1538462
451	5,8461538
451	-3,1538462
451	-2,1538462
451	-3,1538462
452	2,8461538
452	2,8461538
452	9,8461538
452	-0,1538462
453	-3,1538462
453	-14,1538462
453	-11,1538462
454	-3,1538462
454	10,8461538
454	2,8461538
454	4,8461538
455	-25,1538462
455	-7,1538462
455	-6,1538462
455	-13,1538462
456	-11,1538462
456	-15,1538462
456	-18,1538462
456	13,8461538
457	-14,1538462
457	-1,1538462
457	-4,1538462
457	-33,1538462
458	-5,1538462
458	-6,1538462
458	-12,1538462
458	20,8461538
459	-19,1538462
459	-3,1538462
459	10,8461538
460	26,8461538
460	0,8461538
460	28,8461538
460	-7,1538462
461	0,8461538
461	6,8461538
461	-1,1538462
461	9,8461538
462	5,8461538
462	-12,1538462
462	-17,1538462
462	-8,1538462
463	-18,1538462
463	-28,1538462
463	-28,1538462
463	-4,1538462
464	0,8461538
464	12,8461538
464	-12,1538462
464	-20,1538462
465	-4,1538462
465	13,8461538
465	13,8461538
465	8,8461538
466	-13,1538462
466	-11,1538462
466	-12,1538462
467	5,8461538
467	6,8461538
467	7,8461538
467	-16,1538462
468	6,8461538
468	22,8461538
468	-14,1538462
468	-0,1538462
469	17,8461538
469	-1,1538462
469	-26,1538462
469	4,8461538
470	9,8461538
470	-10,1538462
470	6,8461538
470	18,8461538
471	3,8461538
471	-6,1538462
471	9,8461538
471	-6,1538462
472	-24,1538462
472	12,8461538
472	2,8461538
472	15,8461538
473	-10,1538462
473	0,8461538
473	-1,1538462
474	9,8461538
474	-15,1538462
474	27,8461538
474	1,8461538
475	-10,1538462
475	4,8461538
475	1,8461538
475	11,8461538
476	5,8461538
476	10,8461538
476	-5,1538462
476	-6,1538462
477	5,8461538
477	-20,1538462
477	-21,1538462
477	9,8461538
478	-0,1538462
478	-14,1538462
478	-11,1538462
478	5,8461538
479	-7,1538462
479	-8,1538462
479	-11,1538462
479	-19,1538462
480	4,8461538
480	-19,1538462
480	-12,1538462
481	3,8461538
481	-9,1538462
481	8,8461538
481	12,8461538
482	39,8461538
482	-22,1538462
482	-8,1538462
482	7,8461538
483	-12,1538462
483	22,8461538
483	-6,1538462
483	6,8461538
484	-11,1538462
484	-4,1538462
484	-16,1538462
484	-31,1538462
485	1,8461538
485	8,8461538
485	-9,1538462
485	-21,1538462
486	-2,1538462
486	2,8461538
486	7,8461538
486	6,8461538
487	-11,1538462
487	24,8461538
487	32,8461538
488	21,8461538
488	3,8461538
488	-3,1538462
488	-10,1538462
489	-8,1538462
489	16,8461538
489	12,8461538
489	4,8461538
490	7,8461538
490	-2,1538462
490	-15,1538462
490	5,8461538
491	-7,1538462
491	-2,1538462
491	3,8461538
491	16,8461538
492	-30,1538462
492	-17,1538462
492	16,8461538
492	-11,1538462
493	-16,1538462
493	-11,1538462
493	-14,1538462
493	-19,1538462
494	-15,1538462
494	9,8461538
494	17,8461538
495	2,8461538
495	-30,1538462
495	2,8461538
495	7,8461538
496	-2,1538462
496	-18,1538462
496	13,8461538
496	10,8461538
497	-13,1538462
497	-11,1538462
497	4,8461538
497	13,8461538
498	6,8461538
498	-18,1538462
498	-5,1538462
498	-0,1538462
499	0,8461538
499	4,8461538
499	-5,1538462
499	40,8461538
500	40,8461538
500	2,8461538
500	-19,1538462
500	8,8461538
501	5,8461538
501	-8,1538462
501	-4,1538462
502	-19,1538462
502	4,8461538
502	-2,1538462
502	-22,1538462
503	0,8461538
503	-3,1538462
503	11,8461538
503	-29,1538462
504	2,8461538
504	-6,1538462
504	4,8461538
504	13,8461538
505	28,8461538
505	2,8461538
505	4,8461538
505	22,8461538
506	3,8461538
506	10,8461538
506	-8,1538462
506	7,8461538
507	3,8461538
507	-15,1538462
507	-1,1538462
507	-10,1538462
508	1,8461538
508	15,8461538
508	7,8461538
508	10,8461538
509	-6,1538462
509	-0,1538462
509	-5,1538462
510	-1,1538462
510	17,8461538
510	-0,1538462
510	3,8461538
511	15,8461538
511	26,8461538
511	-8,1538462
511	-6,1538462
512	8,8461538
512	7,8461538
512	16,8461538
512	-13,1538462
513	-31,1538462
513	11,8461538
513	1,8461538
513	-22,1538462
514	-23,1538462
514	1,8461538
514	-20,1538462
514	-3,1538462
515	14,8461538
515	21,8461538
515	-7,1538462
515	14,8461538
516	23,8461538
516	10,8461538
516	5,8461538
516	-19,1538462
517	-16,1538462
517	-10,1538462
517	-16,1538462
518	-23,1538462
518	5,8461538
518	2,8461538
518	19,8461538
519	30,8461538
519	27,8461538
519	8,8461538
519	35,8461538
520	-19,1538462
520	-23,1538462
520	11,8461538
520	0,8461538
521	-19,1538462
521	-14,1538462
521	-20,1538462
521	13,8461538
522	21,8461538
522	14,8461538
522	-9,1538462
522	-4,1538462
523	8,8461538
523	11,8461538
523	5,8461538
523	-6,1538462
524	11,8461538
524	-15,1538462
524	-0,1538462
524	8,8461538
525	7,8461538
525	-9,1538462
525	3,8461538
526	-7,1538462
526	24,8461538
526	20,8461538
526	-12,1538462
527	-4,1538462
527	8,8461538
527	-0,1538462
527	3,8461538
528	8,8461538
528	16,8461538
528	6,8461538
528	6,8461538
529	21,8461538
529	-2,1538462
529	-10,1538462
529	21,8461538
530	12,8461538
530	-19,1538462
530	3,8461538
530	11,8461538
531	10,8461538
531	-15,1538462
531	28,8461538
531	7,8461538
532	1,8461538
532	3,8461538
532	-10,1538462
532	-6,1538462
533	11,8461538
533	-5,1538462
533	5,8461538
534	-13,1538462
534	14,8461538
534	-10,1538462
534	2,8461538
535	5,8461538
535	-3,1538462
535	19,8461538
535	11,8461538
536	20,8461538
536	2,8461538
536	-24,1538462
536	2,8461538
537	14,8461538
537	-19,1538462
537	1,8461538
537	1,8461538
538	-12,1538462
538	-11,1538462
538	2,8461538
538	-10,1538462
539	10,8461538
539	-7,1538462
539	-12,1538462
539	23,8461538
540	-6,1538462
540	-29,1538462
540	-3,1538462
540	14,8461538
541	32,8461538
541	-14,1538462
541	-16,1538462
541	-8,1538462
542	18,8461538
542	12,8461538
542	-2,1538462
543	12,8461538
543	-15,1538462
543	-22,1538462
543	43,8461538
544	-12,1538462
544	0,8461538
544	10,8461538
544	2,8461538
545	-38,1538462
545	7,8461538
545	-6,1538462
545	-14,1538462
546	7,8461538
546	-16,1538462
546	5,8461538
546	1,8461538
547	-9,1538462
547	9,8461538
547	-0,1538462
547	-14,1538462
548	2,8461538
548	-7,1538462
548	9,8461538
548	5,8461538
549	5,8461538
549	33,8461538
549	25,8461538
549	-22,1538462
550	-9,1538462
550	-15,1538462
550	18,8461538
550	-2,1538462
551	-10,1538462
551	0,8461538
551	11,8461538
552	-20,1538462
552	3,8461538
552	-1,1538462
552	-9,1538462
553	1,8461538
553	-3,1538462
553	-3,1538462
553	15,8461538
554	-7,1538462
554	-0,1538462
554	-1,1538462
554	-18,1538462
555	14,8461538
555	31,8461538
555	-3,1538462
555	-2,1538462
556	-13,1538462
556	29,8461538
556	-12,1538462
556	17,8461538
557	35,8461538
557	-3,1538462
557	-4,1538462
557	5,8461538
558	-10,1538462
558	-12,1538462
558	8,8461538
558	11,8461538
559	34,8461538
559	9,8461538
559	-0,1538462
559	-8,1538462
560	30,8461538
560	22,8461538
560	5,8461538
561	3,8461538
561	0,8461538
561	-29,1538462
561	30,8461538
562	3,8461538
562	-10,1538462
562	12,8461538
562	9,8461538
563	2,8461538
563	-10,1538462
563	-10,1538462
563	-2,1538462
564	-14,1538462
564	3,8461538
564	-35,1538462
564	4,8461538
565	20,8461538
565	-17,1538462
565	-14,1538462
565	4,8461538
566	8,8461538
566	-0,1538462
566	-11,1538462
566	26,8461538
567	-11,1538462
567	-14,1538462
567	-30,1538462
567	-28,1538462
568	-30,1538462
568	0,8461538
568	26,8461538
568	-6,1538462
569	-17,1538462
569	2,8461538
569	14,8461538
569	15,8461538
570	0,8461538
570	-20,1538462
570	10,8461538
571	-20,1538462
571	-16,1538462
571	-7,1538462
571	11,8461538
572	-9,1538462
572	-2,1538462
572	5,8461538
572	7,8461538
573	-17,1538462
573	-20,1538462
573	3,8461538
573	-10,1538462
574	35,8461538
574	-1,1538462
574	-4,1538462
574	-9,1538462
575	0,8461538
575	-9,1538462
575	16,8461538
575	6,8461538
576	-5,1538462
576	10,8461538
576	18,8461538
576	-19,1538462
577	-24,1538462
577	-10,1538462
577	-2,1538462
577	1,8461538
578	-3,1538462
578	-21,1538462
578	-23,1538462
578	-12,1538462
579	-16,1538462
579	-10,1538462
579	-20,1538462
579	-1,1538462
580	6,8461538
580	16,8461538
580	-15,1538462
581	30,8461538
581	7,8461538
581	10,8461538
581	-14,1538462
582	-39,1538462
582	-8,1538462
582	12,8461538
582	4,8461538
583	-25,1538462
583	-8,1538462
583	-4,1538462
583	9,8461538
584	-6,1538462
584	12,8461538
584	14,8461538
584	17,8461538
585	4,8461538
585	4,8461538
585	28,8461538
585	-9,1538462
586	-19,1538462
586	8,8461538
586	24,8461538
586	1,8461538
587	1,8461538
587	-31,1538462
587	-4,1538462
587	-19,1538462
588	-4,1538462
588	0,8461538
588	2,8461538
588	-11,1538462
589	5,8461538
589	-16,1538462
589	17,8461538
589	-23,1538462
590	-5,1538462
590	14,8461538
590	-8,1538462
590	11,8461538
591	14,8461538
591	13,8461538
591	-15,1538462
592	-6,1538462
592	-2,1538462
592	-2,1538462
592	-14,1538462
593	5,8461538
593	-27,1538462
593	-20,1538462
593	14,8461538
594	41,8461538
594	-7,1538462
594	2,8461538
594	11,8461538
595	7,8461538
595	-16,1538462
595	1,8461538
595	-1,1538462
596	14,8461538
596	-2,1538462
596	-24,1538462
596	38,8461538
597	27,8461538
597	-8,1538462
597	-1,1538462
597	-229,1538462
598	-41,1538462
598	-21,1538462
598	-18,1538462
598	6,8461538
599	-12,1538462
599	-26,1538462
599	-12,1538462
599	-0,1538462
600	18,8461538
600	17,8461538
600	1,8461538
600	-11,1538462
601	-22,1538462
601	3,8461538
601	10,8461538
601	13,8461538
602	-4,1538462
602	-17,1538462
602	-4,1538462
603	13,8461538
603	3,8461538
603	25,8461538
603	-3,1538462
604	-7,1538462
604	4,8461538
604	-9,1538462
604	-19,1538462
605	23,8461538
605	15,8461538
605	2,8461538
605	1,8461538
606	11,8461538
606	-9,1538462
606	-8,1538462
606	20,8461538
607	-2,1538462
607	-10,1538462
607	10,8461538
607	2,8461538
608	5,8461538
608	-2,1538462
608	2,8461538
608	10,8461538
609	-14,1538462
609	17,8461538
609	4,8461538
609	-6,1538462
610	-25,1538462
610	-3,1538462
610	26,8461538
610	-9,1538462
611	-2,1538462
611	15,8461538
611	8,8461538
611	-8,1538462
612	-6,1538462
612	7,8461538
612	28,8461538
612	16,8461538
613	-12,1538462
613	0,8461538
613	0,8461538
613	8,8461538
614	11,8461538
614	-28,1538462
614	-15,1538462
614	-8,1538462
615	4,8461538
615	9,8461538
615	-13,1538462
616	-0,1538462
616	-16,1538462
616	-3,1538462
616	-8,1538462
617	-3,1538462
617	9,8461538
617	0,8461538
617	-23,1538462
618	-10,1538462
618	19,8461538
618	-7,1538462
618	5,8461538
619	-15,1538462
619	7,8461538
619	-14,1538462
619	-6,1538462
620	12,8461538
620	9,8461538
620	-6,1538462
620	2,8461538
621	8,8461538
621	-1,1538462
621	-17,1538462
621	-22,1538462
622	-3,1538462
622	15,8461538
622	8,8461538
622	3,8461538
623	-4,1538462
623	2,8461538
623	23,8461538
623	-5,1538462
624	-30,1538462
624	-7,1538462
624	3,8461538
624	-23,1538462
625	4,8461538
625	6,8461538
625	-31,1538462
625	-1,1538462
626	17,8461538
626	1,8461538
626	0,8461538
626	-6,1538462
627	-7,1538462
627	-3,1538462
627	38,8461538
627	12,8461538
628	-6,1538462
628	10,8461538
628	-8,1538462
629	-9,1538462
629	9,8461538
629	-11,1538462
629	0,8461538
630	-12,1538462
630	-3,1538462
630	-3,1538462
630	19,8461538
631	-16,1538462
631	-0,1538462
631	4,8461538
631	13,8461538
632	-14,1538462
632	10,8461538
632	19,8461538
632	18,8461538
633	11,8461538
633	-1,1538462
633	11,8461538
633	13,8461538
634	-0,1538462
634	-12,1538462
634	-24,1538462
634	-7,1538462
635	-20,1538462
635	-34,1538462
635	-27,1538462
635	3,8461538
636	3,8461538
636	-11,1538462
636	-13,1538462
636	0,8461538
637	-5,1538462
637	18,8461538
637	-11,1538462
637	-10,1538462
638	2,8461538
638	-0,1538462
638	10,8461538
638	16,8461538
639	-9,1538462
639	-19,1538462
639	10,8461538
639	25,8461538
640	1,8461538
640	-1,1538462
640	-27,1538462
640	10,8461538
641	-26,1538462
641	-24,1538462
641	6,8461538
641	-2,1538462
642	0,8461538
642	10,8461538
642	-8,1538462
642	-4,1538462
643	9,8461538
643	-8,1538462
643	-10,1538462
644	-0,1538462
644	-17,1538462
644	-1,1538462
644	19,8461538
645	15,8461538
645	-18,1538462
645	-12,1538462
645	13,8461538
646	-13,1538462
646	16,8461538
646	5,8461538
646	9,8461538
647	5,8461538
647	34,8461538
647	-4,1538462
647	8,8461538
648	9,8461538
648	-7,1538462
648	-22,1538462
648	0,8461538
649	-3,1538462
649	10,8461538
649	-9,1538462
649	13,8461538
650	16,8461538
650	0,8461538
650	17,8461538
650	-19,1538462
651	-6,1538462
651	3,8461538
651	7,8461538
651	8,8461538
652	13,8461538
652	-3,1538462
652	6,8461538
652	6,8461538
653	21,8461538
653	26,8461538
653	16,8461538
653	-30,1538462
654	-10,1538462
654	-2,1538462
654	9,8461538
654	2,8461538
655	8,8461538
655	-5,1538462
655	-9,1538462
655	3,8461538
656	13,8461538
656	9,8461538
656	-20,1538462
656	-22,1538462
657	19,8461538
657	-21,1538462
657	-16,1538462
657	11,8461538
658	-10,1538462
658	-21,1538462
658	16,8461538
658	16,8461538
659	15,8461538
659	11,8461538
659	29,8461538
660	4,8461538
660	-3,1538462
660	27,8461538
660	19,8461538
661	-4,1538462
661	23,8461538
661	6,8461538
661	-19,1538462
662	-2,1538462
662	17,8461538
662	-1,1538462
662	-0,1538462
663	12,8461538
663	5,8461538
663	3,8461538
663	16,8461538
664	-5,1538462
664	7,8461538
664	20,8461538
664	8,8461538
665	32,8461538
665	9,8461538
665	43,8461538
665	7,8461538
666	-21,1538462
666	9,8461538
666	-4,1538462
666	6,8461538
667	29,8461538
667	22,8461538
667	6,8461538
667	-4,1538462
668	-8,1538462
668	-29,1538462
668	-8,1538462
668	-0,1538462
669	-1,1538462
669	3,8461538
669	3,8461538
669	-7,1538462
670	-13,1538462
670	21,8461538
670	-7,1538462
670	-4,1538462
671	4,8461538
671	4,8461538
671	-12,1538462
671	-3,1538462
672	15,8461538
672	16,8461538
672	14,8461538
672	7,8461538
673	-8,1538462
673	-12,1538462
673	6,8461538
673	17,8461538
674	17,8461538
674	3,8461538
674	-10,1538462
674	4,8461538
675	-29,1538462
675	17,8461538
675	-29,1538462
675	9,8461538
676	10,8461538
676	8,8461538
676	-7,1538462
676	2,8461538
677	8,8461538
677	-2,1538462
677	-19,1538462
677	1,8461538
678	15,8461538
678	6,8461538
678	-1,1538462
678	10,8461538
679	-5,1538462
679	2,8461538
679	17,8461538
680	9,8461538
680	-1,1538462
680	8,8461538
680	6,8461538
681	14,8461538
681	-1,1538462
681	3,8461538
681	-5,1538462
682	-7,1538462
682	-15,1538462
682	22,8461538
682	18,8461538
683	-42,1538462
683	-17,1538462
683	13,8461538
683	1,8461538
684	-11,1538462
684	-6,1538462
684	24,8461538
684	-1,1538462
685	9,8461538
685	-13,1538462
685	-11,1538462
685	-16,1538462
686	-14,1538462
686	2,8461538
686	8,8461538
686	-5,1538462
687	22,8461538
687	14,8461538
687	4,8461538
687	22,8461538
688	-2,1538462
688	1,8461538
688	-6,1538462
688	-13,1538462
689	11,8461538
689	9,8461538
689	16,8461538
689	8,8461538
690	-5,1538462
690	-14,1538462
690	-11,1538462
690	-11,1538462
691	4,8461538
691	-2,1538462
691	9,8461538
691	22,8461538
692	11,8461538
692	8,8461538
692	-3,1538462
692	-13,1538462
693	7,8461538
693	-17,1538462
693	-3,1538462
693	-38,1538462
694	-5,1538462
694	-4,1538462
694	-8,1538462
694	-20,1538462
695	-16,1538462
695	-7,1538462
695	-11,1538462
695	-17,1538462
696	-7,1538462
696	13,8461538
696	-14,1538462
696	-1,1538462
697	-9,1538462
697	-12,1538462
697	3,8461538
697	-4,1538462
698	-14,1538462
698	-11,1538462
698	-5,1538462
698	-21,1538462
699	7,8461538
699	-8,1538462
699	6,8461538
699	-12,1538462
700	12,8461538
700	-1,1538462
700	-0,1538462
700	-5,1538462
701	-0,1538462
701	-27,1538462
701	12,8461538
701	-6,1538462
702	-17,1538462
702	-9,1538462
702	-22,1538462
702	-31,1538462
703	-0,1538462
703	15,8461538
703	-0,1538462
703	-13,1538462
704	-19,1538462
704	-7,1538462
704	2,8461538
704	19,8461538
705	5,8461538
705	-3,1538462
705	7,8461538
706	24,8461538
706	25,8461538
706	0,8461538
706	-7,1538462
707	-10,1538462
707	-16,1538462
707	22,8461538
707	1,8461538
708	-19,1538462
708	-13,1538462
708	-6,1538462
708	14,8461538
709	-4,1538462
709	-20,1538462
709	-6,1538462
709	-12,1538462
710	-15,1538462
710	5,8461538
710	-15,1538462
710	-21,1538462
711	4,8461538
711	-18,1538462
711	-4,1538462
711	14,8461538
712	14,8461538
712	-6,1538462
712	7,8461538
712	-12,1538462
713	-20,1538462
713	-2,1538462
713	-1,1538462
713	-16,1538462
714	8,8461538
714	4,8461538
714	-4,1538462
714	4,8461538
715	-20,1538462
715	-34,1538462
715	16,8461538
715	1,8461538
716	3,8461538
716	15,8461538
716	-15,1538462
716	4,8461538
717	-4,1538462
717	7,8461538
717	18,8461538
717	1,8461538
718	0,8461538
718	-25,1538462
718	-20,1538462
718	2,8461538
719	3,8461538
719	-5,1538462
719	8,8461538
719	2,8461538
720	-12,1538462
720	-3,1538462
720	-5,1538462
720	15,8461538
721	33,8461538
721	6,8461538
721	0,8461538
721	-21,1538462
722	28,8461538
722	6,8461538
722	-20,1538462
722	-24,1538462
723	22,8461538
723	1,8461538
723	-9,1538462
723	3,8461538
724	-0,1538462
724	-2,1538462
724	-15,1538462
724	-32,1538462
725	-9,1538462
725	23,8461538
725	-10,1538462
725	-2,1538462
726	-28,1538462
726	10,8461538
726	5,8461538
726	5,8461538
727	4,8461538
727	-25,1538462
727	12,8461538
727	3,8461538
728	-11,1538462
728	-20,1538462
728	-3,1538462
728	-1,1538462
729	-25,1538462
729	13,8461538
729	3,8461538
729	5,8461538
730	12,8461538
730	-28,1538462
730	-9,1538462
730	-14,1538462
731	3,8461538
731	8,8461538
731	-21,1538462
731	16,8461538
732	-22,1538462
732	-10,1538462
732	6,8461538
732	16,8461538
733	19,8461538
733	12,8461538
733	15,8461538
733	1,8461538
734	-7,1538462
734	-4,1538462
734	-12,1538462
734	-1,1538462
735	-18,1538462
735	6,8461538
735	29,8461538
735	1,8461538
736	-27,1538462
736	-24,1538462
736	-20,1538462
736	20,8461538
737	-0,1538462
737	-28,1538462
737	0,8461538
737	22,8461538
738	-6,1538462
738	-3,1538462
738	-10,1538462
738	-3,1538462
739	15,8461538
739	34,8461538
739	-31,1538462
739	3,8461538
740	-11,1538462
740	-23,1538462
740	-1,1538462
740	-16,1538462
741	-13,1538462
741	-10,1538462
741	-7,1538462
741	10,8461538
742	21,8461538
742	23,8461538
742	-0,1538462
742	-33,1538462
743	-10,1538462
743	7,8461538
743	8,8461538
743	-26,1538462
744	-7,1538462
744	-0,1538462
744	1,8461538
744	-9,1538462
745	-19,1538462
745	-6,1538462
745	5,8461538
745	-22,1538462
746	-10,1538462
746	-8,1538462
746	-4,1538462
746	8,8461538
747	15,8461538
747	10,8461538
747	2,8461538
747	-5,1538462
748	5,8461538
748	23,8461538
748	2,8461538
748	21,8461538
749	3,8461538
749	17,8461538
749	-21,1538462
749	-24,1538462
750	7,8461538
750	11,8461538
750	0,8461538
750	-1,1538462
751	-3,1538462
751	-9,1538462
751	-3,1538462
751	-6,1538462
752	-1,1538462
752	2,8461538
752	16,8461538
752	14,8461538
753	-11,1538462
753	-13,1538462
753	-14,1538462
753	-12,1538462
754	2,8461538
754	-4,1538462
754	3,8461538
754	5,8461538
755	-3,1538462
755	-40,1538462
755	-2,1538462
755	-19,1538462
756	-14,1538462
756	-16,1538462
756	-26,1538462
756	-0,1538462
757	-6,1538462
757	14,8461538
757	-15,1538462
757	-5,1538462
758	-14,1538462
758	-19,1538462
758	-30,1538462
758	13,8461538
759	14,8461538
759	21,8461538
759	-8,1538462
759	-0,1538462
760	8,8461538
760	12,8461538
760	9,8461538
760	-6,1538462
761	-2,1538462
761	11,8461538
761	3,8461538
761	-10,1538462
762	17,8461538
762	0,8461538
762	8,8461538
762	-22,1538462
763	-1,1538462
763	11,8461538
763	-6,1538462
763	-2,1538462
764	-4,1538462
764	3,8461538
764	6,8461538
764	4,8461538
765	13,8461538
765	-3,1538462
765	10,8461538
765	5,8461538
766	-3,1538462
766	0,8461538
766	-10,1538462
766	-3,1538462
767	-12,1538462
767	-3,1538462
767	19,8461538
767	-18,1538462
768	4,8461538
768	-1,1538462
768	1,8461538
768	17,8461538
769	1,8461538
769	20,8461538
769	-12,1538462
769	-25,1538462
770	-6,1538462
770	6,8461538
770	0,8461538
770	-0,1538462
771	-7,1538462
771	-32,1538462
771	-7,1538462
771	11,8461538
772	8,8461538
772	0,8461538
772	5,8461538
772	-7,1538462
773	-16,1538462
773	-4,1538462
773	-2,1538462
773	-16,1538462
774	5,8461538
774	-5,1538462
774	-18,1538462
774	-9,1538462
775	2,8461538
775	-35,1538462
775	-14,1538462
775	3,8461538
776	-3,1538462
776	-10,1538462
776	9,8461538
776	-29,1538462
777	25,8461538
777	12,8461538
777	-8,1538462
777	4,8461538
778	-2,1538462
778	9,8461538
778	17,8461538
778	-12,1538462
779	17,8461538
779	1,8461538
779	-8,1538462
779	24,8461538
780	26,8461538
780	-11,1538462
780	-15,1538462
780	15,8461538
781	4,8461538
781	-7,1538462
781	-7,1538462
781	-8,1538462
782	21,8461538
782	-11,1538462
782	1,8461538
782	35,8461538
783	-2,1538462
783	-8,1538462
783	1,8461538
783	-1,1538462
784	2,8461538
784	10,8461538
784	24,8461538
784	1,8461538
785	0,8461538
785	-3,1538462
785	-30,1538462
785	-15,1538462
786	1,8461538
786	-27,1538462
786	10,8461538
786	-2,1538462
787	-0,1538462
787	-13,1538462
787	-11,1538462
787	-3,1538462
788	-16,1538462
788	-30,1538462
788	-4,1538462
788	-16,1538462
789	2,8461538
789	5,8461538
789	-21,1538462
789	-11,1538462
790	-0,1538462
790	-10,1538462
790	7,8461538
790	4,8461538
791	-26,1538462
791	-19,1538462
791	-12,1538462
791	-34,1538462
792	-9,1538462
792	-1,1538462
792	4,8461538
792	-20,1538462
793	-24,1538462
793	-4,1538462
793	-27,1538462
793	5,8461538
794	16,8461538
794	-9,1538462
794	0,8461538
794	-40,1538462
795	2,8461538
795	6,8461538
795	-21,1538462
795	12,8461538
796	24,8461538
796	11,8461538
796	-4,1538462
796	11,8461538
797	-4,1538462
797	-18,1538462
797	1,8461538
797	-5,1538462
798	-0,1538462
798	-10,1538462
798	7,8461538
798	4,8461538
799	-5,1538462
799	-1,1538462
799	-8,1538462
799	-30,1538462
800	-3,1538462
800	32,8461538
800	0,8461538
800	-3,1538462
801	5,8461538
801	9,8461538
801	6,8461538
801	-22,1538462
802	-10,1538462
802	4,8461538
802	4,8461538
802	-4,1538462
803	-22,1538462
803	5,8461538
803	-7,1538462
803	12,8461538
804	0,8461538
804	1,8461538
804	-9,1538462
804	30,8461538
805	-9,1538462
805	-47,1538462
805	24,8461538
805	-16,1538462
806	-3,1538462
806	-19,1538462
806	30,8461538
806	15,8461538
807	-19,1538462
807	4,8461538
807	10,8461538
807	-19,1538462
808	-11,1538462
808	-10,1538462
808	4,8461538
808	-2,1538462
809	-12,1538462
809	0,8461538
809	-1,1538462
809	-10,1538462
810	2,8461538
810	5,8461538
810	-6,1538462
810	-15,1538462
811	-6,1538462
811	-2,1538462
811	-10,1538462
811	-14,1538462
812	-8,1538462
812	9,8461538
812	-2,1538462
812	-15,1538462
813	-25,1538462
813	-7,1538462
813	15,8461538
813	10,8461538
814	-0,1538462
814	9,8461538
814	-2,1538462
814	7,8461538
815	28,8461538
815	25,8461538
815	11,8461538
815	-11,1538462
816	29,8461538
816	13,8461538
816	-0,1538462
816	-3,1538462
817	-12,1538462
817	5,8461538
817	-16,1538462
817	3,8461538
818	-37,1538462
818	10,8461538
818	-8,1538462
818	6,8461538
819	1,8461538
819	27,8461538
819	4,8461538
819	7,8461538
820	-10,1538462
820	-0,1538462
820	-22,1538462
820	-13,1538462
820	-16,1538462
821	-16,1538462
821	-23,1538462
821	0,8461538
821	2,8461538
822	15,8461538
822	-11,1538462
822	-38,1538462
822	-12,1538462
823	-18,1538462
823	-15,1538462
823	-4,1538462
823	-5,1538462
824	-13,1538462
824	16,8461538
824	-13,1538462
824	-21,1538462
825	18,8461538
825	19,8461538
825	-1,1538462
825	15,8461538
826	-4,1538462
826	-12,1538462
826	-4,1538462
826	-10,1538462
827	-1,1538462
827	-2,1538462
827	-10,1538462
827	-34,1538462
828	-2,1538462
828	-20,1538462
828	-29,1538462
828	-11,1538462
829	5,8461538
829	22,8461538
829	7,8461538
829	30,8461538
830	8,8461538
830	28,8461538
830	-8,1538462
830	21,8461538
831	33,8461538
831	15,8461538
831	-20,1538462
831	-2,1538462
832	5,8461538
832	-4,1538462
832	-1,1538462
832	-8,1538462
833	-3,1538462
833	-17,1538462
833	-29,1538462
833	20,8461538
834	43,8461538
834	-10,1538462
834	12,8461538
834	-4,1538462
835	-24,1538462
835	27,8461538
835	8,8461538
835	20,8461538
836	-2,1538462
836	-9,1538462
836	2,8461538
836	-0,1538462
837	-8,1538462
837	-28,1538462
837	-3,1538462
837	-4,1538462
838	-22,1538462
838	24,8461538
838	1,8461538
838	-5,1538462
839	7,8461538
839	-16,1538462
839	4,8461538
839	26,8461538
840	-8,1538462
840	-7,1538462
840	-12,1538462
840	-19,1538462
841	-21,1538462
841	14,8461538
841	20,8461538
841	-9,1538462
842	-18,1538462
842	-1,1538462
842	-0,1538462
842	18,8461538
843	9,8461538
843	9,8461538
843	18,8461538
843	-24,1538462
844	-8,1538462
844	12,8461538
844	9,8461538
844	-10,1538462
845	-2,1538462
845	-0,1538462
845	7,8461538
845	-14,1538462
845	-9,1538462
846	-18,1538462
846	19,8461538
846	-10,1538462
846	-5,1538462
847	-6,1538462
847	-20,1538462
847	19,8461538
847	7,8461538
848	7,8461538
848	1,8461538
848	7,8461538
848	-7,1538462
849	-4,1538462
849	2,8461538
849	28,8461538
849	10,8461538
850	19,8461538
850	45,8461538
850	29,8461538
850	30,8461538
851	-1,1538462
851	-9,1538462
851	28,8461538
851	-6,1538462
852	-41,1538462
852	-6,1538462
852	-5,1538462
852	-21,1538462
853	-1,1538462
853	-12,1538462
853	-62,1538462
853	-15,1538462
854	-10,1538462
854	-11,1538462
854	2,8461538
854	1,8461538
855	-13,1538462
855	17,8461538
855	-4,1538462
855	26,8461538
856	-7,1538462
856	-12,1538462
856	-9,1538462
856	-8,1538462
857	0,8461538
857	14,8461538
857	10,8461538
857	-11,1538462
858	8,8461538
858	-5,1538462
858	-14,1538462
858	9,8461538
859	12,8461538
859	-3,1538462
859	11,8461538
859	-8,1538462
860	-14,1538462
860	-13,1538462
860	12,8461538
860	7,8461538
861	9,8461538
861	-2,1538462
861	2,8461538
861	11,8461538
862	-2,1538462
862	-0,1538462
862	-7,1538462
862	0,8461538
863	15,8461538
863	-8,1538462
863	-22,1538462
863	-17,1538462
864	-7,1538462
864	-7,1538462
864	-24,1538462
864	-0,1538462
864	4,8461538
865	-7,1538462
865	6,8461538
865	-0,1538462
865	-10,1538462
866	-4,1538462
866	-27,1538462
866	16,8461538
866	8,8461538
867	9,8461538
867	-4,1538462
867	-5,1538462
867	9,8461538
868	1,8461538
868	-36,1538462
868	-15,1538462
868	6,8461538
869	6,8461538
869	-1,1538462
869	-4,1538462
869	-4,1538462
870	14,8461538
870	-5,1538462
870	3,8461538
870	18,8461538
871	2,8461538
871	-14,1538462
871	-17,1538462
871	-16,1538462
872	8,8461538
872	-25,1538462
872	-12,1538462
872	1,8461538
873	-11,1538462
873	-15,1538462
873	-12,1538462
873	-4,1538462
874	-15,1538462
874	4,8461538
874	3,8461538
874	7,8461538
875	-9,1538462
875	-6,1538462
875	-19,1538462
875	24,8461538
876	-23,1538462
876	4,8461538
876	-6,1538462
876	-17,1538462
877	-2,1538462
877	-2,1538462
877	9,8461538
877	-10,1538462
878	11,8461538
878	-19,1538462
878	15,8461538
878	20,8461538
879	-0,1538462
879	-13,1538462
879	-14,1538462
879	-8,1538462
880	22,8461538
880	-14,1538462
880	15,8461538
880	-14,1538462
880	-26,1538462
881	10,8461538
881	4,8461538
881	-14,1538462
881	-14,1538462
882	-10,1538462
882	-12,1538462
882	-3,1538462
882	10,8461538
883	0,8461538
883	-7,1538462
883	-6,1538462
883	-12,1538462
884	27,8461538
884	-1,1538462
884	3,8461538
884	7,8461538
885	2,8461538
885	-13,1538462
885	9,8461538
885	11,8461538
886	3,8461538
886	-34,1538462
886	-7,1538462
886	-19,1538462
887	-4,1538462
887	19,8461538
887	-24,1538462
887	-7,1538462
888	-3,1538462
888	6,8461538
888	-18,1538462
888	-22,1538462
889	-27,1538462
889	-3,1538462
889	-24,1538462
889	-1,1538462
890	-20,1538462
890	-31,1538462
890	23,8461538
890	5,8461538
891	-7,1538462
891	-6,1538462
891	22,8461538
891	-8,1538462
892	-23,1538462
892	3,8461538
892	-22,1538462
892	17,8461538
893	-10,1538462
893	-16,1538462
893	-10,1538462
893	2,8461538
894	21,8461538
894	-10,1538462
894	-26,1538462
894	-7,1538462
894	0,8461538
895	-1,1538462
895	5,8461538
895	24,8461538
895	4,8461538
896	22,8461538
896	22,8461538
896	2,8461538
896	10,8461538
897	11,8461538
897	-12,1538462
897	12,8461538
897	-4,1538462
898	-17,1538462
898	-0,1538462
898	-5,1538462
898	-2,1538462
899	-22,1538462
899	-39,1538462
899	-3,1538462
899	-12,1538462
900	-1,1538462
900	17,8461538
900	8,8461538
900	17,8461538
901	15,8461538
901	21,8461538
901	-3,1538462
901	-4,1538462
902	-10,1538462
902	0,8461538
902	0,8461538
902	-4,1538462
903	7,8461538
903	25,8461538
903	-17,1538462
903	-1,1538462
904	-16,1538462
904	-10,1538462
904	-10,1538462
904	7,8461538
905	-5,1538462
905	-1,1538462
905	-9,1538462
905	5,8461538
906	20,8461538
906	-4,1538462
906	2,8461538
906	-5,1538462
906	-13,1538462
907	3,8461538
907	-5,1538462
907	-15,1538462
907	11,8461538
908	-12,1538462
908	39,8461538
908	45,8461538
908	-10,1538462
909	-24,1538462
909	-10,1538462
909	-28,1538462
909	22,8461538
910	-10,1538462
910	-36,1538462
910	8,8461538
910	-1,1538462
911	-23,1538462
911	-28,1538462
911	13,8461538
911	19,8461538
912	-5,1538462
912	-1,1538462
912	-7,1538462
912	15,8461538
913	5,8461538
913	-8,1538462
913	-12,1538462
913	-3,1538462
914	-5,1538462
914	5,8461538
914	-8,1538462
914	-10,1538462
915	-13,1538462
915	-27,1538462
915	5,8461538
915	34,8461538
916	20,8461538
916	-5,1538462
916	24,8461538
916	-4,1538462
917	-17,1538462
917	6,8461538
917	-16,1538462
917	1,8461538
917	-26,1538462
918	-19,1538462
918	22,8461538
918	-17,1538462
918	-9,1538462
919	2,8461538
919	11,8461538
919	12,8461538
919	-10,1538462
920	-3,1538462
920	-16,1538462
920	12,8461538
920	-4,1538462
921	18,8461538
921	15,8461538
921	-13,1538462
921	-19,1538462
922	-18,1538462
922	-10,1538462
922	0,8461538
922	-2,1538462
923	4,8461538
923	-5,1538462
923	-10,1538462
923	17,8461538
924	-2,1538462
924	-21,1538462
924	-3,1538462
924	-17,1538462
925	14,8461538
925	6,8461538
925	3,8461538
925	9,8461538
926	-2,1538462
926	11,8461538
926	9,8461538
926	-1,1538462
927	-13,1538462
927	-1,1538462
927	5,8461538
927	-15,1538462
928	-29,1538462
928	-20,1538462
928	-21,1538462
928	-17,1538462
928	21,8461538
929	21,8461538
929	-19,1538462
929	-7,1538462
929	-3,1538462
930	0,8461538
930	-20,1538462
930	-25,1538462
930	-17,1538462
931	-9,1538462
931	-16,1538462
931	20,8461538
931	3,8461538
932	4,8461538
932	-6,1538462
932	-6,1538462
932	-8,1538462
933	-0,1538462
933	-17,1538462
933	13,8461538
933	-31,1538462
934	11,8461538
934	15,8461538
934	2,8461538
934	29,8461538
935	25,8461538
935	-13,1538462
935	-6,1538462
935	6,8461538
936	-15,1538462
936	2,8461538
936	-13,1538462
936	-10,1538462
937	6,8461538
937	13,8461538
937	-0,1538462
937	14,8461538
938	-22,1538462
938	8,8461538
938	-6,1538462
938	17,8461538
938	10,8461538
939	12,8461538
939	7,8461538
939	21,8461538
939	1,8461538
940	-5,1538462
940	-12,1538462
940	-34,1538462
940	-12,1538462
941	-10,1538462
941	-11,1538462
941	-10,1538462
941	2,8461538
942	-3,1538462
942	-8,1538462
942	2,8461538
942	0,8461538
943	-1,1538462
943	0,8461538
943	-11,1538462
943	1,8461538
944	-25,1538462
944	-1,1538462
944	9,8461538
944	-3,1538462
945	-20,1538462
945	-13,1538462
945	-7,1538462
945	17,8461538
946	-7,1538462
946	10,8461538
946	5,8461538
946	-9,1538462
947	18,8461538
947	-1,1538462
947	3,8461538
947	-7,1538462
947	0,8461538
948	2,8461538
948	-9,1538462
948	-9,1538462
948	2,8461538
949	5,8461538
949	-28,1538462
949	17,8461538
949	3,8461538
950	23,8461538
950	0,8461538
950	-23,1538462
950	-17,1538462
951	-0,1538462
951	-2,1538462
951	-11,1538462
951	-17,1538462
952	-9,1538462
952	12,8461538
952	-3,1538462
952	50,8461538
953	-14,1538462
953	9,8461538
953	12,8461538
953	-26,1538462
954	-32,1538462
954	-9,1538462
954	-2,1538462
954	-9,1538462
955	0,8461538
955	18,8461538
955	-28,1538462
955	-16,1538462
956	23,8461538
956	-7,1538462
956	-9,1538462
956	-7,1538462
956	-10,1538462
957	40,8461538
957	18,8461538
957	-15,1538462
957	-10,1538462
958	-8,1538462
958	-23,1538462
958	-10,1538462
958	8,8461538
959	-13,1538462
959	-15,1538462
959	-43,1538462
959	-18,1538462
960	41,8461538
960	11,8461538
960	-6,1538462
960	-7,1538462
961	15,8461538
961	19,8461538
961	5,8461538
961	-20,1538462
962	-27,1538462
962	-20,1538462
962	7,8461538
962	-0,1538462
963	-17,1538462
963	0,8461538
963	15,8461538
963	-19,1538462
964	-15,1538462
964	-4,1538462
964	-24,1538462
964	-16,1538462
964	-4,1538462
965	-4,1538462
965	-26,1538462
965	-27,1538462
965	-22,1538462
966	30,8461538
966	6,8461538
966	-12,1538462
966	3,8461538
967	-11,1538462
967	-3,1538462
967	-2,1538462
967	-10,1538462
968	-9,1538462
968	-17,1538462
968	8,8461538
968	7,8461538
969	0,8461538
969	-12,1538462
969	21,8461538
969	-2,1538462
970	9,8461538
970	-13,1538462
970	6,8461538
970	-4,1538462
971	-3,1538462
971	-6,1538462
971	-28,1538462
971	-15,1538462
972	6,8461538
972	-24,1538462
972	3,8461538
972	0,8461538
972	-26,1538462
973	-42,1538462
973	-9,1538462
973	-1,1538462
973	-16,1538462
974	-7,1538462
974	6,8461538
974	5,8461538
974	-2,1538462
975	-0,1538462
975	-12,1538462
975	7,8461538
975	23,8461538
976	-24,1538462
976	-32,1538462
976	-11,1538462
976	-6,1538462
977	-2,1538462
977	-30,1538462
977	-21,1538462
977	0,8461538
978	10,8461538
978	2,8461538
978	-4,1538462
978	14,8461538
979	-2,1538462
979	-18,1538462
979	4,8461538
979	14,8461538
980	-19,1538462
980	-1,1538462
980	-5,1538462
980	-9,1538462
980	-11,1538462
981	-23,1538462
981	1,8461538
981	5,8461538
981	-19,1538462
982	-20,1538462
982	-24,1538462
982	0,8461538
982	3,8461538
983	15,8461538
983	-0,1538462
983	-13,1538462
983	-2,1538462
984	17,8461538
984	-0,1538462
984	-18,1538462
984	-8,1538462
985	0,8461538
985	-0,1538462
985	6,8461538
985	-11,1538462
986	-0,1538462
986	-7,1538462
986	-7,1538462
986	-11,1538462
987	-10,1538462
987	10,8461538
987	-1,1538462
987	-16,1538462
988	12,8461538
988	27,8461538
988	1,8461538
988	-2,1538462
988	-7,1538462
989	-13,1538462
989	3,8461538
989	-6,1538462
989	10,8461538
990	19,8461538
990	-16,1538462
990	-27,1538462
990	-16,1538462
991	-7,1538462
991	6,8461538
991	-20,1538462
991	-14,1538462
992	-6,1538462
992	-13,1538462
992	13,8461538
992	0,8461538
993	-13,1538462
993	-2,1538462
993	-11,1538462
993	11,8461538
994	10,8461538
994	0,8461538
994	-1,1538462
994	-11,1538462
995	0,8461538
995	0,8461538
995	1,8461538
995	17,8461538
995	2,8461538
996	-13,1538462
996	-2,1538462
996	6,8461538
996	-8,1538462
997	15,8461538
997	-22,1538462
997	-18,1538462
997	12,8461538
998	-9,1538462
998	-9,1538462
998	-7,1538462
998	12,8461538
999	-12,1538462
999	-7,1538462
999	15,8461538
999	-10,1538462
1000	-14,1538462
1000	16,8461538
1000	0,8461538
1000	-14,1538462
1001	9,8461538
1001	-4,1538462
1001	20,8461538
1001	3,8461538
1002	-8,1538462
1002	-8,1538462
1002	6,8461538
1002	13,8461538
1002	-24,1538462
1003	-11,1538462
1003	-2,1538462
1003	15,8461538
1003	-8,1538462
1004	11,8461538
1004	-3,1538462
1004	16,8461538
1004	12,8461538
1005	-20,1538462
1005	-6,1538462
1005	-0,1538462
1005	-3,1538462
1006	-20,1538462
1006	-4,1538462
1006	16,8461538
1006	-9,1538462
1007	-17,1538462
1007	-4,1538462
1007	-27,1538462
1007	-13,1538462
1008	-3,1538462
1008	9,8461538
1008	-1,1538462
1008	3,8461538
1008	-2,1538462
1009	6,8461538
1009	-19,1538462
1009	20,8461538
1009	0,8461538
1010	-23,1538462
1010	-8,1538462
1010	-1,1538462
1010	6,8461538
1011	15,8461538
1011	-0,1538462
1011	5,8461538
1011	-6,1538462
1012	18,8461538
1012	-4,1538462
1012	-5,1538462
1012	-14,1538462
1013	-15,1538462
1013	-6,1538462
1013	28,8461538
1013	14,8461538
1014	13,8461538
1014	-5,1538462
1014	15,8461538
1014	2,8461538
1015	16,8461538
1015	-5,1538462
1015	-16,1538462
1015	0,8461538
1015	13,8461538
1016	17,8461538
1016	11,8461538
1016	-15,1538462
1016	-19,1538462
1017	-18,1538462
1017	-11,1538462
1017	-8,1538462
1017	-20,1538462
1018	18,8461538
1018	10,8461538
1018	-5,1538462
1018	9,8461538
1019	-10,1538462
1019	2,8461538
1019	-0,1538462
1019	-16,1538462
1020	-16,1538462
1020	-3,1538462
1020	-7,1538462
1020	3,8461538
1021	-10,1538462
1021	-0,1538462
1021	6,8461538
1021	2,8461538
1021	-2,1538462
1022	-14,1538462
1022	4,8461538
1022	-1,1538462
1022	-25,1538462
1023	-20,1538462
1023	-18,1538462
1023	2,8461538
1023	-15,1538462
1024	-13,1538462
1024	-29,1538462
1024	16,8461538
1024	16,8461538
1025	-11,1538462
1025	-1,1538462
1025	-23,1538462
1025	11,8461538
1026	9,8461538
1026	-2,1538462
1026	-3,1538462
1026	-1,1538462
1027	13,8461538
1027	-1,1538462
1027	24,8461538
1027	0,8461538
1027	-21,1538462
1028	-17,1538462
1028	-9,1538462
1028	-13,1538462
1028	9,8461538
1029	-20,1538462
1029	-5,1538462
1029	-11,1538462
1029	-15,1538462
1030	30,8461538
1030	-2,1538462
1030	-10,1538462
1030	-7,1538462
1031	34,8461538
1031	-10,1538462
1031	17,8461538
1031	-13,1538462
1032	-14,1538462
1032	-2,1538462
1032	-15,1538462
1032	-0,1538462
1033	-0,1538462
1033	9,8461538
1033	-1,1538462
1033	-7,1538462
1034	6,8461538
1034	2,8461538
1034	-24,1538462
1034	-5,1538462
1034	-28,1538462
1035	-1,1538462
1035	0,8461538
1035	-7,1538462
1035	-7,1538462
1036	23,8461538
1036	33,8461538
1036	18,8461538
1036	-10,1538462
1037	-9,1538462
1037	-20,1538462
1037	23,8461538
1037	28,8461538
1038	5,8461538
1038	4,8461538
1038	-6,1538462
1038	-8,1538462
1039	-0,1538462
1039	-0,1538462
1039	-0,1538462
1039	-6,1538462
1039	-13,1538462
1040	-4,1538462
1040	31,8461538
1040	13,8461538
1040	10,8461538
1041	-1,1538462
1041	-12,1538462
1041	-26,1538462
1041	11,8461538
1042	-0,1538462
1042	5,8461538
1042	6,8461538
1042	-2,1538462
1043	12,8461538
1043	32,8461538
1043	-5,1538462
1043	-13,1538462
1044	12,8461538
1044	-14,1538462
1044	-8,1538462
1044	-7,1538462
1045	-6,1538462
1045	-24,1538462
1045	-0,1538462
1045	-37,1538462
1045	-23,1538462
1046	-29,1538462
1046	-0,1538462
1046	-9,1538462
1046	14,8461538
1047	-1,1538462
1047	8,8461538
1047	-17,1538462
1047	5,8461538
1048	-7,1538462
1048	-6,1538462
1048	23,8461538
1048	8,8461538
1049	-20,1538462
1049	-7,1538462
1049	2,8461538
1049	12,8461538
1050	-29,1538462
1050	-11,1538462
1050	-13,1538462
1050	-12,1538462
1051	-3,1538462
1051	-19,1538462
1051	-8,1538462
1051	-5,1538462
1051	-2,1538462
1052	2,8461538
1052	13,8461538
1052	15,8461538
1052	-21,1538462
1053	5,8461538
1053	10,8461538
1053	-11,1538462
1053	-18,1538462
1054	8,8461538
1054	9,8461538
1054	-3,1538462
1054	6,8461538
1055	-3,1538462
1055	-11,1538462
1055	-18,1538462
1055	-6,1538462
1056	-1,1538462
1056	8,8461538
1056	2,8461538
1056	-6,1538462
1056	-16,1538462
1057	33,8461538
1057	-5,1538462
1057	7,8461538
1057	27,8461538
1058	-18,1538462
1058	-8,1538462
1058	-3,1538462
1058	3,8461538
1059	-0,1538462
1059	-23,1538462
1059	-14,1538462
1059	-8,1538462
1060	22,8461538
1060	0,8461538
1060	2,8461538
1060	20,8461538
1061	16,8461538
1061	8,8461538
1061	-1,1538462
1061	25,8461538
1062	3,8461538
1062	9,8461538
1062	-5,1538462
1062	6,8461538
1062	-3,1538462
1063	-14,1538462
1063	-11,1538462
1063	19,8461538
1063	3,8461538
1064	-26,1538462
1064	14,8461538
1064	20,8461538
1064	3,8461538
1065	5,8461538
1065	-21,1538462
1065	0,8461538
1065	4,8461538
1066	-11,1538462
1066	-11,1538462
1066	-14,1538462
1066	1,8461538
1067	0,8461538
1067	3,8461538
1067	3,8461538
1067	9,8461538
1067	0,8461538
1068	11,8461538
1068	27,8461538
1068	2,8461538
1068	5,8461538
1069	5,8461538
1069	-15,1538462
1069	-2,1538462
1069	-9,1538462
1070	6,8461538
1070	0,8461538
1070	4,8461538
1070	1,8461538
1071	-1,1538462
1071	7,8461538
1071	-5,1538462
1071	8,8461538
1072	6,8461538
1072	22,8461538
1072	-4,1538462
1072	-1,1538462
1072	-6,1538462
1073	-21,1538462
1073	-17,1538462
1073	-12,1538462
1073	-8,1538462
1074	10,8461538
1074	-15,1538462
1074	-2,1538462
1074	-3,1538462
1075	-3,1538462
1075	3,8461538
1075	17,8461538
1075	-21,1538462
1076	-17,1538462
1076	-12,1538462
1076	6,8461538
1076	4,8461538
1077	19,8461538
1077	-12,1538462
1077	-1,1538462
1077	-10,1538462
1077	12,8461538
1078	-19,1538462
1078	-6,1538462
1078	-4,1538462
1078	-21,1538462
1079	5,8461538
1079	34,8461538
1079	-23,1538462
1079	12,8461538
1080	7,8461538
1080	-28,1538462
1080	-23,1538462
1080	-8,1538462
1081	-6,1538462
1081	10,8461538
1081	7,8461538
1081	8,8461538
1082	18,8461538
1082	-18,1538462
1082	6,8461538
1082	-17,1538462
1082	1,8461538
1083	-3,1538462
1083	19,8461538
1083	5,8461538
1083	7,8461538
1084	9,8461538
1084	-5,1538462
1084	10,8461538
1084	-5,1538462
1085	9,8461538
1085	-0,1538462
1085	0,8461538
1085	1,8461538
1086	-15,1538462
1086	-12,1538462
1086	-2,1538462
1086	10,8461538
1087	-3,1538462
1087	0,8461538
1087	-25,1538462
1087	-8,1538462
1087	25,8461538
1088	6,8461538
1088	5,8461538
1088	0,8461538
1088	-6,1538462
1089	20,8461538
1089	-12,1538462
1089	-11,1538462
1089	17,8461538
1090	20,8461538
1090	21,8461538
1090	13,8461538
1090	-1,1538462
1091	3,8461538
1091	-9,1538462
1091	-3,1538462
1091	20,8461538
1092	24,8461538
1092	17,8461538
1092	-12,1538462
1092	9,8461538
1092	-19,1538462
1093	-12,1538462
1093	-19,1538462
1093	-17,1538462
1093	8,8461538
1094	-4,1538462
1094	-5,1538462
1094	-7,1538462
1094	7,8461538
1095	5,8461538
1095	21,8461538
1095	2,8461538
1095	14,8461538
1096	20,8461538
1096	-37,1538462
1096	-18,1538462
1096	1,8461538
1097	-10,1538462
1097	-3,1538462
1097	-14,1538462
1097	13,8461538
1097	-13,1538462
1098	-5,1538462
1098	28,8461538
1098	-7,1538462
1098	3,8461538
1099	13,8461538
1099	-12,1538462
1099	-0,1538462
1099	10,8461538
1100	14,8461538
1100	1,8461538
1100	9,8461538
1100	-12,1538462
1101	-10,1538462
1101	11,8461538
1101	22,8461538
1101	-11,1538462
1101	-0,1538462
1102	15,8461538
1102	33,8461538
1102	-1,1538462
1102	0,8461538
1103	-2,1538462
1103	-7,1538462
1103	-2,1538462
1103	5,8461538
1104	-11,1538462
1104	-14,1538462
1104	-2,1538462
1104	6,8461538
1105	4,8461538
1105	-17,1538462
1105	12,8461538
1105	14,8461538
1106	9,8461538
1106	-8,1538462
1106	-11,1538462
1106	-23,1538462
1106	-20,1538462
1107	5,8461538
1107	14,8461538
1107	8,8461538
1107	-14,1538462
1108	-19,1538462
1108	15,8461538
1108	6,8461538
1108	0,8461538
1109	12,8461538
1109	-5,1538462
1109	-16,1538462
1109	0,8461538
1110	12,8461538
1110	3,8461538
1110	-3,1538462
1110	-6,1538462
1110	1,8461538
1111	3,8461538
1111	12,8461538
1111	-16,1538462
1111	-6,1538462
1112	-2,1538462
1112	-3,1538462
1112	6,8461538
1112	8,8461538
1113	-5,1538462
1113	-23,1538462
1113	-16,1538462
1113	13,8461538
1114	-1,1538462
1114	4,8461538
1114	-2,1538462
1114	-7,1538462
1115	-19,1538462
1115	11,8461538
1115	0,8461538
1115	-5,1538462
1115	2,8461538
1116	10,8461538
1116	11,8461538
1116	-14,1538462
1116	-15,1538462
1117	-4,1538462
1117	-3,1538462
1117	7,8461538
1117	-10,1538462
1118	21,8461538
