196	-25,6923077
196	-25,6923077
196	-25,6923077
197	-9,6923077
197	0,3076923
197	21,3076923
197	2,3076923
198	23,3076923
198	9,3076923
198	-0,6923077
199	6,3076923
199	14,3076923
199	10,3076923
199	29,3076923
200	43,3076923
200	11,3076923
200	30,3076923
200	-9,6923077
201	4,3076923
201	9,3076923
201	41,3076923
201	23,3076923
202	17,3076923
202	21,3076923
202	-15,6923077
203	7,3076923
203	17,3076923
203	31,3076923
203	20,3076923
204	21,3076923
204	11,3076923
204	0,3076923
204	34,3076923
205	8,3076923
205	15,3076923
205	-19,6923077
205	18,3076923
206	-2,6923077
206	13,3076923
206	34,3076923
207	12,3076923
207	7,3076923
207	9,3076923
207	-10,6923077
208	2,3076923
208	2,3076923
208	-19,6923077
208	18,3076923
209	9,3076923
209	16,3076923
209	14,3076923
209	1,3076923
210	20,3076923
210	15,3076923
210	0,3076923
211	-19,6923077
211	16,3076923
211	-13,6923077
211	26,3076923
212	-4,6923077
212	-11,6923077
212	17,3076923
212	11,3076923
213	21,3076923
213	-32,6923077
213	9,3076923
213	15,3076923
214	24,3076923
214	14,3076923
214	37,3076923
215	13,3076923
215	-5,6923077
215	-20,6923077
215	0,3076923
216	-0,6923077
216	21,3076923
216	50,3076923
216	20,3076923
217	17,3076923
217	22,3076923
217	2,3076923
217	15,3076923
218	-12,6923077
218	-1,6923077
218	-17,6923077
219	-3,6923077
219	-9,6923077
219	8,3076923
219	14,3076923
220	3,3076923
220	8,3076923
220	24,3076923
220	-5,6923077
221	-11,6923077
221	-4,6923077
221	8,3076923
221	35,3076923
222	16,3076923
222	20,3076923
222	12,3076923
223	25,3076923
223	16,3076923
223	-5,6923077
223	-32,6923077
224	14,3076923
224	2,3076923
224	16,3076923
224	-9,6923077
225	2,3076923
225	8,3076923
225	40,3076923
225	13,3076923
226	5,3076923
226	-16,6923077
226	4,3076923
227	19,3076923
227	2,3076923
227	0,3076923
227	23,3076923
228	9,3076923
228	13,3076923
228	14,3076923
228	41,3076923
229	10,3076923
229	7,3076923
229	14,3076923
229	24,3076923
230	28,3076923
230	12,3076923
230	-9,6923077
231	-3,6923077
231	22,3076923
231	-8,6923077
231	28,3076923
232	22,3076923
232	23,3076923
232	37,3076923
232	10,3076923
233	2,3076923
233	16,3076923
233	15,3076923
233	-13,6923077
234	-19,6923077
234	36,3076923
234	-9,6923077
235	17,3076923
235	13,3076923
235	6,3076923
235	12,3076923
236	23,3076923
236	30,3076923
236	14,3076923
236	0,3076923
237	38,3076923
237	-3,6923077
237	-4,6923077
237	13,3076923
238	28,3076923
238	1,3076923
238	-0,6923077
239	22,3076923
239	-14,6923077
239	-11,6923077
239	-2,6923077
240	-9,6923077
240	2,3076923
240	-14,6923077
240	18,3076923
241	11,3076923
241	33,3076923
241	1,3076923
241	11,3076923
242	15,3076923
242	-9,6923077
242	2,3076923
243	-4,6923077
243	14,3076923
243	-14,6923077
243	8,3076923
244	-17,6923077
244	1,3076923
244	4,3076923
244	-10,6923077
245	19,3076923
245	3,3076923
245	-0,6923077
245	-8,6923077
246	-16,6923077
246	9,3076923
246	-8,6923077
247	-0,6923077
247	5,3076923
247	6,3076923
247	39,3076923
248	6,3076923
248	11,3076923
248	11,3076923
248	21,3076923
249	22,3076923
249	-5,6923077
249	-11,6923077
249	20,3076923
250	19,3076923
250	36,3076923
250	18,3076923
251	-4,6923077
251	27,3076923
251	19,3076923
251	-4,6923077
252	-17,6923077
252	7,3076923
252	15,3076923
252	16,3076923
253	9,3076923
253	-5,6923077
253	-26,6923077
253	20,3076923
254	-5,6923077
254	10,3076923
254	19,3076923
254	26,3076923
255	8,3076923
255	1,3076923
255	5,3076923
256	-2,6923077
256	-4,6923077
256	10,3076923
256	25,3076923
257	5,3076923
257	-6,6923077
257	16,3076923
257	20,3076923
258	8,3076923
258	15,3076923
258	5,3076923
258	10,3076923
259	42,3076923
259	20,3076923
259	12,3076923
260	7,3076923
260	-12,6923077
260	-12,6923077
260	12,3076923
261	16,3076923
261	26,3076923
261	19,3076923
261	1,3076923
262	24,3076923
262	17,3076923
262	-10,6923077
262	-9,6923077
263	31,3076923
263	12,3076923
263	8,3076923
264	21,3076923
264	26,3076923
264	25,3076923
264	12,3076923
265	0,3076923
265	8,3076923
265	-7,6923077
265	-4,6923077
266	8,3076923
266	8,3076923
266	3,3076923
266	-25,6923077
267	3,3076923
267	6,3076923
267	24,3076923
268	26,3076923
268	35,3076923
268	-8,6923077
268	29,3076923
269	15,3076923
269	22,3076923
269	-5,6923077
269	22,3076923
270	15,3076923
270	-5,6923077
270	-3,6923077
270	25,3076923
271	-11,6923077
271	16,3076923
271	25,3076923
271	-12,6923077
272	21,3076923
272	12,3076923
272	-2,6923077
273	8,3076923
273	15,3076923
273	6,3076923
273	8,3076923
274	5,3076923
274	-7,6923077
274	13,3076923
274	6,3076923
275	33,3076923
275	11,3076923
275	13,3076923
275	-7,6923077
276	28,3076923
276	15,3076923
276	-9,6923077
277	3,3076923
277	37,3076923
277	27,3076923
277	14,3076923
278	7,3076923
278	19,3076923
278	0,3076923
278	9,3076923
279	3,3076923
279	-8,6923077
279	22,3076923
279	25,3076923
280	-0,6923077
280	5,3076923
280	-5,6923077
280	-12,6923077
281	26,3076923
281	36,3076923
281	4,3076923
282	-8,6923077
282	10,3076923
282	3,3076923
282	-4,6923077
283	-18,6923077
283	-17,6923077
283	4,3076923
283	19,3076923
284	28,3076923
284	5,3076923
284	-20,6923077
284	8,3076923
285	14,3076923
285	17,3076923
285	-1,6923077
286	22,3076923
286	-6,6923077
286	1,3076923
286	8,3076923
287	18,3076923
287	10,3076923
287	4,3076923
287	-1,6923077
288	12,3076923
288	8,3076923
288	23,3076923
288	-2,6923077
289	15,3076923
289	4,3076923
289	14,3076923
290	17,3076923
290	-2,6923077
290	-1,6923077
290	-4,6923077
291	27,3076923
291	3,3076923
291	3,3076923
291	10,3076923
292	25,3076923
292	-2,6923077
292	2,3076923
292	27,3076923
293	32,3076923
293	8,3076923
293	34,3076923
293	42,3076923
294	5,3076923
294	-0,6923077
294	3,3076923
295	27,3076923
295	12,3076923
295	10,3076923
295	-13,6923077
296	26,3076923
296	6,3076923
296	-0,6923077
296	-0,6923077
297	-26,6923077
297	8,3076923
297	-7,6923077
297	8,3076923
298	13,3076923
298	-31,6923077
298	3,3076923
299	-24,6923077
299	40,3076923
299	36,3076923
299	10,3076923
300	-1,6923077
300	11,3076923
300	-7,6923077
300	13,3076923
301	-4,6923077
301	4,3076923
301	-22,6923077
301	-14,6923077
302	5,3076923
302	-5,6923077
302	38,3076923
302	36,3076923
303	27,3076923
303	-7,6923077
303	-8,6923077
304	13,3076923
304	15,3076923
304	13,3076923
304	-1,6923077
305	23,3076923
305	22,3076923
305	12,3076923
305	-9,6923077
306	3,3076923
306	2,3076923
306	4,3076923
306	30,3076923
307	34,3076923
307	30,3076923
307	11,3076923
307	-6,6923077
308	5,3076923
308	15,3076923
308	19,3076923
309	34,3076923
309	13,3076923
309	40,3076923
309	8,3076923
310	5,3076923
310	-14,6923077
310	-0,6923077
310	0,3076923
311	0,3076923
311	35,3076923
311	21,3076923
311	12,3076923
312	20,3076923
312	43,3076923
312	14,3076923
313	-6,6923077
313	17,3076923
313	7,3076923
313	0,3076923
314	2,3076923
314	-1,6923077
314	4,3076923
314	11,3076923
315	15,3076923
315	37,3076923
315	25,3076923
315	19,3076923
316	4,3076923
316	4,3076923
316	18,3076923
316	22,3076923
317	11,3076923
317	15,3076923
317	-6,6923077
318	5,3076923
318	5,3076923
318	41,3076923
318	27,3076923
319	14,3076923
319	20,3076923
319	14,3076923
319	5,3076923
320	3,3076923
320	11,3076923
320	12,3076923
320	2,3076923
321	13,3076923
321	-4,6923077
321	-0,6923077
321	16,3076923
322	-1,6923077
322	23,3076923
322	-5,6923077
323	14,3076923
323	18,3076923
323	0,3076923
323	15,3076923
324	5,3076923
324	3,3076923
324	-7,6923077
324	4,3076923
325	-25,6923077
325	-6,6923077
325	2,3076923
325	7,3076923
326	14,3076923
326	-19,6923077
326	22,3076923
327	8,3076923
327	10,3076923
327	-3,6923077
327	-18,6923077
328	12,3076923
328	-7,6923077
328	11,3076923
328	7,3076923
329	-11,6923077
329	-16,6923077
329	3,3076923
329	30,3076923
330	18,3076923
330	17,3076923
330	28,3076923
330	7,3076923
331	-34,6923077
331	-0,6923077
331	15,3076923
332	28,3076923
332	8,3076923
332	9,3076923
332	19,3076923
333	12,3076923
333	7,3076923
333	-4,6923077
333	10,3076923
334	8,3076923
334	44,3076923
334	48,3076923
334	22,3076923
335	29,3076923
335	-0,6923077
335	22,3076923
335	31,3076923
336	7,3076923
336	34,3076923
336	31,3076923
337	1,3076923
337	37,3076923
337	38,3076923
337	19,3076923
338	47,3076923
338	15,3076923
338	11,3076923
338	25,3076923
339	36,3076923
339	10,3076923
339	32,3076923
339	46,3076923
340	-3,6923077
340	19,3076923
340	11,3076923
340	-3,6923077
341	15,3076923
341	20,3076923
341	13,3076923
342	4,3076923
342	12,3076923
342	17,3076923
342	1,3076923
343	3,3076923
343	13,3076923
343	6,3076923
343	24,3076923
344	12,3076923
344	10,3076923
344	37,3076923
344	7,3076923
345	-12,6923077
345	6,3076923
345	-7,6923077
345	23,3076923
346	-7,6923077
346	6,3076923
346	-10,6923077
347	9,3076923
347	20,3076923
347	-14,6923077
347	-12,6923077
348	-6,6923077
348	9,3076923
348	22,3076923
348	15,3076923
349	-0,6923077
349	-2,6923077
349	11,3076923
349	13,3076923
350	5,3076923
350	17,3076923
350	16,3076923
350	16,3076923
351	14,3076923
351	3,3076923
351	-10,6923077
352	-8,6923077
352	10,3076923
352	28,3076923
352	23,3076923
353	23,3076923
353	19,3076923
353	2,3076923
353	46,3076923
354	23,3076923
354	43,3076923
354	46,3076923
354	18,3076923
355	10,3076923
355	22,3076923
355	-1,6923077
355	15,3076923
356	-2,6923077
356	26,3076923
356	26,3076923
357	16,3076923
357	-3,6923077
357	28,3076923
357	26,3076923
358	36,3076923
358	52,3076923
358	16,3076923
358	30,3076923
359	-12,6923077
359	14,3076923
359	18,3076923
359	55,3076923
360	23,3076923
360	29,3076923
360	27,3076923
360	7,3076923
361	22,3076923
361	-5,6923077
361	1,3076923
362	23,3076923
362	45,3076923
362	40,3076923
362	30,3076923
363	4,3076923
363	7,3076923
363	-1,6923077
363	6,3076923
364	10,3076923
364	5,3076923
364	9,3076923
364	6,3076923
365	4,3076923
365	9,3076923
365	-3,6923077
365	29,3076923
366	17,3076923
366	4,3076923
366	17,3076923
367	-4,6923077
367	26,3076923
367	24,3076923
367	7,3076923
368	-3,6923077
368	5,3076923
368	4,3076923
368	-1,6923077
369	4,3076923
369	-26,6923077
369	1,3076923
369	-7,6923077
370	13,3076923
370	5,3076923
370	-15,6923077
370	16,3076923
371	5,3076923
371	-29,6923077
371	15,3076923
371	2,3076923
372	-0,6923077
372	-12,6923077
372	-17,6923077
373	16,3076923
373	11,3076923
373	7,3076923
373	0,3076923
374	-5,6923077
374	21,3076923
374	26,3076923
374	17,3076923
375	-4,6923077
375	34,3076923
375	37,3076923
375	16,3076923
376	26,3076923
376	8,3076923
376	32,3076923
376	10,3076923
377	8,3076923
377	19,3076923
377	47,3076923
378	3,3076923
378	21,3076923
378	59,3076923
378	21,3076923
379	27,3076923
379	1,3076923
379	15,3076923
379	2,3076923
380	18,3076923
380	19,3076923
380	42,3076923
380	26,3076923
381	37,3076923
381	9,3076923
381	28,3076923
381	13,3076923
382	14,3076923
382	-6,6923077
382	29,3076923
383	3,3076923
383	6,3076923
383	30,3076923
383	20,3076923
384	12,3076923
384	6,3076923
384	2,3076923
384	14,3076923
385	-13,6923077
385	-8,6923077
385	31,3076923
385	2,3076923
386	9,3076923
386	12,3076923
386	4,3076923
386	8,3076923
387	10,3076923
387	12,3076923
387	2,3076923
387	-9,6923077
388	-11,6923077
388	13,3076923
388	21,3076923
389	-1,6923077
389	7,3076923
389	-1,6923077
389	-14,6923077
390	-0,6923077
390	8,3076923
390	16,3076923
390	-3,6923077
391	19,3076923
391	36,3076923
391	12,3076923
391	3,3076923
392	-3,6923077
392	-7,6923077
392	-3,6923077
392	10,3076923
393	-7,6923077
393	-0,6923077
393	2,3076923
394	31,3076923
394	16,3076923
394	17,3076923
394	28,3076923
395	0,3076923
395	12,3076923
395	14,3076923
395	4,3076923
396	19,3076923
396	-1,6923077
396	-7,6923077
396	33,3076923
397	-15,6923077
397	28,3076923
397	-5,6923077
397	8,3076923
398	16,3076923
398	3,3076923
398	-2,6923077
398	5,3076923
399	-9,6923077
399	12,3076923
399	28,3076923
400	21,3076923
400	16,3076923
400	20,3076923
400	7,3076923
401	14,3076923
401	37,3076923
401	2,3076923
401	-1,6923077
402	5,3076923
402	10,3076923
402	16,3076923
402	6,3076923
403	3,3076923
403	31,3076923
403	7,3076923
403	9,3076923
404	-5,6923077
404	41,3076923
404	17,3076923
405	17,3076923
405	23,3076923
405	29,3076923
405	14,3076923
406	26,3076923
406	17,3076923
406	5,3076923
406	7,3076923
407	18,3076923
407	18,3076923
407	11,3076923
407	19,3076923
408	8,3076923
408	-4,6923077
408	-41,6923077
408	-5,6923077
409	25,3076923
409	9,3076923
409	16,3076923
409	1,3076923
410	5,3076923
410	11,3076923
410	4,3076923
411	10,3076923
411	19,3076923
411	4,3076923
411	-24,6923077
412	22,3076923
412	3,3076923
412	4,3076923
412	3,3076923
413	-6,6923077
413	4,3076923
413	9,3076923
413	6,3076923
414	18,3076923
414	14,3076923
414	7,3076923
414	8,3076923
415	35,3076923
415	22,3076923
415	37,3076923
415	7,3076923
416	-8,6923077
416	6,3076923
416	5,3076923
417	33,3076923
417	7,3076923
417	0,3076923
417	14,3076923
418	17,3076923
418	8,3076923
418	17,3076923
418	9,3076923
419	20,3076923
419	13,3076923
419	18,3076923
419	12,3076923
420	19,3076923
420	4,3076923
420	40,3076923
420	13,3076923
421	41,3076923
421	-1,6923077
421	24,3076923
421	16,3076923
422	0,3076923
422	24,3076923
422	-11,6923077
423	8,3076923
423	4,3076923
423	19,3076923
423	-4,6923077
424	27,3076923
424	-16,6923077
424	-0,6923077
424	23,3076923
425	25,3076923
425	-6,6923077
425	-2,6923077
425	13,3076923
426	-8,6923077
426	15,3076923
426	14,3076923
426	10,3076923
427	14,3076923
427	-17,6923077
427	11,3076923
427	26,3076923
428	27,3076923
428	16,3076923
428	-6,6923077
429	28,3076923
429	31,3076923
429	-2,6923077
429	41,3076923
430	23,3076923
430	4,3076923
430	10,3076923
430	12,3076923
431	11,3076923
431	-18,6923077
431	-15,6923077
431	11,3076923
432	3,3076923
432	-2,6923077
432	15,3076923
432	28,3076923
433	-3,6923077
433	9,3076923
433	11,3076923
433	-9,6923077
434	8,3076923
434	11,3076923
434	2,3076923
435	4,3076923
435	-9,6923077
435	11,3076923
435	16,3076923
436	14,3076923
436	45,3076923
436	6,3076923
436	21,3076923
437	22,3076923
437	28,3076923
437	-2,6923077
437	-18,6923077
438	-10,6923077
438	11,3076923
438	8,3076923
438	4,3076923
439	-4,6923077
439	-0,6923077
439	8,3076923
439	22,3076923
440	27,3076923
440	24,3076923
440	6,3076923
441	1,3076923
441	-3,6923077
441	34,3076923
441	38,3076923
442	24,3076923
442	23,3076923
442	23,3076923
442	23,3076923
443	14,3076923
443	6,3076923
443	8,3076923
443	-8,6923077
444	4,3076923
444	39,3076923
444	25,3076923
444	24,3076923
445	-5,6923077
445	-3,6923077
445	13,3076923
445	24,3076923
446	-17,6923077
446	-10,6923077
446	-0,6923077
447	15,3076923
447	11,3076923
447	21,3076923
447	4,3076923
448	30,3076923
448	-12,6923077
448	-2,6923077
448	-13,6923077
449	20,3076923
449	9,3076923
449	7,3076923
449	-7,6923077
450	-7,6923077
450	-13,6923077
450	-13,6923077
450	-8,6923077
451	1,3076923
451	-10,6923077
451	-16,6923077
451	19,3076923
452	-8,6923077
452	-15,6923077
452	-3,6923077
452	10,3076923
453	0,3076923
453	10,3076923
453	10,3076923
454	32,3076923
454	12,3076923
454	-3,6923077
454	12,3076923
455	5,3076923
455	-10,6923077
455	13,3076923
455	1,3076923
456	18,3076923
456	12,3076923
456	-0,6923077
456	25,3076923
457	-15,6923077
457	-8,6923077
457	4,3076923
457	7,3076923
458	10,3076923
458	9,3076923
458	-1,6923077
458	-4,6923077
459	-0,6923077
459	14,3076923
459	50,3076923
460	22,3076923
460	16,3076923
460	25,3076923
460	-5,6923077
461	5,3076923
461	4,3076923
461	2,3076923
461	15,3076923
462	-8,6923077
462	-2,6923077
462	-14,6923077
462	9,3076923
463	-9,6923077
463	3,3076923
463	-21,6923077
463	-34,6923077
464	-1,6923077
464	-12,6923077
464	-9,6923077
464	-11,6923077
465	21,3076923
465	21,3076923
465	31,3076923
465	26,3076923
466	-13,6923077
466	-0,6923077
466	-5,6923077
467	6,3076923
467	1,3076923
467	36,3076923
467	3,3076923
468	8,3076923
468	42,3076923
468	-12,6923077
468	1,3076923
469	29,3076923
469	-5,6923077
469	-9,6923077
469	10,3076923
470	36,3076923
470	-0,6923077
470	3,3076923
470	-8,6923077
471	13,3076923
471	16,3076923
471	23,3076923
471	3,3076923
472	6,3076923
472	22,3076923
472	5,3076923
472	17,3076923
473	-2,6923077
473	30,3076923
473	2,3076923
474	9,3076923
474	1,3076923
474	31,3076923
474	-0,6923077
475	6,3076923
475	6,3076923
475	31,3076923
475	28,3076923
476	-6,6923077
476	-24,6923077
476	-12,6923077
476	14,3076923
477	39,3076923
477	10,3076923
477	-7,6923077
477	9,3076923
478	2,3076923
478	-2,6923077
478	-6,6923077
478	3,3076923
479	-10,6923077
479	20,3076923
479	33,3076923
479	22,3076923
480	26,3076923
480	4,3076923
480	-19,6923077
481	20,3076923
481	10,3076923
481	6,3076923
481	17,3076923
482	44,3076923
482	-2,6923077
482	-11,6923077
482	41,3076923
483	3,3076923
483	15,3076923
483	-0,6923077
483	4,3076923
484	2,3076923
484	13,3076923
484	-0,6923077
484	-17,6923077
485	-7,6923077
485	17,3076923
485	12,3076923
485	0,3076923
486	-2,6923077
486	-12,6923077
486	-3,6923077
486	4,3076923
487	0,3076923
487	19,3076923
487	19,3076923
488	33,3076923
488	2,3076923
488	-8,6923077
488	-20,6923077
489	-6,6923077
489	12,3076923
489	18,3076923
489	11,3076923
490	9,3076923
490	9,3076923
490	-7,6923077
490	3,3076923
491	0,3076923
491	7,3076923
491	3,3076923
491	1,3076923
492	-8,6923077
492	-8,6923077
492	29,3076923
492	15,3076923
493	-8,6923077
493	-13,6923077
493	3,3076923
493	0,3076923
494	0,3076923
494	9,3076923
494	11,3076923
495	5,3076923
495	3,3076923
495	20,3076923
495	2,3076923
496	5,3076923
496	-2,6923077
496	-2,6923077
496	2,3076923
497	1,3076923
497	18,3076923
497	-6,6923077
497	3,3076923
498	16,3076923
498	-15,6923077
498	-3,6923077
498	-23,6923077
499	15,3076923
499	31,3076923
499	-15,6923077
499	21,3076923
500	34,3076923
500	9,3076923
500	8,3076923
500	15,3076923
501	23,3076923
501	-0,6923077
501	11,3076923
502	12,3076923
502	23,3076923
502	12,3076923
502	4,3076923
503	1,3076923
503	-11,6923077
503	19,3076923
503	-17,6923077
504	-4,6923077
504	16,3076923
504	21,3076923
504	13,3076923
505	-6,6923077
505	-15,6923077
505	2,3076923
505	10,3076923
506	-3,6923077
506	16,3076923
506	-12,6923077
506	3,3076923
507	4,3076923
507	14,3076923
507	28,3076923
507	-13,6923077
508	10,3076923
508	2,3076923
508	24,3076923
508	26,3076923
509	11,3076923
509	24,3076923
509	1,3076923
510	-17,6923077
510	5,3076923
510	-16,6923077
510	-15,6923077
511	-3,6923077
511	19,3076923
511	14,3076923
511	-11,6923077
512	12,3076923
512	-7,6923077
512	10,3076923
512	-8,6923077
513	-37,6923077
513	7,3076923
513	18,3076923
513	-5,6923077
514	-13,6923077
514	9,3076923
514	19,3076923
514	-4,6923077
515	-3,6923077
515	-4,6923077
515	0,3076923
515	-0,6923077
516	21,3076923
516	35,3076923
516	14,3076923
516	-20,6923077
517	-11,6923077
517	2,3076923
517	1,3076923
518	-8,6923077
518	12,3076923
518	19,3076923
518	8,3076923
519	31,3076923
519	11,3076923
519	15,3076923
519	26,3076923
520	-12,6923077
520	2,3076923
520	39,3076923
520	9,3076923
521	-5,6923077
521	12,3076923
521	22,3076923
521	12,3076923
522	37,3076923
522	37,3076923
522	4,3076923
522	11,3076923
523	4,3076923
523	19,3076923
523	14,3076923
523	-12,6923077
524	-5,6923077
524	-18,6923077
524	-10,6923077
524	-4,6923077
525	18,3076923
525	-3,6923077
525	25,3076923
526	33,3076923
526	55,3076923
526	31,3076923
526	17,3076923
527	12,3076923
527	42,3076923
527	14,3076923
527	2,3076923
528	20,3076923
528	21,3076923
528	14,3076923
528	27,3076923
529	17,3076923
529	-3,6923077
529	1,3076923
529	11,3076923
530	20,3076923
530	-25,6923077
530	19,3076923
530	-6,6923077
531	14,3076923
531	-2,6923077
531	32,3076923
531	14,3076923
532	1,3076923
532	-5,6923077
532	18,3076923
532	1,3076923
533	-8,6923077
533	9,3076923
533	33,3076923
534	13,3076923
534	23,3076923
534	16,3076923
534	14,3076923
535	18,3076923
535	1,3076923
535	32,3076923
535	4,3076923
536	29,3076923
536	20,3076923
536	-6,6923077
536	-8,6923077
537	21,3076923
537	-9,6923077
537	-9,6923077
537	-10,6923077
538	-17,6923077
538	14,3076923
538	8,3076923
538	-9,6923077
539	27,3076923
539	4,3076923
539	6,3076923
539	31,3076923
540	13,3076923
540	-13,6923077
540	25,3076923
540	6,3076923
541	6,3076923
541	-11,6923077
541	3,3076923
541	-3,6923077
542	1,3076923
542	-4,6923077
542	7,3076923
543	-4,6923077
543	25,3076923
543	5,3076923
543	48,3076923
544	-2,6923077
544	10,3076923
544	4,3076923
544	17,3076923
545	-28,6923077
545	17,3076923
545	1,3076923
545	-14,6923077
546	10,3076923
546	-7,6923077
546	4,3076923
546	7,3076923
547	-3,6923077
547	22,3076923
547	21,3076923
547	4,3076923
548	4,3076923
548	9,3076923
548	15,3076923
548	10,3076923
549	2,3076923
549	27,3076923
549	11,3076923
549	-7,6923077
550	11,3076923
550	20,3076923
550	20,3076923
550	-3,6923077
551	-15,6923077
551	-3,6923077
551	2,3076923
552	0,3076923
552	-3,6923077
552	-6,6923077
552	-8,6923077
553	17,3076923
553	23,3076923
553	7,3076923
553	6,3076923
554	-8,6923077
554	3,3076923
554	21,3076923
554	4,3076923
555	36,3076923
555	34,3076923
555	17,3076923
555	-0,6923077
556	16,3076923
556	19,3076923
556	1,3076923
556	14,3076923
557	42,3076923
557	34,3076923
557	-2,6923077
557	4,3076923
558	0,3076923
558	-30,6923077
558	13,3076923
558	19,3076923
559	13,3076923
559	21,3076923
559	21,3076923
559	6,3076923
560	3,3076923
560	3,3076923
560	8,3076923
561	2,3076923
561	11,3076923
561	14,3076923
561	27,3076923
562	9,3076923
562	13,3076923
562	38,3076923
562	5,3076923
563	22,3076923
563	20,3076923
563	19,3076923
563	8,3076923
564	-3,6923077
564	0,3076923
564	5,3076923
564	23,3076923
565	19,3076923
565	16,3076923
565	-6,6923077
565	6,3076923
566	17,3076923
566	-3,6923077
566	1,3076923
566	21,3076923
567	-12,6923077
567	9,3076923
567	-9,6923077
567	-12,6923077
568	-12,6923077
568	2,3076923
568	20,3076923
568	13,3076923
569	-25,6923077
569	12,3076923
569	-3,6923077
569	4,3076923
570	-3,6923077
570	-9,6923077
570	29,3076923
571	5,3076923
571	10,3076923
571	8,3076923
571	33,3076923
572	-13,6923077
572	-0,6923077
572	3,3076923
572	4,3076923
573	-5,6923077
573	-0,6923077
573	-7,6923077
573	10,3076923
574	6,3076923
574	-0,6923077
574	9,3076923
574	7,3076923
575	20,3076923
575	-5,6923077
575	23,3076923
575	-16,6923077
576	35,3076923
576	29,3076923
576	40,3076923
576	-14,6923077
577	-9,6923077
577	21,3076923
577	-2,6923077
577	12,3076923
578	8,3076923
578	1,3076923
578	-4,6923077
578	34,3076923
579	16,3076923
579	-1,6923077
579	-9,6923077
579	10,3076923
580	-0,6923077
580	18,3076923
580	22,3076923
581	26,3076923
581	3,3076923
581	32,3076923
581	-18,6923077
582	-35,6923077
582	-2,6923077
582	10,3076923
582	20,3076923
583	12,3076923
583	-3,6923077
583	-2,6923077
583	14,3076923
584	9,3076923
584	1,3076923
584	8,3076923
584	47,3076923
585	16,3076923
585	15,3076923
585	18,3076923
585	6,3076923
586	13,3076923
586	13,3076923
586	30,3076923
586	-10,6923077
587	14,3076923
587	-7,6923077
587	25,3076923
587	-10,6923077
588	9,3076923
588	27,3076923
588	27,3076923
588	7,3076923
589	16,3076923
589	2,3076923
589	-7,6923077
589	-7,6923077
590	-16,6923077
590	4,3076923
590	-3,6923077
590	19,3076923
591	19,3076923
591	24,3076923
591	1,3076923
592	-21,6923077
592	-20,6923077
592	6,3076923
592	11,3076923
593	12,3076923
593	6,3076923
593	-4,6923077
593	20,3076923
594	40,3076923
594	-2,6923077
594	1,3076923
594	14,3076923
595	-2,6923077
595	-18,6923077
595	27,3076923
595	8,3076923
596	12,3076923
596	4,3076923
596	5,3076923
596	8,3076923
597	29,3076923
597	6,3076923
597	-4,6923077
597	-221,6923077
598	-32,6923077
598	-0,6923077
598	-7,6923077
598	9,3076923
599	-7,6923077
599	0,3076923
599	-5,6923077
599	-5,6923077
600	6,3076923
600	7,3076923
600	-8,6923077
600	12,3076923
601	-23,6923077
601	15,3076923
601	14,3076923
601	2,3076923
602	-7,6923077
602	-4,6923077
602	33,3076923
603	10,3076923
603	22,3076923
603	36,3076923
603	21,3076923
604	-3,6923077
604	9,3076923
604	4,3076923
604	2,3076923
605	28,3076923
605	23,3076923
605	7,3076923
605	0,3076923
606	-18,6923077
606	-0,6923077
606	12,3076923
606	3,3076923
607	-8,6923077
607	6,3076923
607	23,3076923
607	5,3076923
608	23,3076923
608	13,3076923
608	1,3076923
608	5,3076923
609	-2,6923077
609	-4,6923077
609	13,3076923
609	-20,6923077
610	4,3076923
610	23,3076923
610	13,3076923
610	9,3076923
611	-18,6923077
611	-8,6923077
611	-3,6923077
611	6,3076923
612	17,3076923
612	7,3076923
612	24,3076923
612	-1,6923077
613	2,3076923
613	12,3076923
613	12,3076923
613	7,3076923
614	19,3076923
614	-3,6923077
614	8,3076923
614	14,3076923
615	-21,6923077
615	17,3076923
615	-4,6923077
616	2,3076923
616	-11,6923077
616	-1,6923077
616	-13,6923077
617	14,3076923
617	1,3076923
617	1,3076923
617	-24,6923077
618	-8,6923077
618	15,3076923
618	-5,6923077
618	-0,6923077
619	24,3076923
619	7,3076923
619	17,3076923
619	17,3076923
620	14,3076923
620	1,3076923
620	1,3076923
620	27,3076923
621	8,3076923
621	24,3076923
621	-4,6923077
621	-2,6923077
622	0,3076923
622	11,3076923
622	21,3076923
622	11,3076923
623	1,3076923
623	12,3076923
623	24,3076923
623	13,3076923
624	-2,6923077
624	9,3076923
624	32,3076923
624	3,3076923
625	34,3076923
625	12,3076923
625	-25,6923077
625	-6,6923077
626	2,3076923
626	-5,6923077
626	4,3076923
626	18,3076923
627	2,3076923
627	3,3076923
627	16,3076923
627	-3,6923077
628	-4,6923077
628	-5,6923077
628	1,3076923
629	32,3076923
629	16,3076923
629	-27,6923077
629	18,3076923
630	25,3076923
630	8,3076923
630	4,3076923
630	10,3076923
631	-5,6923077
631	12,3076923
631	-8,6923077
631	11,3076923
632	7,3076923
632	15,3076923
632	7,3076923
632	-2,6923077
633	-0,6923077
633	-12,6923077
633	-14,6923077
633	-13,6923077
634	-0,6923077
634	-8,6923077
634	-0,6923077
634	2,3076923
635	4,3076923
635	-6,6923077
635	-14,6923077
635	19,3076923
636	22,3076923
636	11,3076923
636	2,3076923
636	-10,6923077
637	12,3076923
637	31,3076923
637	19,3076923
637	1,3076923
638	7,3076923
638	17,3076923
638	-9,6923077
638	5,3076923
639	-4,6923077
639	-14,6923077
639	-6,6923077
639	6,3076923
640	0,3076923
640	15,3076923
640	-6,6923077
640	24,3076923
641	1,3076923
641	20,3076923
641	18,3076923
641	22,3076923
642	4,3076923
642	19,3076923
642	16,3076923
642	9,3076923
643	17,3076923
643	2,3076923
643	30,3076923
644	7,3076923
644	1,3076923
644	15,3076923
644	15,3076923
645	10,3076923
645	-20,6923077
645	25,3076923
645	1,3076923
646	2,3076923
646	10,3076923
646	2,3076923
646	23,3076923
647	15,3076923
647	27,3076923
647	-9,6923077
647	25,3076923
648	11,3076923
648	14,3076923
648	-1,6923077
648	5,3076923
649	13,3076923
649	34,3076923
649	-11,6923077
649	-9,6923077
650	10,3076923
650	15,3076923
650	2,3076923
650	-7,6923077
651	15,3076923
651	33,3076923
651	7,3076923
651	11,3076923
652	12,3076923
652	20,3076923
652	19,3076923
652	-7,6923077
653	26,3076923
653	26,3076923
653	5,3076923
653	4,3076923
654	-2,6923077
654	4,3076923
654	5,3076923
654	27,3076923
655	10,3076923
655	33,3076923
655	6,3076923
655	-0,6923077
656	9,3076923
656	8,3076923
656	-20,6923077
656	5,3076923
657	30,3076923
657	-5,6923077
657	26,3076923
657	10,3076923
658	7,3076923
658	2,3076923
658	13,3076923
658	0,3076923
659	-6,6923077
659	10,3076923
659	19,3076923
660	13,3076923
660	9,3076923
660	25,3076923
660	15,3076923
661	-17,6923077
661	48,3076923
661	-4,6923077
661	-9,6923077
662	4,3076923
662	4,3076923
662	-1,6923077
662	13,3076923
663	-16,6923077
663	2,3076923
663	9,3076923
663	12,3076923
664	18,3076923
664	23,3076923
664	14,3076923
664	11,3076923
665	16,3076923
665	4,3076923
665	15,3076923
665	-12,6923077
666	2,3076923
666	2,3076923
666	25,3076923
666	19,3076923
667	12,3076923
667	13,3076923
667	-2,6923077
667	-0,6923077
668	-6,6923077
668	-5,6923077
668	21,3076923
668	17,3076923
669	-4,6923077
669	-9,6923077
669	7,3076923
669	-4,6923077
670	9,3076923
670	40,3076923
670	-1,6923077
670	3,3076923
671	10,3076923
671	32,3076923
671	28,3076923
671	-0,6923077
672	18,3076923
672	4,3076923
672	33,3076923
672	20,3076923
673	-4,6923077
673	-19,6923077
673	22,3076923
673	20,3076923
674	21,3076923
674	19,3076923
674	1,3076923
674	-7,6923077
675	-15,6923077
675	13,3076923
675	-5,6923077
675	12,3076923
676	5,3076923
676	8,3076923
676	-14,6923077
676	11,3076923
677	3,3076923
677	-12,6923077
677	10,3076923
677	-1,6923077
678	21,3076923
678	24,3076923
678	-3,6923077
678	0,3076923
679	3,3076923
679	21,3076923
679	21,3076923
680	20,3076923
680	0,3076923
680	30,3076923
680	-2,6923077
681	-2,6923077
681	3,3076923
681	9,3076923
681	-0,6923077
682	19,3076923
682	5,3076923
682	20,3076923
682	37,3076923
683	2,3076923
683	21,3076923
683	22,3076923
683	11,3076923
684	-4,6923077
684	-2,6923077
684	13,3076923
684	14,3076923
685	17,3076923
685	-10,6923077
685	13,3076923
685	-2,6923077
686	12,3076923
686	12,3076923
686	3,3076923
686	0,3076923
687	14,3076923
687	27,3076923
687	7,3076923
687	15,3076923
688	-6,6923077
688	8,3076923
688	-22,6923077
688	-7,6923077
689	-0,6923077
689	-3,6923077
689	10,3076923
689	4,3076923
690	-11,6923077
690	5,3076923
690	-20,6923077
690	7,3076923
691	26,3076923
691	5,3076923
691	17,3076923
691	27,3076923
692	15,3076923
692	9,3076923
692	4,3076923
692	-0,6923077
693	15,3076923
693	3,3076923
693	-5,6923077
693	0,3076923
694	18,3076923
694	11,3076923
694	17,3076923
694	19,3076923
695	-6,6923077
695	15,3076923
695	-19,6923077
695	-11,6923077
696	-3,6923077
696	2,3076923
696	6,3076923
696	4,3076923
697	-9,6923077
697	12,3076923
697	16,3076923
697	7,3076923
698	-18,6923077
698	-23,6923077
698	-7,6923077
698	5,3076923
699	8,3076923
699	10,3076923
699	9,3076923
699	20,3076923
700	24,3076923
700	20,3076923
700	22,3076923
700	-15,6923077
701	3,3076923
701	-34,6923077
701	9,3076923
701	6,3076923
702	-18,6923077
702	13,3076923
702	9,3076923
702	-1,6923077
703	-0,6923077
703	22,3076923
703	0,3076923
703	-4,6923077
704	6,3076923
704	23,3076923
704	1,3076923
704	31,3076923
705	23,3076923
705	1,3076923
705	20,3076923
706	5,3076923
706	18,3076923
706	7,3076923
706	9,3076923
707	14,3076923
707	2,3076923
707	19,3076923
707	15,3076923
708	13,3076923
708	11,3076923
708	-6,6923077
708	1,3076923
709	-3,6923077
709	4,3076923
709	10,3076923
709	4,3076923
710	6,3076923
710	19,3076923
710	14,3076923
710	23,3076923
711	-9,6923077
711	18,3076923
711	23,3076923
711	14,3076923
712	21,3076923
712	-16,6923077
712	21,3076923
712	-5,6923077
713	-0,6923077
713	3,3076923
713	31,3076923
713	-9,6923077
714	36,3076923
714	-1,6923077
714	9,3076923
714	13,3076923
715	16,3076923
715	13,3076923
715	21,3076923
715	3,3076923
716	17,3076923
716	4,3076923
716	6,3076923
716	12,3076923
717	16,3076923
717	20,3076923
717	26,3076923
717	6,3076923
718	21,3076923
718	12,3076923
718	-11,6923077
718	-0,6923077
719	11,3076923
719	-19,6923077
719	-9,6923077
719	-20,6923077
720	-11,6923077
720	0,3076923
720	9,3076923
720	-0,6923077
721	17,3076923
721	10,3076923
721	4,3076923
721	-5,6923077
722	21,3076923
722	20,3076923
722	-28,6923077
722	-12,6923077
723	27,3076923
723	10,3076923
723	-11,6923077
723	27,3076923
724	21,3076923
724	15,3076923
724	1,3076923
724	-12,6923077
725	-4,6923077
725	26,3076923
725	11,3076923
725	12,3076923
726	-5,6923077
726	9,3076923
726	35,3076923
726	29,3076923
727	2,3076923
727	-31,6923077
727	26,3076923
727	-5,6923077
728	15,3076923
728	-4,6923077
728	-13,6923077
728	-16,6923077
729	-15,6923077
729	10,3076923
729	12,3076923
729	-17,6923077
730	11,3076923
730	-14,6923077
730	15,3076923
730	1,3076923
731	11,3076923
731	-2,6923077
731	2,3076923
731	27,3076923
732	-15,6923077
732	9,3076923
732	3,3076923
732	14,3076923
733	27,3076923
733	-2,6923077
733	2,3076923
733	7,3076923
734	-15,6923077
734	-0,6923077
734	1,3076923
734	1,3076923
735	-6,6923077
735	15,3076923
735	27,3076923
735	13,3076923
736	-9,6923077
736	0,3076923
736	-14,6923077
736	30,3076923
737	31,3076923
737	-7,6923077
737	-14,6923077
737	30,3076923
738	8,3076923
738	1,3076923
738	5,3076923
738	0,3076923
739	27,3076923
739	21,3076923
739	-13,6923077
739	11,3076923
740	4,3076923
740	-21,6923077
740	1,3076923
740	8,3076923
741	-23,6923077
741	-6,6923077
741	-2,6923077
741	8,3076923
742	23,3076923
742	12,3076923
742	-7,6923077
742	-1,6923077
743	-9,6923077
743	9,3076923
743	-3,6923077
743	22,3076923
744	2,3076923
744	18,3076923
744	6,3076923
744	7,3076923
745	-15,6923077
745	-3,6923077
745	18,3076923
745	-13,6923077
746	6,3076923
746	4,3076923
746	-9,6923077
746	4,3076923
747	6,3076923
747	28,3076923
747	3,3076923
747	-13,6923077
748	1,3076923
748	5,3076923
748	-0,6923077
748	23,3076923
749	0,3076923
749	-4,6923077
749	-2,6923077
749	-10,6923077
750	25,3076923
750	16,3076923
750	7,3076923
750	-7,6923077
751	23,3076923
751	16,3076923
751	26,3076923
751	-4,6923077
752	0,3076923
752	10,3076923
752	17,3076923
752	8,3076923
753	-15,6923077
753	-6,6923077
753	-0,6923077
753	0,3076923
754	-1,6923077
754	-7,6923077
754	-4,6923077
754	11,3076923
755	-2,6923077
755	-9,6923077
755	11,3076923
755	0,3076923
756	-2,6923077
756	-11,6923077
756	14,3076923
756	27,3076923
757	-22,6923077
757	3,3076923
757	-4,6923077
757	22,3076923
758	5,3076923
758	0,3076923
758	-16,6923077
758	12,3076923
759	22,3076923
759	34,3076923
759	15,3076923
759	2,3076923
760	16,3076923
760	19,3076923
760	4,3076923
760	2,3076923
761	19,3076923
761	33,3076923
761	5,3076923
761	20,3076923
762	31,3076923
762	30,3076923
762	23,3076923
762	-8,6923077
763	-14,6923077
763	1,3076923
763	20,3076923
763	12,3076923
764	-4,6923077
764	-14,6923077
764	12,3076923
764	29,3076923
765	28,3076923
765	11,3076923
765	-0,6923077
765	36,3076923
766	-14,6923077
766	5,3076923
766	7,3076923
766	21,3076923
767	7,3076923
767	2,3076923
767	9,3076923
767	-9,6923077
768	4,3076923
768	10,3076923
768	16,3076923
768	41,3076923
769	9,3076923
769	24,3076923
769	-22,6923077
769	-4,6923077
770	23,3076923
770	-11,6923077
770	13,3076923
770	2,3076923
771	5,3076923
771	16,3076923
771	23,3076923
771	-1,6923077
772	4,3076923
772	14,3076923
772	31,3076923
772	8,3076923
773	-11,6923077
773	30,3076923
773	2,3076923
773	-4,6923077
774	14,3076923
774	8,3076923
774	-9,6923077
774	-8,6923077
775	-1,6923077
775	3,3076923
775	-5,6923077
775	-1,6923077
776	-35,6923077
776	4,3076923
776	21,3076923
776	-31,6923077
777	13,3076923
777	16,3076923
777	9,3076923
777	9,3076923
778	9,3076923
778	20,3076923
778	8,3076923
778	-15,6923077
779	8,3076923
779	8,3076923
779	10,3076923
779	15,3076923
780	43,3076923
780	21,3076923
780	16,3076923
780	9,3076923
781	5,3076923
781	-0,6923077
781	16,3076923
781	11,3076923
782	15,3076923
782	-10,6923077
782	5,3076923
782	57,3076923
783	31,3076923
783	4,3076923
783	-12,6923077
783	-18,6923077
784	11,3076923
784	50,3076923
784	23,3076923
784	-13,6923077
785	10,3076923
785	2,3076923
785	2,3076923
785	-7,6923077
786	8,3076923
786	-7,6923077
786	18,3076923
786	13,3076923
787	4,3076923
787	-6,6923077
787	-2,6923077
787	-3,6923077
788	-31,6923077
788	3,3076923
788	-16,6923077
788	-3,6923077
789	25,3076923
789	20,3076923
789	9,3076923
789	-18,6923077
790	5,3076923
790	2,3076923
790	13,3076923
790	27,3076923
791	4,3076923
791	7,3076923
791	-20,6923077
791	-21,6923077
792	-12,6923077
792	1,3076923
792	31,3076923
792	-2,6923077
793	3,3076923
793	6,3076923
793	4,3076923
793	22,3076923
794	7,3076923
794	-0,6923077
794	-1,6923077
794	-22,6923077
795	-5,6923077
795	7,3076923
795	18,3076923
795	6,3076923
796	14,3076923
796	18,3076923
796	-5,6923077
796	-5,6923077
797	-4,6923077
797	-25,6923077
797	15,3076923
797	25,3076923
798	14,3076923
798	6,3076923
798	21,3076923
798	31,3076923
799	-2,6923077
799	14,3076923
799	1,3076923
799	-16,6923077
800	0,3076923
800	14,3076923
800	25,3076923
800	-0,6923077
801	9,3076923
801	17,3076923
801	17,3076923
801	5,3076923
802	18,3076923
802	5,3076923
802	-4,6923077
802	4,3076923
803	-3,6923077
803	-25,6923077
803	19,3076923
803	22,3076923
804	0,3076923
804	3,3076923
804	-8,6923077
804	6,3076923
805	6,3076923
805	-28,6923077
805	15,3076923
805	-5,6923077
806	21,3076923
806	3,3076923
806	19,3076923
806	16,3076923
807	-20,6923077
807	54,3076923
807	15,3076923
807	37,3076923
808	17,3076923
808	15,3076923
808	3,3076923
808	6,3076923
809	3,3076923
809	40,3076923
809	3,3076923
809	-1,6923077
810	15,3076923
810	15,3076923
810	-10,6923077
810	18,3076923
811	35,3076923
811	5,3076923
811	-19,6923077
811	0,3076923
812	17,3076923
812	19,3076923
812	15,3076923
812	-16,6923077
813	-17,6923077
813	20,3076923
813	9,3076923
813	11,3076923
814	12,3076923
814	-27,6923077
814	-0,6923077
814	24,3076923
815	22,3076923
815	23,3076923
815	16,3076923
815	-11,6923077
816	56,3076923
816	16,3076923
816	23,3076923
816	-18,6923077
817	2,3076923
817	28,3076923
817	6,3076923
817	-0,6923077
818	-23,6923077
818	-5,6923077
818	0,3076923
818	8,3076923
819	26,3076923
819	16,3076923
819	-0,6923077
819	3,3076923
820	10,3076923
820	27,3076923
820	20,3076923
820	11,3076923
820	2,3076923
821	4,3076923
821	-7,6923077
821	-15,6923077
821	7,3076923
822	15,3076923
822	18,3076923
822	-36,6923077
822	-0,6923077
823	3,3076923
823	22,3076923
823	-8,6923077
823	-9,6923077
824	14,3076923
824	28,3076923
824	13,3076923
824	15,3076923
825	4,3076923
825	10,3076923
825	10,3076923
825	21,3076923
826	3,3076923
826	11,3076923
826	25,3076923
826	11,3076923
827	8,3076923
827	9,3076923
827	10,3076923
827	-17,6923077
828	19,3076923
828	4,3076923
828	9,3076923
828	12,3076923
829	21,3076923
829	23,3076923
829	25,3076923
829	7,3076923
830	7,3076923
830	21,3076923
830	4,3076923
830	7,3076923
831	24,3076923
831	-0,6923077
831	12,3076923
831	9,3076923
832	19,3076923
832	13,3076923
832	4,3076923
832	-3,6923077
833	23,3076923
833	-10,6923077
833	-21,6923077
833	-1,6923077
834	40,3076923
834	20,3076923
834	-6,6923077
834	-25,6923077
835	7,3076923
835	3,3076923
835	-2,6923077
835	24,3076923
836	12,3076923
836	-8,6923077
836	-3,6923077
836	20,3076923
837	33,3076923
837	10,3076923
837	21,3076923
837	8,3076923
838	2,3076923
838	30,3076923
838	8,3076923
838	12,3076923
839	24,3076923
839	-4,6923077
839	15,3076923
839	52,3076923
840	10,3076923
840	-6,6923077
840	3,3076923
840	5,3076923
841	-10,6923077
841	36,3076923
841	5,3076923
841	20,3076923
842	-1,6923077
842	28,3076923
842	-13,6923077
842	27,3076923
843	29,3076923
843	35,3076923
843	11,3076923
843	21,3076923
844	13,3076923
844	25,3076923
844	17,3076923
844	0,3076923
845	-6,6923077
845	24,3076923
845	10,3076923
845	11,3076923
845	1,3076923
846	-11,6923077
846	10,3076923
846	5,3076923
846	18,3076923
847	16,3076923
847	3,3076923
847	-4,6923077
847	6,3076923
848	5,3076923
848	9,3076923
848	10,3076923
848	5,3076923
849	5,3076923
849	-10,6923077
849	19,3076923
849	17,3076923
850	48,3076923
850	17,3076923
850	19,3076923
850	50,3076923
851	3,3076923
851	-12,6923077
851	16,3076923
851	18,3076923
852	-20,6923077
852	-0,6923077
852	28,3076923
852	4,3076923
853	7,3076923
853	1,3076923
853	-29,6923077
853	3,3076923
854	-1,6923077
854	0,3076923
854	-4,6923077
854	0,3076923
855	7,3076923
855	12,3076923
855	5,3076923
855	13,3076923
856	-2,6923077
856	-1,6923077
856	-0,6923077
856	-9,6923077
857	-12,6923077
857	27,3076923
857	13,3076923
857	0,3076923
858	35,3076923
858	7,3076923
858	22,3076923
858	12,3076923
859	3,3076923
859	-8,6923077
859	29,3076923
859	1,3076923
860	-9,6923077
860	-11,6923077
860	34,3076923
860	-7,6923077
861	7,3076923
861	-13,6923077
861	27,3076923
861	24,3076923
862	18,3076923
862	34,3076923
862	6,3076923
862	-1,6923077
863	-8,6923077
863	3,3076923
863	7,3076923
863	2,3076923
864	19,3076923
864	-12,6923077
864	0,3076923
864	-15,6923077
864	6,3076923
865	7,3076923
865	15,3076923
865	-3,6923077
865	0,3076923
866	-4,6923077
866	-8,6923077
866	11,3076923
866	4,3076923
867	10,3076923
867	-19,6923077
867	1,3076923
867	20,3076923
868	21,3076923
868	-24,6923077
868	11,3076923
868	13,3076923
869	2,3076923
869	19,3076923
869	-15,6923077
869	-4,6923077
870	25,3076923
870	13,3076923
870	6,3076923
870	13,3076923
871	0,3076923
871	11,3076923
871	6,3076923
871	-7,6923077
872	6,3076923
872	-20,6923077
872	16,3076923
872	1,3076923
873	-5,6923077
873	-2,6923077
873	3,3076923
873	15,3076923
874	2,3076923
874	16,3076923
874	11,3076923
874	-1,6923077
875	6,3076923
875	4,3076923
875	-32,6923077
875	12,3076923
876	-30,6923077
876	0,3076923
876	-3,6923077
876	-5,6923077
877	-13,6923077
877	-18,6923077
877	33,3076923
877	15,3076923
878	-0,6923077
878	-18,6923077
878	24,3076923
878	29,3076923
879	15,3076923
879	-5,6923077
879	12,3076923
879	4,3076923
880	-0,6923077
880	-17,6923077
880	18,3076923
880	1,3076923
880	-13,6923077
881	6,3076923
881	26,3076923
881	-10,6923077
881	-9,6923077
882	16,3076923
882	7,3076923
882	15,3076923
882	-6,6923077
883	7,3076923
883	-5,6923077
883	8,3076923
883	-10,6923077
884	13,3076923
884	-3,6923077
884	-6,6923077
884	-5,6923077
885	27,3076923
885	17,3076923
885	15,3076923
885	29,3076923
886	4,3076923
886	-23,6923077
886	-7,6923077
886	-5,6923077
887	19,3076923
887	2,3076923
887	-8,6923077
887	-1,6923077
888	9,3076923
888	-7,6923077
888	-4,6923077
888	-14,6923077
889	-11,6923077
889	18,3076923
889	14,3076923
889	15,3076923
890	10,3076923
890	1,3076923
890	16,3076923
890	16,3076923
891	10,3076923
891	2,3076923
891	15,3076923
891	31,3076923
892	-2,6923077
892	12,3076923
892	20,3076923
892	20,3076923
893	0,3076923
893	-7,6923077
893	-9,6923077
893	20,3076923
894	28,3076923
894	15,3076923
894	-1,6923077
894	14,3076923
894	-13,6923077
895	4,3076923
895	33,3076923
895	12,3076923
895	0,3076923
896	25,3076923
896	21,3076923
896	11,3076923
896	29,3076923
897	29,3076923
897	23,3076923
897	31,3076923
897	23,3076923
898	6,3076923
898	0,3076923
898	-24,6923077
898	-0,6923077
899	5,3076923
899	-2,6923077
899	-9,6923077
899	2,3076923
900	-3,6923077
900	24,3076923
900	0,3076923
900	18,3076923
901	48,3076923
901	15,3076923
901	18,3076923
901	2,3076923
902	20,3076923
902	14,3076923
902	-7,6923077
902	-5,6923077
903	9,3076923
903	1,3076923
903	-32,6923077
903	17,3076923
904	-4,6923077
904	20,3076923
904	5,3076923
904	-7,6923077
905	23,3076923
905	39,3076923
905	12,3076923
905	19,3076923
906	24,3076923
906	8,3076923
906	23,3076923
906	38,3076923
906	18,3076923
907	22,3076923
907	27,3076923
907	-19,6923077
907	29,3076923
908	17,3076923
908	20,3076923
908	43,3076923
908	15,3076923
909	16,3076923
909	3,3076923
909	-11,6923077
909	3,3076923
910	-3,6923077
910	-18,6923077
910	9,3076923
910	-12,6923077
911	2,3076923
911	-1,6923077
911	15,3076923
911	24,3076923
912	11,3076923
912	33,3076923
912	18,3076923
912	17,3076923
913	-7,6923077
913	-7,6923077
913	7,3076923
913	3,3076923
914	19,3076923
914	-7,6923077
914	5,3076923
914	6,3076923
915	-11,6923077
915	-14,6923077
915	21,3076923
915	27,3076923
916	2,3076923
916	12,3076923
916	14,3076923
916	-1,6923077
917	7,3076923
917	17,3076923
917	16,3076923
917	-6,6923077
917	-32,6923077
918	20,3076923
918	19,3076923
918	-9,6923077
918	27,3076923
919	2,3076923
919	-7,6923077
919	41,3076923
919	-11,6923077
920	-0,6923077
920	-0,6923077
920	14,3076923
920	18,3076923
921	-28,6923077
921	13,3076923
921	14,3076923
921	2,3076923
922	-8,6923077
922	-19,6923077
922	13,3076923
922	-1,6923077
923	9,3076923
923	6,3076923
923	-17,6923077
923	12,3076923
924	-1,6923077
924	2,3076923
924	-4,6923077
924	-1,6923077
925	2,3076923
925	-13,6923077
925	19,3076923
925	18,3076923
926	15,3076923
926	33,3076923
926	10,3076923
926	12,3076923
927	-2,6923077
927	18,3076923
927	6,3076923
927	5,3076923
928	-21,6923077
928	-16,6923077
928	-15,6923077
928	-14,6923077
928	26,3076923
929	9,3076923
929	7,3076923
929	22,3076923
929	-21,6923077
930	29,3076923
930	-3,6923077
930	7,3076923
930	6,3076923
931	-0,6923077
931	-4,6923077
931	16,3076923
931	17,3076923
932	6,3076923
932	19,3076923
932	0,3076923
932	-7,6923077
933	19,3076923
933	13,3076923
933	20,3076923
933	-0,6923077
934	21,3076923
934	32,3076923
934	15,3076923
934	22,3076923
935	24,3076923
935	-7,6923077
935	-11,6923077
935	28,3076923
936	0,3076923
936	24,3076923
936	5,3076923
936	2,3076923
937	2,3076923
937	20,3076923
937	25,3076923
937	16,3076923
938	9,3076923
938	13,3076923
938	12,3076923
938	29,3076923
938	6,3076923
939	-2,6923077
939	11,3076923
939	28,3076923
939	27,3076923
940	-5,6923077
940	23,3076923
940	-15,6923077
940	10,3076923
941	2,3076923
941	1,3076923
941	-17,6923077
941	-0,6923077
942	9,3076923
942	25,3076923
942	-2,6923077
942	22,3076923
943	22,3076923
943	11,3076923
943	5,3076923
943	-4,6923077
944	8,3076923
944	14,3076923
944	18,3076923
944	26,3076923
945	-5,6923077
945	12,3076923
945	0,3076923
945	6,3076923
946	14,3076923
946	9,3076923
946	13,3076923
946	-12,6923077
947	18,3076923
947	11,3076923
947	-5,6923077
947	-1,6923077
947	14,3076923
948	-1,6923077
948	15,3076923
948	-1,6923077
948	5,3076923
949	32,3076923
949	-13,6923077
949	1,3076923
949	-8,6923077
950	15,3076923
950	-4,6923077
950	20,3076923
950	18,3076923
951	5,3076923
951	13,3076923
951	27,3076923
951	8,3076923
952	19,3076923
952	10,3076923
952	11,3076923
952	49,3076923
953	0,3076923
953	19,3076923
953	19,3076923
953	-7,6923077
954	-20,6923077
954	28,3076923
954	2,3076923
954	-2,6923077
955	1,3076923
955	26,3076923
955	-5,6923077
955	-16,6923077
956	-5,6923077
956	11,3076923
956	-10,6923077
956	12,3076923
956	-19,6923077
957	18,3076923
957	28,3076923
957	11,3076923
957	16,3076923
958	6,3076923
958	-1,6923077
958	-11,6923077
958	10,3076923
959	-8,6923077
959	-8,6923077
959	-30,6923077
959	8,3076923
960	42,3076923
960	21,3076923
960	24,3076923
960	26,3076923
961	19,3076923
961	12,3076923
961	8,3076923
961	24,3076923
962	18,3076923
962	-8,6923077
962	13,3076923
962	37,3076923
963	-4,6923077
963	30,3076923
963	16,3076923
963	-0,6923077
964	-2,6923077
964	19,3076923
964	-0,6923077
964	-5,6923077
964	5,3076923
965	7,3076923
965	15,3076923
965	-0,6923077
965	7,3076923
966	7,3076923
966	0,3076923
966	14,3076923
966	18,3076923
967	-8,6923077
967	7,3076923
967	11,3076923
967	0,3076923
968	13,3076923
968	16,3076923
968	-0,6923077
968	19,3076923
969	-1,6923077
969	-10,6923077
969	-3,6923077
969	10,3076923
970	10,3076923
970	-10,6923077
970	5,3076923
970	7,3076923
971	3,3076923
971	16,3076923
971	28,3076923
971	24,3076923
972	20,3076923
972	-14,6923077
972	24,3076923
972	-5,6923077
972	3,3076923
973	-27,6923077
973	4,3076923
973	14,3076923
973	15,3076923
974	-8,6923077
974	16,3076923
974	25,3076923
974	12,3076923
975	28,3076923
975	20,3076923
975	9,3076923
975	9,3076923
976	-13,6923077
976	11,3076923
976	11,3076923
976	12,3076923
977	22,3076923
977	3,3076923
977	-3,6923077
977	33,3076923
978	19,3076923
978	25,3076923
978	-1,6923077
978	17,3076923
979	12,3076923
979	5,3076923
979	-0,6923077
979	16,3076923
980	3,3076923
980	10,3076923
980	6,3076923
980	6,3076923
980	18,3076923
981	17,3076923
981	0,3076923
981	7,3076923
981	-0,6923077
982	-1,6923077
982	13,3076923
982	15,3076923
982	9,3076923
983	9,3076923
983	29,3076923
983	2,3076923
983	8,3076923
984	25,3076923
984	39,3076923
984	12,3076923
984	-8,6923077
985	-3,6923077
985	5,3076923
985	14,3076923
985	7,3076923
986	11,3076923
986	7,3076923
986	-1,6923077
986	23,3076923
987	16,3076923
987	11,3076923
987	21,3076923
987	-18,6923077
988	-7,6923077
988	-0,6923077
988	3,3076923
988	7,3076923
988	12,3076923
989	3,3076923
989	9,3076923
989	8,3076923
989	-6,6923077
990	6,3076923
990	-1,6923077
990	-8,6923077
990	14,3076923
991	8,3076923
991	11,3076923
991	9,3076923
991	-4,6923077
992	27,3076923
992	6,3076923
992	-5,6923077
992	-0,6923077
993	3,3076923
993	15,3076923
993	17,3076923
993	4,3076923
994	3,3076923
994	23,3076923
994	18,3076923
994	5,3076923
995	22,3076923
995	-1,6923077
995	25,3076923
995	38,3076923
995	22,3076923
996	16,3076923
996	45,3076923
996	11,3076923
996	-0,6923077
997	21,3076923
997	-19,6923077
997	0,3076923
997	41,3076923
998	5,3076923
998	-2,6923077
998	5,3076923
998	19,3076923
999	14,3076923
999	-2,6923077
999	23,3076923
999	-8,6923077
1000	-14,6923077
1000	20,3076923
1000	36,3076923
1000	14,3076923
1001	-8,6923077
1001	25,3076923
1001	37,3076923
1001	13,3076923
1002	-8,6923077
1002	23,3076923
1002	20,3076923
1002	16,3076923
1002	7,3076923
1003	16,3076923
1003	23,3076923
1003	30,3076923
1003	-6,6923077
1004	2,3076923
1004	21,3076923
1004	12,3076923
1004	17,3076923
1005	5,3076923
1005	2,3076923
1005	23,3076923
1005	7,3076923
1006	-30,6923077
1006	-5,6923077
1006	-1,6923077
1006	18,3076923
1007	31,3076923
1007	3,3076923
1007	-2,6923077
1007	-14,6923077
1008	9,3076923
1008	24,3076923
1008	5,3076923
1008	15,3076923
1008	8,3076923
1009	12,3076923
1009	-6,6923077
1009	-4,6923077
1009	-9,6923077
1010	7,3076923
1010	1,3076923
1010	-5,6923077
1010	7,3076923
1011	5,3076923
1011	19,3076923
1011	11,3076923
1011	27,3076923
1012	14,3076923
1012	7,3076923
1012	24,3076923
1012	4,3076923
1013	-32,6923077
1013	-2,6923077
1013	20,3076923
1013	8,3076923
1014	34,3076923
1014	10,3076923
1014	31,3076923
1014	-2,6923077
1015	4,3076923
1015	-5,6923077
1015	9,3076923
1015	25,3076923
1015	32,3076923
1016	22,3076923
1016	0,3076923
1016	-6,6923077
1016	-7,6923077
1017	-6,6923077
1017	0,3076923
1017	-9,6923077
1017	14,3076923
1018	10,3076923
1018	26,3076923
1018	16,3076923
1018	-6,6923077
1019	4,3076923
1019	20,3076923
1019	0,3076923
1019	10,3076923
1020	-4,6923077
1020	16,3076923
1020	8,3076923
1020	1,3076923
1021	10,3076923
1021	11,3076923
1021	13,3076923
1021	18,3076923
1021	9,3076923
1022	-11,6923077
1022	4,3076923
1022	-12,6923077
1022	6,3076923
1023	-9,6923077
1023	9,3076923
1023	1,3076923
1023	10,3076923
1024	3,3076923
1024	-20,6923077
1024	10,3076923
1024	19,3076923
1025	28,3076923
1025	16,3076923
1025	13,3076923
1025	18,3076923
1026	15,3076923
1026	28,3076923
1026	5,3076923
1026	16,3076923
1027	37,3076923
1027	16,3076923
1027	34,3076923
1027	-5,6923077
1027	2,3076923
1028	0,3076923
1028	4,3076923
1028	4,3076923
1028	19,3076923
1029	-22,6923077
1029	-5,6923077
1029	9,3076923
1029	-8,6923077
1030	19,3076923
1030	3,3076923
1030	3,3076923
1030	-0,6923077
1031	20,3076923
1031	9,3076923
1031	21,3076923
1031	-14,6923077
1032	8,3076923
1032	23,3076923
1032	5,3076923
1032	11,3076923
1033	13,3076923
1033	24,3076923
1033	0,3076923
1033	3,3076923
1034	11,3076923
1034	16,3076923
1034	-8,6923077
1034	-0,6923077
1034	-16,6923077
1035	9,3076923
1035	-3,6923077
1035	-3,6923077
1035	21,3076923
1036	20,3076923
1036	18,3076923
1036	17,3076923
1036	-3,6923077
1037	1,3076923
1037	3,3076923
1037	20,3076923
1037	37,3076923
1038	15,3076923
1038	23,3076923
1038	11,3076923
1038	18,3076923
1039	23,3076923
1039	11,3076923
1039	9,3076923
1039	11,3076923
1039	14,3076923
1040	10,3076923
1040	43,3076923
1040	21,3076923
1040	-2,6923077
1041	21,3076923
1041	3,3076923
1041	29,3076923
1041	17,3076923
1042	20,3076923
1042	23,3076923
1042	8,3076923
1042	2,3076923
1043	-5,6923077
1043	44,3076923
1043	-4,6923077
1043	1,3076923
1044	1,3076923
1044	-22,6923077
1044	9,3076923
1044	-7,6923077
1045	30,3076923
1045	-12,6923077
1045	6,3076923
1045	-0,6923077
1045	1,3076923
1046	30,3076923
1046	4,3076923
1046	4,3076923
1046	-4,6923077
1047	0,3076923
1047	36,3076923
1047	9,3076923
1047	17,3076923
1048	-0,6923077
1048	17,3076923
1048	33,3076923
1048	2,3076923
1049	2,3076923
1049	15,3076923
1049	8,3076923
1049	20,3076923
1050	-7,6923077
1050	11,3076923
1050	-8,6923077
1050	2,3076923
1051	2,3076923
1051	6,3076923
1051	6,3076923
1051	7,3076923
1051	-9,6923077
1052	-3,6923077
1052	-7,6923077
1052	-1,6923077
1052	-3,6923077
1053	-7,6923077
1053	6,3076923
1053	19,3076923
1053	12,3076923
1054	14,3076923
1054	-9,6923077
1054	-2,6923077
1054	7,3076923
1055	19,3076923
1055	-0,6923077
1055	-0,6923077
1055	36,3076923
1056	9,3076923
1056	17,3076923
1056	-20,6923077
1056	21,3076923
1056	-2,6923077
1057	26,3076923
1057	5,3076923
1057	6,3076923
1057	21,3076923
1058	-2,6923077
1058	4,3076923
1058	3,3076923
1058	21,3076923
1059	29,3076923
1059	-5,6923077
1059	-14,6923077
1059	-1,6923077
1060	5,3076923
1060	12,3076923
1060	27,3076923
1060	41,3076923
1061	32,3076923
1061	16,3076923
1061	2,3076923
1061	7,3076923
1062	4,3076923
1062	23,3076923
1062	-7,6923077
1062	26,3076923
1062	23,3076923
1063	0,3076923
1063	-8,6923077
1063	31,3076923
1063	13,3076923
1064	-12,6923077
1064	13,3076923
1064	31,3076923
1064	-6,6923077
1065	9,3076923
1065	-17,6923077
1065	-16,6923077
1065	-4,6923077
1066	4,3076923
1066	-12,6923077
1066	-6,6923077
1066	18,3076923
1067	1,3076923
1067	13,3076923
1067	12,3076923
1067	15,3076923
1067	21,3076923
1068	18,3076923
1068	28,3076923
1068	18,3076923
1068	19,3076923
1069	5,3076923
1069	-5,6923077
1069	3,3076923
1069	23,3076923
1070	11,3076923
1070	-10,6923077
1070	12,3076923
1070	4,3076923
1071	-12,6923077
1071	17,3076923
1071	-8,6923077
1071	13,3076923
1072	18,3076923
1072	33,3076923
1072	-12,6923077
1072	-9,6923077
1072	11,3076923
1073	1,3076923
1073	11,3076923
1073	2,3076923
1073	-1,6923077
1074	1,3076923
1074	10,3076923
1074	27,3076923
1074	13,3076923
1075	19,3076923
1075	3,3076923
1075	1,3076923
1075	11,3076923
1076	2,3076923
1076	18,3076923
1076	-2,6923077
1076	1,3076923
1077	23,3076923
1077	-6,6923077
1077	15,3076923
1077	-7,6923077
1077	26,3076923
1078	8,3076923
1078	21,3076923
1078	20,3076923
1078	9,3076923
1079	15,3076923
1079	10,3076923
1079	-5,6923077
1079	12,3076923
1080	18,3076923
1080	-7,6923077
1080	0,3076923
1080	-10,6923077
1081	-14,6923077
1081	-11,6923077
1081	23,3076923
1081	21,3076923
1082	12,3076923
1082	-10,6923077
1082	22,3076923
1082	12,3076923
1082	13,3076923
1083	12,3076923
1083	24,3076923
1083	21,3076923
1083	2,3076923
1084	10,3076923
1084	6,3076923
1084	9,3076923
1084	1,3076923
1085	10,3076923
1085	14,3076923
1085	2,3076923
1085	2,3076923
1086	-3,6923077
1086	-22,6923077
1086	10,3076923
1086	22,3076923
1087	14,3076923
1087	14,3076923
1087	10,3076923
1087	3,3076923
1087	0,3076923
1088	-6,6923077
1088	13,3076923
1088	4,3076923
1088	-5,6923077
1089	-6,6923077
1089	11,3076923
1089	8,3076923
1089	25,3076923
1090	0,3076923
1090	27,3076923
1090	9,3076923
1090	25,3076923
1091	14,3076923
1091	15,3076923
1091	1,3076923
1091	4,3076923
1092	26,3076923
1092	14,3076923
1092	-5,6923077
1092	-16,6923077
1092	-7,6923077
1093	1,3076923
1093	26,3076923
1093	-2,6923077
1093	11,3076923
1094	6,3076923
1094	-0,6923077
1094	8,3076923
1094	9,3076923
1095	-0,6923077
1095	45,3076923
1095	21,3076923
1095	29,3076923
1096	28,3076923
1096	-12,6923077
1096	-15,6923077
1096	1,3076923
1097	6,3076923
1097	-10,6923077
1097	-9,6923077
1097	28,3076923
1097	-1,6923077
1098	15,3076923
1098	16,3076923
1098	6,3076923
1098	-12,6923077
1099	3,3076923
1099	12,3076923
1099	-0,6923077
1099	-0,6923077
1100	3,3076923
1100	-22,6923077
1100	0,3076923
1100	18,3076923
1101	21,3076923
1101	10,3076923
1101	56,3076923
1101	-5,6923077
1101	14,3076923
1102	3,3076923
1102	31,3076923
1102	9,3076923
1102	9,3076923
1103	12,3076923
1103	14,3076923
1103	6,3076923
1103	31,3076923
1104	-10,6923077
1104	-5,6923077
1104	4,3076923
1104	-2,6923077
1105	9,3076923
1105	-10,6923077
1105	6,3076923
1105	34,3076923
1106	22,3076923
1106	-9,6923077
1106	-1,6923077
1106	-20,6923077
1106	-16,6923077
1107	19,3076923
1107	13,3076923
1107	40,3076923
1107	4,3076923
1108	4,3076923
1108	-4,6923077
1108	18,3076923
1108	-3,6923077
1109	0,3076923
1109	8,3076923
1109	-1,6923077
1109	1,3076923
1110	22,3076923
1110	28,3076923
1110	10,3076923
1110	8,3076923
1110	-5,6923077
1111	7,3076923
1111	20,3076923
1111	-6,6923077
1111	-6,6923077
1112	9,3076923
1112	14,3076923
1112	0,3076923
1112	9,3076923
1113	-0,6923077
1113	-3,6923077
1113	11,3076923
1113	40,3076923
1114	40,3076923
1114	26,3076923
1114	17,3076923
1114	8,3076923
1115	11,3076923
1115	13,3076923
1115	-19,6923077
1115	-2,6923077
1115	17,3076923
1116	27,3076923
1116	-11,6923077
1116	-23,6923077
1116	-6,6923077
1117	10,3076923
1117	-5,6923077
1117	-1,6923077
1117	11,3076923
1118	4,3076923
