196	-4,9230769
196	-4,9230769
196	-4,9230769
197	-8,9230769
197	-15,9230769
197	22,0769231
197	6,0769231
198	14,0769231
198	-7,9230769
198	-20,9230769
199	19,0769231
199	6,0769231
199	1,0769231
199	-10,9230769
200	22,0769231
200	2,0769231
200	23,0769231
200	-36,9230769
201	-24,9230769
201	-13,9230769
201	2,0769231
201	9,0769231
202	23,0769231
202	-3,9230769
202	-37,9230769
203	0,0769231
203	-5,9230769
203	19,0769231
203	-12,9230769
204	-6,9230769
204	8,0769231
204	-13,9230769
204	-6,9230769
205	-42,9230769
205	-17,9230769
205	-27,9230769
205	10,0769231
206	-16,9230769
206	9,0769231
206	16,0769231
207	-21,9230769
207	-17,9230769
207	-9,9230769
207	-16,9230769
208	-20,9230769
208	-5,9230769
208	7,0769231
208	-10,9230769
209	-27,9230769
209	-11,9230769
209	-16,9230769
209	-26,9230769
210	6,0769231
210	-9,9230769
210	-9,9230769
211	-25,9230769
211	1,0769231
211	-10,9230769
211	-18,9230769
212	-23,9230769
212	-32,9230769
212	-3,9230769
212	-12,9230769
213	-5,9230769
213	-33,9230769
213	12,0769231
213	11,0769231
214	15,0769231
214	-11,9230769
214	-2,9230769
215	-12,9230769
215	-17,9230769
215	2,0769231
215	2,0769231
216	20,0769231
216	4,0769231
216	19,0769231
216	-4,9230769
217	-16,9230769
217	-1,9230769
217	-10,9230769
217	-17,9230769
218	-7,9230769
218	-28,9230769
218	-24,9230769
219	-13,9230769
219	-25,9230769
219	11,0769231
219	-4,9230769
220	-13,9230769
220	2,0769231
220	-5,9230769
220	4,0769231
221	8,0769231
221	-25,9230769
221	-15,9230769
221	-10,9230769
222	4,0769231
222	-2,9230769
222	-9,9230769
223	18,0769231
223	5,0769231
223	-9,9230769
223	-44,9230769
224	-9,9230769
224	-17,9230769
224	-18,9230769
224	-19,9230769
225	-8,9230769
225	-18,9230769
225	5,0769231
225	11,0769231
226	-13,9230769
226	-33,9230769
226	0,0769231
227	5,0769231
227	-23,9230769
227	8,0769231
227	22,0769231
228	1,0769231
228	-20,9230769
228	-8,9230769
228	12,0769231
229	2,0769231
229	-21,9230769
229	-7,9230769
229	9,0769231
230	5,0769231
230	8,0769231
230	-17,9230769
231	-2,9230769
231	5,0769231
231	-35,9230769
231	26,0769231
232	19,0769231
232	-14,9230769
232	-10,9230769
232	-13,9230769
233	-38,9230769
233	-2,9230769
233	-11,9230769
233	-5,9230769
234	-27,9230769
234	3,0769231
234	-31,9230769
235	8,0769231
235	14,0769231
235	-12,9230769
235	6,0769231
236	-8,9230769
236	-5,9230769
236	-19,9230769
236	-13,9230769
237	-1,9230769
237	-2,9230769
237	2,0769231
237	-17,9230769
238	0,0769231
238	1,0769231
238	0,0769231
239	-7,9230769
239	-28,9230769
239	-13,9230769
239	8,0769231
240	-4,9230769
240	-0,9230769
240	-7,9230769
240	2,0769231
241	-9,9230769
241	-2,9230769
241	2,0769231
241	-15,9230769
242	-19,9230769
242	-30,9230769
242	-7,9230769
243	3,0769231
243	-1,9230769
243	-14,9230769
243	-5,9230769
244	2,0769231
244	-18,9230769
244	-14,9230769
244	-10,9230769
245	5,0769231
245	-8,9230769
245	-23,9230769
245	-8,9230769
246	-35,9230769
246	12,0769231
246	-7,9230769
247	-14,9230769
247	-7,9230769
247	-19,9230769
247	2,0769231
248	-6,9230769
248	13,0769231
248	4,0769231
248	-10,9230769
249	2,0769231
249	-9,9230769
249	-16,9230769
249	1,0769231
250	16,0769231
250	24,0769231
250	-18,9230769
251	-7,9230769
251	19,0769231
251	-2,9230769
251	-21,9230769
252	-22,9230769
252	4,0769231
252	5,0769231
252	-13,9230769
253	-23,9230769
253	-18,9230769
253	-16,9230769
253	-3,9230769
254	-12,9230769
254	-9,9230769
254	-23,9230769
254	-7,9230769
255	-33,9230769
255	-21,9230769
255	-13,9230769
256	-15,9230769
256	-10,9230769
256	4,0769231
256	5,0769231
257	3,0769231
257	-17,9230769
257	-4,9230769
257	-2,9230769
258	1,0769231
258	-28,9230769
258	-9,9230769
258	-4,9230769
259	-3,9230769
259	-7,9230769
259	8,0769231
260	-8,9230769
260	-15,9230769
260	-1,9230769
260	-28,9230769
261	-7,9230769
261	12,0769231
261	-0,9230769
261	-10,9230769
262	0,0769231
262	14,0769231
262	-23,9230769
262	-32,9230769
263	28,0769231
263	7,0769231
263	0,0769231
264	-2,9230769
264	11,0769231
264	15,0769231
264	3,0769231
265	-19,9230769
265	-13,9230769
265	-18,9230769
265	-12,9230769
266	-15,9230769
266	-2,9230769
266	-16,9230769
266	-39,9230769
267	6,0769231
267	-5,9230769
267	13,0769231
268	12,0769231
268	3,0769231
268	6,0769231
268	32,0769231
269	4,0769231
269	1,0769231
269	9,0769231
269	19,0769231
270	-5,9230769
270	-9,9230769
270	-25,9230769
270	-3,9230769
271	-23,9230769
271	-2,9230769
271	11,0769231
271	2,0769231
272	-5,9230769
272	-3,9230769
272	-38,9230769
273	16,0769231
273	10,0769231
273	8,0769231
273	-9,9230769
274	-28,9230769
274	-8,9230769
274	-12,9230769
274	-13,9230769
275	5,0769231
275	-7,9230769
275	-4,9230769
275	1,0769231
276	0,0769231
276	-2,9230769
276	-12,9230769
277	21,0769231
277	32,0769231
277	29,0769231
277	9,0769231
278	-7,9230769
278	10,0769231
278	-6,9230769
278	-6,9230769
279	-14,9230769
279	-9,9230769
279	2,0769231
279	20,0769231
280	-3,9230769
280	-1,9230769
280	-23,9230769
280	-10,9230769
281	-5,9230769
281	9,0769231
281	-19,9230769
282	-35,9230769
282	2,0769231
282	-34,9230769
282	-32,9230769
283	-50,9230769
283	-34,9230769
283	-23,9230769
283	17,0769231
284	5,0769231
284	-1,9230769
284	-14,9230769
284	15,0769231
285	-6,9230769
285	-22,9230769
285	-20,9230769
286	-7,9230769
286	4,0769231
286	-4,9230769
286	-2,9230769
287	-15,9230769
287	-8,9230769
287	-23,9230769
287	-6,9230769
288	-12,9230769
288	0,0769231
288	-4,9230769
288	-11,9230769
289	6,0769231
289	-16,9230769
289	-6,9230769
290	6,0769231
290	-21,9230769
290	-14,9230769
290	-23,9230769
291	13,0769231
291	-8,9230769
291	-13,9230769
291	-7,9230769
292	16,0769231
292	7,0769231
292	-15,9230769
292	5,0769231
293	-10,9230769
293	-2,9230769
293	33,0769231
293	13,0769231
294	-1,9230769
294	-30,9230769
294	-2,9230769
295	-1,9230769
295	12,0769231
295	18,0769231
295	-4,9230769
296	-21,9230769
296	-0,9230769
296	0,0769231
296	-14,9230769
297	-31,9230769
297	6,0769231
297	4,0769231
297	-6,9230769
298	21,0769231
298	-31,9230769
298	12,0769231
299	-24,9230769
299	13,0769231
299	11,0769231
299	-4,9230769
300	4,0769231
300	-6,9230769
300	-33,9230769
300	-1,9230769
301	-7,9230769
301	-9,9230769
301	-12,9230769
301	-19,9230769
302	-24,9230769
302	-13,9230769
302	4,0769231
302	33,0769231
303	18,0769231
303	3,0769231
303	-9,9230769
304	-6,9230769
304	-14,9230769
304	13,0769231
304	-18,9230769
305	14,0769231
305	10,0769231
305	-26,9230769
305	-25,9230769
306	-15,9230769
306	-30,9230769
306	-1,9230769
306	28,0769231
307	28,0769231
307	35,0769231
307	-16,9230769
307	8,0769231
308	-2,9230769
308	-2,9230769
308	7,0769231
309	8,0769231
309	12,0769231
309	7,0769231
309	-9,9230769
310	-18,9230769
310	-15,9230769
310	-2,9230769
310	9,0769231
311	4,0769231
311	13,0769231
311	32,0769231
311	15,0769231
312	20,0769231
312	28,0769231
312	39,0769231
313	20,0769231
313	32,0769231
313	23,0769231
313	27,0769231
314	4,0769231
314	7,0769231
314	16,0769231
314	27,0769231
315	25,0769231
315	25,0769231
315	26,0769231
315	14,0769231
316	8,0769231
316	6,0769231
316	13,0769231
316	10,0769231
317	22,0769231
317	7,0769231
317	12,0769231
318	19,0769231
318	4,0769231
318	17,0769231
318	11,0769231
319	15,0769231
319	12,0769231
319	3,0769231
319	18,0769231
320	4,0769231
320	-7,9230769
320	-22,9230769
320	3,0769231
321	6,0769231
321	-6,9230769
321	-14,9230769
321	-8,9230769
322	-15,9230769
322	-8,9230769
322	-6,9230769
323	-0,9230769
323	12,0769231
323	-0,9230769
323	23,0769231
324	-9,9230769
324	11,0769231
324	-23,9230769
324	-0,9230769
325	-23,9230769
325	-15,9230769
325	-13,9230769
325	-8,9230769
326	-21,9230769
326	-9,9230769
326	1,0769231
327	10,0769231
327	23,0769231
327	19,0769231
327	-33,9230769
328	-14,9230769
328	-26,9230769
328	-9,9230769
328	7,0769231
329	-5,9230769
329	-31,9230769
329	-7,9230769
329	14,0769231
330	-15,9230769
330	-26,9230769
330	12,0769231
330	12,0769231
331	-22,9230769
331	-14,9230769
331	16,0769231
332	23,0769231
332	12,0769231
332	16,0769231
332	23,0769231
333	-0,9230769
333	39,0769231
333	56,0769231
333	17,0769231
334	17,0769231
334	29,0769231
334	37,0769231
334	50,0769231
335	26,0769231
335	14,0769231
335	24,0769231
335	43,0769231
336	44,0769231
336	57,0769231
336	42,0769231
337	31,0769231
337	46,0769231
337	39,0769231
337	27,0769231
338	48,0769231
338	24,0769231
338	28,0769231
338	35,0769231
339	45,0769231
339	11,0769231
339	33,0769231
339	34,0769231
340	27,0769231
340	37,0769231
340	-0,9230769
340	3,0769231
341	-15,9230769
341	15,0769231
341	17,0769231
342	3,0769231
342	10,0769231
342	23,0769231
342	-3,9230769
343	-9,9230769
343	-8,9230769
343	-3,9230769
343	11,0769231
344	12,0769231
344	-9,9230769
344	11,0769231
344	-1,9230769
345	-25,9230769
345	-6,9230769
345	0,0769231
345	21,0769231
346	-5,9230769
346	7,0769231
346	0,0769231
347	3,0769231
347	-0,9230769
347	-8,9230769
347	-0,9230769
348	-4,9230769
348	8,0769231
348	21,0769231
348	7,0769231
349	2,0769231
349	-1,9230769
349	6,0769231
349	-0,9230769
350	-4,9230769
350	2,0769231
350	13,0769231
350	3,0769231
351	17,0769231
351	3,0769231
351	-9,9230769
352	7,0769231
352	28,0769231
352	32,0769231
352	37,0769231
353	29,0769231
353	26,0769231
353	17,0769231
353	32,0769231
354	23,0769231
354	65,0769231
354	49,0769231
354	14,0769231
355	11,0769231
355	29,0769231
355	-4,9230769
355	12,0769231
356	24,0769231
356	20,0769231
356	35,0769231
357	44,0769231
357	30,0769231
357	41,0769231
357	23,0769231
358	58,0769231
358	47,0769231
358	33,0769231
358	31,0769231
359	9,0769231
359	15,0769231
359	-1,9230769
359	33,0769231
360	44,0769231
360	11,0769231
360	35,0769231
360	25,0769231
361	24,0769231
361	-4,9230769
361	18,0769231
362	32,0769231
362	47,0769231
362	11,0769231
362	11,0769231
363	3,0769231
363	14,0769231
363	-4,9230769
363	2,0769231
364	21,0769231
364	3,0769231
364	-18,9230769
364	-16,9230769
365	3,0769231
365	11,0769231
365	-16,9230769
365	-13,9230769
366	-10,9230769
366	-8,9230769
366	-12,9230769
367	-4,9230769
367	17,0769231
367	6,0769231
367	0,0769231
368	-10,9230769
368	-3,9230769
368	15,0769231
368	3,0769231
369	-29,9230769
369	-16,9230769
369	-18,9230769
369	-21,9230769
370	1,0769231
370	0,0769231
370	-29,9230769
370	5,0769231
371	15,0769231
371	-9,9230769
371	-12,9230769
371	-0,9230769
372	18,0769231
372	-7,9230769
372	-0,9230769
373	-1,9230769
373	-6,9230769
373	-6,9230769
373	12,0769231
374	-11,9230769
374	12,0769231
374	30,0769231
374	11,0769231
375	15,0769231
375	11,0769231
375	29,0769231
375	21,0769231
376	20,0769231
376	19,0769231
376	21,0769231
376	26,0769231
377	-22,9230769
377	29,0769231
377	41,0769231
378	12,0769231
378	17,0769231
378	51,0769231
378	5,0769231
379	15,0769231
379	-0,9230769
379	9,0769231
379	7,0769231
380	4,0769231
380	10,0769231
380	11,0769231
380	-4,9230769
381	18,0769231
381	3,0769231
381	25,0769231
381	-0,9230769
382	17,0769231
382	-5,9230769
382	10,0769231
383	-5,9230769
383	-3,9230769
383	31,0769231
383	6,0769231
384	-7,9230769
384	-0,9230769
384	12,0769231
384	-4,9230769
385	1,0769231
385	9,0769231
385	27,0769231
385	26,0769231
386	19,0769231
386	6,0769231
386	0,0769231
386	0,0769231
387	28,0769231
387	-1,9230769
387	-28,9230769
387	-41,9230769
388	1,0769231
388	5,0769231
388	0,0769231
389	-23,9230769
389	-24,9230769
389	-21,9230769
389	-8,9230769
390	12,0769231
390	4,0769231
390	14,0769231
390	7,0769231
391	2,0769231
391	11,0769231
391	-10,9230769
391	-18,9230769
392	-7,9230769
392	-15,9230769
392	-17,9230769
392	-3,9230769
393	-3,9230769
393	-3,9230769
393	6,0769231
394	1,0769231
394	19,0769231
394	26,0769231
394	14,0769231
395	-5,9230769
395	-17,9230769
395	-23,9230769
395	-22,9230769
396	-16,9230769
396	9,0769231
396	-12,9230769
396	27,0769231
397	-19,9230769
397	11,0769231
397	3,0769231
397	3,0769231
398	24,0769231
398	-0,9230769
398	6,0769231
398	4,0769231
399	3,0769231
399	19,0769231
399	9,0769231
400	20,0769231
400	2,0769231
400	6,0769231
400	20,0769231
401	18,0769231
401	16,0769231
401	-3,9230769
401	18,0769231
402	2,0769231
402	1,0769231
402	-0,9230769
402	-13,9230769
403	-13,9230769
403	16,0769231
403	1,0769231
403	-5,9230769
404	-7,9230769
404	19,0769231
404	17,0769231
405	-9,9230769
405	20,0769231
405	31,0769231
405	24,0769231
406	4,0769231
406	2,0769231
406	-5,9230769
406	-1,9230769
407	6,0769231
407	-5,9230769
407	-10,9230769
407	2,0769231
408	-14,9230769
408	-10,9230769
408	-22,9230769
408	-4,9230769
409	11,0769231
409	21,0769231
409	5,0769231
409	15,0769231
410	11,0769231
410	-8,9230769
410	15,0769231
411	21,0769231
411	-20,9230769
411	0,0769231
411	-25,9230769
412	10,0769231
412	16,0769231
412	-2,9230769
412	-9,9230769
413	-8,9230769
413	-13,9230769
413	10,0769231
413	2,0769231
414	-1,9230769
414	-4,9230769
414	-7,9230769
414	1,0769231
415	34,0769231
415	19,0769231
415	-0,9230769
415	-15,9230769
416	-16,9230769
416	-21,9230769
416	-7,9230769
417	19,0769231
417	21,0769231
417	-2,9230769
417	-3,9230769
418	16,0769231
418	-1,9230769
418	-10,9230769
418	-33,9230769
419	2,0769231
419	12,0769231
419	-3,9230769
419	-8,9230769
420	2,0769231
420	1,0769231
420	4,0769231
420	5,0769231
421	17,0769231
421	-3,9230769
421	16,0769231
421	-4,9230769
422	-9,9230769
422	-7,9230769
422	-13,9230769
423	19,0769231
423	-9,9230769
423	15,0769231
423	23,0769231
424	1,0769231
424	-32,9230769
424	-2,9230769
424	-1,9230769
425	9,0769231
425	-18,9230769
425	11,0769231
425	0,0769231
426	-22,9230769
426	1,0769231
426	7,0769231
426	6,0769231
427	3,0769231
427	-21,9230769
427	0,0769231
427	-7,9230769
428	-8,9230769
428	30,0769231
428	-10,9230769
429	-6,9230769
429	16,0769231
429	1,0769231
429	20,0769231
430	14,0769231
430	11,0769231
430	20,0769231
430	-10,9230769
431	7,0769231
431	0,0769231
431	-22,9230769
431	18,0769231
432	-3,9230769
432	1,0769231
432	-13,9230769
432	13,0769231
433	11,0769231
433	13,0769231
433	20,0769231
433	-12,9230769
434	-2,9230769
434	-19,9230769
434	-0,9230769
435	-35,9230769
435	-2,9230769
435	-9,9230769
435	-11,9230769
436	20,0769231
436	44,0769231
436	11,0769231
436	13,0769231
437	5,0769231
437	-14,9230769
437	-34,9230769
437	2,0769231
438	-1,9230769
438	11,0769231
438	10,0769231
438	-5,9230769
439	-7,9230769
439	-27,9230769
439	-10,9230769
439	14,0769231
440	9,0769231
440	7,0769231
440	11,0769231
441	-29,9230769
441	-32,9230769
441	35,0769231
441	24,0769231
442	-20,9230769
442	11,0769231
442	-5,9230769
442	-2,9230769
443	8,0769231
443	-5,9230769
443	-7,9230769
443	-12,9230769
444	-33,9230769
444	-5,9230769
444	-9,9230769
444	6,0769231
445	-2,9230769
445	-13,9230769
445	12,0769231
445	25,0769231
446	-33,9230769
446	5,0769231
446	3,0769231
447	7,0769231
447	26,0769231
447	27,0769231
447	-3,9230769
448	4,0769231
448	-41,9230769
448	-16,9230769
448	-15,9230769
449	-14,9230769
449	5,0769231
449	-15,9230769
449	-0,9230769
450	1,0769231
450	-14,9230769
450	-21,9230769
450	-0,9230769
451	-0,9230769
451	-16,9230769
451	-14,9230769
451	-5,9230769
452	-10,9230769
452	-16,9230769
452	-9,9230769
452	-10,9230769
453	-14,9230769
453	9,0769231
453	-18,9230769
454	-8,9230769
454	20,0769231
454	3,0769231
454	-31,9230769
455	-11,9230769
455	2,0769231
455	-12,9230769
455	-42,9230769
456	0,0769231
456	1,0769231
456	-6,9230769
456	12,0769231
457	-27,9230769
457	-3,9230769
457	-5,9230769
457	-8,9230769
458	-2,9230769
458	-10,9230769
458	-25,9230769
458	3,0769231
459	0,0769231
459	-0,9230769
459	19,0769231
460	5,0769231
460	3,0769231
460	35,0769231
460	0,0769231
461	1,0769231
461	-9,9230769
461	-9,9230769
461	23,0769231
462	10,0769231
462	-14,9230769
462	-22,9230769
462	11,0769231
463	-15,9230769
463	-9,9230769
463	-31,9230769
463	-10,9230769
464	-1,9230769
464	-0,9230769
464	-28,9230769
464	-31,9230769
465	3,0769231
465	14,0769231
465	19,0769231
465	-8,9230769
466	-24,9230769
466	22,0769231
466	-11,9230769
467	0,0769231
467	-6,9230769
467	-8,9230769
467	-1,9230769
468	3,0769231
468	33,0769231
468	4,0769231
468	-2,9230769
469	5,0769231
469	-2,9230769
469	-23,9230769
469	6,0769231
470	15,0769231
470	-18,9230769
470	-13,9230769
470	-23,9230769
471	-2,9230769
471	-18,9230769
471	1,0769231
471	-19,9230769
472	-6,9230769
472	14,0769231
472	-7,9230769
472	17,0769231
473	-9,9230769
473	11,0769231
473	-12,9230769
474	-4,9230769
474	-18,9230769
474	12,0769231
474	-21,9230769
475	-6,9230769
475	-1,9230769
475	-2,9230769
475	2,0769231
476	-10,9230769
476	-3,9230769
476	1,0769231
476	2,0769231
477	12,0769231
477	-10,9230769
477	-28,9230769
477	-13,9230769
478	-24,9230769
478	-25,9230769
478	-31,9230769
478	-20,9230769
479	-33,9230769
479	-14,9230769
479	13,0769231
479	-8,9230769
480	3,0769231
480	6,0769231
480	-10,9230769
481	-2,9230769
481	-21,9230769
481	4,0769231
481	10,0769231
482	17,0769231
482	-3,9230769
482	-16,9230769
482	-8,9230769
483	-32,9230769
483	3,0769231
483	2,0769231
483	-18,9230769
484	-22,9230769
484	-7,9230769
484	-2,9230769
484	-23,9230769
485	-3,9230769
485	-27,9230769
485	8,0769231
485	18,0769231
486	-22,9230769
486	1,0769231
486	-2,9230769
486	-14,9230769
487	-18,9230769
487	3,0769231
487	12,0769231
488	12,0769231
488	-24,9230769
488	-22,9230769
488	-14,9230769
489	6,0769231
489	11,0769231
489	-17,9230769
489	-15,9230769
490	9,0769231
490	-2,9230769
490	-17,9230769
490	-25,9230769
491	-16,9230769
491	-9,9230769
491	-14,9230769
491	15,0769231
492	-8,9230769
492	-7,9230769
492	3,0769231
492	-2,9230769
493	-24,9230769
493	-2,9230769
493	-11,9230769
493	-29,9230769
494	-19,9230769
494	-24,9230769
494	-5,9230769
495	6,0769231
495	-27,9230769
495	-1,9230769
495	-12,9230769
496	20,0769231
496	-12,9230769
496	-4,9230769
496	-11,9230769
497	-24,9230769
497	14,0769231
497	-5,9230769
497	21,0769231
498	11,0769231
498	-12,9230769
498	-4,9230769
498	-19,9230769
499	-7,9230769
499	-14,9230769
499	-0,9230769
499	26,0769231
500	18,0769231
500	7,0769231
500	-24,9230769
500	3,0769231
501	-21,9230769
501	-26,9230769
501	-11,9230769
502	-15,9230769
502	-10,9230769
502	-13,9230769
502	-6,9230769
503	-3,9230769
503	-13,9230769
503	-8,9230769
503	-16,9230769
504	-13,9230769
504	-34,9230769
504	-20,9230769
504	-0,9230769
505	-2,9230769
505	-7,9230769
505	-28,9230769
505	-11,9230769
506	2,0769231
506	2,0769231
506	-18,9230769
506	-1,9230769
507	4,0769231
507	-9,9230769
507	13,0769231
507	-20,9230769
508	-8,9230769
508	1,0769231
508	-10,9230769
508	28,0769231
509	-6,9230769
509	0,0769231
509	-5,9230769
510	-21,9230769
510	-4,9230769
510	-5,9230769
510	-12,9230769
511	27,0769231
511	3,0769231
511	-17,9230769
511	-15,9230769
512	14,0769231
512	-1,9230769
512	-11,9230769
512	-27,9230769
513	-16,9230769
513	-4,9230769
513	4,0769231
513	-27,9230769
514	-10,9230769
514	-5,9230769
514	-5,9230769
514	-19,9230769
515	-6,9230769
515	10,0769231
515	-29,9230769
515	27,0769231
516	-9,9230769
516	12,0769231
516	11,0769231
516	-14,9230769
517	-6,9230769
517	-22,9230769
517	-16,9230769
518	-24,9230769
518	-13,9230769
518	15,0769231
518	-13,9230769
519	27,0769231
519	-0,9230769
519	-17,9230769
519	14,0769231
520	-1,9230769
520	-0,9230769
520	21,0769231
520	-5,9230769
521	-16,9230769
521	-3,9230769
521	-13,9230769
521	8,0769231
522	12,0769231
522	-2,9230769
522	-3,9230769
522	-1,9230769
523	-15,9230769
523	-6,9230769
523	-5,9230769
523	-23,9230769
524	-11,9230769
524	-16,9230769
524	-3,9230769
524	9,0769231
525	-6,9230769
525	-7,9230769
525	-8,9230769
526	25,0769231
526	16,0769231
526	2,0769231
526	-1,9230769
527	-22,9230769
527	18,0769231
527	-5,9230769
527	-0,9230769
528	11,0769231
528	-3,9230769
528	-23,9230769
528	11,0769231
529	6,0769231
529	-10,9230769
529	-21,9230769
529	-3,9230769
530	-9,9230769
530	-11,9230769
530	-22,9230769
530	-28,9230769
531	-0,9230769
531	-10,9230769
531	11,0769231
531	-10,9230769
532	1,0769231
532	-15,9230769
532	-18,9230769
532	-4,9230769
533	-4,9230769
533	-11,9230769
533	6,0769231
534	6,0769231
534	33,0769231
534	-3,9230769
534	-6,9230769
535	1,0769231
535	-30,9230769
535	17,0769231
535	-13,9230769
536	21,0769231
536	-20,9230769
536	-29,9230769
536	-23,9230769
537	-16,9230769
537	-25,9230769
537	6,0769231
537	-10,9230769
538	-23,9230769
538	-42,9230769
538	-19,9230769
538	-17,9230769
539	14,0769231
539	-1,9230769
539	-12,9230769
539	3,0769231
540	-18,9230769
540	-11,9230769
540	8,0769231
540	5,0769231
541	-0,9230769
541	-28,9230769
541	1,0769231
541	-16,9230769
542	8,0769231
542	-13,9230769
542	-4,9230769
543	-9,9230769
543	-7,9230769
543	-8,9230769
543	33,0769231
544	-3,9230769
544	6,0769231
544	2,0769231
544	10,0769231
545	-33,9230769
545	14,0769231
545	6,0769231
545	-13,9230769
546	10,0769231
546	4,0769231
546	-7,9230769
546	15,0769231
547	-25,9230769
547	-13,9230769
547	-9,9230769
547	-23,9230769
548	-22,9230769
548	2,0769231
548	19,0769231
548	-8,9230769
549	-19,9230769
549	46,0769231
549	-0,9230769
549	-19,9230769
550	7,0769231
550	-5,9230769
550	5,0769231
550	-21,9230769
551	-32,9230769
551	-16,9230769
551	0,0769231
552	-20,9230769
552	-23,9230769
552	-17,9230769
552	12,0769231
553	-11,9230769
553	0,0769231
553	-15,9230769
553	-13,9230769
554	-16,9230769
554	-14,9230769
554	-7,9230769
554	-38,9230769
555	3,0769231
555	27,0769231
555	-27,9230769
555	-35,9230769
556	-5,9230769
556	-7,9230769
556	-11,9230769
556	-2,9230769
557	22,0769231
557	9,0769231
557	-16,9230769
557	-15,9230769
558	-30,9230769
558	-21,9230769
558	9,0769231
558	-13,9230769
559	6,0769231
559	2,0769231
559	1,0769231
559	-22,9230769
560	7,0769231
560	-7,9230769
560	-27,9230769
561	-21,9230769
561	-12,9230769
561	-11,9230769
561	15,0769231
562	-2,9230769
562	-6,9230769
562	6,0769231
562	3,0769231
563	-6,9230769
563	-5,9230769
563	-2,9230769
563	-7,9230769
564	-8,9230769
564	8,0769231
564	-1,9230769
564	20,0769231
565	14,0769231
565	-4,9230769
565	1,0769231
565	-5,9230769
566	8,0769231
566	-3,9230769
566	-5,9230769
566	-3,9230769
567	-22,9230769
567	-34,9230769
567	-36,9230769
567	-15,9230769
568	-20,9230769
568	-12,9230769
568	7,0769231
568	-18,9230769
569	1,0769231
569	4,0769231
569	-14,9230769
569	-5,9230769
570	-5,9230769
570	5,0769231
570	4,0769231
571	-17,9230769
571	3,0769231
571	-2,9230769
571	11,0769231
572	5,0769231
572	-10,9230769
572	-22,9230769
572	8,0769231
573	-11,9230769
573	-25,9230769
573	-32,9230769
573	-24,9230769
574	3,0769231
574	-6,9230769
574	3,0769231
574	17,0769231
575	-5,9230769
575	4,0769231
575	-6,9230769
575	2,0769231
576	-1,9230769
576	-13,9230769
576	28,0769231
576	-10,9230769
577	-9,9230769
577	-2,9230769
577	-14,9230769
577	-36,9230769
578	1,0769231
578	-6,9230769
578	-13,9230769
578	-1,9230769
579	-6,9230769
579	-22,9230769
579	-22,9230769
579	6,0769231
580	-11,9230769
580	2,0769231
580	-9,9230769
581	-0,9230769
581	10,0769231
581	8,0769231
581	-33,9230769
582	-41,9230769
582	-3,9230769
582	16,0769231
582	-8,9230769
583	-43,9230769
583	-22,9230769
583	3,0769231
583	-10,9230769
584	15,0769231
584	12,0769231
584	5,0769231
584	15,0769231
585	-19,9230769
585	-19,9230769
585	-5,9230769
585	-19,9230769
586	9,0769231
586	3,0769231
586	-11,9230769
586	-7,9230769
587	-5,9230769
587	-39,9230769
587	-22,9230769
587	-29,9230769
588	-16,9230769
588	6,0769231
588	1,0769231
588	-17,9230769
589	1,0769231
589	-1,9230769
589	6,0769231
589	-33,9230769
590	-22,9230769
590	19,0769231
590	-18,9230769
590	2,0769231
591	-16,9230769
591	3,0769231
591	-0,9230769
592	-13,9230769
592	-13,9230769
592	-26,9230769
592	-7,9230769
593	31,0769231
593	-16,9230769
593	5,0769231
593	3,0769231
594	58,0769231
594	-10,9230769
594	17,0769231
594	-4,9230769
595	-3,9230769
595	-12,9230769
595	30,0769231
595	-8,9230769
596	-9,9230769
596	-15,9230769
596	-19,9230769
596	13,0769231
597	6,0769231
597	11,0769231
597	-1,9230769
597	-243,9230769
598	-42,9230769
598	-19,9230769
598	-14,9230769
598	-1,9230769
599	-10,9230769
599	-20,9230769
599	-16,9230769
599	-13,9230769
600	-0,9230769
600	-15,9230769
600	-12,9230769
600	26,0769231
601	-27,9230769
601	-18,9230769
601	-0,9230769
601	6,0769231
602	-16,9230769
602	-23,9230769
602	6,0769231
603	-0,9230769
603	8,0769231
603	8,0769231
603	-15,9230769
604	-6,9230769
604	-0,9230769
604	-14,9230769
604	-9,9230769
605	12,0769231
605	-8,9230769
605	-13,9230769
605	-12,9230769
606	-16,9230769
606	-16,9230769
606	-11,9230769
606	11,0769231
607	1,0769231
607	4,0769231
607	6,0769231
607	-2,9230769
608	-6,9230769
608	18,0769231
608	-10,9230769
608	-2,9230769
609	-21,9230769
609	12,0769231
609	-0,9230769
609	-9,9230769
610	-22,9230769
610	-14,9230769
610	-15,9230769
610	9,0769231
611	-6,9230769
611	-8,9230769
611	-12,9230769
611	-8,9230769
612	-22,9230769
612	0,0769231
612	10,0769231
612	5,0769231
613	-5,9230769
613	-9,9230769
613	1,0769231
613	-16,9230769
614	4,0769231
614	-5,9230769
614	-6,9230769
614	-4,9230769
615	5,0769231
615	-0,9230769
615	1,0769231
616	-12,9230769
616	-26,9230769
616	13,0769231
616	-26,9230769
617	-34,9230769
617	-2,9230769
617	-11,9230769
617	-38,9230769
618	-3,9230769
618	5,0769231
618	-9,9230769
618	12,0769231
619	0,0769231
619	1,0769231
619	-11,9230769
619	-17,9230769
620	1,0769231
620	-1,9230769
620	6,0769231
620	-4,9230769
621	7,0769231
621	18,0769231
621	-23,9230769
621	-10,9230769
622	-13,9230769
622	3,0769231
622	10,0769231
622	-0,9230769
623	-8,9230769
623	3,0769231
623	21,0769231
623	2,0769231
624	-26,9230769
624	2,0769231
624	4,0769231
624	0,0769231
625	9,0769231
625	-0,9230769
625	-13,9230769
625	-23,9230769
626	6,0769231
626	-23,9230769
626	-15,9230769
626	-0,9230769
627	16,0769231
627	-10,9230769
627	36,0769231
627	6,0769231
628	-21,9230769
628	4,0769231
628	-4,9230769
629	-4,9230769
629	-15,9230769
629	-11,9230769
629	-1,9230769
630	-3,9230769
630	-12,9230769
630	-1,9230769
630	14,0769231
631	-20,9230769
631	-6,9230769
631	-10,9230769
631	-11,9230769
632	-0,9230769
632	13,0769231
632	-0,9230769
632	-15,9230769
633	6,0769231
633	13,0769231
633	7,0769231
633	18,0769231
634	-8,9230769
634	-6,9230769
634	-9,9230769
634	-13,9230769
635	-3,9230769
635	-26,9230769
635	-29,9230769
635	-2,9230769
636	-16,9230769
636	-3,9230769
636	-17,9230769
636	-32,9230769
637	-10,9230769
637	20,0769231
637	-6,9230769
637	-2,9230769
638	17,0769231
638	-9,9230769
638	-20,9230769
638	-9,9230769
639	-15,9230769
639	-30,9230769
639	-7,9230769
639	9,0769231
640	1,0769231
640	-10,9230769
640	-33,9230769
640	-10,9230769
641	-25,9230769
641	-10,9230769
641	-7,9230769
641	-21,9230769
642	-1,9230769
642	-3,9230769
642	0,0769231
642	1,0769231
643	-14,9230769
643	6,0769231
643	7,0769231
644	14,0769231
644	-33,9230769
644	-9,9230769
644	24,0769231
645	9,0769231
645	-12,9230769
645	-4,9230769
645	-12,9230769
646	2,0769231
646	3,0769231
646	-8,9230769
646	-2,9230769
647	15,0769231
647	8,0769231
647	-8,9230769
647	2,0769231
648	15,0769231
648	-1,9230769
648	-21,9230769
648	-9,9230769
649	-6,9230769
649	4,0769231
649	-5,9230769
649	-9,9230769
650	18,0769231
650	5,0769231
650	-9,9230769
650	-6,9230769
651	2,0769231
651	2,0769231
651	-15,9230769
651	11,0769231
652	2,0769231
652	-10,9230769
652	14,0769231
652	-9,9230769
653	18,0769231
653	11,0769231
653	1,0769231
653	-0,9230769
654	-7,9230769
654	-7,9230769
654	19,0769231
654	-8,9230769
655	2,0769231
655	2,0769231
655	-8,9230769
655	1,0769231
656	-17,9230769
656	-1,9230769
656	-20,9230769
656	3,0769231
657	-10,9230769
657	-27,9230769
657	-13,9230769
657	10,0769231
658	-3,9230769
658	10,0769231
658	18,0769231
658	-15,9230769
659	0,0769231
659	-15,9230769
659	10,0769231
660	-36,9230769
660	-23,9230769
660	-1,9230769
660	14,0769231
661	-7,9230769
661	19,0769231
661	2,0769231
661	-18,9230769
662	9,0769231
662	17,0769231
662	-2,9230769
662	0,0769231
663	3,0769231
663	-14,9230769
663	11,0769231
663	9,0769231
664	-1,9230769
664	11,0769231
664	-5,9230769
664	-2,9230769
665	-1,9230769
665	-23,9230769
665	20,0769231
665	-9,9230769
666	-10,9230769
666	7,0769231
666	-12,9230769
666	6,0769231
667	9,0769231
667	-14,9230769
667	-10,9230769
667	-10,9230769
668	-1,9230769
668	-3,9230769
668	9,0769231
668	13,0769231
669	-21,9230769
669	-22,9230769
669	-10,9230769
669	-5,9230769
670	-19,9230769
670	14,0769231
670	-8,9230769
670	-2,9230769
671	2,0769231
671	4,0769231
671	3,0769231
671	-8,9230769
672	7,0769231
672	2,0769231
672	20,0769231
672	-6,9230769
673	-7,9230769
673	-27,9230769
673	-0,9230769
673	-3,9230769
674	-3,9230769
674	0,0769231
674	-16,9230769
674	-2,9230769
675	-36,9230769
675	-4,9230769
675	-40,9230769
675	-11,9230769
676	7,0769231
676	-7,9230769
676	-29,9230769
676	12,0769231
677	1,0769231
677	8,0769231
677	-17,9230769
677	9,0769231
678	13,0769231
678	20,0769231
678	-5,9230769
678	8,0769231
679	9,0769231
679	16,0769231
679	5,0769231
680	-0,9230769
680	-2,9230769
680	-4,9230769
680	-3,9230769
681	12,0769231
681	-3,9230769
681	-10,9230769
681	-23,9230769
682	-12,9230769
682	-28,9230769
682	8,0769231
682	5,0769231
683	-29,9230769
683	-25,9230769
683	20,0769231
683	7,0769231
684	-9,9230769
684	-13,9230769
684	-2,9230769
684	-4,9230769
685	4,0769231
685	-8,9230769
685	-5,9230769
685	-30,9230769
686	-13,9230769
686	-10,9230769
686	-5,9230769
686	-5,9230769
687	1,0769231
687	6,0769231
687	-7,9230769
687	25,0769231
688	-21,9230769
688	-1,9230769
688	-22,9230769
688	-24,9230769
689	13,0769231
689	-5,9230769
689	14,0769231
689	-10,9230769
690	-23,9230769
690	-15,9230769
690	-11,9230769
690	-17,9230769
691	9,0769231
691	-27,9230769
691	-0,9230769
691	0,0769231
692	5,0769231
692	12,0769231
692	-4,9230769
692	5,0769231
693	-17,9230769
693	-10,9230769
693	-9,9230769
693	-20,9230769
694	-2,9230769
694	-1,9230769
694	-26,9230769
694	18,0769231
695	-13,9230769
695	-5,9230769
695	-15,9230769
695	-13,9230769
696	-32,9230769
696	-13,9230769
696	0,0769231
696	1,0769231
697	-29,9230769
697	-9,9230769
697	-0,9230769
697	22,0769231
698	-33,9230769
698	-25,9230769
698	-27,9230769
698	-8,9230769
699	-12,9230769
699	-32,9230769
699	14,0769231
699	-12,9230769
700	-14,9230769
700	4,0769231
700	-5,9230769
700	-15,9230769
701	-19,9230769
701	-7,9230769
701	5,0769231
701	1,0769231
702	-16,9230769
702	-21,9230769
702	-13,9230769
702	-19,9230769
703	8,0769231
703	-5,9230769
703	-17,9230769
703	-11,9230769
704	-21,9230769
704	5,0769231
704	13,0769231
704	16,0769231
705	-13,9230769
705	-18,9230769
705	11,0769231
706	-22,9230769
706	21,0769231
706	-2,9230769
706	-8,9230769
707	-8,9230769
707	-23,9230769
707	4,0769231
707	15,0769231
708	-9,9230769
708	-11,9230769
708	-16,9230769
708	-6,9230769
709	-29,9230769
709	-5,9230769
709	-7,9230769
709	-31,9230769
710	-16,9230769
710	-1,9230769
710	-21,9230769
710	-4,9230769
711	-0,9230769
711	-3,9230769
711	-6,9230769
711	-12,9230769
712	-12,9230769
712	-11,9230769
712	-12,9230769
712	-29,9230769
713	-0,9230769
713	-4,9230769
713	-22,9230769
713	6,0769231
714	27,0769231
714	-4,9230769
714	-5,9230769
714	4,0769231
715	-14,9230769
715	-24,9230769
715	-9,9230769
715	-3,9230769
716	0,0769231
716	0,0769231
716	-21,9230769
716	-0,9230769
717	-14,9230769
717	0,0769231
717	-2,9230769
717	-5,9230769
718	-12,9230769
718	-18,9230769
718	-7,9230769
718	6,0769231
719	-1,9230769
719	-20,9230769
719	3,0769231
719	-31,9230769
720	13,0769231
720	-0,9230769
720	-7,9230769
720	3,0769231
721	11,0769231
721	-11,9230769
721	-19,9230769
721	-37,9230769
722	18,0769231
722	9,0769231
722	-23,9230769
722	-26,9230769
723	-0,9230769
723	-5,9230769
723	-36,9230769
723	-25,9230769
724	-7,9230769
724	6,0769231
724	-2,9230769
724	-46,9230769
725	-18,9230769
725	11,0769231
725	4,0769231
725	-25,9230769
726	-31,9230769
726	-0,9230769
726	-1,9230769
726	25,0769231
727	23,0769231
727	-48,9230769
727	-1,9230769
727	-5,9230769
728	-24,9230769
728	-18,9230769
728	-7,9230769
728	-16,9230769
729	-6,9230769
729	0,0769231
729	24,0769231
729	13,0769231
730	25,0769231
730	-24,9230769
730	-21,9230769
730	8,0769231
731	1,0769231
731	-9,9230769
731	-19,9230769
731	13,0769231
732	-16,9230769
732	-13,9230769
732	-25,9230769
732	2,0769231
733	7,0769231
733	0,0769231
733	7,0769231
733	7,0769231
734	-16,9230769
734	-21,9230769
734	-5,9230769
734	-4,9230769
735	-23,9230769
735	-23,9230769
735	9,0769231
735	-0,9230769
736	-21,9230769
736	-3,9230769
736	-14,9230769
736	10,0769231
737	1,0769231
737	-26,9230769
737	-36,9230769
737	-12,9230769
738	-8,9230769
738	-1,9230769
738	-2,9230769
738	18,0769231
739	-12,9230769
739	22,0769231
739	-19,9230769
739	0,0769231
740	3,0769231
740	-26,9230769
740	-24,9230769
740	-12,9230769
741	-9,9230769
741	-26,9230769
741	-27,9230769
741	-5,9230769
742	-10,9230769
742	19,0769231
742	-23,9230769
742	-27,9230769
743	-18,9230769
743	17,0769231
743	-1,9230769
743	-10,9230769
744	-12,9230769
744	-7,9230769
744	1,0769231
744	-11,9230769
745	-14,9230769
745	-17,9230769
745	0,0769231
745	-16,9230769
746	-8,9230769
746	-15,9230769
746	-16,9230769
746	7,0769231
747	2,0769231
747	-12,9230769
747	-2,9230769
747	-11,9230769
748	-7,9230769
748	6,0769231
748	-9,9230769
748	2,0769231
749	-7,9230769
749	-14,9230769
749	-20,9230769
749	-34,9230769
750	2,0769231
750	-0,9230769
750	-18,9230769
750	-13,9230769
751	9,0769231
751	-2,9230769
751	-19,9230769
751	-25,9230769
752	-10,9230769
752	-2,9230769
752	-6,9230769
752	-4,9230769
753	-13,9230769
753	-22,9230769
753	-13,9230769
753	-3,9230769
754	-2,9230769
754	-28,9230769
754	-18,9230769
754	2,0769231
755	-23,9230769
755	-44,9230769
755	-14,9230769
755	-9,9230769
756	-16,9230769
756	-8,9230769
756	2,0769231
756	-8,9230769
757	-22,9230769
757	-4,9230769
757	-9,9230769
757	-6,9230769
758	-9,9230769
758	-13,9230769
758	-18,9230769
758	23,0769231
759	-0,9230769
759	7,0769231
759	9,0769231
759	-16,9230769
760	5,0769231
760	15,0769231
760	-8,9230769
760	-17,9230769
761	-12,9230769
761	7,0769231
761	-23,9230769
761	-0,9230769
762	21,0769231
762	3,0769231
762	-24,9230769
762	-36,9230769
763	-16,9230769
763	2,0769231
763	-13,9230769
763	-22,9230769
764	6,0769231
764	-13,9230769
764	6,0769231
764	11,0769231
765	19,0769231
765	-11,9230769
765	4,0769231
765	8,0769231
766	-26,9230769
766	-13,9230769
766	-5,9230769
766	1,0769231
767	-0,9230769
767	-15,9230769
767	20,0769231
767	-10,9230769
768	-5,9230769
768	-12,9230769
768	-15,9230769
768	16,0769231
769	-4,9230769
769	24,0769231
769	-18,9230769
769	-25,9230769
770	-12,9230769
770	-25,9230769
770	-4,9230769
770	-16,9230769
771	0,0769231
771	5,0769231
771	-4,9230769
771	-4,9230769
772	2,0769231
772	1,0769231
772	-13,9230769
772	13,0769231
773	-22,9230769
773	-8,9230769
773	-6,9230769
773	-27,9230769
774	5,0769231
774	11,0769231
774	-12,9230769
774	-31,9230769
775	-19,9230769
775	-29,9230769
775	-13,9230769
775	-3,9230769
776	7,0769231
776	-8,9230769
776	-0,9230769
776	-32,9230769
777	-6,9230769
777	-26,9230769
777	-11,9230769
777	9,0769231
778	-2,9230769
778	-12,9230769
778	-4,9230769
778	-25,9230769
779	-11,9230769
779	-15,9230769
779	-10,9230769
779	19,0769231
780	15,0769231
780	-5,9230769
780	0,0769231
780	-6,9230769
781	-2,9230769
781	-2,9230769
781	6,0769231
781	3,0769231
782	23,0769231
782	-5,9230769
782	14,0769231
782	28,0769231
783	10,0769231
783	-2,9230769
783	-21,9230769
783	-5,9230769
784	2,0769231
784	22,0769231
784	-2,9230769
784	-20,9230769
785	-13,9230769
785	7,0769231
785	-13,9230769
785	-16,9230769
786	-16,9230769
786	-12,9230769
786	-15,9230769
786	14,0769231
787	-17,9230769
787	-1,9230769
787	-0,9230769
787	-20,9230769
788	-26,9230769
788	-30,9230769
788	-12,9230769
788	-6,9230769
789	-5,9230769
789	-24,9230769
789	-32,9230769
789	-26,9230769
790	-9,9230769
790	-4,9230769
790	14,0769231
790	13,0769231
791	-17,9230769
791	-24,9230769
791	-15,9230769
791	-40,9230769
792	-11,9230769
792	-21,9230769
792	15,0769231
792	-15,9230769
793	-25,9230769
793	11,0769231
793	-14,9230769
793	8,0769231
794	-1,9230769
794	-15,9230769
794	-14,9230769
794	-29,9230769
795	-7,9230769
795	20,0769231
795	-6,9230769
795	-11,9230769
796	-16,9230769
796	2,0769231
796	-24,9230769
796	8,0769231
797	-10,9230769
797	-26,9230769
797	-0,9230769
797	-30,9230769
798	3,0769231
798	-19,9230769
798	5,0769231
798	32,0769231
799	-22,9230769
799	-17,9230769
799	-13,9230769
799	-33,9230769
800	-12,9230769
800	-1,9230769
800	3,0769231
800	-23,9230769
801	6,0769231
801	17,0769231
801	-6,9230769
801	-26,9230769
802	-15,9230769
802	-8,9230769
802	-5,9230769
802	-16,9230769
803	-17,9230769
803	-11,9230769
803	8,0769231
803	-6,9230769
804	4,0769231
804	-29,9230769
804	-22,9230769
804	18,0769231
805	-22,9230769
805	-25,9230769
805	0,0769231
805	-17,9230769
806	-34,9230769
806	-22,9230769
806	35,0769231
806	0,0769231
807	-21,9230769
807	0,0769231
807	5,0769231
807	20,0769231
808	-25,9230769
808	-24,9230769
808	-13,9230769
808	4,0769231
809	-18,9230769
809	-9,9230769
809	-9,9230769
809	-32,9230769
810	-6,9230769
810	15,0769231
810	-22,9230769
810	-9,9230769
811	-6,9230769
811	-9,9230769
811	-29,9230769
811	-6,9230769
812	11,0769231
812	17,0769231
812	13,0769231
812	0,0769231
813	-31,9230769
813	4,0769231
813	26,0769231
813	-23,9230769
814	-11,9230769
814	4,0769231
814	-16,9230769
814	21,0769231
815	18,0769231
815	-0,9230769
815	18,0769231
815	-26,9230769
816	11,0769231
816	-1,9230769
816	-24,9230769
816	-5,9230769
817	-2,9230769
817	-5,9230769
817	3,0769231
817	-9,9230769
818	-11,9230769
818	3,0769231
818	-15,9230769
818	-11,9230769
819	-4,9230769
819	-0,9230769
819	-7,9230769
819	4,0769231
820	-24,9230769
820	-16,9230769
820	0,0769231
820	-12,9230769
820	-28,9230769
821	-28,9230769
821	-9,9230769
821	8,0769231
821	-9,9230769
822	20,0769231
822	1,0769231
822	-23,9230769
822	-17,9230769
823	-22,9230769
823	-6,9230769
823	-2,9230769
823	-17,9230769
824	-5,9230769
824	3,0769231
824	-8,9230769
824	12,0769231
825	7,0769231
825	16,0769231
825	-3,9230769
825	29,0769231
826	4,0769231
826	9,0769231
826	17,0769231
826	-17,9230769
827	-11,9230769
827	-19,9230769
827	-21,9230769
827	-25,9230769
828	-0,9230769
828	-18,9230769
828	-15,9230769
828	-3,9230769
829	-2,9230769
829	-11,9230769
829	24,0769231
829	14,0769231
830	-3,9230769
830	15,0769231
830	-3,9230769
830	3,0769231
831	5,0769231
831	-4,9230769
831	11,0769231
831	-10,9230769
832	-11,9230769
832	-5,9230769
832	30,0769231
832	5,0769231
833	4,0769231
833	-24,9230769
833	-29,9230769
833	-1,9230769
834	41,0769231
834	-0,9230769
834	15,0769231
834	2,0769231
835	-5,9230769
835	7,0769231
835	-0,9230769
835	-8,9230769
836	-8,9230769
836	-16,9230769
836	-2,9230769
836	6,0769231
837	3,0769231
837	-9,9230769
837	-7,9230769
837	-10,9230769
838	-3,9230769
838	10,0769231
838	25,0769231
838	-20,9230769
839	16,0769231
839	-21,9230769
839	12,0769231
839	20,0769231
840	7,0769231
840	-6,9230769
840	1,0769231
840	-29,9230769
841	-31,9230769
841	10,0769231
841	19,0769231
841	-10,9230769
842	-9,9230769
842	1,0769231
842	-18,9230769
842	20,0769231
843	9,0769231
843	13,0769231
843	-0,9230769
843	-6,9230769
844	-1,9230769
844	-2,9230769
844	-13,9230769
844	-23,9230769
845	0,0769231
845	9,0769231
845	3,0769231
845	-13,9230769
845	-36,9230769
846	-28,9230769
846	-9,9230769
846	-6,9230769
846	-1,9230769
847	-1,9230769
847	-31,9230769
847	-7,9230769
847	7,0769231
848	-1,9230769
848	-20,9230769
848	-5,9230769
848	-14,9230769
849	-10,9230769
849	-12,9230769
849	16,0769231
849	15,0769231
850	11,0769231
850	-18,9230769
850	1,0769231
850	10,0769231
851	-3,9230769
851	-11,9230769
851	12,0769231
851	-15,9230769
852	-14,9230769
852	-18,9230769
852	-3,9230769
852	-21,9230769
853	-17,9230769
853	2,0769231
853	-29,9230769
853	-20,9230769
854	-11,9230769
854	-3,9230769
854	-1,9230769
854	7,0769231
855	-22,9230769
855	-13,9230769
855	-6,9230769
855	-9,9230769
856	-1,9230769
856	-5,9230769
856	-9,9230769
856	-20,9230769
857	-19,9230769
857	10,0769231
857	23,0769231
857	-10,9230769
858	24,0769231
858	-4,9230769
858	9,0769231
858	-9,9230769
859	-6,9230769
859	-24,9230769
859	2,0769231
859	-30,9230769
860	8,0769231
860	-18,9230769
860	11,0769231
860	-19,9230769
861	-4,9230769
861	-11,9230769
861	-8,9230769
861	-8,9230769
862	-8,9230769
862	15,0769231
862	-16,9230769
862	-12,9230769
863	-12,9230769
863	-1,9230769
863	-4,9230769
863	10,0769231
864	16,0769231
864	-11,9230769
864	-24,9230769
864	-4,9230769
864	-12,9230769
865	-6,9230769
865	-1,9230769
865	-9,9230769
865	11,0769231
866	-23,9230769
866	-4,9230769
866	-8,9230769
866	-8,9230769
867	-0,9230769
867	-31,9230769
867	-22,9230769
867	18,0769231
868	-7,9230769
868	-19,9230769
868	-11,9230769
868	-19,9230769
869	-25,9230769
869	-9,9230769
869	-15,9230769
869	-4,9230769
870	12,0769231
870	-14,9230769
870	-1,9230769
870	4,0769231
871	0,0769231
871	-7,9230769
871	0,0769231
871	-12,9230769
872	-9,9230769
872	-14,9230769
872	-14,9230769
872	3,0769231
873	-28,9230769
873	-27,9230769
873	-30,9230769
873	5,0769231
874	-8,9230769
874	5,0769231
874	-8,9230769
874	-21,9230769
875	-10,9230769
875	-23,9230769
875	-21,9230769
875	8,0769231
876	-37,9230769
876	8,0769231
876	22,0769231
876	1,0769231
877	0,0769231
877	-18,9230769
877	-13,9230769
877	0,0769231
878	-0,9230769
878	-21,9230769
878	11,0769231
878	27,0769231
879	5,0769231
879	-12,9230769
879	-1,9230769
879	-11,9230769
880	-4,9230769
880	-18,9230769
880	9,0769231
880	-14,9230769
880	-19,9230769
881	3,0769231
881	-10,9230769
881	0,0769231
881	-17,9230769
882	-12,9230769
882	0,0769231
882	-1,9230769
882	-19,9230769
883	-14,9230769
883	-32,9230769
883	-2,9230769
883	-39,9230769
884	5,0769231
884	-11,9230769
884	-16,9230769
884	6,0769231
885	10,0769231
885	2,0769231
885	-21,9230769
885	-4,9230769
886	-3,9230769
886	-46,9230769
886	-28,9230769
886	-2,9230769
887	0,0769231
887	-5,9230769
887	-4,9230769
887	-26,9230769
888	-17,9230769
888	-26,9230769
888	-28,9230769
888	-31,9230769
889	-35,9230769
889	7,0769231
889	4,0769231
889	4,0769231
890	-3,9230769
890	-55,9230769
890	-1,9230769
890	-7,9230769
891	-19,9230769
891	-10,9230769
891	-8,9230769
891	16,0769231
892	-9,9230769
892	-1,9230769
892	-20,9230769
892	17,0769231
893	4,0769231
893	-21,9230769
893	-13,9230769
893	1,0769231
894	1,0769231
894	-25,9230769
894	-14,9230769
894	-6,9230769
894	-12,9230769
895	-7,9230769
895	7,0769231
895	-1,9230769
895	-13,9230769
896	12,0769231
896	0,0769231
896	3,0769231
896	10,0769231
897	15,0769231
897	21,0769231
897	30,0769231
897	23,0769231
898	19,0769231
898	-1,9230769
898	-21,9230769
898	-1,9230769
899	-11,9230769
899	-14,9230769
899	-8,9230769
899	-20,9230769
900	-6,9230769
900	29,0769231
900	-3,9230769
900	11,0769231
901	20,0769231
901	2,0769231
901	-2,9230769
901	4,0769231
902	0,0769231
902	-9,9230769
902	-8,9230769
902	-24,9230769
903	-24,9230769
903	-2,9230769
903	-25,9230769
903	12,0769231
904	-6,9230769
904	22,0769231
904	1,0769231
904	-6,9230769
905	-18,9230769
905	7,0769231
905	2,0769231
905	-1,9230769
906	16,0769231
906	10,0769231
906	-22,9230769
906	-1,9230769
906	-21,9230769
907	-0,9230769
907	10,0769231
907	-7,9230769
907	8,0769231
908	-3,9230769
908	-2,9230769
908	17,0769231
908	-8,9230769
909	-8,9230769
909	-28,9230769
909	-24,9230769
909	-16,9230769
910	-23,9230769
910	-20,9230769
910	26,0769231
910	-17,9230769
911	-14,9230769
911	-11,9230769
911	-3,9230769
911	1,0769231
912	4,0769231
912	10,0769231
912	-7,9230769
912	0,0769231
913	-4,9230769
913	-22,9230769
913	-2,9230769
913	-8,9230769
914	1,0769231
914	-14,9230769
914	8,0769231
914	-4,9230769
915	-46,9230769
915	-33,9230769
915	-2,9230769
915	8,0769231
916	6,0769231
916	4,0769231
916	32,0769231
916	-2,9230769
917	-1,9230769
917	6,0769231
917	-18,9230769
917	4,0769231
917	-19,9230769
918	-5,9230769
918	10,0769231
918	-14,9230769
918	2,0769231
919	8,0769231
919	-16,9230769
919	12,0769231
919	-11,9230769
920	-10,9230769
920	4,0769231
920	24,0769231
920	17,0769231
921	-1,9230769
921	-8,9230769
921	-10,9230769
921	-12,9230769
922	3,0769231
922	-17,9230769
922	-15,9230769
922	-7,9230769
923	-17,9230769
923	1,0769231
923	-5,9230769
923	-10,9230769
924	1,0769231
924	-5,9230769
924	-17,9230769
924	-2,9230769
925	-7,9230769
925	-22,9230769
925	2,0769231
925	15,0769231
926	-13,9230769
926	21,0769231
926	4,0769231
926	-6,9230769
927	-15,9230769
927	7,0769231
927	-15,9230769
927	-9,9230769
928	-33,9230769
928	-37,9230769
928	-24,9230769
928	-27,9230769
928	31,0769231
929	6,0769231
929	9,0769231
929	-1,9230769
929	0,0769231
930	-9,9230769
930	-21,9230769
930	-23,9230769
930	-6,9230769
931	-10,9230769
931	-18,9230769
931	26,0769231
931	1,0769231
932	-33,9230769
932	-17,9230769
932	-23,9230769
932	-13,9230769
933	2,0769231
933	-22,9230769
933	11,0769231
933	-24,9230769
934	-1,9230769
934	-1,9230769
934	-9,9230769
934	12,0769231
935	-5,9230769
935	-4,9230769
935	-6,9230769
935	9,0769231
936	-7,9230769
936	2,0769231
936	-17,9230769
936	-4,9230769
937	13,0769231
937	10,0769231
937	-2,9230769
937	-14,9230769
938	-7,9230769
938	7,0769231
938	3,0769231
938	17,0769231
938	-9,9230769
939	-9,9230769
939	-20,9230769
939	17,0769231
939	21,0769231
940	-1,9230769
940	-11,9230769
940	-38,9230769
940	-36,9230769
941	-28,9230769
941	-23,9230769
941	-7,9230769
941	-18,9230769
942	-2,9230769
942	-8,9230769
942	-9,9230769
942	-11,9230769
943	19,0769231
943	-8,9230769
943	-4,9230769
943	9,0769231
944	3,0769231
944	-11,9230769
944	18,0769231
944	9,0769231
945	-10,9230769
945	3,0769231
945	-7,9230769
945	-7,9230769
946	-2,9230769
946	0,0769231
946	18,0769231
946	-14,9230769
947	4,0769231
947	-6,9230769
947	-20,9230769
947	-21,9230769
947	-3,9230769
948	-13,9230769
948	-10,9230769
948	3,0769231
948	-4,9230769
949	0,0769231
949	-20,9230769
949	-4,9230769
949	-6,9230769
950	16,0769231
950	-7,9230769
950	-28,9230769
950	-12,9230769
951	-4,9230769
951	16,0769231
951	5,0769231
951	-18,9230769
952	-13,9230769
952	12,0769231
952	-14,9230769
952	21,0769231
953	-16,9230769
953	-10,9230769
953	-9,9230769
953	-35,9230769
954	-33,9230769
954	-2,9230769
954	-9,9230769
954	5,0769231
955	-27,9230769
955	2,0769231
955	-29,9230769
955	-35,9230769
956	0,0769231
956	-12,9230769
956	-31,9230769
956	-22,9230769
956	-12,9230769
957	-9,9230769
957	-2,9230769
957	5,0769231
957	-25,9230769
958	-11,9230769
958	-15,9230769
958	-9,9230769
958	1,0769231
959	-21,9230769
959	2,0769231
959	-25,9230769
959	-13,9230769
960	56,0769231
960	1,0769231
960	-6,9230769
960	-14,9230769
961	-16,9230769
961	11,0769231
961	-12,9230769
961	-19,9230769
962	-22,9230769
962	-15,9230769
962	6,0769231
962	2,0769231
963	-1,9230769
963	0,0769231
963	6,0769231
963	-9,9230769
964	-19,9230769
964	18,0769231
964	-5,9230769
964	-9,9230769
964	-16,9230769
965	-0,9230769
965	-30,9230769
965	-14,9230769
965	-14,9230769
966	-5,9230769
966	1,0769231
966	-9,9230769
966	-6,9230769
967	-25,9230769
967	-21,9230769
967	-13,9230769
967	-8,9230769
968	-17,9230769
968	-11,9230769
968	-23,9230769
968	13,0769231
969	1,0769231
969	-13,9230769
969	3,0769231
969	-10,9230769
970	1,0769231
970	-29,9230769
970	11,0769231
970	6,0769231
971	-18,9230769
971	-20,9230769
971	7,0769231
971	5,0769231
972	-5,9230769
972	-33,9230769
972	4,0769231
972	14,0769231
972	-11,9230769
973	-42,9230769
973	0,0769231
973	-4,9230769
973	-21,9230769
974	-15,9230769
974	-9,9230769
974	7,0769231
974	5,0769231
975	8,0769231
975	-18,9230769
975	-15,9230769
975	-6,9230769
976	-29,9230769
976	-29,9230769
976	-8,9230769
976	-12,9230769
977	-11,9230769
977	-25,9230769
977	-14,9230769
977	7,0769231
978	24,0769231
978	-1,9230769
978	-30,9230769
978	14,0769231
979	-11,9230769
979	-2,9230769
979	-2,9230769
979	5,0769231
980	-12,9230769
980	7,0769231
980	-4,9230769
980	-9,9230769
980	-14,9230769
981	-22,9230769
981	-8,9230769
981	-3,9230769
981	-16,9230769
982	-21,9230769
982	6,0769231
982	-11,9230769
982	-5,9230769
983	-2,9230769
983	13,0769231
983	-21,9230769
983	-9,9230769
984	-1,9230769
984	0,0769231
984	2,0769231
984	-19,9230769
985	-14,9230769
985	17,0769231
985	-12,9230769
985	-16,9230769
986	-4,9230769
986	-32,9230769
986	-6,9230769
986	-16,9230769
987	-34,9230769
987	-7,9230769
987	11,0769231
987	-8,9230769
988	-12,9230769
988	-3,9230769
988	-30,9230769
988	-0,9230769
988	14,0769231
989	-20,9230769
989	-13,9230769
989	-23,9230769
989	3,0769231
990	-2,9230769
990	-13,9230769
990	-25,9230769
990	-32,9230769
991	-7,9230769
991	26,0769231
991	4,0769231
991	-2,9230769
992	-6,9230769
992	-9,9230769
992	-7,9230769
992	-6,9230769
993	-4,9230769
993	6,0769231
993	-29,9230769
993	8,0769231
994	1,0769231
994	-1,9230769
994	-1,9230769
994	-0,9230769
995	13,0769231
995	3,0769231
995	13,0769231
995	10,0769231
995	-5,9230769
996	0,0769231
996	11,0769231
996	-1,9230769
996	8,0769231
997	21,0769231
997	-23,9230769
997	-6,9230769
997	11,0769231
998	-17,9230769
998	-28,9230769
998	-12,9230769
998	-1,9230769
999	13,0769231
999	-18,9230769
999	5,0769231
999	-19,9230769
1000	-11,9230769
1000	13,0769231
1000	24,0769231
1000	-2,9230769
1001	0,0769231
1001	-10,9230769
1001	5,0769231
1001	-39,9230769
1002	-20,9230769
1002	5,0769231
1002	6,0769231
1002	1,0769231
1002	-27,9230769
1003	2,0769231
1003	3,0769231
1003	13,0769231
1003	-8,9230769
1004	-8,9230769
1004	-2,9230769
1004	-4,9230769
1004	4,0769231
1005	2,0769231
1005	-35,9230769
1005	3,0769231
1005	3,0769231
1006	-28,9230769
1006	-3,9230769
1006	-8,9230769
1006	-11,9230769
1007	3,0769231
1007	1,0769231
1007	-22,9230769
1007	-29,9230769
1008	-30,9230769
1008	27,0769231
1008	-8,9230769
1008	-9,9230769
1008	-7,9230769
1009	-25,9230769
1009	-6,9230769
1009	-3,9230769
1009	-0,9230769
1010	-27,9230769
1010	-22,9230769
1010	-27,9230769
1010	-8,9230769
1011	-11,9230769
1011	4,0769231
1011	-0,9230769
1011	9,0769231
1012	5,0769231
1012	-16,9230769
1012	-10,9230769
1012	-23,9230769
1013	-28,9230769
1013	12,0769231
1013	-0,9230769
1013	12,0769231
1014	1,0769231
1014	-21,9230769
1014	2,0769231
1014	-10,9230769
1015	4,0769231
1015	-16,9230769
1015	-11,9230769
1015	0,0769231
1015	1,0769231
1016	0,0769231
1016	-1,9230769
1016	-2,9230769
1016	3,0769231
1017	-2,9230769
1017	3,0769231
1017	-7,9230769
1017	-15,9230769
1018	4,0769231
1018	-7,9230769
1018	-25,9230769
1018	-9,9230769
1019	-23,9230769
1019	0,0769231
1019	-18,9230769
1019	2,0769231
1020	-15,9230769
1020	-4,9230769
1020	6,0769231
1020	-17,9230769
1021	-0,9230769
1021	-16,9230769
1021	-0,9230769
1021	-3,9230769
1021	4,0769231
1022	-11,9230769
1022	-6,9230769
1022	-13,9230769
1022	-11,9230769
1023	-17,9230769
1023	-3,9230769
1023	-0,9230769
1023	-12,9230769
1024	-7,9230769
1024	-29,9230769
1024	-4,9230769
1024	5,0769231
1025	7,0769231
1025	-38,9230769
1025	-7,9230769
1025	18,0769231
1026	-7,9230769
1026	-8,9230769
1026	-2,9230769
1026	9,0769231
1027	12,0769231
1027	-9,9230769
1027	24,0769231
1027	23,0769231
1027	-4,9230769
1028	-2,9230769
1028	-1,9230769
1028	-10,9230769
1028	2,0769231
1029	-22,9230769
1029	13,0769231
1029	-17,9230769
1029	-6,9230769
1030	15,0769231
1030	-0,9230769
1030	-19,9230769
1030	-43,9230769
1031	-2,9230769
1031	3,0769231
1031	16,0769231
1031	-29,9230769
1032	-6,9230769
1032	19,0769231
1032	-22,9230769
1032	-1,9230769
1033	-11,9230769
1033	3,0769231
1033	-5,9230769
1033	-1,9230769
1034	-3,9230769
1034	-4,9230769
1034	-38,9230769
1034	-4,9230769
1034	7,0769231
1035	-2,9230769
1035	-5,9230769
1035	0,0769231
1035	-6,9230769
1036	19,0769231
1036	0,0769231
1036	-0,9230769
1036	-1,9230769
1037	7,0769231
1037	-14,9230769
1037	1,0769231
1037	20,0769231
1038	17,0769231
1038	14,0769231
1038	-15,9230769
1038	-0,9230769
1039	-0,9230769
1039	-11,9230769
1039	-2,9230769
1039	-16,9230769
1039	-2,9230769
1040	-17,9230769
1040	-7,9230769
1040	-6,9230769
1040	12,0769231
1041	-15,9230769
1041	-27,9230769
1041	-19,9230769
1041	-2,9230769
1042	5,0769231
1042	3,0769231
1042	18,0769231
1042	-7,9230769
1043	1,0769231
1043	21,0769231
1043	-1,9230769
1043	-19,9230769
1044	2,0769231
1044	-34,9230769
1044	-3,9230769
1044	-11,9230769
1045	-13,9230769
1045	-30,9230769
1045	-8,9230769
1045	-13,9230769
1045	-33,9230769
1046	-11,9230769
1046	-15,9230769
1046	-11,9230769
1046	-23,9230769
1047	-1,9230769
1047	12,0769231
1047	-13,9230769
1047	-7,9230769
1048	-12,9230769
1048	6,0769231
1048	8,0769231
1048	10,0769231
1049	-23,9230769
1049	-1,9230769
1049	-11,9230769
1049	9,0769231
1050	-19,9230769
1050	-2,9230769
1050	-6,9230769
1050	-9,9230769
1051	-10,9230769
1051	-8,9230769
1051	-19,9230769
1051	-12,9230769
1051	-7,9230769
1052	11,0769231
1052	15,0769231
1052	-14,9230769
1052	-28,9230769
1053	-14,9230769
1053	5,0769231
1053	-18,9230769
1053	-14,9230769
1054	7,0769231
1054	8,0769231
1054	-10,9230769
1054	-3,9230769
1055	-0,9230769
1055	1,0769231
1055	-18,9230769
1055	-11,9230769
1056	4,0769231
1056	0,0769231
1056	-41,9230769
1056	6,0769231
1056	-33,9230769
1057	9,0769231
1057	-1,9230769
1057	-4,9230769
1057	22,0769231
1058	-10,9230769
1058	-13,9230769
1058	-14,9230769
1058	-2,9230769
1059	19,0769231
1059	-2,9230769
1059	2,0769231
1059	-30,9230769
1060	13,0769231
1060	12,0769231
1060	-10,9230769
1060	-1,9230769
1061	14,0769231
1061	19,0769231
1061	10,0769231
1061	1,0769231
1062	6,0769231
1062	-2,9230769
1062	-6,9230769
1062	13,0769231
1062	9,0769231
1063	-12,9230769
1063	-7,9230769
1063	2,0769231
1063	23,0769231
1064	-13,9230769
1064	3,0769231
1064	2,0769231
1064	-0,9230769
1065	2,0769231
1065	8,0769231
1065	-11,9230769
1065	6,0769231
1066	5,0769231
1066	-4,9230769
1066	-16,9230769
1066	8,0769231
1067	-10,9230769
1067	6,0769231
1067	-8,9230769
1067	18,0769231
1067	16,0769231
1068	-0,9230769
1068	-4,9230769
1068	-3,9230769
1068	1,0769231
1069	23,0769231
1069	-0,9230769
1069	-10,9230769
1069	3,0769231
1070	-19,9230769
1070	-13,9230769
1070	9,0769231
1070	6,0769231
1071	-13,9230769
1071	2,0769231
1071	2,0769231
1071	12,0769231
1072	16,0769231
1072	16,0769231
1072	-9,9230769
1072	-11,9230769
1072	2,0769231
1073	-4,9230769
1073	-11,9230769
1073	-22,9230769
1073	-41,9230769
1074	-20,9230769
1074	2,0769231
1074	-19,9230769
1074	10,0769231
1075	-6,9230769
1075	-1,9230769
1075	-2,9230769
1075	3,0769231
1076	-26,9230769
1076	-17,9230769
1076	-7,9230769
1076	15,0769231
1077	4,0769231
1077	-25,9230769
1077	1,0769231
1077	-1,9230769
1077	-1,9230769
1078	-9,9230769
1078	-4,9230769
1078	-4,9230769
1078	-17,9230769
1079	-2,9230769
1079	26,0769231
1079	-1,9230769
1079	10,0769231
1080	21,0769231
1080	-13,9230769
1080	7,0769231
1080	8,0769231
1081	-23,9230769
1081	-22,9230769
1081	22,0769231
1081	30,0769231
1082	21,0769231
1082	-15,9230769
1082	5,0769231
1082	-12,9230769
1082	-7,9230769
1083	-3,9230769
1083	13,0769231
1083	11,0769231
1083	2,0769231
1084	10,0769231
1084	-20,9230769
1084	17,0769231
1084	14,0769231
1085	1,0769231
1085	-0,9230769
1085	-3,9230769
1085	-4,9230769
1086	-12,9230769
1086	-1,9230769
1086	-8,9230769
1086	6,0769231
1087	-1,9230769
1087	6,0769231
1087	-1,9230769
1087	-25,9230769
1087	15,0769231
1088	-8,9230769
1088	-13,9230769
1088	-19,9230769
1088	-2,9230769
1089	17,0769231
1089	-0,9230769
1089	-26,9230769
1089	-5,9230769
1090	10,0769231
1090	6,0769231
1090	-3,9230769
1090	-6,9230769
1091	-21,9230769
1091	-8,9230769
1091	-10,9230769
1091	-9,9230769
1092	18,0769231
1092	-4,9230769
1092	-12,9230769
1092	24,0769231
1092	-17,9230769
1093	-28,9230769
1093	-17,9230769
1093	-20,9230769
1093	-8,9230769
1094	5,0769231
1094	-18,9230769
1094	1,0769231
1094	-9,9230769
1095	-11,9230769
1095	20,0769231
1095	3,0769231
1095	-14,9230769
1096	1,0769231
1096	-13,9230769
1096	-27,9230769
1096	-1,9230769
1097	-10,9230769
1097	-42,9230769
1097	-2,9230769
1097	-1,9230769
1097	-12,9230769
1098	20,0769231
1098	29,0769231
1098	-6,9230769
1098	-32,9230769
1099	-0,9230769
1099	15,0769231
1099	6,0769231
1099	-7,9230769
1100	-4,9230769
1100	-11,9230769
1100	-5,9230769
1100	2,0769231
1101	15,0769231
1101	14,0769231
1101	21,0769231
1101	-17,9230769
1101	4,0769231
1102	-4,9230769
1102	7,0769231
1102	-2,9230769
1102	1,0769231
1103	8,0769231
1103	1,0769231
1103	7,0769231
1103	-5,9230769
1104	-10,9230769
1104	-2,9230769
1104	-11,9230769
1104	7,0769231
1105	29,0769231
1105	-2,9230769
1105	32,0769231
1105	23,0769231
1106	-20,9230769
1106	-15,9230769
1106	3,0769231
1106	-16,9230769
1106	-24,9230769
1107	-19,9230769
1107	21,0769231
1107	30,0769231
1107	-17,9230769
1108	-25,9230769
1108	-0,9230769
1108	4,0769231
1108	-16,9230769
1109	10,0769231
1109	3,0769231
1109	-22,9230769
1109	27,0769231
1110	-0,9230769
1110	29,0769231
1110	-2,9230769
1110	-11,9230769
1110	-6,9230769
1111	-5,9230769
1111	9,0769231
1111	2,0769231
1111	1,0769231
1112	-4,9230769
1112	-8,9230769
1112	4,0769231
1112	3,0769231
1113	-6,9230769
1113	-42,9230769
1113	-10,9230769
1113	19,0769231
1114	29,0769231
1114	-3,9230769
1114	5,0769231
1114	-0,9230769
1115	-4,9230769
1115	0,0769231
1115	-8,9230769
1115	0,0769231
1115	22,0769231
1116	-5,9230769
1116	1,0769231
1116	-2,9230769
1116	-21,9230769
1117	6,0769231
1117	-27,9230769
1117	10,0769231
1117	-1,9230769
1118	-6,9230769
