196	-28,3846154
196	-28,3846154
196	-28,3846154
197	-12,3846154
197	0,6153846
197	28,6153846
197	2,6153846
198	7,6153846
198	12,6153846
198	-21,3846154
199	9,6153846
199	24,6153846
199	32,6153846
199	-10,3846154
200	17,6153846
200	-5,3846154
200	7,6153846
200	-2,3846154
201	-2,3846154
201	-2,3846154
201	37,6153846
201	-1,3846154
202	31,6153846
202	13,6153846
202	-15,3846154
203	-10,3846154
203	9,6153846
203	48,6153846
203	0,6153846
204	7,6153846
204	16,6153846
204	-11,3846154
204	5,6153846
205	9,6153846
205	-17,3846154
205	-17,3846154
205	24,6153846
206	-0,3846154
206	11,6153846
206	13,6153846
207	-14,3846154
207	12,6153846
207	11,6153846
207	1,6153846
208	-4,3846154
208	14,6153846
208	-19,3846154
208	18,6153846
209	-3,3846154
209	-12,3846154
209	-0,3846154
209	-8,3846154
210	8,6153846
210	16,6153846
210	5,6153846
211	-30,3846154
211	10,6153846
211	11,6153846
211	6,6153846
212	-10,3846154
212	-7,3846154
212	7,6153846
212	5,6153846
213	4,6153846
213	-22,3846154
213	7,6153846
213	8,6153846
214	-12,3846154
214	-5,3846154
214	5,6153846
215	-2,3846154
215	0,6153846
215	-8,3846154
215	14,6153846
216	34,6153846
216	4,6153846
216	27,6153846
216	10,6153846
217	1,6153846
217	5,6153846
217	2,6153846
217	6,6153846
218	-24,3846154
218	-0,3846154
218	8,6153846
219	13,6153846
219	0,6153846
219	24,6153846
219	-17,3846154
220	14,6153846
220	-17,3846154
220	-5,3846154
220	-4,3846154
221	-5,3846154
221	-8,3846154
221	23,6153846
221	-6,3846154
222	15,6153846
222	13,6153846
222	-9,3846154
223	33,6153846
223	-8,3846154
223	-3,3846154
223	-43,3846154
224	14,6153846
224	-6,3846154
224	7,6153846
224	-28,3846154
225	15,6153846
225	2,6153846
225	6,6153846
225	18,6153846
226	20,6153846
226	-5,3846154
226	24,6153846
227	21,6153846
227	9,6153846
227	4,6153846
227	21,6153846
228	13,6153846
228	7,6153846
228	9,6153846
228	12,6153846
229	15,6153846
229	4,6153846
229	-2,3846154
229	-1,3846154
230	18,6153846
230	-8,3846154
230	7,6153846
231	-14,3846154
231	1,6153846
231	-3,3846154
231	14,6153846
232	11,6153846
232	-2,3846154
232	14,6153846
232	-5,3846154
233	5,6153846
233	16,6153846
233	17,6153846
233	4,6153846
234	0,6153846
234	18,6153846
234	6,6153846
235	13,6153846
235	20,6153846
235	0,6153846
235	-3,3846154
236	11,6153846
236	2,6153846
236	-1,3846154
236	-13,3846154
237	26,6153846
237	15,6153846
237	-8,3846154
237	-2,3846154
238	18,6153846
238	-5,3846154
238	-4,3846154
239	1,6153846
239	-25,3846154
239	4,6153846
239	22,6153846
240	11,6153846
240	10,6153846
240	-16,3846154
240	31,6153846
241	7,6153846
241	15,6153846
241	26,6153846
241	10,6153846
242	-10,3846154
242	-13,3846154
242	-3,3846154
243	18,6153846
243	3,6153846
243	-16,3846154
243	-2,3846154
244	-6,3846154
244	-1,3846154
244	14,6153846
244	25,6153846
245	13,6153846
245	11,6153846
245	-15,3846154
245	4,6153846
246	-13,3846154
246	12,6153846
246	-28,3846154
247	9,6153846
247	9,6153846
247	13,6153846
247	12,6153846
248	-4,3846154
248	5,6153846
248	14,6153846
248	33,6153846
249	22,6153846
249	-23,3846154
249	-19,3846154
249	-9,3846154
250	10,6153846
250	22,6153846
250	-4,3846154
251	-3,3846154
251	-14,3846154
251	12,6153846
251	-19,3846154
252	-15,3846154
252	-2,3846154
252	15,6153846
252	-7,3846154
253	-13,3846154
253	7,6153846
253	-19,3846154
253	10,6153846
254	2,6153846
254	-17,3846154
254	-0,3846154
254	-5,3846154
255	-15,3846154
255	-5,3846154
255	-0,3846154
256	-3,3846154
256	-28,3846154
256	-4,3846154
256	16,6153846
257	0,6153846
257	-2,3846154
257	28,6153846
257	12,6153846
258	15,6153846
258	6,6153846
258	9,6153846
258	-24,3846154
259	-3,3846154
259	18,6153846
259	-1,3846154
260	8,6153846
260	-13,3846154
260	-7,3846154
260	-4,3846154
261	15,6153846
261	33,6153846
261	7,6153846
261	-3,3846154
262	10,6153846
262	12,6153846
262	-14,3846154
262	-13,3846154
263	26,6153846
263	8,6153846
263	5,6153846
264	22,6153846
264	24,6153846
264	-12,3846154
264	24,6153846
265	5,6153846
265	-6,3846154
265	4,6153846
265	-17,3846154
266	15,6153846
266	9,6153846
266	-9,3846154
266	-27,3846154
267	11,6153846
267	18,6153846
267	46,6153846
268	17,6153846
268	33,6153846
268	16,6153846
268	26,6153846
269	20,6153846
269	2,6153846
269	-8,3846154
269	13,6153846
270	13,6153846
270	7,6153846
270	2,6153846
270	20,6153846
271	5,6153846
271	10,6153846
271	25,6153846
271	-10,3846154
272	-10,3846154
272	-13,3846154
272	-22,3846154
273	8,6153846
273	15,6153846
273	7,6153846
273	-8,3846154
274	2,6153846
274	-10,3846154
274	0,6153846
274	1,6153846
275	39,6153846
275	10,6153846
275	-2,3846154
275	-14,3846154
276	11,6153846
276	8,6153846
276	-4,3846154
277	23,6153846
277	45,6153846
277	18,6153846
277	6,6153846
278	5,6153846
278	3,6153846
278	-7,3846154
278	-6,3846154
279	8,6153846
279	-8,3846154
279	10,6153846
279	26,6153846
280	-1,3846154
280	23,6153846
280	-1,3846154
280	-20,3846154
281	7,6153846
281	21,6153846
281	-2,3846154
282	-3,3846154
282	31,6153846
282	-4,3846154
282	-4,3846154
283	-25,3846154
283	-14,3846154
283	8,6153846
283	9,6153846
284	13,6153846
284	-13,3846154
284	-32,3846154
284	12,6153846
285	2,6153846
285	23,6153846
285	-5,3846154
286	-0,3846154
286	4,6153846
286	-11,3846154
286	-4,3846154
287	24,6153846
287	-5,3846154
287	-13,3846154
287	14,6153846
288	11,6153846
288	25,6153846
288	6,6153846
288	0,6153846
289	12,6153846
289	24,6153846
289	31,6153846
290	21,6153846
290	-9,3846154
290	23,6153846
290	2,6153846
291	19,6153846
291	24,6153846
291	-11,3846154
291	12,6153846
292	15,6153846
292	-4,3846154
292	-17,3846154
292	15,6153846
293	5,6153846
293	19,6153846
293	30,6153846
293	24,6153846
294	7,6153846
294	13,6153846
294	2,6153846
295	22,6153846
295	16,6153846
295	9,6153846
295	25,6153846
296	0,6153846
296	14,6153846
296	6,6153846
296	1,6153846
297	-2,3846154
297	28,6153846
297	9,6153846
297	14,6153846
298	25,6153846
298	-20,3846154
298	24,6153846
299	-13,3846154
299	39,6153846
299	36,6153846
299	2,6153846
300	-16,3846154
300	-4,3846154
300	-12,3846154
300	11,6153846
301	7,6153846
301	10,6153846
301	-20,3846154
301	-1,3846154
302	-1,3846154
302	7,6153846
302	20,6153846
302	28,6153846
303	31,6153846
303	1,6153846
303	17,6153846
304	12,6153846
304	-1,3846154
304	17,6153846
304	8,6153846
305	19,6153846
305	41,6153846
305	15,6153846
305	-2,3846154
306	12,6153846
306	-11,3846154
306	4,6153846
306	36,6153846
307	34,6153846
307	40,6153846
307	19,6153846
307	5,6153846
308	11,6153846
308	16,6153846
308	9,6153846
309	43,6153846
309	15,6153846
309	40,6153846
309	4,6153846
310	38,6153846
310	11,6153846
310	24,6153846
310	25,6153846
311	54,6153846
311	62,6153846
311	70,6153846
311	82,6153846
312	72,6153846
312	76,6153846
312	84,6153846
313	62,6153846
313	81,6153846
313	78,6153846
313	90,6153846
314	60,6153846
314	62,6153846
314	66,6153846
314	46,6153846
315	55,6153846
315	72,6153846
315	59,6153846
315	45,6153846
316	67,6153846
316	64,6153846
316	76,6153846
316	40,6153846
317	62,6153846
317	42,6153846
317	33,6153846
318	58,6153846
318	36,6153846
318	46,6153846
318	31,6153846
319	38,6153846
319	39,6153846
319	55,6153846
319	24,6153846
320	40,6153846
320	34,6153846
320	25,6153846
320	19,6153846
321	36,6153846
321	24,6153846
321	4,6153846
321	13,6153846
322	35,6153846
322	21,6153846
322	-4,3846154
323	7,6153846
323	12,6153846
323	4,6153846
323	18,6153846
324	-6,3846154
324	14,6153846
324	-9,3846154
324	16,6153846
325	-2,3846154
325	-1,3846154
325	5,6153846
325	11,6153846
326	-10,3846154
326	-8,3846154
326	-4,3846154
327	11,6153846
327	23,6153846
327	17,6153846
327	-15,3846154
328	3,6153846
328	-13,3846154
328	21,6153846
328	16,6153846
329	-5,3846154
329	-10,3846154
329	12,6153846
329	28,6153846
330	58,6153846
330	32,6153846
330	22,6153846
330	44,6153846
331	25,6153846
331	33,6153846
331	74,6153846
332	97,6153846
332	97,6153846
332	114,6153846
332	82,6153846
333	79,6153846
333	79,6153846
333	101,6153846
333	129,6153846
334	91,6153846
334	116,6153846
334	116,6153846
334	128,6153846
335	103,6153846
335	98,6153846
335	85,6153846
335	127,6153846
336	123,6153846
336	129,6153846
336	115,6153846
337	104,6153846
337	114,6153846
337	134,6153846
337	145,6153846
338	132,6153846
338	115,6153846
338	89,6153846
338	78,6153846
339	93,6153846
339	71,6153846
339	92,6153846
339	91,6153846
340	52,6153846
340	41,6153846
340	50,6153846
340	38,6153846
341	53,6153846
341	53,6153846
341	67,6153846
342	45,6153846
342	26,6153846
342	78,6153846
342	28,6153846
343	25,6153846
343	32,6153846
343	17,6153846
343	33,6153846
344	56,6153846
344	16,6153846
344	50,6153846
344	36,6153846
345	0,6153846
345	18,6153846
345	1,6153846
345	23,6153846
346	11,6153846
346	28,6153846
346	10,6153846
347	9,6153846
347	-0,3846154
347	18,6153846
347	6,6153846
348	5,6153846
348	32,6153846
348	53,6153846
348	27,6153846
349	21,6153846
349	11,6153846
349	37,6153846
349	47,6153846
350	27,6153846
350	26,6153846
350	44,6153846
350	29,6153846
351	56,6153846
351	27,6153846
351	51,6153846
352	43,6153846
352	85,6153846
352	71,6153846
352	97,6153846
353	91,6153846
353	106,6153846
353	74,6153846
353	85,6153846
354	100,6153846
354	120,6153846
354	152,6153846
354	126,6153846
355	91,6153846
355	111,6153846
355	72,6153846
355	103,6153846
356	89,6153846
356	85,6153846
356	135,6153846
357	102,6153846
357	78,6153846
357	103,6153846
357	102,6153846
358	135,6153846
358	142,6153846
358	104,6153846
358	112,6153846
359	55,6153846
359	69,6153846
359	80,6153846
359	99,6153846
360	74,6153846
360	62,6153846
360	33,6153846
360	49,6153846
361	56,6153846
361	29,6153846
361	45,6153846
362	60,6153846
362	72,6153846
362	80,6153846
362	39,6153846
363	28,6153846
363	27,6153846
363	15,6153846
363	15,6153846
364	34,6153846
364	27,6153846
364	26,6153846
364	23,6153846
365	8,6153846
365	17,6153846
365	-3,3846154
365	19,6153846
366	10,6153846
366	-1,3846154
366	0,6153846
367	6,6153846
367	33,6153846
367	22,6153846
367	34,6153846
368	-10,3846154
368	6,6153846
368	22,6153846
368	11,6153846
369	-8,3846154
369	2,6153846
369	6,6153846
369	8,6153846
370	20,6153846
370	5,6153846
370	10,6153846
370	44,6153846
371	38,6153846
371	19,6153846
371	18,6153846
371	25,6153846
372	29,6153846
372	12,6153846
372	18,6153846
373	39,6153846
373	25,6153846
373	32,6153846
373	38,6153846
374	35,6153846
374	48,6153846
374	54,6153846
374	26,6153846
375	26,6153846
375	53,6153846
375	57,6153846
375	55,6153846
376	49,6153846
376	45,6153846
376	64,6153846
376	47,6153846
377	48,6153846
377	66,6153846
377	48,6153846
378	41,6153846
378	48,6153846
378	63,6153846
378	52,6153846
379	59,6153846
379	30,6153846
379	47,6153846
379	45,6153846
380	52,6153846
380	43,6153846
380	51,6153846
380	29,6153846
381	49,6153846
381	28,6153846
381	34,6153846
381	51,6153846
382	37,6153846
382	28,6153846
382	48,6153846
383	28,6153846
383	-0,3846154
383	60,6153846
383	6,6153846
384	20,6153846
384	13,6153846
384	19,6153846
384	33,6153846
385	35,6153846
385	31,6153846
385	42,6153846
385	44,6153846
386	34,6153846
386	34,6153846
386	22,6153846
386	25,6153846
387	23,6153846
387	-7,3846154
387	9,6153846
387	-14,3846154
388	13,6153846
388	11,6153846
388	31,6153846
389	-7,3846154
389	-32,3846154
389	-12,3846154
389	16,6153846
390	5,6153846
390	26,6153846
390	26,6153846
390	6,6153846
391	-1,3846154
391	31,6153846
391	15,6153846
391	17,6153846
392	8,6153846
392	32,6153846
392	11,6153846
392	15,6153846
393	7,6153846
393	19,6153846
393	32,6153846
394	30,6153846
394	13,6153846
394	26,6153846
394	25,6153846
395	-13,3846154
395	16,6153846
395	17,6153846
395	44,6153846
396	9,6153846
396	14,6153846
396	-10,3846154
396	29,6153846
397	11,6153846
397	47,6153846
397	20,6153846
397	34,6153846
398	49,6153846
398	6,6153846
398	-5,3846154
398	21,6153846
399	7,6153846
399	34,6153846
399	30,6153846
400	41,6153846
400	27,6153846
400	29,6153846
400	34,6153846
401	29,6153846
401	48,6153846
401	15,6153846
401	19,6153846
402	14,6153846
402	19,6153846
402	40,6153846
402	-18,3846154
403	25,6153846
403	58,6153846
403	22,6153846
403	22,6153846
404	-1,3846154
404	34,6153846
404	44,6153846
405	30,6153846
405	45,6153846
405	57,6153846
405	34,6153846
406	47,6153846
406	32,6153846
406	15,6153846
406	26,6153846
407	31,6153846
407	12,6153846
407	18,6153846
407	25,6153846
408	25,6153846
408	26,6153846
408	-10,3846154
408	20,6153846
409	27,6153846
409	5,6153846
409	19,6153846
409	30,6153846
410	4,6153846
410	8,6153846
410	23,6153846
411	13,6153846
411	14,6153846
411	20,6153846
411	11,6153846
412	3,6153846
412	15,6153846
412	28,6153846
412	31,6153846
413	-20,3846154
413	19,6153846
413	17,6153846
413	5,6153846
414	-5,3846154
414	5,6153846
414	1,6153846
414	16,6153846
415	17,6153846
415	18,6153846
415	6,6153846
415	-6,3846154
416	5,6153846
416	4,6153846
416	6,6153846
417	33,6153846
417	11,6153846
417	22,6153846
417	21,6153846
418	-7,3846154
418	6,6153846
418	13,6153846
418	3,6153846
419	23,6153846
419	13,6153846
419	31,6153846
419	10,6153846
420	8,6153846
420	3,6153846
420	7,6153846
420	13,6153846
421	23,6153846
421	24,6153846
421	33,6153846
421	12,6153846
422	15,6153846
422	7,6153846
422	16,6153846
423	37,6153846
423	16,6153846
423	34,6153846
423	19,6153846
424	32,6153846
424	-0,3846154
424	-1,3846154
424	28,6153846
425	26,6153846
425	4,6153846
425	27,6153846
425	16,6153846
426	-2,3846154
426	6,6153846
426	29,6153846
426	39,6153846
427	27,6153846
427	-1,3846154
427	-0,3846154
427	23,6153846
428	15,6153846
428	44,6153846
428	4,6153846
429	19,6153846
429	19,6153846
429	20,6153846
429	47,6153846
430	29,6153846
430	32,6153846
430	14,6153846
430	11,6153846
431	-0,3846154
431	11,6153846
431	13,6153846
431	19,6153846
432	20,6153846
432	14,6153846
432	21,6153846
432	43,6153846
433	13,6153846
433	4,6153846
433	9,6153846
433	-1,3846154
434	0,6153846
434	8,6153846
434	18,6153846
435	-2,3846154
435	4,6153846
435	-7,3846154
435	22,6153846
436	11,6153846
436	31,6153846
436	21,6153846
436	19,6153846
437	10,6153846
437	8,6153846
437	7,6153846
437	1,6153846
438	20,6153846
438	34,6153846
438	39,6153846
438	23,6153846
439	6,6153846
439	-5,3846154
439	5,6153846
439	5,6153846
440	24,6153846
440	22,6153846
440	16,6153846
441	7,6153846
441	-9,3846154
441	20,6153846
441	1,6153846
442	23,6153846
442	6,6153846
442	21,6153846
442	19,6153846
443	7,6153846
443	12,6153846
443	7,6153846
443	5,6153846
444	-24,3846154
444	20,6153846
444	19,6153846
444	8,6153846
445	7,6153846
445	3,6153846
445	23,6153846
445	25,6153846
446	-2,3846154
446	11,6153846
446	-0,3846154
447	15,6153846
447	16,6153846
447	6,6153846
447	-3,3846154
448	19,6153846
448	-23,3846154
448	-18,3846154
448	-6,3846154
449	3,6153846
449	8,6153846
449	0,6153846
449	7,6153846
450	6,6153846
450	0,6153846
450	4,6153846
450	0,6153846
451	23,6153846
451	-11,3846154
451	-8,3846154
451	11,6153846
452	-0,3846154
452	-8,3846154
452	16,6153846
452	8,6153846
453	2,6153846
453	-0,3846154
453	-1,3846154
454	8,6153846
454	13,6153846
454	2,6153846
454	2,6153846
455	-19,3846154
455	-4,3846154
455	5,6153846
455	-14,3846154
456	16,6153846
456	9,6153846
456	-17,3846154
456	9,6153846
457	-6,3846154
457	8,6153846
457	14,6153846
457	-10,3846154
458	-1,3846154
458	-16,3846154
458	-10,3846154
458	15,6153846
459	-5,3846154
459	-0,3846154
459	33,6153846
460	20,6153846
460	22,6153846
460	24,6153846
460	16,6153846
461	-6,3846154
461	6,6153846
461	16,6153846
461	14,6153846
462	4,6153846
462	1,6153846
462	-26,3846154
462	1,6153846
463	0,6153846
463	-5,3846154
463	19,6153846
463	3,6153846
464	-5,3846154
464	4,6153846
464	5,6153846
464	-24,3846154
465	-7,3846154
465	22,6153846
465	17,6153846
465	15,6153846
466	-9,3846154
466	2,6153846
466	1,6153846
467	-3,3846154
467	7,6153846
467	27,6153846
467	4,6153846
468	19,6153846
468	32,6153846
468	-8,3846154
468	-0,3846154
469	1,6153846
469	12,6153846
469	-21,3846154
469	-4,3846154
470	20,6153846
470	2,6153846
470	-7,3846154
470	-12,3846154
471	12,6153846
471	-5,3846154
471	16,6153846
471	7,6153846
472	7,6153846
472	25,6153846
472	1,6153846
472	19,6153846
473	14,6153846
473	28,6153846
473	10,6153846
474	24,6153846
474	-6,3846154
474	16,6153846
474	-15,3846154
475	-14,3846154
475	10,6153846
475	13,6153846
475	16,6153846
476	-0,3846154
476	13,6153846
476	12,6153846
476	22,6153846
477	23,6153846
477	1,6153846
477	-27,3846154
477	3,6153846
478	4,6153846
478	-8,3846154
478	-26,3846154
478	2,6153846
479	5,6153846
479	-0,3846154
479	6,6153846
479	8,6153846
480	18,6153846
480	-7,3846154
480	-11,3846154
481	0,6153846
481	15,6153846
481	11,6153846
481	4,6153846
482	46,6153846
482	2,6153846
482	-0,3846154
482	-1,3846154
483	-6,3846154
483	11,6153846
483	5,6153846
483	15,6153846
484	-3,3846154
484	31,6153846
484	16,6153846
484	-6,3846154
485	-3,3846154
485	0,6153846
485	-1,3846154
485	4,6153846
486	-17,3846154
486	14,6153846
486	0,6153846
486	9,6153846
487	7,6153846
487	26,6153846
487	29,6153846
488	15,6153846
488	-0,3846154
488	-5,3846154
488	5,6153846
489	5,6153846
489	11,6153846
489	48,6153846
489	19,6153846
490	39,6153846
490	22,6153846
490	6,6153846
490	12,6153846
491	-2,3846154
491	6,6153846
491	-11,3846154
491	20,6153846
492	-8,3846154
492	12,6153846
492	12,6153846
492	-0,3846154
493	9,6153846
493	-8,3846154
493	-2,3846154
493	-9,3846154
494	-16,3846154
494	5,6153846
494	21,6153846
495	14,6153846
495	-20,3846154
495	10,6153846
495	-4,3846154
496	16,6153846
496	3,6153846
496	7,6153846
496	19,6153846
497	-7,3846154
497	6,6153846
497	-1,3846154
497	14,6153846
498	11,6153846
498	12,6153846
498	4,6153846
498	-12,3846154
499	-14,3846154
499	14,6153846
499	2,6153846
499	33,6153846
500	25,6153846
500	8,6153846
500	-4,3846154
500	4,6153846
501	19,6153846
501	9,6153846
501	20,6153846
502	3,6153846
502	-1,3846154
502	11,6153846
502	6,6153846
503	-1,3846154
503	-12,3846154
503	17,6153846
503	-19,3846154
504	-12,3846154
504	-9,3846154
504	4,6153846
504	16,6153846
505	10,6153846
505	2,6153846
505	9,6153846
505	24,6153846
506	2,6153846
506	7,6153846
506	-17,3846154
506	-5,3846154
507	18,6153846
507	-15,3846154
507	23,6153846
507	-4,3846154
508	17,6153846
508	17,6153846
508	16,6153846
508	14,6153846
509	-6,3846154
509	26,6153846
509	-29,3846154
510	-19,3846154
510	-4,3846154
510	16,6153846
510	5,6153846
511	21,6153846
511	21,6153846
511	-14,3846154
511	-13,3846154
512	37,6153846
512	20,6153846
512	11,6153846
512	-23,3846154
513	-7,3846154
513	13,6153846
513	12,6153846
513	-20,3846154
514	4,6153846
514	29,6153846
514	16,6153846
514	8,6153846
515	-0,3846154
515	7,6153846
515	5,6153846
515	18,6153846
516	5,6153846
516	21,6153846
516	7,6153846
516	-17,3846154
517	-0,3846154
517	-2,3846154
517	-4,3846154
518	3,6153846
518	11,6153846
518	9,6153846
518	-6,3846154
519	31,6153846
519	35,6153846
519	-4,3846154
519	13,6153846
520	-8,3846154
520	-5,3846154
520	39,6153846
520	17,6153846
521	7,6153846
521	7,6153846
521	1,6153846
521	7,6153846
522	26,6153846
522	18,6153846
522	13,6153846
522	41,6153846
523	17,6153846
523	7,6153846
523	26,6153846
523	-5,3846154
524	-7,3846154
524	-10,3846154
524	11,6153846
524	2,6153846
525	10,6153846
525	0,6153846
525	0,6153846
526	6,6153846
526	19,6153846
526	33,6153846
526	12,6153846
527	-1,3846154
527	24,6153846
527	24,6153846
527	22,6153846
528	16,6153846
528	-6,3846154
528	-3,3846154
528	6,6153846
529	15,6153846
529	5,6153846
529	-8,3846154
529	21,6153846
530	13,6153846
530	-24,3846154
530	12,6153846
530	9,6153846
531	26,6153846
531	3,6153846
531	31,6153846
531	7,6153846
532	14,6153846
532	15,6153846
532	33,6153846
532	22,6153846
533	2,6153846
533	2,6153846
533	14,6153846
534	-4,3846154
534	27,6153846
534	0,6153846
534	12,6153846
535	-5,3846154
535	-18,3846154
535	29,6153846
535	21,6153846
536	10,6153846
536	26,6153846
536	-25,3846154
536	-4,3846154
537	10,6153846
537	1,6153846
537	21,6153846
537	-12,3846154
538	-9,3846154
538	-3,3846154
538	25,6153846
538	16,6153846
539	0,6153846
539	-5,3846154
539	-10,3846154
539	8,6153846
540	-6,3846154
540	3,6153846
540	10,6153846
540	8,6153846
541	-4,3846154
541	-2,3846154
541	-15,3846154
541	-21,3846154
542	2,6153846
542	10,6153846
542	13,6153846
543	25,6153846
543	-6,3846154
543	-7,3846154
543	25,6153846
544	5,6153846
544	-19,3846154
544	20,6153846
544	11,6153846
545	-17,3846154
545	8,6153846
545	-13,3846154
545	-8,3846154
546	5,6153846
546	-4,3846154
546	-8,3846154
546	-3,3846154
547	-18,3846154
547	5,6153846
547	20,6153846
547	-7,3846154
548	18,6153846
548	14,6153846
548	23,6153846
548	18,6153846
549	1,6153846
549	39,6153846
549	-8,3846154
549	-21,3846154
550	19,6153846
550	-4,3846154
550	5,6153846
550	-11,3846154
551	-21,3846154
551	-8,3846154
551	24,6153846
552	-6,3846154
552	-5,3846154
552	5,6153846
552	19,6153846
553	4,6153846
553	4,6153846
553	0,6153846
553	21,6153846
554	0,6153846
554	-7,3846154
554	5,6153846
554	-15,3846154
555	7,6153846
555	27,6153846
555	4,6153846
555	14,6153846
556	16,6153846
556	5,6153846
556	-12,3846154
556	18,6153846
557	37,6153846
557	4,6153846
557	1,6153846
557	15,6153846
558	2,6153846
558	-9,3846154
558	9,6153846
558	16,6153846
559	23,6153846
559	25,6153846
559	1,6153846
559	13,6153846
560	22,6153846
560	14,6153846
560	14,6153846
561	8,6153846
561	4,6153846
561	0,6153846
561	16,6153846
562	-5,3846154
562	10,6153846
562	23,6153846
562	1,6153846
563	22,6153846
563	-15,3846154
563	22,6153846
563	-4,3846154
564	-4,3846154
564	1,6153846
564	11,6153846
564	29,6153846
565	11,6153846
565	3,6153846
565	-7,3846154
565	8,6153846
566	14,6153846
566	12,6153846
566	2,6153846
566	15,6153846
567	-12,3846154
567	-14,3846154
567	-33,3846154
567	-23,3846154
568	7,6153846
568	9,6153846
568	14,6153846
568	-6,3846154
569	-2,3846154
569	23,6153846
569	-6,3846154
569	3,6153846
570	7,6153846
570	-21,3846154
570	-2,3846154
571	4,6153846
571	-3,3846154
571	-1,3846154
571	21,6153846
572	-8,3846154
572	26,6153846
572	-12,3846154
572	-5,3846154
573	3,6153846
573	-19,3846154
573	-21,3846154
573	-9,3846154
574	21,6153846
574	-2,3846154
574	-21,3846154
574	3,6153846
575	31,6153846
575	8,6153846
575	-4,3846154
575	14,6153846
576	11,6153846
576	15,6153846
576	49,6153846
576	-9,3846154
577	-2,3846154
577	15,6153846
577	7,6153846
577	27,6153846
578	28,6153846
578	13,6153846
578	-17,3846154
578	4,6153846
579	2,6153846
579	2,6153846
579	-23,3846154
579	-7,3846154
580	10,6153846
580	17,6153846
580	-2,3846154
581	33,6153846
581	4,6153846
581	29,6153846
581	-15,3846154
582	-14,3846154
582	-8,3846154
582	17,6153846
582	18,6153846
583	-13,3846154
583	-4,3846154
583	9,6153846
583	7,6153846
584	29,6153846
584	17,6153846
584	19,6153846
584	43,6153846
585	19,6153846
585	-4,3846154
585	9,6153846
585	25,6153846
586	6,6153846
586	-0,3846154
586	14,6153846
586	9,6153846
587	8,6153846
587	-35,3846154
587	-0,3846154
587	6,6153846
588	2,6153846
588	10,6153846
588	5,6153846
588	-14,3846154
589	3,6153846
589	6,6153846
589	37,6153846
589	-1,3846154
590	0,6153846
590	3,6153846
590	-15,3846154
590	23,6153846
591	21,6153846
591	18,6153846
591	-6,3846154
592	-11,3846154
592	-5,3846154
592	14,6153846
592	-9,3846154
593	39,6153846
593	-15,3846154
593	-0,3846154
593	3,6153846
594	36,6153846
594	1,6153846
594	11,6153846
594	8,6153846
595	-3,3846154
595	-9,3846154
595	5,6153846
595	7,6153846
596	15,6153846
596	6,6153846
596	-8,3846154
596	19,6153846
597	25,6153846
597	13,6153846
597	-6,3846154
597	18,6153846
598	-0,3846154
598	-9,3846154
598	-25,3846154
598	6,6153846
599	1,6153846
599	11,6153846
599	-13,3846154
599	-5,3846154
600	15,6153846
600	14,6153846
600	16,6153846
600	18,6153846
601	-15,3846154
601	-5,3846154
601	9,6153846
601	14,6153846
602	3,6153846
602	-24,3846154
602	33,6153846
603	12,6153846
603	13,6153846
603	28,6153846
603	13,6153846
604	-6,3846154
604	3,6153846
604	2,6153846
604	-9,3846154
605	14,6153846
605	3,6153846
605	1,6153846
605	-11,3846154
606	5,6153846
606	4,6153846
606	33,6153846
606	15,6153846
607	-9,3846154
607	-16,3846154
607	13,6153846
607	23,6153846
608	-16,3846154
608	22,6153846
608	4,6153846
608	-5,3846154
609	23,6153846
609	23,6153846
609	9,6153846
609	-13,3846154
610	-7,3846154
610	-6,3846154
610	0,6153846
610	12,6153846
611	0,6153846
611	17,6153846
611	7,6153846
611	3,6153846
612	0,6153846
612	-11,3846154
612	0,6153846
612	6,6153846
613	14,6153846
613	31,6153846
613	24,6153846
613	10,6153846
614	43,6153846
614	-1,3846154
614	-10,3846154
614	6,6153846
615	-7,3846154
615	-1,3846154
615	-10,3846154
616	-18,3846154
616	6,6153846
616	24,6153846
616	-14,3846154
617	1,6153846
617	17,6153846
617	-3,3846154
617	-1,3846154
618	6,6153846
618	17,6153846
618	-23,3846154
618	7,6153846
619	0,6153846
619	26,6153846
619	4,6153846
619	-13,3846154
620	-2,3846154
620	12,6153846
620	3,6153846
620	-6,3846154
621	-6,3846154
621	15,6153846
621	9,6153846
621	-7,3846154
622	2,6153846
622	29,6153846
622	21,6153846
622	5,6153846
623	-16,3846154
623	-1,3846154
623	5,6153846
623	-4,3846154
624	-3,3846154
624	3,6153846
624	12,6153846
624	6,6153846
625	18,6153846
625	12,6153846
625	-1,3846154
625	-12,3846154
626	14,6153846
626	-1,3846154
626	12,6153846
626	25,6153846
627	-9,3846154
627	-19,3846154
627	23,6153846
627	27,6153846
628	14,6153846
628	-2,3846154
628	3,6153846
629	-7,3846154
629	3,6153846
629	-5,3846154
629	-2,3846154
630	3,6153846
630	-13,3846154
630	0,6153846
630	3,6153846
631	-24,3846154
631	14,6153846
631	2,6153846
631	-3,3846154
632	7,6153846
632	14,6153846
632	7,6153846
632	-10,3846154
633	-0,3846154
633	1,6153846
633	16,6153846
633	7,6153846
634	-2,3846154
634	-17,3846154
634	-1,3846154
634	4,6153846
635	15,6153846
635	-12,3846154
635	-21,3846154
635	-1,3846154
636	7,6153846
636	17,6153846
636	3,6153846
636	-3,3846154
637	-11,3846154
637	26,6153846
637	3,6153846
637	8,6153846
638	32,6153846
638	-1,3846154
638	-6,3846154
638	2,6153846
639	-14,3846154
639	-13,3846154
639	-2,3846154
639	32,6153846
640	-10,3846154
640	0,6153846
640	-14,3846154
640	25,6153846
641	-1,3846154
641	8,6153846
641	2,6153846
641	10,6153846
642	3,6153846
642	-9,3846154
642	17,6153846
642	9,6153846
643	36,6153846
643	-2,3846154
643	12,6153846
644	14,6153846
644	-1,3846154
644	-5,3846154
644	23,6153846
645	13,6153846
645	-18,3846154
645	-0,3846154
645	11,6153846
646	-17,3846154
646	15,6153846
646	7,6153846
646	32,6153846
647	28,6153846
647	24,6153846
647	-4,3846154
647	28,6153846
648	9,6153846
648	3,6153846
648	-6,3846154
648	12,6153846
649	11,6153846
649	47,6153846
649	-30,3846154
649	5,6153846
650	31,6153846
650	22,6153846
650	26,6153846
650	0,6153846
651	9,6153846
651	36,6153846
651	27,6153846
651	17,6153846
652	2,6153846
652	-1,3846154
652	1,6153846
652	-5,3846154
653	35,6153846
653	31,6153846
653	20,6153846
653	11,6153846
654	-13,3846154
654	29,6153846
654	19,6153846
654	23,6153846
655	19,6153846
655	19,6153846
655	24,6153846
655	0,6153846
656	16,6153846
656	9,6153846
656	-22,3846154
656	-10,3846154
657	7,6153846
657	1,6153846
657	11,6153846
657	-9,3846154
658	0,6153846
658	3,6153846
658	5,6153846
658	-11,3846154
659	2,6153846
659	22,6153846
659	27,6153846
660	37,6153846
660	6,6153846
660	7,6153846
660	11,6153846
661	-10,3846154
661	34,6153846
661	12,6153846
661	7,6153846
662	14,6153846
662	6,6153846
662	14,6153846
662	-10,3846154
663	-27,3846154
663	23,6153846
663	-1,3846154
663	25,6153846
664	18,6153846
664	13,6153846
664	8,6153846
664	14,6153846
665	21,6153846
665	12,6153846
665	14,6153846
665	4,6153846
666	3,6153846
666	-2,3846154
666	7,6153846
666	7,6153846
667	17,6153846
667	-4,3846154
667	20,6153846
667	-1,3846154
668	-6,3846154
668	3,6153846
668	29,6153846
668	-1,3846154
669	8,6153846
669	-13,3846154
669	-4,3846154
669	-3,3846154
670	8,6153846
670	27,6153846
670	8,6153846
670	6,6153846
671	1,6153846
671	30,6153846
671	19,6153846
671	-3,3846154
672	21,6153846
672	3,6153846
672	25,6153846
672	28,6153846
673	13,6153846
673	-11,3846154
673	-11,3846154
673	6,6153846
674	20,6153846
674	9,6153846
674	-9,3846154
674	9,6153846
675	-18,3846154
675	14,6153846
675	-16,3846154
675	17,6153846
676	12,6153846
676	4,6153846
676	2,6153846
676	24,6153846
677	10,6153846
677	-10,3846154
677	-6,3846154
677	-6,3846154
678	18,6153846
678	17,6153846
678	4,6153846
678	3,6153846
679	0,6153846
679	11,6153846
679	7,6153846
680	25,6153846
680	-0,3846154
680	16,6153846
680	12,6153846
681	2,6153846
681	20,6153846
681	-0,3846154
681	-2,3846154
682	-3,3846154
682	-2,3846154
682	17,6153846
682	21,6153846
683	2,6153846
683	16,6153846
683	2,6153846
683	-1,3846154
684	-2,3846154
684	0,6153846
684	5,6153846
684	6,6153846
685	7,6153846
685	8,6153846
685	7,6153846
685	-5,3846154
686	18,6153846
686	19,6153846
686	0,6153846
686	2,6153846
687	21,6153846
687	25,6153846
687	-12,3846154
687	4,6153846
688	9,6153846
688	-25,3846154
688	-11,3846154
688	-10,3846154
689	0,6153846
689	-6,3846154
689	21,6153846
689	7,6153846
690	-3,3846154
690	-0,3846154
690	-19,3846154
690	-2,3846154
691	9,6153846
691	2,6153846
691	-6,3846154
691	30,6153846
692	10,6153846
692	2,6153846
692	4,6153846
692	6,6153846
693	11,6153846
693	-7,3846154
693	-7,3846154
693	-18,3846154
694	11,6153846
694	12,6153846
694	1,6153846
694	10,6153846
695	2,6153846
695	12,6153846
695	-12,3846154
695	7,6153846
696	-11,3846154
696	8,6153846
696	-8,3846154
696	-9,3846154
697	-7,3846154
697	0,6153846
697	-2,3846154
697	6,6153846
698	-0,3846154
698	4,6153846
698	2,6153846
698	23,6153846
699	11,6153846
699	-18,3846154
699	16,6153846
699	-4,3846154
700	-1,3846154
700	3,6153846
700	-2,3846154
700	-21,3846154
701	10,6153846
701	-18,3846154
701	6,6153846
701	-3,3846154
702	-14,3846154
702	10,6153846
702	10,6153846
702	1,6153846
703	-3,3846154
703	4,6153846
703	1,6153846
703	-9,3846154
704	-1,3846154
704	9,6153846
704	-1,3846154
704	37,6153846
705	27,6153846
705	5,6153846
705	40,6153846
706	23,6153846
706	25,6153846
706	0,6153846
706	2,6153846
707	0,6153846
707	-26,3846154
707	4,6153846
707	-1,3846154
708	-16,3846154
708	-0,3846154
708	-19,3846154
708	18,6153846
709	-2,3846154
709	0,6153846
709	9,6153846
709	-10,3846154
710	3,6153846
710	2,6153846
710	-10,3846154
710	16,6153846
711	13,6153846
711	8,6153846
711	12,6153846
711	1,6153846
712	10,6153846
712	-5,3846154
712	0,6153846
712	-4,3846154
713	3,6153846
713	-0,3846154
713	3,6153846
713	7,6153846
714	29,6153846
714	9,6153846
714	4,6153846
714	-21,3846154
715	18,6153846
715	6,6153846
715	30,6153846
715	8,6153846
716	7,6153846
716	-24,3846154
716	-17,3846154
716	21,6153846
717	22,6153846
717	26,6153846
717	-3,3846154
717	17,6153846
718	-2,3846154
718	-10,3846154
718	-5,3846154
718	8,6153846
719	4,6153846
719	12,6153846
719	28,6153846
719	-9,3846154
720	-6,3846154
720	-21,3846154
720	10,6153846
720	8,6153846
721	19,6153846
721	11,6153846
721	6,6153846
721	14,6153846
722	51,6153846
722	29,6153846
722	-12,3846154
722	-28,3846154
723	17,6153846
723	-3,3846154
723	1,6153846
723	28,6153846
724	-5,3846154
724	6,6153846
724	-2,3846154
724	-21,3846154
725	4,6153846
725	16,6153846
725	-10,3846154
725	-2,3846154
726	-9,3846154
726	10,6153846
726	21,6153846
726	6,6153846
727	-10,3846154
727	-32,3846154
727	4,6153846
727	19,6153846
728	-7,3846154
728	-33,3846154
728	-1,3846154
728	7,6153846
729	-24,3846154
729	7,6153846
729	22,6153846
729	-11,3846154
730	3,6153846
730	-41,3846154
730	-8,3846154
730	2,6153846
731	44,6153846
731	16,6153846
731	-9,3846154
731	19,6153846
732	4,6153846
732	15,6153846
732	7,6153846
732	-4,3846154
733	4,6153846
733	-0,3846154
733	12,6153846
733	10,6153846
734	0,6153846
734	-15,3846154
734	-4,3846154
734	6,6153846
735	-21,3846154
735	7,6153846
735	13,6153846
735	16,6153846
736	-7,3846154
736	-7,3846154
736	-27,3846154
736	22,6153846
737	32,6153846
737	-3,3846154
737	-3,3846154
737	30,6153846
738	0,6153846
738	-5,3846154
738	11,6153846
738	17,6153846
739	23,6153846
739	8,6153846
739	-15,3846154
739	16,6153846
740	17,6153846
740	-5,3846154
740	6,6153846
740	-21,3846154
741	-7,3846154
741	-3,3846154
741	0,6153846
741	1,6153846
742	8,6153846
742	23,6153846
742	9,6153846
742	-6,3846154
743	-11,3846154
743	-2,3846154
743	-1,3846154
743	-8,3846154
744	2,6153846
744	31,6153846
744	18,6153846
744	10,6153846
745	-1,3846154
745	-3,3846154
745	-8,3846154
745	-25,3846154
746	-16,3846154
746	2,6153846
746	0,6153846
746	-6,3846154
747	10,6153846
747	4,6153846
747	1,6153846
747	5,6153846
748	6,6153846
748	11,6153846
748	6,6153846
748	-2,3846154
749	-4,3846154
749	1,6153846
749	-25,3846154
749	-22,3846154
750	1,6153846
750	15,6153846
750	3,6153846
750	14,6153846
751	33,6153846
751	19,6153846
751	18,6153846
751	-9,3846154
752	11,6153846
752	0,6153846
752	13,6153846
752	27,6153846
753	-13,3846154
753	2,6153846
753	-13,3846154
753	12,6153846
754	17,6153846
754	1,6153846
754	-23,3846154
754	-5,3846154
755	-11,3846154
755	9,6153846
755	15,6153846
755	5,6153846
756	4,6153846
756	-0,3846154
756	1,6153846
756	15,6153846
757	-16,3846154
757	5,6153846
757	-11,3846154
757	6,6153846
758	8,6153846
758	-0,3846154
758	2,6153846
758	18,6153846
759	20,6153846
759	51,6153846
759	2,6153846
759	-6,3846154
760	5,6153846
760	-3,3846154
760	4,6153846
760	6,6153846
761	30,6153846
761	17,6153846
761	-2,3846154
761	13,6153846
762	10,6153846
762	19,6153846
762	9,6153846
762	-0,3846154
763	7,6153846
763	-7,3846154
763	17,6153846
763	11,6153846
764	7,6153846
764	12,6153846
764	37,6153846
764	20,6153846
765	23,6153846
765	0,6153846
765	-13,3846154
765	17,6153846
766	-17,3846154
766	-18,3846154
766	15,6153846
766	14,6153846
767	-3,3846154
767	2,6153846
767	-11,3846154
767	12,6153846
768	5,6153846
768	-2,3846154
768	14,6153846
768	19,6153846
769	-7,3846154
769	30,6153846
769	-5,3846154
769	-11,3846154
770	13,6153846
770	9,6153846
770	15,6153846
770	-10,3846154
771	11,6153846
771	11,6153846
771	-0,3846154
771	13,6153846
772	31,6153846
772	17,6153846
772	52,6153846
772	15,6153846
773	-27,3846154
773	3,6153846
773	10,6153846
773	17,6153846
774	15,6153846
774	5,6153846
774	-19,3846154
774	3,6153846
775	-1,3846154
775	-20,3846154
775	1,6153846
775	4,6153846
776	-0,3846154
776	-3,3846154
776	20,6153846
776	-19,3846154
777	6,6153846
777	-0,3846154
777	21,6153846
777	-1,3846154
778	-2,3846154
778	5,6153846
778	24,6153846
778	8,6153846
779	19,6153846
779	-1,3846154
779	-11,3846154
779	29,6153846
780	33,6153846
780	-12,3846154
780	8,6153846
780	12,6153846
781	-2,3846154
781	2,6153846
781	6,6153846
781	4,6153846
782	21,6153846
782	12,6153846
782	3,6153846
782	41,6153846
783	8,6153846
783	-28,3846154
783	-9,3846154
783	12,6153846
784	22,6153846
784	25,6153846
784	8,6153846
784	-6,3846154
785	2,6153846
785	8,6153846
785	-8,3846154
785	-8,3846154
786	-15,3846154
786	-22,3846154
786	-0,3846154
786	20,6153846
787	6,6153846
787	5,6153846
787	-2,3846154
787	-21,3846154
788	8,6153846
788	1,6153846
788	-8,3846154
788	-10,3846154
789	5,6153846
789	8,6153846
789	6,6153846
789	-1,3846154
790	1,6153846
790	-10,3846154
790	-7,3846154
790	4,6153846
791	-26,3846154
791	-8,3846154
791	-5,3846154
791	-35,3846154
792	8,6153846
792	3,6153846
792	26,6153846
792	21,6153846
793	14,6153846
793	32,6153846
793	-14,3846154
793	25,6153846
794	20,6153846
794	0,6153846
794	15,6153846
794	-37,3846154
795	-16,3846154
795	18,6153846
795	-0,3846154
795	-9,3846154
796	6,6153846
796	1,6153846
796	-24,3846154
796	7,6153846
797	20,6153846
797	-13,3846154
797	24,6153846
797	22,6153846
798	-1,3846154
798	3,6153846
798	20,6153846
798	23,6153846
799	2,6153846
799	-15,3846154
799	-15,3846154
799	-16,3846154
800	5,6153846
800	42,6153846
800	42,6153846
800	7,6153846
801	23,6153846
801	14,6153846
801	11,6153846
801	-31,3846154
802	19,6153846
802	13,6153846
802	-1,3846154
802	6,6153846
803	-1,3846154
803	-16,3846154
803	7,6153846
803	28,6153846
804	21,6153846
804	-4,3846154
804	-19,3846154
804	28,6153846
805	8,6153846
805	-33,3846154
805	34,6153846
805	-6,3846154
806	-3,3846154
806	-15,3846154
806	17,6153846
806	9,6153846
807	-9,3846154
807	13,6153846
807	-12,3846154
807	32,6153846
808	-11,3846154
808	-20,3846154
808	15,6153846
808	10,6153846
809	7,6153846
809	1,6153846
809	2,6153846
809	-7,3846154
810	-4,3846154
810	9,6153846
810	6,6153846
810	20,6153846
811	20,6153846
811	17,6153846
811	0,6153846
811	16,6153846
812	18,6153846
812	17,6153846
812	7,6153846
812	-0,3846154
813	-24,3846154
813	13,6153846
813	25,6153846
813	17,6153846
814	4,6153846
814	1,6153846
814	3,6153846
814	41,6153846
815	30,6153846
815	15,6153846
815	38,6153846
815	4,6153846
816	37,6153846
816	5,6153846
816	11,6153846
816	1,6153846
817	8,6153846
817	11,6153846
817	0,6153846
817	4,6153846
818	-8,3846154
818	5,6153846
818	-0,3846154
818	14,6153846
819	1,6153846
819	22,6153846
819	1,6153846
819	7,6153846
820	-8,3846154
820	0,6153846
820	0,6153846
820	3,6153846
820	0,6153846
821	-7,3846154
821	-3,3846154
821	-9,3846154
821	10,6153846
822	11,6153846
822	6,6153846
822	-13,3846154
822	-6,3846154
823	-10,3846154
823	4,6153846
823	-6,3846154
823	11,6153846
824	-6,3846154
824	31,6153846
824	6,6153846
824	8,6153846
825	16,6153846
825	28,6153846
825	-15,3846154
825	16,6153846
826	-0,3846154
826	-4,3846154
826	17,6153846
826	19,6153846
827	-5,3846154
827	-29,3846154
827	-6,3846154
827	-22,3846154
828	0,6153846
828	-2,3846154
828	-0,3846154
828	-18,3846154
829	27,6153846
829	22,6153846
829	19,6153846
829	19,6153846
830	13,6153846
830	23,6153846
830	2,6153846
830	16,6153846
831	25,6153846
831	11,6153846
831	10,6153846
831	-1,3846154
832	26,6153846
832	21,6153846
832	9,6153846
832	-7,3846154
833	10,6153846
833	8,6153846
833	-29,3846154
833	4,6153846
834	29,6153846
834	3,6153846
834	-7,3846154
834	2,6153846
835	-27,3846154
835	14,6153846
835	11,6153846
835	34,6153846
836	-0,3846154
836	9,6153846
836	-1,3846154
836	31,6153846
837	27,6153846
837	9,6153846
837	-6,3846154
837	-0,3846154
838	-9,3846154
838	4,6153846
838	9,6153846
838	2,6153846
839	21,6153846
839	-24,3846154
839	2,6153846
839	33,6153846
840	19,6153846
840	6,6153846
840	-21,3846154
840	-24,3846154
841	1,6153846
841	22,6153846
841	18,6153846
841	8,6153846
842	-11,3846154
842	15,6153846
842	-10,3846154
842	17,6153846
843	9,6153846
843	16,6153846
843	16,6153846
843	-7,3846154
844	-11,3846154
844	3,6153846
844	27,6153846
844	-0,3846154
845	-0,3846154
845	20,6153846
845	30,6153846
845	3,6153846
845	16,6153846
846	1,6153846
846	-4,3846154
846	-5,3846154
846	7,6153846
847	1,6153846
847	-0,3846154
847	12,6153846
847	-18,3846154
848	-5,3846154
848	-13,3846154
848	20,6153846
848	-0,3846154
849	16,6153846
849	-1,3846154
849	-4,3846154
849	1,6153846
850	8,6153846
850	12,6153846
850	13,6153846
850	26,6153846
851	-9,3846154
851	-10,3846154
851	6,6153846
851	-1,3846154
852	-15,3846154
852	0,6153846
852	11,6153846
852	2,6153846
853	21,6153846
853	-10,3846154
853	0,6153846
853	-0,3846154
854	16,6153846
854	10,6153846
854	-15,3846154
854	-1,3846154
855	8,6153846
855	8,6153846
855	-1,3846154
855	1,6153846
856	13,6153846
856	10,6153846
856	8,6153846
856	-12,3846154
857	-16,3846154
857	7,6153846
857	8,6153846
857	10,6153846
858	16,6153846
858	6,6153846
858	27,6153846
858	10,6153846
859	15,6153846
859	-6,3846154
859	26,6153846
859	4,6153846
860	2,6153846
860	9,6153846
860	24,6153846
860	18,6153846
861	14,6153846
861	5,6153846
861	5,6153846
861	18,6153846
862	0,6153846
862	29,6153846
862	-6,3846154
862	-1,3846154
863	0,6153846
863	10,6153846
863	4,6153846
863	3,6153846
864	17,6153846
864	3,6153846
864	-13,3846154
864	-24,3846154
864	-2,3846154
865	18,6153846
865	13,6153846
865	2,6153846
865	15,6153846
866	-12,3846154
866	-11,3846154
866	22,6153846
866	22,6153846
867	22,6153846
867	3,6153846
867	-2,3846154
867	21,6153846
868	-5,3846154
868	1,6153846
868	4,6153846
868	22,6153846
869	31,6153846
869	-7,3846154
869	5,6153846
869	-6,3846154
870	18,6153846
870	3,6153846
870	2,6153846
870	13,6153846
871	27,6153846
871	-12,3846154
871	-6,3846154
871	-14,3846154
872	13,6153846
872	-2,3846154
872	8,6153846
872	15,6153846
873	-12,3846154
873	-27,3846154
873	-19,3846154
873	7,6153846
874	-11,3846154
874	12,6153846
874	1,6153846
874	0,6153846
875	9,6153846
875	-16,3846154
875	-2,3846154
875	-4,3846154
876	-11,3846154
876	10,6153846
876	7,6153846
876	-4,3846154
877	-5,3846154
877	-9,3846154
877	9,6153846
877	7,6153846
878	5,6153846
878	-26,3846154
878	21,6153846
878	32,6153846
879	31,6153846
879	-28,3846154
879	14,6153846
879	5,6153846
880	2,6153846
880	-2,3846154
880	13,6153846
880	13,6153846
880	9,6153846
881	2,6153846
881	-7,3846154
881	1,6153846
881	0,6153846
882	1,6153846
882	-3,3846154
882	-3,3846154
882	2,6153846
883	7,6153846
883	-9,3846154
883	10,6153846
883	7,6153846
884	-7,3846154
884	0,6153846
884	0,6153846
884	18,6153846
885	-0,3846154
885	13,6153846
885	10,6153846
885	36,6153846
886	-2,3846154
886	-12,3846154
886	9,6153846
886	21,6153846
887	7,6153846
887	-2,3846154
887	-9,3846154
887	2,6153846
888	6,6153846
888	-8,3846154
888	-32,3846154
888	-8,3846154
889	-13,3846154
889	15,6153846
889	-3,3846154
889	10,6153846
890	26,6153846
890	-17,3846154
890	20,6153846
890	15,6153846
891	4,6153846
891	14,6153846
891	20,6153846
891	34,6153846
892	-8,3846154
892	4,6153846
892	-18,3846154
892	15,6153846
893	8,6153846
893	7,6153846
893	1,6153846
893	12,6153846
894	21,6153846
894	17,6153846
894	16,6153846
894	-2,3846154
894	2,6153846
895	7,6153846
895	15,6153846
895	20,6153846
895	17,6153846
896	28,6153846
896	5,6153846
896	-1,3846154
896	10,6153846
897	18,6153846
897	25,6153846
897	21,6153846
897	20,6153846
898	-2,3846154
898	-6,3846154
898	-5,3846154
898	-3,3846154
899	5,6153846
899	-10,3846154
899	-7,3846154
899	-4,3846154
900	3,6153846
900	15,6153846
900	26,6153846
900	22,6153846
901	27,6153846
901	1,6153846
901	1,6153846
901	-9,3846154
902	0,6153846
902	9,6153846
902	-13,3846154
902	-7,3846154
903	14,6153846
903	12,6153846
903	-27,3846154
903	15,6153846
904	25,6153846
904	8,6153846
904	16,6153846
904	8,6153846
905	19,6153846
905	16,6153846
905	2,6153846
905	13,6153846
906	-7,3846154
906	10,6153846
906	-13,3846154
906	10,6153846
906	-3,3846154
907	10,6153846
907	9,6153846
907	9,6153846
907	-4,3846154
908	-2,3846154
908	23,6153846
908	22,6153846
908	-4,3846154
909	6,6153846
909	-28,3846154
909	-13,3846154
909	-5,3846154
910	-7,3846154
910	-6,3846154
910	13,6153846
910	2,6153846
911	-11,3846154
911	-9,3846154
911	1,6153846
911	21,6153846
912	-10,3846154
912	-7,3846154
912	-5,3846154
912	17,6153846
913	2,6153846
913	-6,3846154
913	21,6153846
913	0,6153846
914	10,6153846
914	-8,3846154
914	-2,3846154
914	-19,3846154
915	-30,3846154
915	-11,3846154
915	4,6153846
915	3,6153846
916	15,6153846
916	4,6153846
916	25,6153846
916	-0,3846154
917	-5,3846154
917	25,6153846
917	-15,3846154
917	-14,3846154
917	-0,3846154
918	-10,3846154
918	7,6153846
918	-11,3846154
918	7,6153846
919	-15,3846154
919	-3,3846154
919	28,6153846
919	-9,3846154
920	-16,3846154
920	0,6153846
920	33,6153846
920	11,6153846
921	-3,3846154
921	13,6153846
921	-10,3846154
921	-9,3846154
922	4,6153846
922	5,6153846
922	5,6153846
922	-3,3846154
923	3,6153846
923	8,6153846
923	-14,3846154
923	-6,3846154
924	-18,3846154
924	-8,3846154
924	-15,3846154
924	-6,3846154
925	-14,3846154
925	-3,3846154
925	24,6153846
925	26,6153846
926	-7,3846154
926	16,6153846
926	24,6153846
926	-17,3846154
927	-15,3846154
927	3,6153846
927	-2,3846154
927	-5,3846154
928	-35,3846154
928	-0,3846154
928	3,6153846
928	3,6153846
928	16,6153846
929	3,6153846
929	-2,3846154
929	13,6153846
929	-5,3846154
930	-14,3846154
930	9,6153846
930	-4,3846154
930	3,6153846
931	8,6153846
931	11,6153846
931	9,6153846
931	21,6153846
932	14,6153846
932	7,6153846
932	-13,3846154
932	-25,3846154
933	13,6153846
933	-2,3846154
933	2,6153846
933	-20,3846154
934	2,6153846
934	29,6153846
934	21,6153846
934	14,6153846
935	41,6153846
935	28,6153846
935	0,6153846
935	9,6153846
936	9,6153846
936	23,6153846
936	-0,3846154
936	5,6153846
937	8,6153846
937	2,6153846
937	3,6153846
937	15,6153846
938	-9,3846154
938	3,6153846
938	15,6153846
938	17,6153846
938	26,6153846
939	5,6153846
939	-2,3846154
939	47,6153846
939	16,6153846
940	5,6153846
940	2,6153846
940	-12,3846154
940	-14,3846154
941	13,6153846
941	0,6153846
941	-9,3846154
941	-6,3846154
942	-8,3846154
942	4,6153846
942	-1,3846154
942	-2,3846154
943	23,6153846
943	-3,3846154
943	-14,3846154
943	26,6153846
944	1,6153846
944	10,6153846
944	5,6153846
944	15,6153846
945	10,6153846
945	6,6153846
945	16,6153846
945	19,6153846
946	21,6153846
946	3,6153846
946	-5,3846154
946	-17,3846154
947	16,6153846
947	32,6153846
947	0,6153846
947	7,6153846
947	10,6153846
948	11,6153846
948	-11,3846154
948	-4,3846154
948	20,6153846
949	21,6153846
949	-14,3846154
949	6,6153846
949	7,6153846
950	6,6153846
950	2,6153846
950	11,6153846
950	1,6153846
951	2,6153846
951	-6,3846154
951	-7,3846154
951	9,6153846
952	-1,3846154
952	6,6153846
952	-3,3846154
952	47,6153846
953	7,6153846
953	6,6153846
953	4,6153846
953	-4,3846154
954	-22,3846154
954	-8,3846154
954	7,6153846
954	-2,3846154
955	3,6153846
955	-9,3846154
955	-23,3846154
955	-29,3846154
956	23,6153846
956	23,6153846
956	6,6153846
956	-4,3846154
956	-3,3846154
957	33,6153846
957	15,6153846
957	14,6153846
957	27,6153846
958	2,6153846
958	-12,3846154
958	14,6153846
958	16,6153846
959	-0,3846154
959	14,6153846
959	-2,3846154
959	4,6153846
960	27,6153846
960	11,6153846
960	11,6153846
960	-9,3846154
961	8,6153846
961	4,6153846
961	-2,3846154
961	-22,3846154
962	8,6153846
962	-3,3846154
962	1,6153846
962	7,6153846
963	-4,3846154
963	8,6153846
963	39,6153846
963	-3,3846154
964	5,6153846
964	11,6153846
964	-18,3846154
964	-2,3846154
964	9,6153846
965	1,6153846
965	-19,3846154
965	-0,3846154
965	2,6153846
966	15,6153846
966	9,6153846
966	5,6153846
966	16,6153846
967	-0,3846154
967	13,6153846
967	2,6153846
967	-7,3846154
968	15,6153846
968	6,6153846
968	11,6153846
968	20,6153846
969	-11,3846154
969	-0,3846154
969	3,6153846
969	-4,3846154
970	37,6153846
970	11,6153846
970	11,6153846
970	4,6153846
971	1,6153846
971	-2,3846154
971	18,6153846
971	36,6153846
972	24,6153846
972	-8,3846154
972	15,6153846
972	10,6153846
972	-7,3846154
973	-49,3846154
973	-18,3846154
973	12,6153846
973	-7,3846154
974	9,6153846
974	7,6153846
974	2,6153846
974	4,6153846
975	17,6153846
975	-7,3846154
975	24,6153846
975	15,6153846
976	-9,3846154
976	-9,3846154
976	2,6153846
976	10,6153846
977	3,6153846
977	-7,3846154
977	-5,3846154
977	1,6153846
978	16,6153846
978	2,6153846
978	3,6153846
978	32,6153846
979	23,6153846
979	11,6153846
979	17,6153846
979	21,6153846
980	-11,3846154
980	31,6153846
980	-3,3846154
980	-11,3846154
980	-17,3846154
981	-22,3846154
981	0,6153846
981	-8,3846154
981	-11,3846154
982	-13,3846154
982	-9,3846154
982	26,6153846
982	20,6153846
983	1,6153846
983	22,6153846
983	4,6153846
983	0,6153846
984	10,6153846
984	9,6153846
984	5,6153846
984	-5,3846154
985	1,6153846
985	21,6153846
985	20,6153846
985	0,6153846
986	4,6153846
986	7,6153846
986	11,6153846
986	10,6153846
987	4,6153846
987	15,6153846
987	3,6153846
987	-1,3846154
988	-1,3846154
988	6,6153846
988	-6,3846154
988	26,6153846
988	6,6153846
989	5,6153846
989	16,6153846
989	15,6153846
989	-1,3846154
990	-1,3846154
990	3,6153846
990	-6,3846154
990	4,6153846
991	6,6153846
991	3,6153846
991	-14,3846154
991	8,6153846
992	17,6153846
992	-11,3846154
992	22,6153846
992	-5,3846154
993	-4,3846154
993	12,6153846
993	-13,3846154
993	7,6153846
994	-4,3846154
994	-0,3846154
994	12,6153846
994	12,6153846
995	-11,3846154
995	5,6153846
995	19,6153846
995	8,6153846
995	11,6153846
996	8,6153846
996	30,6153846
996	3,6153846
996	9,6153846
997	17,6153846
997	-19,3846154
997	-9,3846154
997	41,6153846
998	11,6153846
998	20,6153846
998	7,6153846
998	9,6153846
999	8,6153846
999	-16,3846154
999	11,6153846
999	-5,3846154
1000	6,6153846
1000	43,6153846
1000	4,6153846
1000	8,6153846
1001	15,6153846
1001	9,6153846
1001	27,6153846
1001	4,6153846
1002	-5,3846154
1002	5,6153846
1002	16,6153846
1002	3,6153846
1002	-6,3846154
1003	12,6153846
1003	19,6153846
1003	22,6153846
1003	34,6153846
1004	10,6153846
1004	-3,3846154
1004	4,6153846
1004	35,6153846
1005	-12,3846154
1005	4,6153846
1005	10,6153846
1005	3,6153846
1006	-12,3846154
1006	0,6153846
1006	26,6153846
1006	19,6153846
1007	10,6153846
1007	16,6153846
1007	-9,3846154
1007	5,6153846
1008	-7,3846154
1008	18,6153846
1008	29,6153846
1008	33,6153846
1008	19,6153846
1009	-5,3846154
1009	-9,3846154
1009	16,6153846
1009	20,6153846
1010	-2,3846154
1010	-11,3846154
1010	15,6153846
1010	-6,3846154
1011	13,6153846
1011	22,6153846
1011	-2,3846154
1011	-4,3846154
1012	-1,3846154
1012	-1,3846154
1012	11,6153846
1012	-29,3846154
1013	-21,3846154
1013	1,6153846
1013	28,6153846
1013	0,6153846
1014	2,6153846
1014	21,6153846
1014	25,6153846
1014	10,6153846
1015	21,6153846
1015	13,6153846
1015	1,6153846
1015	5,6153846
1015	16,6153846
1016	18,6153846
1016	4,6153846
1016	-20,3846154
1016	14,6153846
1017	0,6153846
1017	2,6153846
1017	-14,3846154
1017	7,6153846
1018	0,6153846
1018	8,6153846
1018	6,6153846
1018	3,6153846
1019	-5,3846154
1019	25,6153846
1019	3,6153846
1019	-13,3846154
1020	-24,3846154
1020	-19,3846154
1020	9,6153846
1020	-7,3846154
1021	-6,3846154
1021	-0,3846154
1021	14,6153846
1021	0,6153846
1021	-8,3846154
1022	0,6153846
1022	17,6153846
1022	-1,3846154
1022	-13,3846154
1023	-10,3846154
1023	-5,3846154
1023	3,6153846
1023	-8,3846154
1024	-6,3846154
1024	-23,3846154
1024	20,6153846
1024	11,6153846
1025	-0,3846154
1025	-36,3846154
1025	-1,3846154
1025	13,6153846
1026	5,6153846
1026	31,6153846
1026	11,6153846
1026	-11,3846154
1027	17,6153846
1027	-1,3846154
1027	15,6153846
1027	-6,3846154
1027	-10,3846154
1028	-14,3846154
1028	-8,3846154
1028	3,6153846
1028	22,6153846
1029	-23,3846154
1029	1,6153846
1029	6,6153846
1029	12,6153846
1030	14,6153846
1030	-7,3846154
1030	-19,3846154
1030	-5,3846154
1031	15,6153846
1031	29,6153846
1031	40,6153846
1031	-6,3846154
1032	3,6153846
1032	28,6153846
1032	-13,3846154
1032	26,6153846
1033	23,6153846
1033	-7,3846154
1033	18,6153846
1033	2,6153846
1034	24,6153846
1034	-7,3846154
1034	-5,3846154
1034	-15,3846154
1034	-7,3846154
1035	10,6153846
1035	13,6153846
1035	5,6153846
1035	31,6153846
1036	15,6153846
1036	-0,3846154
1036	13,6153846
1036	-0,3846154
1037	9,6153846
1037	-6,3846154
1037	-0,3846154
1037	40,6153846
1038	5,6153846
1038	10,6153846
1038	-1,3846154
1038	13,6153846
1039	12,6153846
1039	6,6153846
1039	1,6153846
1039	10,6153846
1039	-19,3846154
1040	-6,3846154
1040	30,6153846
1040	18,6153846
1040	9,6153846
1041	10,6153846
1041	-23,3846154
1041	-1,3846154
1041	27,6153846
1042	28,6153846
1042	18,6153846
1042	6,6153846
1042	-1,3846154
1043	17,6153846
1043	34,6153846
1043	-13,3846154
1043	-16,3846154
1044	2,6153846
1044	-13,3846154
1044	15,6153846
1044	7,6153846
1045	12,6153846
1045	-1,3846154
1045	2,6153846
1045	-1,3846154
1045	7,6153846
1046	-4,3846154
1046	13,6153846
1046	18,6153846
1046	15,6153846
1047	-0,3846154
1047	17,6153846
1047	-6,3846154
1047	8,6153846
1048	21,6153846
1048	14,6153846
1048	5,6153846
1048	5,6153846
1049	-15,3846154
1049	22,6153846
1049	6,6153846
1049	26,6153846
1050	-0,3846154
1050	3,6153846
1050	-12,3846154
1050	-6,3846154
1051	39,6153846
1051	5,6153846
1051	-22,3846154
1051	7,6153846
1051	-17,3846154
1052	5,6153846
1052	3,6153846
1052	0,6153846
1052	-21,3846154
1053	-3,3846154
1053	3,6153846
1053	-15,3846154
1053	9,6153846
1054	10,6153846
1054	1,6153846
1054	-7,3846154
1054	7,6153846
1055	0,6153846
1055	-14,3846154
1055	-12,3846154
1055	20,6153846
1056	8,6153846
1056	-2,3846154
1056	9,6153846
1056	24,6153846
1056	-17,3846154
1057	7,6153846
1057	1,6153846
1057	28,6153846
1057	4,6153846
1058	-15,3846154
1058	-2,3846154
1058	-3,3846154
1058	27,6153846
1059	5,6153846
1059	-13,3846154
1059	-8,3846154
1059	0,6153846
1060	23,6153846
1060	15,6153846
1060	18,6153846
1060	15,6153846
1061	30,6153846
1061	7,6153846
1061	10,6153846
1061	22,6153846
1062	-10,3846154
1062	-3,3846154
1062	-3,3846154
1062	3,6153846
1062	5,6153846
1063	2,6153846
1063	16,6153846
1063	28,6153846
1063	9,6153846
1064	-20,3846154
1064	-0,3846154
1064	13,6153846
1064	-5,3846154
1065	31,6153846
1065	-17,3846154
1065	4,6153846
1065	11,6153846
1066	-3,3846154
1066	-2,3846154
1066	-1,3846154
1066	26,6153846
1067	-10,3846154
1067	18,6153846
1067	2,6153846
1067	3,6153846
1067	14,6153846
1068	13,6153846
1068	17,6153846
1068	15,6153846
1068	8,6153846
1069	12,6153846
1069	-4,3846154
1069	1,6153846
1069	19,6153846
1070	7,6153846
1070	-15,3846154
1070	-7,3846154
1070	8,6153846
1071	4,6153846
1071	12,6153846
1071	3,6153846
1071	-4,3846154
1072	11,6153846
1072	5,6153846
1072	-0,3846154
1072	-2,3846154
1072	10,6153846
1073	-10,3846154
1073	24,6153846
1073	-12,3846154
1073	2,6153846
1074	5,6153846
1074	1,6153846
1074	2,6153846
1074	-1,3846154
1075	15,6153846
1075	21,6153846
1075	6,6153846
1075	19,6153846
1076	13,6153846
1076	7,6153846
1076	7,6153846
1076	15,6153846
1077	14,6153846
1077	-15,3846154
1077	1,6153846
1077	8,6153846
1077	8,6153846
1078	-5,3846154
1078	1,6153846
1078	7,6153846
1078	-8,3846154
1079	16,6153846
1079	-4,3846154
1079	-21,3846154
1079	21,6153846
1080	6,6153846
1080	-12,3846154
1080	5,6153846
1080	-3,3846154
1081	-12,3846154
1081	1,6153846
1081	13,6153846
1081	17,6153846
1082	6,6153846
1082	-6,3846154
1082	-9,3846154
1082	1,6153846
1082	6,6153846
1083	29,6153846
1083	27,6153846
1083	6,6153846
1083	19,6153846
1084	20,6153846
1084	-6,3846154
1084	17,6153846
1084	4,6153846
1085	21,6153846
1085	-16,3846154
1085	12,6153846
1085	26,6153846
1086	15,6153846
1086	6,6153846
1086	-3,3846154
1086	7,6153846
1087	1,6153846
1087	4,6153846
1087	14,6153846
1087	-12,3846154
1087	9,6153846
1088	11,6153846
1088	11,6153846
1088	8,6153846
1088	3,6153846
1089	2,6153846
1089	27,6153846
1089	-13,3846154
1089	19,6153846
1090	35,6153846
1090	19,6153846
1090	14,6153846
1090	-6,3846154
1091	1,6153846
1091	4,6153846
1091	15,6153846
1091	1,6153846
1092	37,6153846
1092	17,6153846
1092	-9,3846154
1092	29,6153846
1092	8,6153846
1093	-17,3846154
1093	-4,3846154
1093	-23,3846154
1093	10,6153846
1094	7,6153846
1094	-2,3846154
1094	9,6153846
1094	11,6153846
1095	11,6153846
1095	32,6153846
1095	16,6153846
1095	-11,3846154
1096	25,6153846
1096	-24,3846154
1096	-13,3846154
1096	19,6153846
1097	-12,3846154
1097	-25,3846154
1097	-0,3846154
1097	22,6153846
1097	8,6153846
1098	22,6153846
1098	22,6153846
1098	0,6153846
1098	-4,3846154
1099	3,6153846
1099	15,6153846
1099	-11,3846154
1099	0,6153846
1100	-13,3846154
1100	-17,3846154
1100	18,6153846
1100	6,6153846
1101	12,6153846
1101	-10,3846154
1101	26,6153846
1101	-7,3846154
1101	9,6153846
1102	-10,3846154
1102	23,6153846
1102	-11,3846154
1102	9,6153846
1103	-9,3846154
1103	-2,3846154
1103	1,6153846
1103	4,6153846
1104	-27,3846154
1104	-9,3846154
1104	-11,3846154
1104	2,6153846
1105	3,6153846
1105	25,6153846
1105	33,6153846
1105	22,6153846
1106	24,6153846
1106	-14,3846154
1106	9,6153846
1106	-8,3846154
1106	-10,3846154
1107	14,6153846
1107	43,6153846
1107	34,6153846
1107	14,6153846
1108	0,6153846
1108	17,6153846
1108	11,6153846
1108	-13,3846154
1109	13,6153846
1109	-1,3846154
1109	-8,3846154
1109	9,6153846
1110	18,6153846
1110	21,6153846
1110	-0,3846154
1110	9,6153846
1110	5,6153846
1111	6,6153846
1111	18,6153846
1111	-2,3846154
1111	-1,3846154
1112	3,6153846
1112	0,6153846
1112	19,6153846
1112	25,6153846
1113	-3,3846154
1113	-12,3846154
1113	1,6153846
1113	44,6153846
1114	20,6153846
1114	9,6153846
1114	-2,3846154
1114	-0,3846154
1115	10,6153846
1115	-0,3846154
1115	-1,3846154
1115	-14,3846154
1115	13,6153846
1116	12,6153846
1116	4,6153846
1116	1,6153846
1116	-4,3846154
1117	3,6153846
1117	-5,3846154
1117	-4,3846154
1117	5,6153846
1118	18,6153846
