196	-22,3076923
196	-22,3076923
196	-22,3076923
197	0,6923077
197	-2,3076923
197	29,6923077
197	6,6923077
198	-10,3076923
198	5,6923077
198	-6,3076923
199	17,6923077
199	13,6923077
199	11,6923077
199	6,6923077
200	30,6923077
200	-0,3076923
200	17,6923077
200	9,6923077
201	6,6923077
201	-5,3076923
201	1,6923077
201	11,6923077
202	24,6923077
202	18,6923077
202	-6,3076923
203	17,6923077
203	14,6923077
203	3,6923077
203	11,6923077
204	8,6923077
204	25,6923077
204	-2,3076923
204	11,6923077
205	-10,3076923
205	4,6923077
205	-11,3076923
205	28,6923077
206	-15,3076923
206	13,6923077
206	10,6923077
207	-4,3076923
207	-12,3076923
207	0,6923077
207	-22,3076923
208	-7,3076923
208	9,6923077
208	-10,3076923
208	5,6923077
209	13,6923077
209	-0,3076923
209	6,6923077
209	-1,3076923
210	35,6923077
210	17,6923077
210	-2,3076923
211	-8,3076923
211	31,6923077
211	-14,3076923
211	-10,3076923
212	-14,3076923
212	-19,3076923
212	21,6923077
212	-5,3076923
213	4,6923077
213	-10,3076923
213	8,6923077
213	21,6923077
214	-4,3076923
214	-14,3076923
214	6,6923077
215	-11,3076923
215	-17,3076923
215	8,6923077
215	3,6923077
216	7,6923077
216	0,6923077
216	30,6923077
216	-3,3076923
217	-1,3076923
217	-12,3076923
217	12,6923077
217	12,6923077
218	-5,3076923
218	-16,3076923
218	-8,3076923
219	6,6923077
219	-33,3076923
219	18,6923077
219	-4,3076923
220	6,6923077
220	3,6923077
220	-11,3076923
220	9,6923077
221	1,6923077
221	-13,3076923
221	18,6923077
221	-18,3076923
222	9,6923077
222	16,6923077
222	-1,3076923
223	28,6923077
223	6,6923077
223	-1,3076923
223	-37,3076923
224	-7,3076923
224	-21,3076923
224	-3,3076923
224	1,6923077
225	-4,3076923
225	5,6923077
225	26,6923077
225	15,6923077
226	-4,3076923
226	-2,3076923
226	35,6923077
227	4,6923077
227	-3,3076923
227	8,6923077
227	32,6923077
228	8,6923077
228	0,6923077
228	12,6923077
228	26,6923077
229	3,6923077
229	-15,3076923
229	-7,3076923
229	9,6923077
230	-5,3076923
230	-13,3076923
230	-11,3076923
231	-4,3076923
231	11,6923077
231	-31,3076923
231	26,6923077
232	-0,3076923
232	17,6923077
232	12,6923077
232	6,6923077
233	-5,3076923
233	5,6923077
233	30,6923077
233	7,6923077
234	-30,3076923
234	6,6923077
234	-1,3076923
235	9,6923077
235	11,6923077
235	10,6923077
235	5,6923077
236	7,6923077
236	11,6923077
236	-14,3076923
236	-7,3076923
237	23,6923077
237	-1,3076923
237	7,6923077
237	-4,3076923
238	17,6923077
238	-7,3076923
238	7,6923077
239	-3,3076923
239	-23,3076923
239	-3,3076923
239	11,6923077
240	13,6923077
240	11,6923077
240	-16,3076923
240	30,6923077
241	0,6923077
241	5,6923077
241	-7,3076923
241	10,6923077
242	-25,3076923
242	-30,3076923
242	0,6923077
243	13,6923077
243	7,6923077
243	-34,3076923
243	5,6923077
244	-8,3076923
244	-7,3076923
244	4,6923077
244	-11,3076923
245	17,6923077
245	25,6923077
245	-27,3076923
245	-8,3076923
246	-27,3076923
246	29,6923077
246	-12,3076923
247	-22,3076923
247	1,6923077
247	19,6923077
247	15,6923077
248	-4,3076923
248	-19,3076923
248	-8,3076923
248	27,6923077
249	15,6923077
249	-23,3076923
249	-25,3076923
249	-4,3076923
250	-2,3076923
250	23,6923077
250	-18,3076923
251	-14,3076923
251	7,6923077
251	17,6923077
251	-26,3076923
252	-15,3076923
252	8,6923077
252	15,6923077
252	-4,3076923
253	9,6923077
253	1,6923077
253	1,6923077
253	16,6923077
254	7,6923077
254	7,6923077
254	17,6923077
254	3,6923077
255	-17,3076923
255	6,6923077
255	-8,3076923
256	-9,3076923
256	-6,3076923
256	-19,3076923
256	5,6923077
257	8,6923077
257	0,6923077
257	23,6923077
257	-0,3076923
258	12,6923077
258	-4,3076923
258	1,6923077
258	12,6923077
259	22,6923077
259	-9,3076923
259	9,6923077
260	-15,3076923
260	-27,3076923
260	-17,3076923
260	-5,3076923
261	15,6923077
261	17,6923077
261	22,6923077
261	8,6923077
262	-5,3076923
262	0,6923077
262	24,6923077
262	-10,3076923
263	40,6923077
263	-0,3076923
263	1,6923077
264	13,6923077
264	-3,3076923
264	-1,3076923
264	13,6923077
265	-13,3076923
265	-1,3076923
265	-1,3076923
265	-10,3076923
266	1,6923077
266	-13,3076923
266	11,6923077
266	-21,3076923
267	6,6923077
267	7,6923077
267	7,6923077
268	21,6923077
268	3,6923077
268	4,6923077
268	36,6923077
269	19,6923077
269	17,6923077
269	-21,3076923
269	17,6923077
270	4,6923077
270	-7,3076923
270	5,6923077
270	20,6923077
271	12,6923077
271	4,6923077
271	31,6923077
271	-19,3076923
272	-0,3076923
272	-1,3076923
272	-28,3076923
273	-3,3076923
273	14,6923077
273	13,6923077
273	3,6923077
274	15,6923077
274	-9,3076923
274	-7,3076923
274	9,6923077
275	33,6923077
275	-8,3076923
275	-15,3076923
275	-3,3076923
276	24,6923077
276	4,6923077
276	-9,3076923
277	12,6923077
277	33,6923077
277	11,6923077
277	7,6923077
278	3,6923077
278	19,6923077
278	15,6923077
278	-15,3076923
279	12,6923077
279	5,6923077
279	-4,3076923
279	32,6923077
280	13,6923077
280	3,6923077
280	-4,3076923
280	-14,3076923
281	2,6923077
281	7,6923077
281	-9,3076923
282	-10,3076923
282	13,6923077
282	-12,3076923
282	-5,3076923
283	-12,3076923
283	-19,3076923
283	-19,3076923
283	3,6923077
284	3,6923077
284	-1,3076923
284	-21,3076923
284	6,6923077
285	3,6923077
285	-1,3076923
285	-6,3076923
286	18,6923077
286	1,6923077
286	-28,3076923
286	9,6923077
287	19,6923077
287	-12,3076923
287	6,6923077
287	11,6923077
288	-6,3076923
288	-7,3076923
288	8,6923077
288	22,6923077
289	31,6923077
289	5,6923077
289	-1,3076923
290	0,6923077
290	-7,3076923
290	21,6923077
290	-10,3076923
291	30,6923077
291	9,6923077
291	-13,3076923
291	-0,3076923
292	6,6923077
292	11,6923077
292	-5,3076923
292	17,6923077
293	25,6923077
293	4,6923077
293	29,6923077
293	23,6923077
294	15,6923077
294	6,6923077
294	-5,3076923
295	3,6923077
295	18,6923077
295	-5,3076923
295	14,6923077
296	13,6923077
296	-7,3076923
296	15,6923077
296	-27,3076923
297	-15,3076923
297	19,6923077
297	0,6923077
297	-2,3076923
298	40,6923077
298	-24,3076923
298	17,6923077
299	2,6923077
299	20,6923077
299	12,6923077
299	8,6923077
300	-4,3076923
300	16,6923077
300	-1,3076923
300	9,6923077
301	-5,3076923
301	9,6923077
301	-21,3076923
301	9,6923077
302	-19,3076923
302	10,6923077
302	-9,3076923
302	25,6923077
303	5,6923077
303	0,6923077
303	-26,3076923
304	23,6923077
304	-5,3076923
304	12,6923077
304	16,6923077
305	4,6923077
305	31,6923077
305	-17,3076923
305	-14,3076923
306	10,6923077
306	6,6923077
306	9,6923077
306	24,6923077
307	20,6923077
307	32,6923077
307	24,6923077
307	9,6923077
308	11,6923077
308	23,6923077
308	9,6923077
309	19,6923077
309	4,6923077
309	10,6923077
309	-6,3076923
310	3,6923077
310	-14,3076923
310	1,6923077
310	6,6923077
311	30,6923077
311	27,6923077
311	47,6923077
311	23,6923077
312	11,6923077
312	39,6923077
312	35,6923077
313	17,6923077
313	36,6923077
313	25,6923077
313	30,6923077
314	21,6923077
314	16,6923077
314	-0,3076923
314	19,6923077
315	23,6923077
315	27,6923077
315	18,6923077
315	37,6923077
316	31,6923077
316	13,6923077
316	33,6923077
316	32,6923077
317	22,6923077
317	16,6923077
317	12,6923077
318	18,6923077
318	15,6923077
318	5,6923077
318	9,6923077
319	21,6923077
319	13,6923077
319	9,6923077
319	6,6923077
320	16,6923077
320	22,6923077
320	8,6923077
320	-11,3076923
321	7,6923077
321	-5,3076923
321	-4,3076923
321	6,6923077
322	4,6923077
322	1,6923077
322	1,6923077
323	-20,3076923
323	-3,3076923
323	-21,3076923
323	6,6923077
324	-10,3076923
324	23,6923077
324	-25,3076923
324	24,6923077
325	-11,3076923
325	-34,3076923
325	2,6923077
325	3,6923077
326	7,6923077
326	-27,3076923
326	-0,3076923
327	-6,3076923
327	4,6923077
327	25,6923077
327	-30,3076923
328	4,6923077
328	-18,3076923
328	16,6923077
328	1,6923077
329	-7,3076923
329	-7,3076923
329	7,6923077
329	22,6923077
330	15,6923077
330	-16,3076923
330	15,6923077
330	-11,3076923
331	-27,3076923
331	1,6923077
331	47,6923077
332	30,6923077
332	22,6923077
332	10,6923077
332	22,6923077
333	27,6923077
333	10,6923077
333	30,6923077
333	26,6923077
334	15,6923077
334	39,6923077
334	53,6923077
334	34,6923077
335	14,6923077
335	12,6923077
335	12,6923077
335	45,6923077
336	37,6923077
336	33,6923077
336	46,6923077
337	36,6923077
337	54,6923077
337	37,6923077
337	27,6923077
338	42,6923077
338	15,6923077
338	28,6923077
338	57,6923077
339	38,6923077
339	26,6923077
339	29,6923077
339	43,6923077
340	28,6923077
340	41,6923077
340	44,6923077
340	47,6923077
341	0,6923077
341	12,6923077
341	14,6923077
342	-2,3076923
342	11,6923077
342	6,6923077
342	2,6923077
343	26,6923077
343	11,6923077
343	-5,3076923
343	11,6923077
344	16,6923077
344	13,6923077
344	21,6923077
344	4,6923077
345	-2,3076923
345	4,6923077
345	-11,3076923
345	13,6923077
346	13,6923077
346	10,6923077
346	12,6923077
347	-4,3076923
347	-4,3076923
347	10,6923077
347	-12,3076923
348	6,6923077
348	-1,3076923
348	44,6923077
348	-4,3076923
349	11,6923077
349	17,6923077
349	17,6923077
349	-9,3076923
350	-12,3076923
350	-2,3076923
350	26,6923077
350	9,6923077
351	17,6923077
351	1,6923077
351	-7,3076923
352	16,6923077
352	23,6923077
352	36,6923077
352	39,6923077
353	38,6923077
353	37,6923077
353	22,6923077
353	46,6923077
354	16,6923077
354	27,6923077
354	48,6923077
354	11,6923077
355	13,6923077
355	50,6923077
355	11,6923077
355	14,6923077
356	24,6923077
356	21,6923077
356	29,6923077
357	28,6923077
357	37,6923077
357	36,6923077
357	31,6923077
358	60,6923077
358	56,6923077
358	47,6923077
358	41,6923077
359	9,6923077
359	33,6923077
359	19,6923077
359	20,6923077
360	50,6923077
360	44,6923077
360	35,6923077
360	32,6923077
361	25,6923077
361	-3,3076923
361	23,6923077
362	36,6923077
362	57,6923077
362	31,6923077
362	28,6923077
363	19,6923077
363	-1,3076923
363	-17,3076923
363	-3,3076923
364	12,6923077
364	6,6923077
364	10,6923077
364	31,6923077
365	20,6923077
365	20,6923077
365	18,6923077
365	16,6923077
366	-19,3076923
366	3,6923077
366	15,6923077
367	14,6923077
367	21,6923077
367	23,6923077
367	2,6923077
368	-12,3076923
368	10,6923077
368	-3,3076923
368	-24,3076923
369	-5,3076923
369	-5,3076923
369	-1,3076923
369	-13,3076923
370	18,6923077
370	-5,3076923
370	-31,3076923
370	12,6923077
371	30,6923077
371	13,6923077
371	17,6923077
371	6,6923077
372	12,6923077
372	-7,3076923
372	6,6923077
373	8,6923077
373	35,6923077
373	2,6923077
373	4,6923077
374	-1,3076923
374	4,6923077
374	20,6923077
374	19,6923077
375	22,6923077
375	35,6923077
375	30,6923077
375	30,6923077
376	31,6923077
376	25,6923077
376	44,6923077
376	17,6923077
377	-5,3076923
377	32,6923077
377	41,6923077
378	43,6923077
378	10,6923077
378	35,6923077
378	15,6923077
379	21,6923077
379	-5,3076923
379	12,6923077
379	22,6923077
380	14,6923077
380	-5,3076923
380	26,6923077
380	20,6923077
381	25,6923077
381	7,6923077
381	45,6923077
381	15,6923077
382	20,6923077
382	0,6923077
382	39,6923077
383	12,6923077
383	-10,3076923
383	45,6923077
383	11,6923077
384	-7,3076923
384	-13,3076923
384	23,6923077
384	17,6923077
385	7,6923077
385	1,6923077
385	17,6923077
385	10,6923077
386	35,6923077
386	0,6923077
386	-5,3076923
386	12,6923077
387	7,6923077
387	-5,3076923
387	-17,3076923
387	-7,3076923
388	10,6923077
388	10,6923077
388	5,6923077
389	-36,3076923
389	-24,3076923
389	0,6923077
389	10,6923077
390	6,6923077
390	10,6923077
390	9,6923077
390	18,6923077
391	-7,3076923
391	-4,3076923
391	-2,3076923
391	-3,3076923
392	23,6923077
392	-1,3076923
392	-9,3076923
392	15,6923077
393	-3,3076923
393	3,6923077
393	5,6923077
394	5,6923077
394	-0,3076923
394	6,6923077
394	24,6923077
395	-14,3076923
395	-6,3076923
395	-11,3076923
395	-4,3076923
396	-4,3076923
396	8,6923077
396	-2,3076923
396	19,6923077
397	-3,3076923
397	-0,3076923
397	2,6923077
397	9,6923077
398	38,6923077
398	5,6923077
398	-19,3076923
398	17,6923077
399	-0,3076923
399	-7,3076923
399	1,6923077
400	19,6923077
400	13,6923077
400	20,6923077
400	11,6923077
401	0,6923077
401	20,6923077
401	-2,3076923
401	30,6923077
402	1,6923077
402	4,6923077
402	11,6923077
402	-17,3076923
403	-11,3076923
403	38,6923077
403	-1,3076923
403	3,6923077
404	-2,3076923
404	11,6923077
404	11,6923077
405	8,6923077
405	20,6923077
405	7,6923077
405	24,6923077
406	23,6923077
406	18,6923077
406	9,6923077
406	25,6923077
407	9,6923077
407	7,6923077
407	19,6923077
407	26,6923077
408	-10,3076923
408	0,6923077
408	-33,3076923
408	-5,3076923
409	18,6923077
409	-3,3076923
409	5,6923077
409	6,6923077
410	21,6923077
410	6,6923077
410	33,6923077
411	1,6923077
411	-0,3076923
411	15,6923077
411	-15,3076923
412	14,6923077
412	-1,3076923
412	-10,3076923
412	17,6923077
413	-15,3076923
413	-0,3076923
413	14,6923077
413	13,6923077
414	3,6923077
414	0,6923077
414	-5,3076923
414	2,6923077
415	35,6923077
415	28,6923077
415	16,6923077
415	-11,3076923
416	4,6923077
416	0,6923077
416	11,6923077
417	22,6923077
417	10,6923077
417	-6,3076923
417	-6,3076923
418	-1,3076923
418	-2,3076923
418	-2,3076923
418	-20,3076923
419	22,6923077
419	8,6923077
419	27,6923077
419	-10,3076923
420	22,6923077
420	14,6923077
420	23,6923077
420	9,6923077
421	12,6923077
421	7,6923077
421	7,6923077
421	16,6923077
422	-17,3076923
422	10,6923077
422	4,6923077
423	6,6923077
423	10,6923077
423	25,6923077
423	16,6923077
424	13,6923077
424	-19,3076923
424	5,6923077
424	17,6923077
425	8,6923077
425	-15,3076923
425	-6,3076923
425	24,6923077
426	-10,3076923
426	22,6923077
426	16,6923077
426	26,6923077
427	15,6923077
427	-15,3076923
427	-12,3076923
427	13,6923077
428	-12,3076923
428	29,6923077
428	13,6923077
429	7,6923077
429	27,6923077
429	5,6923077
429	46,6923077
430	17,6923077
430	-17,3076923
430	14,6923077
430	-12,3076923
431	15,6923077
431	-1,3076923
431	5,6923077
431	17,6923077
432	15,6923077
432	-16,3076923
432	20,6923077
432	8,6923077
433	15,6923077
433	-7,3076923
433	7,6923077
433	3,6923077
434	12,6923077
434	1,6923077
434	20,6923077
435	-22,3076923
435	5,6923077
435	7,6923077
435	-1,3076923
436	-7,3076923
436	52,6923077
436	1,6923077
436	23,6923077
437	20,6923077
437	8,6923077
437	4,6923077
437	0,6923077
438	3,6923077
438	22,6923077
438	26,6923077
438	-2,3076923
439	14,6923077
439	-11,3076923
439	7,6923077
439	14,6923077
440	19,6923077
440	9,6923077
440	7,6923077
441	2,6923077
441	-30,3076923
441	8,6923077
441	33,6923077
442	1,6923077
442	12,6923077
442	11,6923077
442	12,6923077
443	22,6923077
443	13,6923077
443	12,6923077
443	-7,3076923
444	-15,3076923
444	3,6923077
444	11,6923077
444	8,6923077
445	8,6923077
445	3,6923077
445	22,6923077
445	20,6923077
446	-14,3076923
446	-2,3076923
446	18,6923077
447	6,6923077
447	15,6923077
447	21,6923077
447	18,6923077
448	22,6923077
448	-11,3076923
448	-16,3076923
448	-22,3076923
449	4,6923077
449	16,6923077
449	-4,3076923
449	6,6923077
450	-8,3076923
450	11,6923077
450	3,6923077
450	-1,3076923
451	19,6923077
451	-6,3076923
451	5,6923077
451	-6,3076923
452	4,6923077
452	-25,3076923
452	2,6923077
452	6,6923077
453	-2,3076923
453	10,6923077
453	-6,3076923
454	11,6923077
454	15,6923077
454	29,6923077
454	12,6923077
455	-1,3076923
455	-7,3076923
455	-3,3076923
455	-12,3076923
456	2,6923077
456	1,6923077
456	0,6923077
456	31,6923077
457	-8,3076923
457	-13,3076923
457	15,6923077
457	3,6923077
458	14,6923077
458	18,6923077
458	12,6923077
458	2,6923077
459	-12,3076923
459	0,6923077
459	15,6923077
460	23,6923077
460	-0,3076923
460	36,6923077
460	-2,3076923
461	0,6923077
461	-3,3076923
461	-10,3076923
461	15,6923077
462	-0,3076923
462	-16,3076923
462	0,6923077
462	15,6923077
463	-7,3076923
463	-13,3076923
463	7,6923077
463	-7,3076923
464	-12,3076923
464	-10,3076923
464	2,6923077
464	-11,3076923
465	4,6923077
465	17,6923077
465	25,6923077
465	11,6923077
466	0,6923077
466	-13,3076923
466	-2,3076923
467	-12,3076923
467	-1,3076923
467	16,6923077
467	4,6923077
468	3,6923077
468	8,6923077
468	-14,3076923
468	3,6923077
469	20,6923077
469	-14,3076923
469	-22,3076923
469	14,6923077
470	18,6923077
470	11,6923077
470	10,6923077
470	10,6923077
471	2,6923077
471	-9,3076923
471	7,6923077
471	0,6923077
472	1,6923077
472	11,6923077
472	11,6923077
472	25,6923077
473	-11,3076923
473	30,6923077
473	3,6923077
474	24,6923077
474	-20,3076923
474	26,6923077
474	-5,3076923
475	-15,3076923
475	-16,3076923
475	3,6923077
475	11,6923077
476	-7,3076923
476	11,6923077
476	-9,3076923
476	3,6923077
477	27,6923077
477	13,6923077
477	1,6923077
477	15,6923077
478	-7,3076923
478	-12,3076923
478	-21,3076923
478	-10,3076923
479	-8,3076923
479	-5,3076923
479	5,6923077
479	4,6923077
480	19,6923077
480	-16,3076923
480	-3,3076923
481	28,6923077
481	8,6923077
481	18,6923077
481	23,6923077
482	40,6923077
482	1,6923077
482	-22,3076923
482	-8,3076923
483	-0,3076923
483	1,6923077
483	-2,3076923
483	-11,3076923
484	4,6923077
484	35,6923077
484	19,6923077
484	-18,3076923
485	5,6923077
485	16,6923077
485	3,6923077
485	14,6923077
486	-6,3076923
486	10,6923077
486	23,6923077
486	-10,3076923
487	-17,3076923
487	7,6923077
487	7,6923077
488	-4,3076923
488	-0,3076923
488	2,6923077
488	-1,3076923
489	-1,3076923
489	16,6923077
489	12,6923077
489	11,6923077
490	-3,3076923
490	3,6923077
490	10,6923077
490	14,6923077
491	-16,3076923
491	-0,3076923
491	-15,3076923
491	-4,3076923
492	-3,3076923
492	2,6923077
492	-0,3076923
492	-4,3076923
493	-3,3076923
493	-13,3076923
493	-16,3076923
493	-36,3076923
494	-19,3076923
494	-24,3076923
494	16,6923077
495	11,6923077
495	-18,3076923
495	14,6923077
495	14,6923077
496	30,6923077
496	12,6923077
496	-9,3076923
496	-0,3076923
497	-3,3076923
497	23,6923077
497	12,6923077
497	13,6923077
498	0,6923077
498	-10,3076923
498	24,6923077
498	-28,3076923
499	-15,3076923
499	13,6923077
499	-8,3076923
499	42,6923077
500	23,6923077
500	3,6923077
500	-14,3076923
500	-19,3076923
501	-7,3076923
501	2,6923077
501	20,6923077
502	-23,3076923
502	3,6923077
502	17,6923077
502	-6,3076923
503	10,6923077
503	1,6923077
503	24,6923077
503	-15,3076923
504	-7,3076923
504	-18,3076923
504	7,6923077
504	0,6923077
505	21,6923077
505	-3,3076923
505	16,6923077
505	15,6923077
506	16,6923077
506	-10,3076923
506	-16,3076923
506	8,6923077
507	1,6923077
507	8,6923077
507	19,6923077
507	-1,3076923
508	9,6923077
508	2,6923077
508	4,6923077
508	14,6923077
509	-6,3076923
509	21,6923077
509	-9,3076923
510	0,6923077
510	11,6923077
510	0,6923077
510	8,6923077
511	28,6923077
511	10,6923077
511	-8,3076923
511	-1,3076923
512	22,6923077
512	-23,3076923
512	-2,3076923
512	-7,3076923
513	-6,3076923
513	-0,3076923
513	18,6923077
513	-34,3076923
514	-14,3076923
514	3,6923077
514	2,6923077
514	6,6923077
515	22,6923077
515	2,6923077
515	-7,3076923
515	1,6923077
516	28,6923077
516	39,6923077
516	6,6923077
516	-7,3076923
517	-14,3076923
517	-8,3076923
517	-12,3076923
518	-7,3076923
518	-5,3076923
518	9,6923077
518	-3,3076923
519	25,6923077
519	-3,3076923
519	1,6923077
519	35,6923077
520	-10,3076923
520	-9,3076923
520	16,6923077
520	13,6923077
521	-3,3076923
521	-6,3076923
521	7,6923077
521	12,6923077
522	11,6923077
522	7,6923077
522	15,6923077
522	13,6923077
523	5,6923077
523	7,6923077
523	6,6923077
523	7,6923077
524	-11,3076923
524	-4,3076923
524	8,6923077
524	12,6923077
525	10,6923077
525	-4,3076923
525	-2,3076923
526	7,6923077
526	17,6923077
526	29,6923077
526	11,6923077
527	-4,3076923
527	20,6923077
527	-7,3076923
527	10,6923077
528	-1,3076923
528	-15,3076923
528	-11,3076923
528	23,6923077
529	15,6923077
529	-18,3076923
529	-7,3076923
529	34,6923077
530	7,6923077
530	-8,3076923
530	1,6923077
530	-29,3076923
531	22,6923077
531	-2,3076923
531	33,6923077
531	12,6923077
532	17,6923077
532	15,6923077
532	11,6923077
532	-17,3076923
533	-7,3076923
533	-17,3076923
533	22,6923077
534	-3,3076923
534	14,6923077
534	-5,3076923
534	11,6923077
535	-1,3076923
535	-32,3076923
535	28,6923077
535	13,6923077
536	22,6923077
536	15,6923077
536	-15,3076923
536	14,6923077
537	-1,3076923
537	-17,3076923
537	8,6923077
537	1,6923077
538	-12,3076923
538	-8,3076923
538	7,6923077
538	13,6923077
539	-10,3076923
539	5,6923077
539	6,6923077
539	12,6923077
540	-1,3076923
540	-7,3076923
540	9,6923077
540	-11,3076923
541	-14,3076923
541	-10,3076923
541	-9,3076923
541	-5,3076923
542	-8,3076923
542	-13,3076923
542	7,6923077
543	4,6923077
543	-16,3076923
543	-11,3076923
543	43,6923077
544	-3,3076923
544	-0,3076923
544	-18,3076923
544	-5,3076923
545	-32,3076923
545	3,6923077
545	-21,3076923
545	-10,3076923
546	20,6923077
546	8,6923077
546	-0,3076923
546	16,6923077
547	-14,3076923
547	6,6923077
547	3,6923077
547	-15,3076923
548	23,6923077
548	8,6923077
548	4,6923077
548	6,6923077
549	18,6923077
549	33,6923077
549	5,6923077
549	-18,3076923
550	-0,3076923
550	2,6923077
550	19,6923077
550	-7,3076923
551	-19,3076923
551	-13,3076923
551	20,6923077
552	-24,3076923
552	-3,3076923
552	-18,3076923
552	13,6923077
553	31,6923077
553	-4,3076923
553	25,6923077
553	17,6923077
554	-5,3076923
554	0,6923077
554	-7,3076923
554	13,6923077
555	33,6923077
555	46,6923077
555	-1,3076923
555	-5,3076923
556	18,6923077
556	1,6923077
556	6,6923077
556	3,6923077
557	38,6923077
557	31,6923077
557	11,6923077
557	17,6923077
558	-1,3076923
558	-18,3076923
558	2,6923077
558	19,6923077
559	27,6923077
559	20,6923077
559	-4,3076923
559	-1,3076923
560	26,6923077
560	36,6923077
560	0,6923077
561	-9,3076923
561	-17,3076923
561	-34,3076923
561	8,6923077
562	-1,3076923
562	5,6923077
562	26,6923077
562	0,6923077
563	19,6923077
563	-14,3076923
563	13,6923077
563	-9,3076923
564	14,6923077
564	3,6923077
564	-2,3076923
564	11,6923077
565	3,6923077
565	6,6923077
565	22,6923077
565	11,6923077
566	3,6923077
566	-8,3076923
566	-26,3076923
566	-0,3076923
567	4,6923077
567	-13,3076923
567	-16,3076923
567	2,6923077
568	-11,3076923
568	12,6923077
568	0,6923077
568	-9,3076923
569	-1,3076923
569	15,6923077
569	-0,3076923
569	-4,3076923
570	-17,3076923
570	-13,3076923
570	14,6923077
571	8,6923077
571	9,6923077
571	0,6923077
571	26,6923077
572	-5,3076923
572	-11,3076923
572	-8,3076923
572	7,6923077
573	-8,3076923
573	-5,3076923
573	3,6923077
573	-9,3076923
574	-5,3076923
574	0,6923077
574	-11,3076923
574	-0,3076923
575	7,6923077
575	-8,3076923
575	-6,3076923
575	-17,3076923
576	25,6923077
576	7,6923077
576	42,6923077
576	-15,3076923
577	-2,3076923
577	15,6923077
577	-1,3076923
577	4,6923077
578	7,6923077
578	-2,3076923
578	-13,3076923
578	1,6923077
579	-2,3076923
579	-9,3076923
579	-7,3076923
579	-14,3076923
580	4,6923077
580	20,6923077
580	7,6923077
581	28,6923077
581	13,6923077
581	0,6923077
581	-13,3076923
582	-26,3076923
582	4,6923077
582	30,6923077
582	-6,3076923
583	-13,3076923
583	1,6923077
583	-6,3076923
583	-9,3076923
584	20,6923077
584	20,6923077
584	21,6923077
584	15,6923077
585	-11,3076923
585	-25,3076923
585	8,6923077
585	-7,3076923
586	8,6923077
586	-0,3076923
586	17,6923077
586	17,6923077
587	-5,3076923
587	-24,3076923
587	-4,3076923
587	-26,3076923
588	6,6923077
588	14,6923077
588	32,6923077
588	11,6923077
589	-0,3076923
589	-26,3076923
589	22,6923077
589	-6,3076923
590	7,6923077
590	21,6923077
590	-17,3076923
590	16,6923077
591	-11,3076923
591	28,6923077
591	-21,3076923
592	-10,3076923
592	12,6923077
592	-13,3076923
592	-0,3076923
593	9,6923077
593	-7,3076923
593	-10,3076923
593	14,6923077
594	32,6923077
594	-6,3076923
594	6,6923077
594	16,6923077
595	16,6923077
595	-7,3076923
595	19,6923077
595	7,6923077
596	10,6923077
596	9,6923077
596	-11,3076923
596	19,6923077
597	22,6923077
597	23,6923077
597	7,6923077
597	-239,3076923
598	-36,3076923
598	-3,3076923
598	-19,3076923
598	-22,3076923
599	-17,3076923
599	-5,3076923
599	-17,3076923
599	-4,3076923
600	16,6923077
600	-8,3076923
600	7,6923077
600	-5,3076923
601	-13,3076923
601	13,6923077
601	-4,3076923
601	-13,3076923
602	3,6923077
602	-15,3076923
602	23,6923077
603	33,6923077
603	-4,3076923
603	16,6923077
603	2,6923077
604	1,6923077
604	10,6923077
604	10,6923077
604	13,6923077
605	25,6923077
605	8,6923077
605	4,6923077
605	19,6923077
606	-10,3076923
606	-18,3076923
606	14,6923077
606	24,6923077
607	0,6923077
607	-9,3076923
607	10,6923077
607	12,6923077
608	6,6923077
608	38,6923077
608	21,6923077
608	1,6923077
609	5,6923077
609	-2,3076923
609	13,6923077
609	-10,3076923
610	16,6923077
610	-9,3076923
610	-2,3076923
610	19,6923077
611	1,6923077
611	5,6923077
611	-1,3076923
611	11,6923077
612	-0,3076923
612	-5,3076923
612	8,6923077
612	8,6923077
613	31,6923077
613	17,6923077
613	15,6923077
613	7,6923077
614	19,6923077
614	11,6923077
614	-19,3076923
614	6,6923077
615	7,6923077
615	7,6923077
615	-2,3076923
616	-6,3076923
616	-12,3076923
616	6,6923077
616	-6,3076923
617	-9,3076923
617	10,6923077
617	11,6923077
617	-29,3076923
618	-5,3076923
618	23,6923077
618	1,6923077
618	16,6923077
619	8,6923077
619	-4,3076923
619	6,6923077
619	3,6923077
620	28,6923077
620	12,6923077
620	-25,3076923
620	-4,3076923
621	-7,3076923
621	26,6923077
621	12,6923077
621	-19,3076923
622	-6,3076923
622	-2,3076923
622	14,6923077
622	1,6923077
623	-6,3076923
623	6,6923077
623	26,6923077
623	0,6923077
624	-8,3076923
624	-0,3076923
624	4,6923077
624	6,6923077
625	14,6923077
625	17,6923077
625	-4,3076923
625	-5,3076923
626	-7,3076923
626	-8,3076923
626	6,6923077
626	6,6923077
627	7,6923077
627	-1,3076923
627	23,6923077
627	4,6923077
628	11,6923077
628	-0,3076923
628	-3,3076923
629	-1,3076923
629	17,6923077
629	-13,3076923
629	-14,3076923
630	0,6923077
630	12,6923077
630	4,6923077
630	1,6923077
631	-16,3076923
631	21,6923077
631	-2,3076923
631	8,6923077
632	-8,3076923
632	0,6923077
632	1,6923077
632	2,6923077
633	-10,3076923
633	7,6923077
633	-11,3076923
633	7,6923077
634	-4,3076923
634	-3,3076923
634	-6,3076923
634	-24,3076923
635	4,6923077
635	5,6923077
635	-7,3076923
635	-0,3076923
636	11,6923077
636	20,6923077
636	-7,3076923
636	-14,3076923
637	-10,3076923
637	0,6923077
637	2,6923077
637	-15,3076923
638	2,6923077
638	9,6923077
638	-19,3076923
638	-7,3076923
639	-14,3076923
639	-3,3076923
639	15,6923077
639	38,6923077
640	-22,3076923
640	-8,3076923
640	-6,3076923
640	11,6923077
641	-11,3076923
641	-3,3076923
641	29,6923077
641	-6,3076923
642	4,6923077
642	9,6923077
642	-0,3076923
642	-4,3076923
643	-5,3076923
643	2,6923077
643	10,6923077
644	-1,3076923
644	-1,3076923
644	3,6923077
644	23,6923077
645	7,6923077
645	-10,3076923
645	17,6923077
645	11,6923077
646	-21,3076923
646	-7,3076923
646	10,6923077
646	37,6923077
647	17,6923077
647	15,6923077
647	0,6923077
647	19,6923077
648	-6,3076923
648	9,6923077
648	-5,3076923
648	4,6923077
649	3,6923077
649	9,6923077
649	12,6923077
649	26,6923077
650	13,6923077
650	12,6923077
650	-6,3076923
650	-15,3076923
651	-7,3076923
651	20,6923077
651	-10,3076923
651	20,6923077
652	7,6923077
652	-14,3076923
652	11,6923077
652	-16,3076923
653	3,6923077
653	21,6923077
653	6,6923077
653	-0,3076923
654	4,6923077
654	0,6923077
654	17,6923077
654	3,6923077
655	-6,3076923
655	22,6923077
655	8,6923077
655	3,6923077
656	4,6923077
656	7,6923077
656	-12,3076923
656	16,6923077
657	15,6923077
657	-17,3076923
657	-3,3076923
657	3,6923077
658	3,6923077
658	11,6923077
658	19,6923077
658	-2,3076923
659	8,6923077
659	10,6923077
659	6,6923077
660	6,6923077
660	10,6923077
660	13,6923077
660	23,6923077
661	-8,3076923
661	20,6923077
661	13,6923077
661	-1,3076923
662	39,6923077
662	38,6923077
662	13,6923077
662	23,6923077
663	2,6923077
663	13,6923077
663	13,6923077
663	17,6923077
664	9,6923077
664	19,6923077
664	16,6923077
664	7,6923077
665	19,6923077
665	1,6923077
665	7,6923077
665	3,6923077
666	11,6923077
666	17,6923077
666	12,6923077
666	5,6923077
667	22,6923077
667	5,6923077
667	21,6923077
667	-18,3076923
668	1,6923077
668	-6,3076923
668	14,6923077
668	24,6923077
669	-16,3076923
669	-11,3076923
669	-6,3076923
669	-18,3076923
670	2,6923077
670	20,6923077
670	2,6923077
670	1,6923077
671	-5,3076923
671	17,6923077
671	23,6923077
671	0,6923077
672	4,6923077
672	2,6923077
672	29,6923077
672	7,6923077
673	0,6923077
673	0,6923077
673	-2,3076923
673	8,6923077
674	-1,3076923
674	4,6923077
674	4,6923077
674	24,6923077
675	-32,3076923
675	13,6923077
675	-6,3076923
675	2,6923077
676	2,6923077
676	-0,3076923
676	0,6923077
676	16,6923077
677	16,6923077
677	16,6923077
677	5,6923077
677	-3,3076923
678	14,6923077
678	20,6923077
678	-3,3076923
678	-2,3076923
679	5,6923077
679	7,6923077
679	-13,3076923
680	25,6923077
680	-11,3076923
680	25,6923077
680	13,6923077
681	30,6923077
681	6,6923077
681	-15,3076923
681	-2,3076923
682	16,6923077
682	4,6923077
682	2,6923077
682	26,6923077
683	-12,3076923
683	8,6923077
683	17,6923077
683	-3,3076923
684	-3,3076923
684	-6,3076923
684	5,6923077
684	10,6923077
685	17,6923077
685	4,6923077
685	-3,3076923
685	-35,3076923
686	-3,3076923
686	20,6923077
686	26,6923077
686	-4,3076923
687	28,6923077
687	32,6923077
687	-1,3076923
687	18,6923077
688	-16,3076923
688	-8,3076923
688	-25,3076923
688	-16,3076923
689	2,6923077
689	19,6923077
689	28,6923077
689	0,6923077
690	-18,3076923
690	-1,3076923
690	-17,3076923
690	1,6923077
691	14,6923077
691	11,6923077
691	13,6923077
691	24,6923077
692	13,6923077
692	21,6923077
692	6,6923077
692	3,6923077
693	-8,3076923
693	-19,3076923
693	-9,3076923
693	-13,3076923
694	4,6923077
694	10,6923077
694	12,6923077
694	8,6923077
695	5,6923077
695	8,6923077
695	-5,3076923
695	-2,3076923
696	-1,3076923
696	0,6923077
696	9,6923077
696	-9,3076923
697	-3,3076923
697	-14,3076923
697	5,6923077
697	19,6923077
698	-11,3076923
698	-3,3076923
698	-9,3076923
698	-4,3076923
699	-2,3076923
699	-1,3076923
699	0,6923077
699	11,6923077
700	13,6923077
700	11,6923077
700	-17,3076923
700	-15,3076923
701	-8,3076923
701	-10,3076923
701	19,6923077
701	-6,3076923
702	-12,3076923
702	-1,3076923
702	-17,3076923
702	-23,3076923
703	-19,3076923
703	3,6923077
703	-3,3076923
703	3,6923077
704	6,6923077
704	5,6923077
704	11,6923077
704	25,6923077
705	17,6923077
705	1,6923077
705	-4,3076923
706	8,6923077
706	18,6923077
706	4,6923077
706	-3,3076923
707	-0,3076923
707	-16,3076923
707	17,6923077
707	-1,3076923
708	4,6923077
708	15,6923077
708	0,6923077
708	24,6923077
709	-13,3076923
709	-7,3076923
709	-10,3076923
709	3,6923077
710	-6,3076923
710	-0,3076923
710	3,6923077
710	21,6923077
711	1,6923077
711	0,6923077
711	13,6923077
711	-3,3076923
712	15,6923077
712	-22,3076923
712	0,6923077
712	-22,3076923
713	-8,3076923
713	-7,3076923
713	-12,3076923
713	-7,3076923
714	22,6923077
714	19,6923077
714	-5,3076923
714	1,6923077
715	-6,3076923
715	-24,3076923
715	10,6923077
715	27,6923077
716	-1,3076923
716	20,6923077
716	5,6923077
716	-3,3076923
717	18,6923077
717	8,6923077
717	12,6923077
717	12,6923077
718	7,6923077
718	0,6923077
718	5,6923077
718	-6,3076923
719	8,6923077
719	-2,3076923
719	13,6923077
719	-8,3076923
720	-6,3076923
720	4,6923077
720	-12,3076923
720	5,6923077
721	23,6923077
721	16,6923077
721	2,6923077
721	-7,3076923
722	40,6923077
722	0,6923077
722	-6,3076923
722	-33,3076923
723	1,6923077
723	7,6923077
723	-17,3076923
723	18,6923077
724	-4,3076923
724	6,6923077
724	3,6923077
724	-3,3076923
725	-9,3076923
725	7,6923077
725	-26,3076923
725	-4,3076923
726	2,6923077
726	-3,3076923
726	-2,3076923
726	15,6923077
727	5,6923077
727	-25,3076923
727	14,6923077
727	2,6923077
728	8,6923077
728	11,6923077
728	-3,3076923
728	-1,3076923
729	-1,3076923
729	28,6923077
729	12,6923077
729	27,6923077
730	19,6923077
730	-31,3076923
730	-21,3076923
730	-19,3076923
731	-13,3076923
731	9,6923077
731	9,6923077
731	19,6923077
732	2,6923077
732	11,6923077
732	13,6923077
732	9,6923077
733	13,6923077
733	-4,3076923
733	7,6923077
733	13,6923077
734	-4,3076923
734	-18,3076923
734	-13,3076923
734	3,6923077
735	16,6923077
735	-3,3076923
735	27,6923077
735	-0,3076923
736	-16,3076923
736	-17,3076923
736	-27,3076923
736	29,6923077
737	4,6923077
737	-7,3076923
737	-11,3076923
737	21,6923077
738	-14,3076923
738	-10,3076923
738	-6,3076923
738	4,6923077
739	2,6923077
739	10,6923077
739	-26,3076923
739	8,6923077
740	23,6923077
740	-22,3076923
740	-8,3076923
740	-5,3076923
741	-7,3076923
741	3,6923077
741	-5,3076923
741	-0,3076923
742	21,6923077
742	19,6923077
742	-9,3076923
742	-18,3076923
743	-18,3076923
743	22,6923077
743	3,6923077
743	1,6923077
744	6,6923077
744	9,6923077
744	12,6923077
744	-13,3076923
745	-2,3076923
745	11,6923077
745	12,6923077
745	-3,3076923
746	-3,3076923
746	10,6923077
746	-9,3076923
746	19,6923077
747	14,6923077
747	-10,3076923
747	12,6923077
747	12,6923077
748	16,6923077
748	17,6923077
748	0,6923077
748	8,6923077
749	6,6923077
749	4,6923077
749	10,6923077
749	-39,3076923
750	-8,3076923
750	-17,3076923
750	17,6923077
750	-2,3076923
751	35,6923077
751	29,6923077
751	1,6923077
751	-14,3076923
752	11,6923077
752	1,6923077
752	9,6923077
752	6,6923077
753	-13,3076923
753	-0,3076923
753	-8,3076923
753	1,6923077
754	-26,3076923
754	-8,3076923
754	-21,3076923
754	3,6923077
755	12,6923077
755	-27,3076923
755	-10,3076923
755	-16,3076923
756	-0,3076923
756	2,6923077
756	3,6923077
756	22,6923077
757	-23,3076923
757	6,6923077
757	-14,3076923
757	26,6923077
758	-4,3076923
758	9,6923077
758	-9,3076923
758	26,6923077
759	18,6923077
759	41,6923077
759	13,6923077
759	-0,3076923
760	9,6923077
760	-5,3076923
760	-9,3076923
760	-8,3076923
761	23,6923077
761	7,6923077
761	-5,3076923
761	19,6923077
762	7,6923077
762	2,6923077
762	18,6923077
762	-2,3076923
763	-11,3076923
763	-7,3076923
763	-5,3076923
763	13,6923077
764	-7,3076923
764	7,6923077
764	24,6923077
764	19,6923077
765	-8,3076923
765	-0,3076923
765	1,6923077
765	25,6923077
766	-6,3076923
766	-4,3076923
766	-8,3076923
766	8,6923077
767	4,6923077
767	-0,3076923
767	3,6923077
767	-30,3076923
768	2,6923077
768	-9,3076923
768	6,6923077
768	31,6923077
769	-6,3076923
769	9,6923077
769	3,6923077
769	-4,3076923
770	10,6923077
770	-17,3076923
770	-8,3076923
770	-6,3076923
771	-9,3076923
771	-13,3076923
771	2,6923077
771	14,6923077
772	4,6923077
772	-12,3076923
772	13,6923077
772	13,6923077
773	-17,3076923
773	-4,3076923
773	-15,3076923
773	-11,3076923
774	7,6923077
774	7,6923077
774	-2,3076923
774	-6,3076923
775	-1,3076923
775	1,6923077
775	26,6923077
775	15,6923077
776	-7,3076923
776	-2,3076923
776	23,6923077
776	-36,3076923
777	12,6923077
777	-5,3076923
777	-6,3076923
777	6,6923077
778	19,6923077
778	-6,3076923
778	15,6923077
778	-2,3076923
779	-10,3076923
779	-9,3076923
779	1,6923077
779	42,6923077
780	12,6923077
780	-19,3076923
780	7,6923077
780	8,6923077
781	2,6923077
781	-1,3076923
781	16,6923077
781	-6,3076923
782	15,6923077
782	3,6923077
782	0,6923077
782	29,6923077
783	5,6923077
783	-2,3076923
783	7,6923077
783	-5,3076923
784	5,6923077
784	24,6923077
784	10,6923077
784	-4,3076923
785	14,6923077
785	16,6923077
785	-1,3076923
785	-5,3076923
786	-6,3076923
786	7,6923077
786	11,6923077
786	-1,3076923
787	-1,3076923
787	-13,3076923
787	-5,3076923
787	8,6923077
788	-18,3076923
788	-1,3076923
788	7,6923077
788	14,6923077
789	16,6923077
789	9,6923077
789	0,6923077
789	-26,3076923
790	-8,3076923
790	-5,3076923
790	-13,3076923
790	1,6923077
791	3,6923077
791	-16,3076923
791	-21,3076923
791	-20,3076923
792	-15,3076923
792	9,6923077
792	7,6923077
792	6,6923077
793	-7,3076923
793	3,6923077
793	-0,3076923
793	19,6923077
794	15,6923077
794	3,6923077
794	-13,3076923
794	-28,3076923
795	-9,3076923
795	-2,3076923
795	-12,3076923
795	2,6923077
796	10,6923077
796	6,6923077
796	-5,3076923
796	-5,3076923
797	3,6923077
797	-19,3076923
797	19,6923077
797	-2,3076923
798	13,6923077
798	21,6923077
798	30,6923077
798	49,6923077
799	-19,3076923
799	2,6923077
799	-7,3076923
799	-29,3076923
800	6,6923077
800	23,6923077
800	21,6923077
800	1,6923077
801	7,6923077
801	-15,3076923
801	21,6923077
801	7,6923077
802	22,6923077
802	17,6923077
802	14,6923077
802	18,6923077
803	-7,3076923
803	-30,3076923
803	-20,3076923
803	1,6923077
804	-10,3076923
804	-10,3076923
804	-13,3076923
804	21,6923077
805	4,6923077
805	-26,3076923
805	12,6923077
805	-15,3076923
806	-9,3076923
806	-3,3076923
806	17,6923077
806	3,6923077
807	-13,3076923
807	15,6923077
807	14,6923077
807	24,6923077
808	-5,3076923
808	3,6923077
808	19,6923077
808	11,6923077
809	-9,3076923
809	-7,3076923
809	3,6923077
809	-16,3076923
810	8,6923077
810	4,6923077
810	1,6923077
810	-0,3076923
811	16,6923077
811	6,6923077
811	-5,3076923
811	3,6923077
812	0,6923077
812	12,6923077
812	-4,3076923
812	2,6923077
813	-19,3076923
813	-1,3076923
813	9,6923077
813	-6,3076923
814	2,6923077
814	-8,3076923
814	-9,3076923
814	28,6923077
815	0,6923077
815	0,6923077
815	28,6923077
815	-3,3076923
816	28,6923077
816	12,6923077
816	-11,3076923
816	7,6923077
817	-4,3076923
817	12,6923077
817	-5,3076923
817	13,6923077
818	-6,3076923
818	0,6923077
818	-21,3076923
818	-16,3076923
819	5,6923077
819	29,6923077
819	26,6923077
819	8,6923077
820	2,6923077
820	-14,3076923
820	11,6923077
820	11,6923077
820	-13,3076923
821	-20,3076923
821	-4,3076923
821	16,6923077
821	1,6923077
822	0,6923077
822	2,6923077
822	-25,3076923
822	7,6923077
823	-0,3076923
823	7,6923077
823	-1,3076923
823	7,6923077
824	-12,3076923
824	19,6923077
824	16,6923077
824	17,6923077
825	15,6923077
825	4,6923077
825	-3,3076923
825	28,6923077
826	1,6923077
826	8,6923077
826	5,6923077
826	9,6923077
827	20,6923077
827	-10,3076923
827	1,6923077
827	-10,3076923
828	-3,3076923
828	-12,3076923
828	6,6923077
828	-12,3076923
829	16,6923077
829	14,6923077
829	23,6923077
829	12,6923077
830	-6,3076923
830	38,6923077
830	1,6923077
830	-0,3076923
831	36,6923077
831	9,6923077
831	-0,3076923
831	6,6923077
832	11,6923077
832	-2,3076923
832	-1,3076923
832	-8,3076923
833	33,6923077
833	1,6923077
833	-0,3076923
833	12,6923077
834	33,6923077
834	28,6923077
834	-9,3076923
834	0,6923077
835	-5,3076923
835	16,6923077
835	-5,3076923
835	6,6923077
836	-4,3076923
836	-3,3076923
836	17,6923077
836	19,6923077
837	15,6923077
837	-19,3076923
837	-20,3076923
837	12,6923077
838	2,6923077
838	24,6923077
838	29,6923077
838	4,6923077
839	17,6923077
839	-6,3076923
839	12,6923077
839	38,6923077
840	4,6923077
840	8,6923077
840	-0,3076923
840	-6,3076923
841	-6,3076923
841	23,6923077
841	-6,3076923
841	-22,3076923
842	-15,3076923
842	22,6923077
842	-20,3076923
842	37,6923077
843	13,6923077
843	-1,3076923
843	16,6923077
843	17,6923077
844	9,6923077
844	8,6923077
844	5,6923077
844	6,6923077
845	7,6923077
845	22,6923077
845	-16,3076923
845	-23,3076923
845	-15,3076923
846	-20,3076923
846	13,6923077
846	6,6923077
846	-5,3076923
847	2,6923077
847	-9,3076923
847	16,6923077
847	-17,3076923
848	-17,3076923
848	-4,3076923
848	-5,3076923
848	5,6923077
849	4,6923077
849	-15,3076923
849	-1,3076923
849	16,6923077
850	21,6923077
850	-5,3076923
850	8,6923077
850	25,6923077
851	-2,3076923
851	-6,3076923
851	13,6923077
851	-13,3076923
852	-31,3076923
852	-25,3076923
852	21,6923077
852	-10,3076923
853	-12,3076923
853	-19,3076923
853	-20,3076923
853	7,6923077
854	0,6923077
854	4,6923077
854	-13,3076923
854	9,6923077
855	-2,3076923
855	9,6923077
855	11,6923077
855	10,6923077
856	-5,3076923
856	5,6923077
856	4,6923077
856	-26,3076923
857	2,6923077
857	34,6923077
857	10,6923077
857	-3,3076923
858	22,6923077
858	2,6923077
858	16,6923077
858	39,6923077
859	6,6923077
859	-2,3076923
859	9,6923077
859	-5,3076923
860	-9,3076923
860	13,6923077
860	37,6923077
860	0,6923077
861	12,6923077
861	1,6923077
861	1,6923077
861	10,6923077
862	-1,3076923
862	10,6923077
862	-1,3076923
862	12,6923077
863	6,6923077
863	-4,3076923
863	5,6923077
863	4,6923077
864	15,6923077
864	-29,3076923
864	-19,3076923
864	0,6923077
864	11,6923077
865	6,6923077
865	-13,3076923
865	-13,3076923
865	24,6923077
866	11,6923077
866	8,6923077
866	15,6923077
866	-7,3076923
867	13,6923077
867	-20,3076923
867	0,6923077
867	27,6923077
868	-2,3076923
868	-5,3076923
868	-0,3076923
868	20,6923077
869	-8,3076923
869	14,6923077
869	10,6923077
869	-28,3076923
870	8,6923077
870	18,6923077
870	9,6923077
870	23,6923077
871	-6,3076923
871	-16,3076923
871	-10,3076923
871	-6,3076923
872	27,6923077
872	-16,3076923
872	-7,3076923
872	14,6923077
873	-26,3076923
873	-39,3076923
873	-0,3076923
873	-3,3076923
874	-8,3076923
874	18,6923077
874	0,6923077
874	-19,3076923
875	6,6923077
875	-32,3076923
875	-16,3076923
875	12,6923077
876	-28,3076923
876	10,6923077
876	-0,3076923
876	-4,3076923
877	15,6923077
877	-8,3076923
877	5,6923077
877	-6,3076923
878	5,6923077
878	10,6923077
878	3,6923077
878	11,6923077
879	16,6923077
879	-16,3076923
879	9,6923077
879	14,6923077
880	0,6923077
880	13,6923077
880	13,6923077
880	-9,3076923
880	-4,3076923
881	20,6923077
881	15,6923077
881	3,6923077
881	8,6923077
882	-11,3076923
882	-20,3076923
882	0,6923077
882	-4,3076923
883	-8,3076923
883	-11,3076923
883	-14,3076923
883	-23,3076923
884	9,6923077
884	-1,3076923
884	-3,3076923
884	-2,3076923
885	14,6923077
885	10,6923077
885	-11,3076923
885	6,6923077
886	0,6923077
886	4,6923077
886	-3,3076923
886	-13,3076923
887	14,6923077
887	12,6923077
887	2,6923077
887	-12,3076923
888	8,6923077
888	-14,3076923
888	-12,3076923
888	-19,3076923
889	-11,3076923
889	22,6923077
889	-9,3076923
889	-9,3076923
890	16,6923077
890	-39,3076923
890	25,6923077
890	-12,3076923
891	-4,3076923
891	6,6923077
891	7,6923077
891	15,6923077
892	-7,3076923
892	-12,3076923
892	-14,3076923
892	34,6923077
893	15,6923077
893	-18,3076923
893	7,6923077
893	4,6923077
894	-20,3076923
894	-8,3076923
894	-2,3076923
894	-19,3076923
894	-6,3076923
895	-5,3076923
895	-3,3076923
895	36,6923077
895	5,6923077
896	38,6923077
896	18,6923077
896	5,6923077
896	37,6923077
897	31,6923077
897	16,6923077
897	14,6923077
897	17,6923077
898	8,6923077
898	3,6923077
898	-14,3076923
898	15,6923077
899	-0,3076923
899	-4,3076923
899	1,6923077
899	3,6923077
900	27,6923077
900	22,6923077
900	0,6923077
900	20,6923077
901	32,6923077
901	5,6923077
901	-13,3076923
901	-11,3076923
902	2,6923077
902	5,6923077
902	-6,3076923
902	-5,3076923
903	14,6923077
903	24,6923077
903	-12,3076923
903	18,6923077
904	-4,3076923
904	27,6923077
904	18,6923077
904	8,6923077
905	4,6923077
905	8,6923077
905	14,6923077
905	14,6923077
906	14,6923077
906	21,6923077
906	-2,3076923
906	-18,3076923
906	-4,3076923
907	-3,3076923
907	22,6923077
907	6,6923077
907	26,6923077
908	11,6923077
908	12,6923077
908	41,6923077
908	-14,3076923
909	1,6923077
909	-4,3076923
909	13,6923077
909	-14,3076923
910	-1,3076923
910	-4,3076923
910	18,6923077
910	-25,3076923
911	5,6923077
911	-15,3076923
911	5,6923077
911	10,6923077
912	13,6923077
912	7,6923077
912	14,6923077
912	11,6923077
913	0,6923077
913	5,6923077
913	5,6923077
913	-9,3076923
914	4,6923077
914	5,6923077
914	11,6923077
914	14,6923077
915	-17,3076923
915	-9,3076923
915	2,6923077
915	21,6923077
916	11,6923077
916	24,6923077
916	17,6923077
916	5,6923077
917	-8,3076923
917	23,6923077
917	-2,3076923
917	15,6923077
917	-5,3076923
918	-2,3076923
918	32,6923077
918	-14,3076923
918	-7,3076923
919	1,6923077
919	14,6923077
919	36,6923077
919	-1,3076923
920	4,6923077
920	-12,3076923
920	23,6923077
920	26,6923077
921	15,6923077
921	17,6923077
921	14,6923077
921	-8,3076923
922	-2,3076923
922	1,6923077
922	-0,3076923
922	-2,3076923
923	-20,3076923
923	-26,3076923
923	-6,3076923
923	-4,3076923
924	-16,3076923
924	-11,3076923
924	-14,3076923
924	-7,3076923
925	23,6923077
925	2,6923077
925	6,6923077
925	7,6923077
926	-4,3076923
926	7,6923077
926	22,6923077
926	-7,3076923
927	-16,3076923
927	-10,3076923
927	-6,3076923
927	-5,3076923
928	-35,3076923
928	-28,3076923
928	-9,3076923
928	-3,3076923
928	23,6923077
929	2,6923077
929	-5,3076923
929	2,6923077
929	-10,3076923
930	2,6923077
930	-8,3076923
930	-11,3076923
930	-1,3076923
931	-2,3076923
931	-3,3076923
931	7,6923077
931	12,6923077
932	-1,3076923
932	-4,3076923
932	-22,3076923
932	-7,3076923
933	5,6923077
933	4,6923077
933	18,6923077
933	-23,3076923
934	9,6923077
934	27,6923077
934	12,6923077
934	-10,3076923
935	8,6923077
935	5,6923077
935	-7,3076923
935	5,6923077
936	-9,3076923
936	10,6923077
936	-33,3076923
936	-1,3076923
937	9,6923077
937	14,6923077
937	-2,3076923
937	18,6923077
938	-3,3076923
938	0,6923077
938	24,6923077
938	27,6923077
938	20,6923077
939	24,6923077
939	4,6923077
939	21,6923077
939	14,6923077
940	-5,3076923
940	1,6923077
940	-16,3076923
940	-2,3076923
941	-7,3076923
941	-7,3076923
941	-18,3076923
941	11,6923077
942	-10,3076923
942	4,6923077
942	3,6923077
942	-6,3076923
943	16,6923077
943	2,6923077
943	-21,3076923
943	-9,3076923
944	-1,3076923
944	-3,3076923
944	5,6923077
944	6,6923077
945	-9,3076923
945	23,6923077
945	-1,3076923
945	14,6923077
946	-5,3076923
946	12,6923077
946	11,6923077
946	2,6923077
947	1,6923077
947	36,6923077
947	1,6923077
947	8,6923077
947	-1,3076923
948	22,6923077
948	4,6923077
948	12,6923077
948	21,6923077
949	2,6923077
949	-28,3076923
949	15,6923077
949	3,6923077
950	6,6923077
950	12,6923077
950	5,6923077
950	-9,3076923
951	14,6923077
951	-18,3076923
951	-12,3076923
951	-11,3076923
952	-16,3076923
952	19,6923077
952	1,6923077
952	37,6923077
953	-11,3076923
953	9,6923077
953	28,6923077
953	7,6923077
954	-7,3076923
954	10,6923077
954	1,6923077
954	-9,3076923
955	-6,3076923
955	-5,3076923
955	-25,3076923
955	-26,3076923
956	5,6923077
956	0,6923077
956	1,6923077
956	-0,3076923
956	-15,3076923
957	36,6923077
957	22,6923077
957	4,6923077
957	15,6923077
958	-2,3076923
958	4,6923077
958	7,6923077
958	23,6923077
959	3,6923077
959	0,6923077
959	-13,3076923
959	-17,3076923
960	22,6923077
960	4,6923077
960	-17,3076923
960	-0,3076923
961	9,6923077
961	7,6923077
961	-25,3076923
961	9,6923077
962	-5,3076923
962	-2,3076923
962	-4,3076923
962	21,6923077
963	-0,3076923
963	15,6923077
963	36,6923077
963	2,6923077
964	-7,3076923
964	15,6923077
964	-11,3076923
964	0,6923077
964	-9,3076923
965	-7,3076923
965	-17,3076923
965	7,6923077
965	-6,3076923
966	17,6923077
966	4,6923077
966	6,6923077
966	12,6923077
967	21,6923077
967	-5,3076923
967	8,6923077
967	-6,3076923
968	-3,3076923
968	-4,3076923
968	6,6923077
968	23,6923077
969	16,6923077
969	5,6923077
969	6,6923077
969	-25,3076923
970	3,6923077
970	-8,3076923
970	-4,3076923
970	0,6923077
971	14,6923077
971	0,6923077
971	3,6923077
971	2,6923077
972	6,6923077
972	-5,3076923
972	-1,3076923
972	-2,3076923
972	1,6923077
973	-11,3076923
973	-7,3076923
973	3,6923077
973	-9,3076923
974	2,6923077
974	31,6923077
974	18,6923077
974	0,6923077
975	-5,3076923
975	-0,3076923
975	8,6923077
975	13,6923077
976	-27,3076923
976	-5,3076923
976	3,6923077
976	12,6923077
977	5,6923077
977	-19,3076923
977	-7,3076923
977	3,6923077
978	27,6923077
978	10,6923077
978	-0,3076923
978	17,6923077
979	19,6923077
979	16,6923077
979	11,6923077
979	17,6923077
980	0,6923077
980	23,6923077
980	-8,3076923
980	-8,3076923
980	-14,3076923
981	-1,3076923
981	10,6923077
981	12,6923077
981	-7,3076923
982	-17,3076923
982	13,6923077
982	23,6923077
982	8,6923077
983	19,6923077
983	14,6923077
983	11,6923077
983	14,6923077
984	10,6923077
984	13,6923077
984	-10,3076923
984	-3,3076923
985	-12,3076923
985	6,6923077
985	8,6923077
985	-10,3076923
986	2,6923077
986	-6,3076923
986	-7,3076923
986	-2,3076923
987	4,6923077
987	19,6923077
987	-0,3076923
987	-24,3076923
988	-0,3076923
988	3,6923077
988	-0,3076923
988	16,6923077
988	40,6923077
989	-0,3076923
989	9,6923077
989	2,6923077
989	-5,3076923
990	-8,3076923
990	4,6923077
990	4,6923077
990	5,6923077
991	-0,3076923
991	6,6923077
991	-9,3076923
991	-4,3076923
992	9,6923077
992	1,6923077
992	22,6923077
992	-15,3076923
993	6,6923077
993	-2,3076923
993	-15,3076923
993	18,6923077
994	-6,3076923
994	16,6923077
994	15,6923077
994	5,6923077
995	6,6923077
995	-1,3076923
995	-1,3076923
995	12,6923077
995	19,6923077
996	2,6923077
996	32,6923077
996	11,6923077
996	-36,3076923
997	18,6923077
997	0,6923077
997	9,6923077
997	39,6923077
998	-8,3076923
998	-7,3076923
998	4,6923077
998	20,6923077
999	19,6923077
999	1,6923077
999	13,6923077
999	-10,3076923
1000	-16,3076923
1000	20,6923077
1000	15,6923077
1000	8,6923077
1001	10,6923077
1001	25,6923077
1001	23,6923077
1001	1,6923077
1002	2,6923077
1002	6,6923077
1002	-4,3076923
1002	19,6923077
1002	-5,3076923
1003	12,6923077
1003	13,6923077
1003	39,6923077
1003	1,6923077
1004	-2,3076923
1004	14,6923077
1004	13,6923077
1004	14,6923077
1005	-15,3076923
1005	-5,3076923
1005	6,6923077
1005	1,6923077
1006	-29,3076923
1006	7,6923077
1006	1,6923077
1006	0,6923077
1007	14,6923077
1007	3,6923077
1007	9,6923077
1007	1,6923077
1008	-19,3076923
1008	5,6923077
1008	14,6923077
1008	8,6923077
1008	9,6923077
1009	-6,3076923
1009	3,6923077
1009	-17,3076923
1009	0,6923077
1010	-5,3076923
1010	-17,3076923
1010	-4,3076923
1010	20,6923077
1011	-6,3076923
1011	22,6923077
1011	-2,3076923
1011	5,6923077
1012	12,6923077
1012	-3,3076923
1012	-13,3076923
1012	-13,3076923
1013	-39,3076923
1013	15,6923077
1013	27,6923077
1013	3,6923077
1014	13,6923077
1014	-0,3076923
1014	14,6923077
1014	11,6923077
1015	-18,3076923
1015	1,6923077
1015	-4,3076923
1015	2,6923077
1015	9,6923077
1016	19,6923077
1016	15,6923077
1016	0,6923077
1016	-15,3076923
1017	4,6923077
1017	-3,3076923
1017	-13,3076923
1017	-10,3076923
1018	-9,3076923
1018	-7,3076923
1018	2,6923077
1018	0,6923077
1019	-7,3076923
1019	16,6923077
1019	3,6923077
1019	23,6923077
1020	-11,3076923
1020	-16,3076923
1020	11,6923077
1020	11,6923077
1021	-6,3076923
1021	8,6923077
1021	-9,3076923
1021	-13,3076923
1021	6,6923077
1022	-4,3076923
1022	6,6923077
1022	16,6923077
1022	6,6923077
1023	-28,3076923
1023	4,6923077
1023	-7,3076923
1023	22,6923077
1024	-0,3076923
1024	-23,3076923
1024	13,6923077
1024	42,6923077
1025	7,6923077
1025	-0,3076923
1025	-6,3076923
1025	6,6923077
1026	10,6923077
1026	29,6923077
1026	17,6923077
1026	22,6923077
1027	13,6923077
1027	-9,3076923
1027	18,6923077
1027	23,6923077
1027	-10,3076923
1028	8,6923077
1028	-6,3076923
1028	-9,3076923
1028	18,6923077
1029	-15,3076923
1029	-10,3076923
1029	7,6923077
1029	13,6923077
1030	4,6923077
1030	-10,3076923
1030	4,6923077
1030	-5,3076923
1031	28,6923077
1031	-17,3076923
1031	27,6923077
1031	-13,3076923
1032	5,6923077
1032	19,6923077
1032	-10,3076923
1032	28,6923077
1033	16,6923077
1033	26,6923077
1033	19,6923077
1033	9,6923077
1034	19,6923077
1034	-4,3076923
1034	-23,3076923
1034	-24,3076923
1034	-20,3076923
1035	16,6923077
1035	-5,3076923
1035	-2,3076923
1035	7,6923077
1036	15,6923077
1036	9,6923077
1036	20,6923077
1036	-13,3076923
1037	-22,3076923
1037	-8,3076923
1037	-2,3076923
1037	13,6923077
1038	-6,3076923
1038	16,6923077
1038	-3,3076923
1038	32,6923077
1039	1,6923077
1039	-13,3076923
1039	23,6923077
1039	9,6923077
1039	23,6923077
1040	-3,3076923
1040	10,6923077
1040	11,6923077
1040	30,6923077
1041	34,6923077
1041	-4,3076923
1041	-12,3076923
1041	11,6923077
1042	25,6923077
1042	26,6923077
1042	18,6923077
1042	3,6923077
1043	25,6923077
1043	34,6923077
1043	-9,3076923
1043	-2,3076923
1044	-10,3076923
1044	-10,3076923
1044	3,6923077
1044	-15,3076923
1045	11,6923077
1045	-9,3076923
1045	25,6923077
1045	-2,3076923
1045	-21,3076923
1046	-20,3076923
1046	-14,3076923
1046	-13,3076923
1046	-16,3076923
1047	1,6923077
1047	47,6923077
1047	-5,3076923
1047	12,6923077
1048	1,6923077
1048	15,6923077
1048	16,6923077
1048	9,6923077
1049	-4,3076923
1049	-1,3076923
1049	8,6923077
1049	34,6923077
1050	-10,3076923
1050	4,6923077
1050	7,6923077
1050	7,6923077
1051	13,6923077
1051	13,6923077
1051	-14,3076923
1051	1,6923077
1051	-23,3076923
1052	-5,3076923
1052	8,6923077
1052	0,6923077
1052	-19,3076923
1053	10,6923077
1053	1,6923077
1053	-6,3076923
1053	11,6923077
1054	8,6923077
1054	3,6923077
1054	-3,3076923
1054	3,6923077
1055	18,6923077
1055	2,6923077
1055	15,6923077
1055	2,6923077
1056	6,6923077
1056	-1,3076923
1056	-9,3076923
1056	-26,3076923
1056	6,6923077
1057	7,6923077
1057	17,6923077
1057	-16,3076923
1057	16,6923077
1058	2,6923077
1058	13,6923077
1058	-18,3076923
1058	17,6923077
1059	1,6923077
1059	-14,3076923
1059	-8,3076923
1059	-11,3076923
1060	18,6923077
1060	2,6923077
1060	-3,3076923
1060	14,6923077
1061	2,6923077
1061	7,6923077
1061	12,6923077
1061	2,6923077
1062	-4,3076923
1062	2,6923077
1062	5,6923077
1062	41,6923077
1062	18,6923077
1063	7,6923077
1063	1,6923077
1063	19,6923077
1063	8,6923077
1064	-49,3076923
1064	0,6923077
1064	5,6923077
1064	-12,3076923
1065	12,6923077
1065	12,6923077
1065	14,6923077
1065	2,6923077
1066	6,6923077
1066	8,6923077
1066	-6,3076923
1066	27,6923077
1067	7,6923077
1067	15,6923077
1067	5,6923077
1067	5,6923077
1067	-8,3076923
1068	10,6923077
1068	14,6923077
1068	-0,3076923
1068	41,6923077
1069	7,6923077
1069	-17,3076923
1069	-5,3076923
1069	21,6923077
1070	16,6923077
1070	-21,3076923
1070	-6,3076923
1070	-10,3076923
1071	18,6923077
1071	10,6923077
1071	-9,3076923
1071	-1,3076923
1072	7,6923077
1072	15,6923077
1072	-10,3076923
1072	-15,3076923
1072	0,6923077
1073	1,6923077
1073	6,6923077
1073	-15,3076923
1073	-13,3076923
1074	-9,3076923
1074	4,6923077
1074	3,6923077
1074	18,6923077
1075	29,6923077
1075	35,6923077
1075	9,6923077
1075	-1,3076923
1076	-7,3076923
1076	-3,3076923
1076	4,6923077
1076	3,6923077
1077	12,6923077
1077	-8,3076923
1077	-4,3076923
1077	0,6923077
1077	22,6923077
1078	-8,3076923
1078	0,6923077
1078	7,6923077
1078	-11,3076923
1079	26,6923077
1079	15,6923077
1079	-10,3076923
1079	29,6923077
1080	17,6923077
1080	-2,3076923
1080	14,6923077
1080	5,6923077
1081	-4,3076923
1081	2,6923077
1081	23,6923077
1081	32,6923077
1082	19,6923077
1082	-23,3076923
1082	10,6923077
1082	-13,3076923
1082	-5,3076923
1083	1,6923077
1083	26,6923077
1083	28,6923077
1083	3,6923077
1084	25,6923077
1084	10,6923077
1084	27,6923077
1084	1,6923077
1085	-4,3076923
1085	2,6923077
1085	25,6923077
1085	-12,3076923
1086	-10,3076923
1086	-3,3076923
1086	-3,3076923
1086	13,6923077
1087	0,6923077
1087	-16,3076923
1087	-13,3076923
1087	-12,3076923
1087	-1,3076923
1088	-17,3076923
1088	3,6923077
1088	-14,3076923
1088	6,6923077
1089	14,6923077
1089	-7,3076923
1089	4,6923077
1089	12,6923077
1090	17,6923077
1090	-8,3076923
1090	16,6923077
1090	-3,3076923
1091	-1,3076923
1091	5,6923077
1091	6,6923077
1091	13,6923077
1092	22,6923077
1092	23,6923077
1092	5,6923077
1092	11,6923077
1092	-9,3076923
1093	-8,3076923
1093	7,6923077
1093	1,6923077
1093	7,6923077
1094	17,6923077
1094	-18,3076923
1094	10,6923077
1094	22,6923077
1095	-7,3076923
1095	44,6923077
1095	0,6923077
1095	17,6923077
1096	10,6923077
1096	-7,3076923
1096	-2,3076923
1096	7,6923077
1097	-22,3076923
1097	-7,3076923
1097	17,6923077
1097	26,6923077
1097	-17,3076923
1098	2,6923077
1098	23,6923077
1098	-9,3076923
1098	20,6923077
1099	34,6923077
1099	14,6923077
1099	-0,3076923
1099	-1,3076923
1100	3,6923077
1100	-3,3076923
1100	7,6923077
1100	-2,3076923
1101	13,6923077
1101	4,6923077
1101	12,6923077
1101	-11,3076923
1101	12,6923077
1102	8,6923077
1102	6,6923077
1102	-14,3076923
1102	1,6923077
1103	-0,3076923
1103	19,6923077
1103	23,6923077
1103	0,6923077
1104	-2,3076923
1104	-10,3076923
1104	-14,3076923
1104	-4,3076923
1105	9,6923077
1105	5,6923077
1105	16,6923077
1105	26,6923077
1106	6,6923077
1106	-11,3076923
1106	8,6923077
1106	14,6923077
1106	-10,3076923
1107	7,6923077
1107	41,6923077
1107	38,6923077
1107	-1,3076923
1108	5,6923077
1108	3,6923077
1108	21,6923077
1108	-20,3076923
1109	-24,3076923
1109	-0,3076923
1109	2,6923077
1109	13,6923077
1110	-8,3076923
1110	32,6923077
1110	24,6923077
1110	11,6923077
1110	0,6923077
1111	3,6923077
1111	24,6923077
1111	-0,3076923
1111	-11,3076923
1112	19,6923077
1112	10,6923077
1112	33,6923077
1112	2,6923077
1113	8,6923077
1113	-6,3076923
1113	-25,3076923
1113	18,6923077
1114	1,6923077
1114	-5,3076923
1114	18,6923077
1114	18,6923077
1115	-10,3076923
1115	-19,3076923
1115	-17,3076923
1115	-1,3076923
1115	-4,3076923
1116	4,6923077
1116	-4,3076923
1116	-0,3076923
1116	13,6923077
1117	13,6923077
1117	-18,3076923
1117	8,6923077
1117	8,6923077
1118	15,6923077
