196	-48,3076923
196	-48,3076923
196	-48,3076923
197	1,6923077
197	4,6923077
197	26,6923077
197	9,6923077
198	19,6923077
198	8,6923077
198	5,6923077
199	26,6923077
199	11,6923077
199	29,6923077
199	6,6923077
200	41,6923077
200	-2,3076923
200	25,6923077
200	-8,3076923
201	-15,3076923
201	-3,3076923
201	0,6923077
201	7,6923077
202	32,6923077
202	11,6923077
202	-13,3076923
203	17,6923077
203	-2,3076923
203	54,6923077
203	-1,3076923
204	14,6923077
204	25,6923077
204	-1,3076923
204	21,6923077
205	-5,3076923
205	-22,3076923
205	-9,3076923
205	20,6923077
206	3,6923077
206	29,6923077
206	32,6923077
207	-10,3076923
207	15,6923077
207	-2,3076923
207	-2,3076923
208	9,6923077
208	7,6923077
208	13,6923077
208	2,6923077
209	1,6923077
209	1,6923077
209	4,6923077
209	-3,3076923
210	7,6923077
210	8,6923077
210	-0,3076923
211	-11,3076923
211	1,6923077
211	9,6923077
211	17,6923077
212	-21,3076923
212	-6,3076923
212	5,6923077
212	2,6923077
213	27,6923077
213	-13,3076923
213	9,6923077
213	16,6923077
214	8,6923077
214	-8,3076923
214	14,6923077
215	7,6923077
215	-8,3076923
215	-3,3076923
215	5,6923077
216	37,6923077
216	8,6923077
216	24,6923077
216	14,6923077
217	8,6923077
217	32,6923077
217	21,6923077
217	1,6923077
218	3,6923077
218	2,6923077
218	18,6923077
219	28,6923077
219	9,6923077
219	13,6923077
219	7,6923077
220	5,6923077
220	9,6923077
220	-8,3076923
220	11,6923077
221	-10,3076923
221	9,6923077
221	19,6923077
221	19,6923077
222	7,6923077
222	14,6923077
222	12,6923077
223	24,6923077
223	-12,3076923
223	8,6923077
223	-33,3076923
224	37,6923077
224	7,6923077
224	16,6923077
224	-14,3076923
225	23,6923077
225	20,6923077
225	8,6923077
225	7,6923077
226	20,6923077
226	12,6923077
226	39,6923077
227	22,6923077
227	6,6923077
227	19,6923077
227	22,6923077
228	-10,3076923
228	5,6923077
228	6,6923077
228	9,6923077
229	21,6923077
229	-16,3076923
229	-11,3076923
229	14,6923077
230	13,6923077
230	20,6923077
230	3,6923077
231	3,6923077
231	6,6923077
231	-1,3076923
231	27,6923077
232	43,6923077
232	14,6923077
232	9,6923077
232	-0,3076923
233	-6,3076923
233	8,6923077
233	10,6923077
233	15,6923077
234	3,6923077
234	30,6923077
234	5,6923077
235	20,6923077
235	27,6923077
235	42,6923077
235	25,6923077
236	10,6923077
236	8,6923077
236	-16,3076923
236	4,6923077
237	27,6923077
237	5,6923077
237	9,6923077
237	11,6923077
238	23,6923077
238	10,6923077
238	10,6923077
239	24,6923077
239	-5,3076923
239	3,6923077
239	27,6923077
240	18,6923077
240	2,6923077
240	-16,3076923
240	26,6923077
241	-3,3076923
241	12,6923077
241	12,6923077
241	10,6923077
242	-9,3076923
242	-22,3076923
242	16,6923077
243	20,6923077
243	37,6923077
243	-15,3076923
243	4,6923077
244	-8,3076923
244	7,6923077
244	8,6923077
244	8,6923077
245	12,6923077
245	12,6923077
245	-27,3076923
245	14,6923077
246	-15,3076923
246	15,6923077
246	-18,3076923
247	3,6923077
247	-0,3076923
247	11,6923077
247	8,6923077
248	-8,3076923
248	26,6923077
248	16,6923077
248	18,6923077
249	-2,3076923
249	14,6923077
249	-13,3076923
249	7,6923077
250	28,6923077
250	43,6923077
250	16,6923077
251	23,6923077
251	21,6923077
251	13,6923077
251	6,6923077
252	-8,3076923
252	5,6923077
252	10,6923077
252	-0,3076923
253	15,6923077
253	21,6923077
253	6,6923077
253	28,6923077
254	1,6923077
254	-8,3076923
254	1,6923077
254	23,6923077
255	-3,3076923
255	-10,3076923
255	8,6923077
256	-3,3076923
256	-2,3076923
256	34,6923077
256	44,6923077
257	20,6923077
257	13,6923077
257	24,6923077
257	13,6923077
258	18,6923077
258	14,6923077
258	-15,3076923
258	4,6923077
259	11,6923077
259	16,6923077
259	11,6923077
260	-5,3076923
260	-5,3076923
260	5,6923077
260	12,6923077
261	15,6923077
261	30,6923077
261	3,6923077
261	14,6923077
262	26,6923077
262	19,6923077
262	5,6923077
262	11,6923077
263	41,6923077
263	8,6923077
263	9,6923077
264	15,6923077
264	15,6923077
264	13,6923077
264	2,6923077
265	-4,3076923
265	15,6923077
265	-7,3076923
265	-11,3076923
266	10,6923077
266	15,6923077
266	10,6923077
266	-36,3076923
267	13,6923077
267	16,6923077
267	5,6923077
268	12,6923077
268	30,6923077
268	34,6923077
268	35,6923077
269	6,6923077
269	21,6923077
269	-5,3076923
269	28,6923077
270	5,6923077
270	6,6923077
270	9,6923077
270	2,6923077
271	-0,3076923
271	11,6923077
271	23,6923077
271	-8,3076923
272	27,6923077
272	6,6923077
272	-14,3076923
273	33,6923077
273	18,6923077
273	24,6923077
273	2,6923077
274	-6,3076923
274	10,6923077
274	-7,3076923
274	9,6923077
275	30,6923077
275	-12,3076923
275	-2,3076923
275	19,6923077
276	33,6923077
276	12,6923077
276	4,6923077
277	7,6923077
277	16,6923077
277	17,6923077
277	3,6923077
278	-4,3076923
278	30,6923077
278	10,6923077
278	22,6923077
279	3,6923077
279	8,6923077
279	23,6923077
279	21,6923077
280	-4,3076923
280	9,6923077
280	5,6923077
280	15,6923077
281	14,6923077
281	18,6923077
281	2,6923077
282	6,6923077
282	18,6923077
282	18,6923077
282	19,6923077
283	7,6923077
283	-16,3076923
283	5,6923077
283	31,6923077
284	29,6923077
284	-1,3076923
284	1,6923077
284	5,6923077
285	28,6923077
285	26,6923077
285	10,6923077
286	30,6923077
286	9,6923077
286	4,6923077
286	30,6923077
287	34,6923077
287	16,6923077
287	-19,3076923
287	5,6923077
288	16,6923077
288	15,6923077
288	16,6923077
288	-0,3076923
289	27,6923077
289	6,6923077
289	27,6923077
290	16,6923077
290	-2,3076923
290	29,6923077
290	-19,3076923
291	23,6923077
291	6,6923077
291	14,6923077
291	24,6923077
292	30,6923077
292	-17,3076923
292	0,6923077
292	25,6923077
293	37,6923077
293	23,6923077
293	39,6923077
293	29,6923077
294	23,6923077
294	15,6923077
294	19,6923077
295	30,6923077
295	49,6923077
295	40,6923077
295	41,6923077
296	15,6923077
296	10,6923077
296	13,6923077
296	-9,3076923
297	2,6923077
297	15,6923077
297	21,6923077
297	10,6923077
298	45,6923077
298	4,6923077
298	10,6923077
299	13,6923077
299	51,6923077
299	36,6923077
299	16,6923077
300	-14,3076923
300	5,6923077
300	8,6923077
300	42,6923077
301	14,6923077
301	16,6923077
301	-11,3076923
301	9,6923077
302	17,6923077
302	13,6923077
302	28,6923077
302	29,6923077
303	30,6923077
303	23,6923077
303	-6,3076923
304	8,6923077
304	24,6923077
304	23,6923077
304	15,6923077
305	27,6923077
305	34,6923077
305	-11,3076923
305	-10,3076923
306	24,6923077
306	4,6923077
306	-2,3076923
306	47,6923077
307	41,6923077
307	32,6923077
307	26,6923077
307	16,6923077
308	29,6923077
308	14,6923077
308	29,6923077
309	42,6923077
309	30,6923077
309	37,6923077
309	24,6923077
310	23,6923077
310	15,6923077
310	54,6923077
310	40,6923077
311	39,6923077
311	75,6923077
311	79,6923077
311	39,6923077
312	58,6923077
312	76,6923077
312	83,6923077
313	65,6923077
313	92,6923077
313	63,6923077
313	71,6923077
314	82,6923077
314	75,6923077
314	67,6923077
314	70,6923077
315	85,6923077
315	69,6923077
315	76,6923077
315	80,6923077
316	102,6923077
316	74,6923077
316	87,6923077
316	56,6923077
317	60,6923077
317	62,6923077
317	59,6923077
318	58,6923077
318	64,6923077
318	67,6923077
318	57,6923077
319	41,6923077
319	28,6923077
319	54,6923077
319	46,6923077
320	32,6923077
320	29,6923077
320	20,6923077
320	27,6923077
321	35,6923077
321	10,6923077
321	6,6923077
321	3,6923077
322	12,6923077
322	1,6923077
322	34,6923077
323	4,6923077
323	0,6923077
323	15,6923077
323	5,6923077
324	11,6923077
324	25,6923077
324	-27,3076923
324	18,6923077
325	-13,3076923
325	-15,3076923
325	9,6923077
325	12,6923077
326	2,6923077
326	-6,3076923
326	19,6923077
327	11,6923077
327	29,6923077
327	14,6923077
327	-19,3076923
328	4,6923077
328	0,6923077
328	21,6923077
328	-5,3076923
329	-4,3076923
329	15,6923077
329	21,6923077
329	31,6923077
330	25,6923077
330	22,6923077
330	32,6923077
330	36,6923077
331	10,6923077
331	22,6923077
331	67,6923077
332	83,6923077
332	68,6923077
332	95,6923077
332	92,6923077
333	78,6923077
333	65,6923077
333	96,6923077
333	69,6923077
334	104,6923077
334	119,6923077
334	130,6923077
334	109,6923077
335	132,6923077
335	97,6923077
335	105,6923077
335	111,6923077
336	120,6923077
336	150,6923077
336	148,6923077
337	132,6923077
337	153,6923077
337	155,6923077
337	162,6923077
338	150,6923077
338	142,6923077
338	124,6923077
338	148,6923077
339	153,6923077
339	108,6923077
339	108,6923077
339	119,6923077
340	71,6923077
340	96,6923077
340	57,6923077
340	73,6923077
341	38,6923077
341	49,6923077
341	59,6923077
342	65,6923077
342	45,6923077
342	61,6923077
342	40,6923077
343	49,6923077
343	28,6923077
343	8,6923077
343	40,6923077
344	39,6923077
344	32,6923077
344	51,6923077
344	11,6923077
345	-4,3076923
345	-4,3076923
345	-15,3076923
345	39,6923077
346	22,6923077
346	34,6923077
346	38,6923077
347	36,6923077
347	33,6923077
347	5,6923077
347	-0,3076923
348	28,6923077
348	8,6923077
348	39,6923077
348	15,6923077
349	28,6923077
349	18,6923077
349	36,6923077
349	31,6923077
350	23,6923077
350	40,6923077
350	50,6923077
350	62,6923077
351	56,6923077
351	17,6923077
351	44,6923077
352	46,6923077
352	66,6923077
352	89,6923077
352	95,6923077
353	100,6923077
353	102,6923077
353	74,6923077
353	81,6923077
354	83,6923077
354	112,6923077
354	102,6923077
354	102,6923077
355	101,6923077
355	88,6923077
355	87,6923077
355	85,6923077
356	104,6923077
356	103,6923077
356	101,6923077
357	93,6923077
357	102,6923077
357	120,6923077
357	91,6923077
358	151,6923077
358	142,6923077
358	134,6923077
358	128,6923077
359	74,6923077
359	84,6923077
359	84,6923077
359	106,6923077
360	81,6923077
360	82,6923077
360	77,6923077
360	71,6923077
361	38,6923077
361	38,6923077
361	35,6923077
362	89,6923077
362	101,6923077
362	73,6923077
362	53,6923077
363	29,6923077
363	45,6923077
363	26,6923077
363	18,6923077
364	45,6923077
364	26,6923077
364	21,6923077
364	32,6923077
365	13,6923077
365	28,6923077
365	-4,3076923
365	12,6923077
366	11,6923077
366	10,6923077
366	16,6923077
367	30,6923077
367	28,6923077
367	34,6923077
367	19,6923077
368	4,6923077
368	15,6923077
368	4,6923077
368	18,6923077
369	-4,3076923
369	-17,3076923
369	26,6923077
369	16,6923077
370	40,6923077
370	19,6923077
370	14,6923077
370	37,6923077
371	9,6923077
371	21,6923077
371	33,6923077
371	34,6923077
372	36,6923077
372	15,6923077
372	12,6923077
373	47,6923077
373	51,6923077
373	39,6923077
373	39,6923077
374	36,6923077
374	30,6923077
374	43,6923077
374	41,6923077
375	52,6923077
375	56,6923077
375	60,6923077
375	57,6923077
376	52,6923077
376	65,6923077
376	79,6923077
376	59,6923077
377	40,6923077
377	74,6923077
377	72,6923077
378	71,6923077
378	40,6923077
378	57,6923077
378	55,6923077
379	68,6923077
379	14,6923077
379	56,6923077
379	70,6923077
380	35,6923077
380	57,6923077
380	68,6923077
380	64,6923077
381	70,6923077
381	42,6923077
381	63,6923077
381	30,6923077
382	33,6923077
382	23,6923077
382	72,6923077
383	56,6923077
383	26,6923077
383	39,6923077
383	40,6923077
384	45,6923077
384	52,6923077
384	32,6923077
384	49,6923077
385	17,6923077
385	31,6923077
385	52,6923077
385	52,6923077
386	42,6923077
386	33,6923077
386	29,6923077
386	29,6923077
387	35,6923077
387	16,6923077
387	17,6923077
387	-5,3076923
388	20,6923077
388	25,6923077
388	11,6923077
389	5,6923077
389	-25,3076923
389	19,6923077
389	21,6923077
390	17,6923077
390	22,6923077
390	27,6923077
390	27,6923077
391	20,6923077
391	33,6923077
391	9,6923077
391	7,6923077
392	14,6923077
392	20,6923077
392	15,6923077
392	28,6923077
393	12,6923077
393	24,6923077
393	23,6923077
394	31,6923077
394	40,6923077
394	25,6923077
394	27,6923077
395	6,6923077
395	12,6923077
395	-1,3076923
395	32,6923077
396	28,6923077
396	32,6923077
396	-0,3076923
396	31,6923077
397	3,6923077
397	15,6923077
397	23,6923077
397	36,6923077
398	55,6923077
398	15,6923077
398	19,6923077
398	35,6923077
399	63,6923077
399	34,6923077
399	35,6923077
400	35,6923077
400	17,6923077
400	23,6923077
400	52,6923077
401	31,6923077
401	52,6923077
401	26,6923077
401	33,6923077
402	33,6923077
402	24,6923077
402	22,6923077
402	15,6923077
403	25,6923077
403	52,6923077
403	17,6923077
403	9,6923077
404	10,6923077
404	53,6923077
404	25,6923077
405	14,6923077
405	32,6923077
405	34,6923077
405	43,6923077
406	37,6923077
406	20,6923077
406	28,6923077
406	33,6923077
407	31,6923077
407	23,6923077
407	18,6923077
407	29,6923077
408	21,6923077
408	36,6923077
408	2,6923077
408	14,6923077
409	27,6923077
409	-2,3076923
409	44,6923077
409	29,6923077
410	14,6923077
410	29,6923077
410	19,6923077
411	25,6923077
411	33,6923077
411	44,6923077
411	9,6923077
412	16,6923077
412	33,6923077
412	23,6923077
412	18,6923077
413	-0,3076923
413	-0,3076923
413	3,6923077
413	8,6923077
414	-5,3076923
414	9,6923077
414	8,6923077
414	10,6923077
415	37,6923077
415	31,6923077
415	6,6923077
415	12,6923077
416	13,6923077
416	0,6923077
416	6,6923077
417	43,6923077
417	14,6923077
417	7,6923077
417	13,6923077
418	11,6923077
418	28,6923077
418	6,6923077
418	-18,3076923
419	25,6923077
419	19,6923077
419	16,6923077
419	4,6923077
420	36,6923077
420	21,6923077
420	12,6923077
420	17,6923077
421	41,6923077
421	23,6923077
421	25,6923077
421	23,6923077
422	8,6923077
422	28,6923077
422	10,6923077
423	17,6923077
423	4,6923077
423	43,6923077
423	2,6923077
424	21,6923077
424	23,6923077
424	-8,3076923
424	28,6923077
425	35,6923077
425	7,6923077
425	34,6923077
425	36,6923077
426	15,6923077
426	14,6923077
426	32,6923077
426	21,6923077
427	23,6923077
427	-8,3076923
427	14,6923077
427	25,6923077
428	49,6923077
428	44,6923077
428	14,6923077
429	44,6923077
429	25,6923077
429	9,6923077
429	35,6923077
430	40,6923077
430	4,6923077
430	15,6923077
430	30,6923077
431	7,6923077
431	0,6923077
431	-4,3076923
431	20,6923077
432	27,6923077
432	5,6923077
432	32,6923077
432	39,6923077
433	19,6923077
433	21,6923077
433	25,6923077
433	16,6923077
434	21,6923077
434	3,6923077
434	12,6923077
435	1,6923077
435	8,6923077
435	15,6923077
435	4,6923077
436	24,6923077
436	32,6923077
436	38,6923077
436	18,6923077
437	17,6923077
437	13,6923077
437	11,6923077
437	16,6923077
438	19,6923077
438	13,6923077
438	27,6923077
438	20,6923077
439	10,6923077
439	-4,3076923
439	-3,3076923
439	22,6923077
440	24,6923077
440	25,6923077
440	19,6923077
441	-6,3076923
441	2,6923077
441	21,6923077
441	-4,3076923
442	19,6923077
442	14,6923077
442	22,6923077
442	-1,3076923
443	13,6923077
443	21,6923077
443	16,6923077
443	5,6923077
444	-8,3076923
444	36,6923077
444	34,6923077
444	21,6923077
445	1,6923077
445	7,6923077
445	24,6923077
445	23,6923077
446	2,6923077
446	6,6923077
446	12,6923077
447	34,6923077
447	1,6923077
447	23,6923077
447	5,6923077
448	21,6923077
448	0,6923077
448	20,6923077
448	-5,3076923
449	29,6923077
449	32,6923077
449	4,6923077
449	16,6923077
450	-10,3076923
450	-22,3076923
450	-1,3076923
450	11,6923077
451	3,6923077
451	11,6923077
451	6,6923077
451	20,6923077
452	-6,3076923
452	-18,3076923
452	8,6923077
452	27,6923077
453	10,6923077
453	11,6923077
453	5,6923077
454	20,6923077
454	21,6923077
454	13,6923077
454	21,6923077
455	-11,3076923
455	9,6923077
455	2,6923077
455	9,6923077
456	17,6923077
456	-5,3076923
456	0,6923077
456	24,6923077
457	5,6923077
457	2,6923077
457	10,6923077
457	15,6923077
458	8,6923077
458	1,6923077
458	-10,3076923
458	-0,3076923
459	-12,3076923
459	0,6923077
459	17,6923077
460	37,6923077
460	10,6923077
460	47,6923077
460	6,6923077
461	10,6923077
461	11,6923077
461	3,6923077
461	16,6923077
462	16,6923077
462	1,6923077
462	-10,3076923
462	-4,3076923
463	-9,3076923
463	-8,3076923
463	14,6923077
463	7,6923077
464	12,6923077
464	22,6923077
464	-14,3076923
464	16,6923077
465	17,6923077
465	37,6923077
465	26,6923077
465	29,6923077
466	12,6923077
466	24,6923077
466	8,6923077
467	31,6923077
467	2,6923077
467	19,6923077
467	11,6923077
468	19,6923077
468	34,6923077
468	-20,3076923
468	2,6923077
469	28,6923077
469	3,6923077
469	-22,3076923
469	-4,3076923
470	8,6923077
470	-2,3076923
470	-8,3076923
470	8,6923077
471	20,6923077
471	10,6923077
471	29,6923077
471	5,6923077
472	21,6923077
472	12,6923077
472	8,6923077
472	46,6923077
473	27,6923077
473	37,6923077
473	16,6923077
474	31,6923077
474	-8,3076923
474	4,6923077
474	-11,3076923
475	5,6923077
475	15,6923077
475	17,6923077
475	20,6923077
476	14,6923077
476	6,6923077
476	2,6923077
476	6,6923077
477	16,6923077
477	-13,3076923
477	8,6923077
477	21,6923077
478	4,6923077
478	-2,3076923
478	-24,3076923
478	0,6923077
479	1,6923077
479	11,6923077
479	21,6923077
479	22,6923077
480	42,6923077
480	-5,3076923
480	3,6923077
481	10,6923077
481	19,6923077
481	20,6923077
481	26,6923077
482	52,6923077
482	26,6923077
482	23,6923077
482	12,6923077
483	10,6923077
483	16,6923077
483	8,6923077
483	11,6923077
484	0,6923077
484	35,6923077
484	7,6923077
484	-4,3076923
485	-10,3076923
485	18,6923077
485	11,6923077
485	-7,3076923
486	-4,3076923
486	5,6923077
486	19,6923077
486	21,6923077
487	-13,3076923
487	27,6923077
487	22,6923077
488	18,6923077
488	24,6923077
488	-4,3076923
488	1,6923077
489	18,6923077
489	18,6923077
489	20,6923077
489	26,6923077
490	22,6923077
490	6,6923077
490	-12,3076923
490	10,6923077
491	3,6923077
491	23,6923077
491	-14,3076923
491	2,6923077
492	-0,3076923
492	-1,3076923
492	22,6923077
492	17,6923077
493	9,6923077
493	9,6923077
493	18,6923077
493	-4,3076923
494	-9,3076923
494	-0,3076923
494	27,6923077
495	11,6923077
495	22,6923077
495	45,6923077
495	-0,3076923
496	29,6923077
496	-7,3076923
496	14,6923077
496	6,6923077
497	-13,3076923
497	22,6923077
497	3,6923077
497	7,6923077
498	19,6923077
498	3,6923077
498	33,6923077
498	0,6923077
499	-14,3076923
499	6,6923077
499	-4,3076923
499	61,6923077
500	37,6923077
500	22,6923077
500	14,6923077
500	21,6923077
501	2,6923077
501	-6,3076923
501	7,6923077
502	0,6923077
502	-2,3076923
502	2,6923077
502	4,6923077
503	8,6923077
503	38,6923077
503	13,6923077
503	-9,3076923
504	8,6923077
504	-5,3076923
504	-3,3076923
504	6,6923077
505	2,6923077
505	8,6923077
505	5,6923077
505	6,6923077
506	18,6923077
506	18,6923077
506	-1,3076923
506	7,6923077
507	14,6923077
507	2,6923077
507	33,6923077
507	9,6923077
508	15,6923077
508	20,6923077
508	14,6923077
508	28,6923077
509	13,6923077
509	11,6923077
509	31,6923077
510	20,6923077
510	7,6923077
510	-12,3076923
510	-15,3076923
511	20,6923077
511	13,6923077
511	-9,3076923
511	1,6923077
512	28,6923077
512	20,6923077
512	27,6923077
512	7,6923077
513	-17,3076923
513	-1,3076923
513	23,6923077
513	-21,3076923
514	-24,3076923
514	10,6923077
514	22,6923077
514	1,6923077
515	14,6923077
515	-1,3076923
515	-0,3076923
515	5,6923077
516	29,6923077
516	36,6923077
516	3,6923077
516	-17,3076923
517	-16,3076923
517	3,6923077
517	3,6923077
518	-9,3076923
518	14,6923077
518	35,6923077
518	9,6923077
519	47,6923077
519	24,6923077
519	0,6923077
519	36,6923077
520	-16,3076923
520	7,6923077
520	33,6923077
520	25,6923077
521	-2,3076923
521	-8,3076923
521	-1,3076923
521	28,6923077
522	35,6923077
522	21,6923077
522	26,6923077
522	22,6923077
523	20,6923077
523	-0,3076923
523	-9,3076923
523	6,6923077
524	27,6923077
524	-12,3076923
524	20,6923077
524	37,6923077
525	9,6923077
525	15,6923077
525	7,6923077
526	11,6923077
526	44,6923077
526	27,6923077
526	12,6923077
527	-12,3076923
527	45,6923077
527	9,6923077
527	5,6923077
528	33,6923077
528	34,6923077
528	4,6923077
528	20,6923077
529	31,6923077
529	3,6923077
529	-3,3076923
529	21,6923077
530	17,6923077
530	-12,3076923
530	17,6923077
530	0,6923077
531	41,6923077
531	24,6923077
531	20,6923077
531	9,6923077
532	6,6923077
532	13,6923077
532	18,6923077
532	14,6923077
533	-5,3076923
533	-23,3076923
533	24,6923077
534	18,6923077
534	22,6923077
534	25,6923077
534	19,6923077
535	5,6923077
535	3,6923077
535	28,6923077
535	29,6923077
536	27,6923077
536	8,6923077
536	-6,3076923
536	27,6923077
537	-4,3076923
537	1,6923077
537	14,6923077
537	7,6923077
538	17,6923077
538	-2,3076923
538	27,6923077
538	37,6923077
539	38,6923077
539	19,6923077
539	-9,3076923
539	20,6923077
540	10,6923077
540	6,6923077
540	20,6923077
540	21,6923077
541	18,6923077
541	-1,3076923
541	2,6923077
541	5,6923077
542	15,6923077
542	1,6923077
542	15,6923077
543	1,6923077
543	-0,3076923
543	9,6923077
543	57,6923077
544	5,6923077
544	26,6923077
544	9,6923077
544	2,6923077
545	-8,3076923
545	41,6923077
545	6,6923077
545	0,6923077
546	23,6923077
546	6,6923077
546	4,6923077
546	32,6923077
547	-7,3076923
547	-5,3076923
547	9,6923077
547	14,6923077
548	22,6923077
548	21,6923077
548	28,6923077
548	22,6923077
549	1,6923077
549	41,6923077
549	13,6923077
549	-1,3076923
550	18,6923077
550	24,6923077
550	13,6923077
550	-10,3076923
551	-11,3076923
551	17,6923077
551	8,6923077
552	-16,3076923
552	14,6923077
552	7,6923077
552	22,6923077
553	7,6923077
553	3,6923077
553	-0,3076923
553	3,6923077
554	-1,3076923
554	4,6923077
554	6,6923077
554	20,6923077
555	21,6923077
555	33,6923077
555	9,6923077
555	-2,3076923
556	20,6923077
556	30,6923077
556	-6,3076923
556	21,6923077
557	22,6923077
557	6,6923077
557	2,6923077
557	-0,3076923
558	7,6923077
558	-18,3076923
558	13,6923077
558	13,6923077
559	25,6923077
559	33,6923077
559	8,6923077
559	-7,3076923
560	14,6923077
560	40,6923077
560	-2,3076923
561	23,6923077
561	9,6923077
561	5,6923077
561	21,6923077
562	-8,3076923
562	4,6923077
562	20,6923077
562	17,6923077
563	13,6923077
563	15,6923077
563	-6,3076923
563	6,6923077
564	1,6923077
564	8,6923077
564	16,6923077
564	26,6923077
565	24,6923077
565	16,6923077
565	12,6923077
565	26,6923077
566	11,6923077
566	9,6923077
566	-10,3076923
566	21,6923077
567	12,6923077
567	-15,3076923
567	-27,3076923
567	-22,3076923
568	-3,3076923
568	18,6923077
568	-4,3076923
568	-9,3076923
569	3,6923077
569	19,6923077
569	21,6923077
569	12,6923077
570	-4,3076923
570	2,6923077
570	24,6923077
571	17,6923077
571	12,6923077
571	-1,3076923
571	30,6923077
572	-4,3076923
572	22,6923077
572	12,6923077
572	26,6923077
573	34,6923077
573	-4,3076923
573	-5,3076923
573	-2,3076923
574	21,6923077
574	7,6923077
574	-11,3076923
574	26,6923077
575	36,6923077
575	12,6923077
575	21,6923077
575	11,6923077
576	-10,3076923
576	20,6923077
576	32,6923077
576	-6,3076923
577	-4,3076923
577	20,6923077
577	-11,3076923
577	2,6923077
578	19,6923077
578	20,6923077
578	18,6923077
578	4,6923077
579	15,6923077
579	-28,3076923
579	-0,3076923
579	-9,3076923
580	2,6923077
580	20,6923077
580	4,6923077
581	16,6923077
581	-2,3076923
581	28,6923077
581	7,6923077
582	-23,3076923
582	-1,3076923
582	24,6923077
582	21,6923077
583	11,6923077
583	13,6923077
583	12,6923077
583	24,6923077
584	18,6923077
584	2,6923077
584	8,6923077
584	32,6923077
585	28,6923077
585	17,6923077
585	24,6923077
585	-0,3076923
586	-6,3076923
586	15,6923077
586	14,6923077
586	17,6923077
587	5,6923077
587	-35,3076923
587	-10,3076923
587	-19,3076923
588	18,6923077
588	7,6923077
588	16,6923077
588	9,6923077
589	14,6923077
589	24,6923077
589	11,6923077
589	-20,3076923
590	7,6923077
590	14,6923077
590	1,6923077
590	15,6923077
591	-9,3076923
591	11,6923077
591	0,6923077
592	-3,3076923
592	8,6923077
592	4,6923077
592	10,6923077
593	9,6923077
593	14,6923077
593	4,6923077
593	22,6923077
594	32,6923077
594	-1,3076923
594	8,6923077
594	-1,3076923
595	3,6923077
595	-9,3076923
595	14,6923077
595	21,6923077
596	10,6923077
596	20,6923077
596	3,6923077
596	59,6923077
597	24,6923077
597	0,6923077
597	-5,3076923
597	22,6923077
598	-3,3076923
598	27,6923077
598	3,6923077
598	7,6923077
599	11,6923077
599	-29,3076923
599	0,6923077
599	-5,3076923
600	14,6923077
600	30,6923077
600	6,6923077
600	17,6923077
601	-1,3076923
601	-4,3076923
601	6,6923077
601	17,6923077
602	-1,3076923
602	-3,3076923
602	27,6923077
603	12,6923077
603	23,6923077
603	25,6923077
603	4,6923077
604	5,6923077
604	17,6923077
604	36,6923077
604	9,6923077
605	43,6923077
605	7,6923077
605	2,6923077
605	-0,3076923
606	10,6923077
606	16,6923077
606	30,6923077
606	18,6923077
607	5,6923077
607	4,6923077
607	14,6923077
607	24,6923077
608	10,6923077
608	26,6923077
608	5,6923077
608	25,6923077
609	24,6923077
609	14,6923077
609	3,6923077
609	-22,3076923
610	-13,3076923
610	15,6923077
610	20,6923077
610	0,6923077
611	19,6923077
611	31,6923077
611	14,6923077
611	20,6923077
612	10,6923077
612	-5,3076923
612	15,6923077
612	29,6923077
613	16,6923077
613	28,6923077
613	11,6923077
613	14,6923077
614	8,6923077
614	5,6923077
614	28,6923077
614	15,6923077
615	17,6923077
615	25,6923077
615	18,6923077
616	-5,3076923
616	3,6923077
616	20,6923077
616	-0,3076923
617	8,6923077
617	0,6923077
617	14,6923077
617	1,6923077
618	0,6923077
618	44,6923077
618	5,6923077
618	27,6923077
619	1,6923077
619	40,6923077
619	13,6923077
619	-8,3076923
620	0,6923077
620	7,6923077
620	-8,3076923
620	2,6923077
621	11,6923077
621	20,6923077
621	-20,3076923
621	-5,3076923
622	-3,3076923
622	0,6923077
622	2,6923077
622	-9,3076923
623	-18,3076923
623	11,6923077
623	4,6923077
623	22,6923077
624	6,6923077
624	11,6923077
624	10,6923077
624	4,6923077
625	26,6923077
625	21,6923077
625	-0,3076923
625	14,6923077
626	14,6923077
626	-8,3076923
626	-4,3076923
626	9,6923077
627	9,6923077
627	9,6923077
627	34,6923077
627	11,6923077
628	17,6923077
628	30,6923077
628	13,6923077
629	-0,3076923
629	20,6923077
629	4,6923077
629	-5,3076923
630	5,6923077
630	22,6923077
630	-4,3076923
630	32,6923077
631	7,6923077
631	7,6923077
631	26,6923077
631	7,6923077
632	6,6923077
632	5,6923077
632	12,6923077
632	23,6923077
633	8,6923077
633	22,6923077
633	2,6923077
633	-18,3076923
634	6,6923077
634	-20,3076923
634	-10,3076923
634	14,6923077
635	0,6923077
635	1,6923077
635	-17,3076923
635	18,6923077
636	13,6923077
636	13,6923077
636	15,6923077
636	20,6923077
637	2,6923077
637	17,6923077
637	21,6923077
637	-16,3076923
638	22,6923077
638	8,6923077
638	15,6923077
638	19,6923077
639	7,6923077
639	-17,3076923
639	21,6923077
639	18,6923077
640	10,6923077
640	18,6923077
640	-2,3076923
640	13,6923077
641	-18,3076923
641	-3,3076923
641	0,6923077
641	2,6923077
642	6,6923077
642	21,6923077
642	6,6923077
642	19,6923077
643	6,6923077
643	10,6923077
643	3,6923077
644	12,6923077
644	5,6923077
644	6,6923077
644	49,6923077
645	5,6923077
645	10,6923077
645	11,6923077
645	14,6923077
646	4,6923077
646	1,6923077
646	-27,3076923
646	15,6923077
647	19,6923077
647	22,6923077
647	2,6923077
647	9,6923077
648	21,6923077
648	-5,3076923
648	6,6923077
648	23,6923077
649	-3,3076923
649	22,6923077
649	9,6923077
649	-6,3076923
650	33,6923077
650	12,6923077
650	29,6923077
650	36,6923077
651	17,6923077
651	6,6923077
651	-10,3076923
651	21,6923077
652	3,6923077
652	-9,3076923
652	10,6923077
652	-5,3076923
653	31,6923077
653	37,6923077
653	16,6923077
653	25,6923077
654	12,6923077
654	2,6923077
654	2,6923077
654	21,6923077
655	23,6923077
655	44,6923077
655	13,6923077
655	22,6923077
656	9,6923077
656	23,6923077
656	-15,3076923
656	28,6923077
657	13,6923077
657	7,6923077
657	19,6923077
657	30,6923077
658	6,6923077
658	7,6923077
658	5,6923077
658	12,6923077
659	31,6923077
659	23,6923077
659	9,6923077
660	10,6923077
660	11,6923077
660	26,6923077
660	15,6923077
661	-4,3076923
661	34,6923077
661	18,6923077
661	17,6923077
662	41,6923077
662	29,6923077
662	32,6923077
662	4,6923077
663	16,6923077
663	49,6923077
663	24,6923077
663	45,6923077
664	24,6923077
664	5,6923077
664	17,6923077
664	5,6923077
665	42,6923077
665	20,6923077
665	34,6923077
665	5,6923077
666	8,6923077
666	30,6923077
666	22,6923077
666	0,6923077
667	32,6923077
667	11,6923077
667	11,6923077
667	-0,3076923
668	-1,3076923
668	-5,3076923
668	24,6923077
668	22,6923077
669	-2,3076923
669	-1,3076923
669	26,6923077
669	-10,3076923
670	4,6923077
670	37,6923077
670	23,6923077
670	-0,3076923
671	18,6923077
671	45,6923077
671	-11,3076923
671	-2,3076923
672	36,6923077
672	10,6923077
672	11,6923077
672	28,6923077
673	22,6923077
673	-9,3076923
673	-15,3076923
673	2,6923077
674	23,6923077
674	34,6923077
674	9,6923077
674	39,6923077
675	-19,3076923
675	27,6923077
675	-6,3076923
675	16,6923077
676	7,6923077
676	30,6923077
676	2,6923077
676	47,6923077
677	22,6923077
677	8,6923077
677	-5,3076923
677	-2,3076923
678	29,6923077
678	20,6923077
678	17,6923077
678	6,6923077
679	0,6923077
679	9,6923077
679	19,6923077
680	16,6923077
680	-4,3076923
680	23,6923077
680	17,6923077
681	33,6923077
681	15,6923077
681	8,6923077
681	-5,3076923
682	12,6923077
682	33,6923077
682	11,6923077
682	21,6923077
683	-7,3076923
683	-8,3076923
683	14,6923077
683	-0,3076923
684	-1,3076923
684	10,6923077
684	7,6923077
684	10,6923077
685	34,6923077
685	2,6923077
685	4,6923077
685	-4,3076923
686	17,6923077
686	-3,3076923
686	8,6923077
686	9,6923077
687	23,6923077
687	20,6923077
687	4,6923077
687	29,6923077
688	-2,3076923
688	14,6923077
688	6,6923077
688	-3,3076923
689	-2,3076923
689	2,6923077
689	20,6923077
689	17,6923077
690	-13,3076923
690	1,6923077
690	-26,3076923
690	8,6923077
691	20,6923077
691	8,6923077
691	24,6923077
691	33,6923077
692	26,6923077
692	31,6923077
692	8,6923077
692	32,6923077
693	16,6923077
693	2,6923077
693	4,6923077
693	-7,3076923
694	35,6923077
694	24,6923077
694	22,6923077
694	26,6923077
695	-2,3076923
695	18,6923077
695	-11,3076923
695	-21,3076923
696	10,6923077
696	14,6923077
696	0,6923077
696	-0,3076923
697	-6,3076923
697	8,6923077
697	15,6923077
697	20,6923077
698	-19,3076923
698	-5,3076923
698	11,6923077
698	1,6923077
699	0,6923077
699	-3,3076923
699	25,6923077
699	17,6923077
700	16,6923077
700	2,6923077
700	5,6923077
700	-4,3076923
701	14,6923077
701	4,6923077
701	28,6923077
701	18,6923077
702	-4,3076923
702	20,6923077
702	19,6923077
702	-4,3076923
703	10,6923077
703	2,6923077
703	0,6923077
703	2,6923077
704	-7,3076923
704	21,6923077
704	10,6923077
704	49,6923077
705	20,6923077
705	27,6923077
705	37,6923077
706	32,6923077
706	24,6923077
706	6,6923077
706	15,6923077
707	26,6923077
707	-10,3076923
707	9,6923077
707	30,6923077
708	3,6923077
708	-2,3076923
708	9,6923077
708	10,6923077
709	-3,3076923
709	18,6923077
709	0,6923077
709	20,6923077
710	22,6923077
710	7,6923077
710	4,6923077
710	19,6923077
711	10,6923077
711	8,6923077
711	15,6923077
711	17,6923077
712	37,6923077
712	-2,3076923
712	8,6923077
712	17,6923077
713	0,6923077
713	11,6923077
713	15,6923077
713	1,6923077
714	39,6923077
714	13,6923077
714	5,6923077
714	-1,3076923
715	-0,3076923
715	-5,3076923
715	14,6923077
715	12,6923077
716	2,6923077
716	19,6923077
716	-5,3076923
716	4,6923077
717	6,6923077
717	17,6923077
717	42,6923077
717	36,6923077
718	9,6923077
718	8,6923077
718	-4,3076923
718	-0,3076923
719	4,6923077
719	-2,3076923
719	16,6923077
719	-29,3076923
720	-23,3076923
720	-15,3076923
720	18,6923077
720	18,6923077
721	10,6923077
721	12,6923077
721	28,6923077
721	-1,3076923
722	28,6923077
722	23,6923077
722	-3,3076923
722	-6,3076923
723	35,6923077
723	27,6923077
723	29,6923077
723	5,6923077
724	11,6923077
724	13,6923077
724	20,6923077
724	-10,3076923
725	-2,3076923
725	29,6923077
725	19,6923077
725	30,6923077
726	-8,3076923
726	10,6923077
726	37,6923077
726	29,6923077
727	9,6923077
727	-31,3076923
727	18,6923077
727	20,6923077
728	10,6923077
728	5,6923077
728	-11,3076923
728	3,6923077
729	-2,3076923
729	8,6923077
729	28,6923077
729	14,6923077
730	26,6923077
730	-8,3076923
730	-17,3076923
730	19,6923077
731	18,6923077
731	0,6923077
731	-3,3076923
731	17,6923077
732	13,6923077
732	2,6923077
732	2,6923077
732	30,6923077
733	41,6923077
733	10,6923077
733	14,6923077
733	9,6923077
734	4,6923077
734	11,6923077
734	14,6923077
734	12,6923077
735	16,6923077
735	2,6923077
735	32,6923077
735	31,6923077
736	-2,3076923
736	15,6923077
736	-3,3076923
736	34,6923077
737	15,6923077
737	-4,3076923
737	-15,3076923
737	43,6923077
738	11,6923077
738	24,6923077
738	10,6923077
738	30,6923077
739	30,6923077
739	32,6923077
739	-8,3076923
739	22,6923077
740	13,6923077
740	-4,3076923
740	-7,3076923
740	-7,3076923
741	-5,3076923
741	-10,3076923
741	-2,3076923
741	18,6923077
742	27,6923077
742	39,6923077
742	-8,3076923
742	-5,3076923
743	6,6923077
743	55,6923077
743	0,6923077
743	-2,3076923
744	25,6923077
744	23,6923077
744	20,6923077
744	8,6923077
745	13,6923077
745	12,6923077
745	3,6923077
745	-2,3076923
746	9,6923077
746	-6,3076923
746	12,6923077
746	34,6923077
747	27,6923077
747	21,6923077
747	22,6923077
747	9,6923077
748	16,6923077
748	19,6923077
748	4,6923077
748	24,6923077
749	-8,3076923
749	22,6923077
749	20,6923077
749	0,6923077
750	2,6923077
750	24,6923077
750	13,6923077
750	14,6923077
751	29,6923077
751	-3,3076923
751	5,6923077
751	14,6923077
752	15,6923077
752	-4,3076923
752	26,6923077
752	29,6923077
753	-6,3076923
753	7,6923077
753	2,6923077
753	19,6923077
754	9,6923077
754	0,6923077
754	-13,3076923
754	-1,3076923
755	-2,3076923
755	5,6923077
755	16,6923077
755	1,6923077
756	9,6923077
756	15,6923077
756	-5,3076923
756	25,6923077
757	-16,3076923
757	6,6923077
757	-19,3076923
757	4,6923077
758	1,6923077
758	8,6923077
758	3,6923077
758	39,6923077
759	37,6923077
759	26,6923077
759	11,6923077
759	2,6923077
760	13,6923077
760	14,6923077
760	-7,3076923
760	4,6923077
761	13,6923077
761	14,6923077
761	17,6923077
761	-0,3076923
762	14,6923077
762	1,6923077
762	25,6923077
762	-2,3076923
763	-12,3076923
763	8,6923077
763	18,6923077
763	26,6923077
764	14,6923077
764	-8,3076923
764	18,6923077
764	28,6923077
765	34,6923077
765	2,6923077
765	-10,3076923
765	18,6923077
766	-16,3076923
766	8,6923077
766	-5,3076923
766	16,6923077
767	6,6923077
767	10,6923077
767	13,6923077
767	15,6923077
768	15,6923077
768	4,6923077
768	-19,3076923
768	36,6923077
769	2,6923077
769	28,6923077
769	11,6923077
769	-3,3076923
770	25,6923077
770	-4,3076923
770	3,6923077
770	4,6923077
771	18,6923077
771	-7,3076923
771	27,6923077
771	34,6923077
772	21,6923077
772	-10,3076923
772	37,6923077
772	17,6923077
773	-20,3076923
773	17,6923077
773	13,6923077
773	0,6923077
774	-3,3076923
774	27,6923077
774	-9,3076923
774	8,6923077
775	12,6923077
775	-9,3076923
775	32,6923077
775	25,6923077
776	4,6923077
776	22,6923077
776	23,6923077
776	-25,3076923
777	1,6923077
777	0,6923077
777	20,6923077
777	3,6923077
778	5,6923077
778	13,6923077
778	-9,3076923
778	3,6923077
779	9,6923077
779	26,6923077
779	4,6923077
779	31,6923077
780	32,6923077
780	12,6923077
780	7,6923077
780	13,6923077
781	22,6923077
781	-1,3076923
781	1,6923077
781	-13,3076923
782	8,6923077
782	9,6923077
782	10,6923077
782	35,6923077
783	12,6923077
783	-4,3076923
783	-9,3076923
783	3,6923077
784	8,6923077
784	24,6923077
784	8,6923077
784	10,6923077
785	4,6923077
785	8,6923077
785	-4,3076923
785	8,6923077
786	7,6923077
786	9,6923077
786	3,6923077
786	35,6923077
787	3,6923077
787	-4,3076923
787	6,6923077
787	16,6923077
788	12,6923077
788	23,6923077
788	10,6923077
788	31,6923077
789	22,6923077
789	20,6923077
789	24,6923077
789	-6,3076923
790	9,6923077
790	1,6923077
790	19,6923077
790	5,6923077
791	11,6923077
791	4,6923077
791	7,6923077
791	-1,3076923
792	13,6923077
792	14,6923077
792	27,6923077
792	-5,3076923
793	11,6923077
793	37,6923077
793	18,6923077
793	27,6923077
794	30,6923077
794	-14,3076923
794	17,6923077
794	-16,3076923
795	0,6923077
795	24,6923077
795	19,6923077
795	1,6923077
796	14,6923077
796	18,6923077
796	-3,3076923
796	10,6923077
797	12,6923077
797	-15,3076923
797	10,6923077
797	-28,3076923
798	-5,3076923
798	10,6923077
798	28,6923077
798	42,6923077
799	-17,3076923
799	-1,3076923
799	-2,3076923
799	-21,3076923
800	-9,3076923
800	22,6923077
800	35,6923077
800	5,6923077
801	23,6923077
801	4,6923077
801	15,6923077
801	-2,3076923
802	11,6923077
802	20,6923077
802	11,6923077
802	24,6923077
803	-1,3076923
803	-3,3076923
803	7,6923077
803	16,6923077
804	17,6923077
804	2,6923077
804	-10,3076923
804	28,6923077
805	-7,3076923
805	-39,3076923
805	18,6923077
805	-13,3076923
806	6,6923077
806	-1,3076923
806	22,6923077
806	8,6923077
807	-0,3076923
807	10,6923077
807	7,6923077
807	20,6923077
808	2,6923077
808	2,6923077
808	-7,3076923
808	5,6923077
809	7,6923077
809	12,6923077
809	3,6923077
809	-12,3076923
810	5,6923077
810	17,6923077
810	-0,3076923
810	4,6923077
811	26,6923077
811	19,6923077
811	3,6923077
811	24,6923077
812	-6,3076923
812	12,6923077
812	1,6923077
812	-8,3076923
813	6,6923077
813	29,6923077
813	16,6923077
813	-1,3076923
814	15,6923077
814	-4,3076923
814	3,6923077
814	17,6923077
815	16,6923077
815	3,6923077
815	15,6923077
815	0,6923077
816	33,6923077
816	8,6923077
816	-0,3076923
816	12,6923077
817	-6,3076923
817	10,6923077
817	19,6923077
817	19,6923077
818	13,6923077
818	21,6923077
818	4,6923077
818	3,6923077
819	5,6923077
819	8,6923077
819	19,6923077
819	24,6923077
820	20,6923077
820	-7,3076923
820	-3,3076923
820	30,6923077
820	-3,3076923
821	-18,3076923
821	-6,3076923
821	9,6923077
821	9,6923077
822	35,6923077
822	-11,3076923
822	-33,3076923
822	10,6923077
823	6,6923077
823	13,6923077
823	26,6923077
823	-13,3076923
824	7,6923077
824	24,6923077
824	-10,3076923
824	27,6923077
825	19,6923077
825	44,6923077
825	21,6923077
825	14,6923077
826	25,6923077
826	24,6923077
826	18,6923077
826	6,6923077
827	-6,3076923
827	-26,3076923
827	24,6923077
827	7,6923077
828	30,6923077
828	-16,3076923
828	9,6923077
828	11,6923077
829	11,6923077
829	15,6923077
829	15,6923077
829	12,6923077
830	8,6923077
830	21,6923077
830	-9,3076923
830	-2,3076923
831	23,6923077
831	27,6923077
831	7,6923077
831	11,6923077
832	17,6923077
832	10,6923077
832	6,6923077
832	23,6923077
833	10,6923077
833	2,6923077
833	-14,3076923
833	27,6923077
834	44,6923077
834	17,6923077
834	16,6923077
834	-2,3076923
835	-3,3076923
835	28,6923077
835	6,6923077
835	25,6923077
836	-9,3076923
836	17,6923077
836	13,6923077
836	34,6923077
837	32,6923077
837	4,6923077
837	-0,3076923
837	5,6923077
838	-10,3076923
838	26,6923077
838	23,6923077
838	-2,3076923
839	15,6923077
839	14,6923077
839	17,6923077
839	38,6923077
840	17,6923077
840	-2,3076923
840	3,6923077
840	2,6923077
841	-11,3076923
841	28,6923077
841	22,6923077
841	19,6923077
842	13,6923077
842	22,6923077
842	8,6923077
842	31,6923077
843	10,6923077
843	7,6923077
843	5,6923077
843	12,6923077
844	6,6923077
844	17,6923077
844	17,6923077
844	-14,3076923
845	-0,3076923
845	17,6923077
845	21,6923077
845	20,6923077
845	20,6923077
846	-12,3076923
846	19,6923077
846	12,6923077
846	11,6923077
847	11,6923077
847	10,6923077
847	-3,3076923
847	15,6923077
848	2,6923077
848	-8,3076923
848	27,6923077
848	-6,3076923
849	-2,3076923
849	-13,3076923
849	35,6923077
849	33,6923077
850	28,6923077
850	10,6923077
850	7,6923077
850	34,6923077
851	3,6923077
851	-14,3076923
851	16,6923077
851	11,6923077
852	-28,3076923
852	-5,3076923
852	6,6923077
852	8,6923077
853	-2,3076923
853	3,6923077
853	-14,3076923
853	-0,3076923
854	-2,3076923
854	8,6923077
854	1,6923077
854	42,6923077
855	10,6923077
855	20,6923077
855	24,6923077
855	11,6923077
856	4,6923077
856	9,6923077
856	7,6923077
856	-9,3076923
857	-5,3076923
857	35,6923077
857	6,6923077
857	4,6923077
858	31,6923077
858	11,6923077
858	23,6923077
858	10,6923077
859	5,6923077
859	-2,3076923
859	29,6923077
859	2,6923077
860	-2,3076923
860	8,6923077
860	38,6923077
860	9,6923077
861	6,6923077
861	1,6923077
861	5,6923077
861	10,6923077
862	9,6923077
862	21,6923077
862	1,6923077
862	18,6923077
863	27,6923077
863	16,6923077
863	1,6923077
863	20,6923077
864	38,6923077
864	2,6923077
864	-9,3076923
864	2,6923077
864	11,6923077
865	18,6923077
865	-2,3076923
865	6,6923077
865	26,6923077
866	13,6923077
866	-7,3076923
866	6,6923077
866	21,6923077
867	13,6923077
867	3,6923077
867	-0,3076923
867	43,6923077
868	12,6923077
868	-11,3076923
868	18,6923077
868	17,6923077
869	15,6923077
869	7,6923077
869	-4,3076923
869	-5,3076923
870	27,6923077
870	27,6923077
870	20,6923077
870	17,6923077
871	-1,3076923
871	-1,3076923
871	2,6923077
871	-1,3076923
872	-2,3076923
872	4,6923077
872	-0,3076923
872	22,6923077
873	5,6923077
873	-17,3076923
873	3,6923077
873	26,6923077
874	-0,3076923
874	39,6923077
874	4,6923077
874	-7,3076923
875	13,6923077
875	-6,3076923
875	4,6923077
875	22,6923077
876	-9,3076923
876	1,6923077
876	16,6923077
876	2,6923077
877	16,6923077
877	-9,3076923
877	24,6923077
877	14,6923077
878	20,6923077
878	-14,3076923
878	23,6923077
878	16,6923077
879	23,6923077
879	8,6923077
879	6,6923077
879	4,6923077
880	-11,3076923
880	-3,3076923
880	12,6923077
880	17,6923077
880	16,6923077
881	37,6923077
881	29,6923077
881	-3,3076923
881	-6,3076923
882	1,6923077
882	2,6923077
882	16,6923077
882	6,6923077
883	-6,3076923
883	-11,3076923
883	16,6923077
883	10,6923077
884	23,6923077
884	11,6923077
884	-1,3076923
884	7,6923077
885	12,6923077
885	14,6923077
885	14,6923077
885	16,6923077
886	11,6923077
886	11,6923077
886	1,6923077
886	32,6923077
887	25,6923077
887	6,6923077
887	-19,3076923
887	-14,3076923
888	3,6923077
888	13,6923077
888	-0,3076923
888	-8,3076923
889	-7,3076923
889	21,6923077
889	-13,3076923
889	25,6923077
890	19,6923077
890	-27,3076923
890	17,6923077
890	-5,3076923
891	23,6923077
891	6,6923077
891	5,6923077
891	9,6923077
892	-27,3076923
892	0,6923077
892	-7,3076923
892	29,6923077
893	-4,3076923
893	-5,3076923
893	2,6923077
893	11,6923077
894	13,6923077
894	-6,3076923
894	13,6923077
894	9,6923077
894	-1,3076923
895	4,6923077
895	3,6923077
895	19,6923077
895	-5,3076923
896	15,6923077
896	15,6923077
896	14,6923077
896	23,6923077
897	39,6923077
897	27,6923077
897	31,6923077
897	29,6923077
898	30,6923077
898	10,6923077
898	6,6923077
898	-2,3076923
899	-22,3076923
899	-16,3076923
899	3,6923077
899	6,6923077
900	9,6923077
900	7,6923077
900	4,6923077
900	15,6923077
901	25,6923077
901	21,6923077
901	29,6923077
901	18,6923077
902	23,6923077
902	10,6923077
902	8,6923077
902	4,6923077
903	6,6923077
903	19,6923077
903	-30,3076923
903	24,6923077
904	-11,3076923
904	17,6923077
904	27,6923077
904	14,6923077
905	15,6923077
905	29,6923077
905	32,6923077
905	29,6923077
906	25,6923077
906	-6,3076923
906	-14,3076923
906	9,6923077
906	-5,3076923
907	16,6923077
907	21,6923077
907	15,6923077
907	11,6923077
908	-1,3076923
908	36,6923077
908	35,6923077
908	-17,3076923
909	11,6923077
909	-1,3076923
909	-3,3076923
909	6,6923077
910	7,6923077
910	-3,3076923
910	20,6923077
910	9,6923077
911	9,6923077
911	-13,3076923
911	26,6923077
911	17,6923077
912	27,6923077
912	8,6923077
912	5,6923077
912	18,6923077
913	12,6923077
913	-0,3076923
913	22,6923077
913	-2,3076923
914	15,6923077
914	8,6923077
914	2,6923077
914	3,6923077
915	-4,3076923
915	5,6923077
915	25,6923077
915	17,6923077
916	16,6923077
916	27,6923077
916	30,6923077
916	36,6923077
917	20,6923077
917	32,6923077
917	15,6923077
917	3,6923077
917	0,6923077
918	7,6923077
918	11,6923077
918	5,6923077
918	2,6923077
919	2,6923077
919	16,6923077
919	41,6923077
919	-5,3076923
920	5,6923077
920	17,6923077
920	34,6923077
920	28,6923077
921	2,6923077
921	25,6923077
921	10,6923077
921	4,6923077
922	15,6923077
922	6,6923077
922	10,6923077
922	-26,3076923
923	-1,3076923
923	7,6923077
923	4,6923077
923	9,6923077
924	12,6923077
924	13,6923077
924	11,6923077
924	4,6923077
925	-19,3076923
925	9,6923077
925	28,6923077
925	30,6923077
926	-12,3076923
926	12,6923077
926	20,6923077
926	11,6923077
927	-12,3076923
927	22,6923077
927	2,6923077
927	1,6923077
928	6,6923077
928	-15,3076923
928	-12,3076923
928	8,6923077
928	13,6923077
929	23,6923077
929	-5,3076923
929	5,6923077
929	-5,3076923
930	-5,3076923
930	2,6923077
930	-17,3076923
930	22,6923077
931	-8,3076923
931	12,6923077
931	19,6923077
931	18,6923077
932	13,6923077
932	19,6923077
932	9,6923077
932	8,6923077
933	27,6923077
933	-8,3076923
933	19,6923077
933	-11,3076923
934	9,6923077
934	32,6923077
934	12,6923077
934	14,6923077
935	27,6923077
935	4,6923077
935	10,6923077
935	26,6923077
936	-11,3076923
936	26,6923077
936	-8,3076923
936	7,6923077
937	38,6923077
937	35,6923077
937	31,6923077
937	10,6923077
938	4,6923077
938	30,6923077
938	26,6923077
938	11,6923077
938	8,6923077
939	20,6923077
939	8,6923077
939	18,6923077
939	7,6923077
940	27,6923077
940	8,6923077
940	-12,3076923
940	-22,3076923
941	3,6923077
941	9,6923077
941	-20,3076923
941	11,6923077
942	0,6923077
942	22,6923077
942	13,6923077
942	24,6923077
943	35,6923077
943	5,6923077
943	11,6923077
943	30,6923077
944	-11,3076923
944	6,6923077
944	42,6923077
944	25,6923077
945	22,6923077
945	31,6923077
945	4,6923077
945	-0,3076923
946	2,6923077
946	17,6923077
946	6,6923077
946	8,6923077
947	41,6923077
947	17,6923077
947	-1,3076923
947	25,6923077
947	7,6923077
948	-4,3076923
948	3,6923077
948	11,6923077
948	2,6923077
949	11,6923077
949	4,6923077
949	14,6923077
949	5,6923077
950	7,6923077
950	6,6923077
950	5,6923077
950	-3,3076923
951	-3,3076923
951	-4,3076923
951	2,6923077
951	2,6923077
952	19,6923077
952	32,6923077
952	10,6923077
952	37,6923077
953	13,6923077
953	15,6923077
953	25,6923077
953	6,6923077
954	-10,3076923
954	1,6923077
954	6,6923077
954	-5,3076923
955	-3,3076923
955	28,6923077
955	-9,3076923
955	-11,3076923
956	42,6923077
956	4,6923077
956	24,6923077
956	4,6923077
956	-13,3076923
957	5,6923077
957	18,6923077
957	26,6923077
957	7,6923077
958	16,6923077
958	-12,3076923
958	14,6923077
958	32,6923077
959	-8,3076923
959	-3,3076923
959	2,6923077
959	6,6923077
960	47,6923077
960	32,6923077
960	14,6923077
960	-3,3076923
961	0,6923077
961	11,6923077
961	-5,3076923
961	-7,3076923
962	-3,3076923
962	-19,3076923
962	-7,3076923
962	12,6923077
963	-0,3076923
963	-0,3076923
963	6,6923077
963	3,6923077
964	2,6923077
964	34,6923077
964	-4,3076923
964	-12,3076923
964	5,6923077
965	22,6923077
965	-15,3076923
965	11,6923077
965	6,6923077
966	26,6923077
966	18,6923077
966	8,6923077
966	16,6923077
967	7,6923077
967	5,6923077
967	24,6923077
967	-2,3076923
968	7,6923077
968	23,6923077
968	3,6923077
968	32,6923077
969	-9,3076923
969	-15,3076923
969	4,6923077
969	-3,3076923
970	14,6923077
970	-11,3076923
970	-5,3076923
970	13,6923077
971	-0,3076923
971	9,6923077
971	35,6923077
971	0,6923077
972	8,6923077
972	-5,3076923
972	17,6923077
972	11,6923077
972	-12,3076923
973	-20,3076923
973	10,6923077
973	13,6923077
973	-7,3076923
974	-8,3076923
974	18,6923077
974	20,6923077
974	14,6923077
975	21,6923077
975	14,6923077
975	16,6923077
975	13,6923077
976	-21,3076923
976	0,6923077
976	-3,3076923
976	-4,3076923
977	-4,3076923
977	5,6923077
977	-4,3076923
977	23,6923077
978	23,6923077
978	11,6923077
978	-4,3076923
978	31,6923077
979	21,6923077
979	-2,3076923
979	16,6923077
979	24,6923077
980	3,6923077
980	19,6923077
980	14,6923077
980	17,6923077
980	-2,3076923
981	6,6923077
981	11,6923077
981	18,6923077
981	6,6923077
982	-6,3076923
982	-5,3076923
982	22,6923077
982	-5,3076923
983	16,6923077
983	6,6923077
983	16,6923077
983	13,6923077
984	17,6923077
984	13,6923077
984	8,6923077
984	6,6923077
985	-1,3076923
985	7,6923077
985	20,6923077
985	13,6923077
986	21,6923077
986	-1,3076923
986	3,6923077
986	5,6923077
987	-14,3076923
987	20,6923077
987	18,6923077
987	-2,3076923
988	5,6923077
988	-2,3076923
988	-9,3076923
988	37,6923077
988	32,6923077
989	12,6923077
989	24,6923077
989	-1,3076923
989	9,6923077
990	12,6923077
990	-6,3076923
990	-5,3076923
990	17,6923077
991	-1,3076923
991	14,6923077
991	3,6923077
991	12,6923077
992	6,6923077
992	9,6923077
992	2,6923077
992	8,6923077
993	4,6923077
993	-2,3076923
993	13,6923077
993	19,6923077
994	22,6923077
994	-0,3076923
994	22,6923077
994	15,6923077
995	17,6923077
995	9,6923077
995	1,6923077
995	25,6923077
995	8,6923077
996	12,6923077
996	31,6923077
996	17,6923077
996	24,6923077
997	22,6923077
997	-5,3076923
997	16,6923077
997	51,6923077
998	4,6923077
998	9,6923077
998	19,6923077
998	46,6923077
999	-2,3076923
999	-11,3076923
999	22,6923077
999	4,6923077
1000	7,6923077
1000	29,6923077
1000	32,6923077
1000	-9,3076923
1001	27,6923077
1001	13,6923077
1001	18,6923077
1001	-16,3076923
1002	6,6923077
1002	6,6923077
1002	34,6923077
1002	50,6923077
1002	16,6923077
1003	6,6923077
1003	5,6923077
1003	28,6923077
1003	15,6923077
1004	9,6923077
1004	12,6923077
1004	40,6923077
1004	38,6923077
1005	-12,3076923
1005	-4,3076923
1005	16,6923077
1005	17,6923077
1006	-20,3076923
1006	14,6923077
1006	7,6923077
1006	3,6923077
1007	13,6923077
1007	19,6923077
1007	-9,3076923
1007	-16,3076923
1008	-5,3076923
1008	13,6923077
1008	13,6923077
1008	6,6923077
1008	10,6923077
1009	23,6923077
1009	1,6923077
1009	34,6923077
1009	40,6923077
1010	6,6923077
1010	-4,3076923
1010	14,6923077
1010	8,6923077
1011	5,6923077
1011	46,6923077
1011	23,6923077
1011	28,6923077
1012	12,6923077
1012	6,6923077
1012	6,6923077
1012	12,6923077
1013	-18,3076923
1013	10,6923077
1013	11,6923077
1013	19,6923077
1014	7,6923077
1014	5,6923077
1014	29,6923077
1014	19,6923077
1015	9,6923077
1015	7,6923077
1015	4,6923077
1015	1,6923077
1015	26,6923077
1016	22,6923077
1016	9,6923077
1016	-12,3076923
1016	-9,3076923
1017	22,6923077
1017	0,6923077
1017	-2,3076923
1017	-17,3076923
1018	-0,3076923
1018	18,6923077
1018	9,6923077
1018	0,6923077
1019	0,6923077
1019	14,6923077
1019	3,6923077
1019	24,6923077
1020	7,6923077
1020	10,6923077
1020	7,6923077
1020	8,6923077
1021	7,6923077
1021	20,6923077
1021	44,6923077
1021	3,6923077
1021	9,6923077
1022	21,6923077
1022	25,6923077
1022	10,6923077
1022	-0,3076923
1023	-2,3076923
1023	13,6923077
1023	5,6923077
1023	18,6923077
1024	3,6923077
1024	4,6923077
1024	2,6923077
1024	10,6923077
1025	23,6923077
1025	-8,3076923
1025	-7,3076923
1025	22,6923077
1026	26,6923077
1026	21,6923077
1026	8,6923077
1026	29,6923077
1027	34,6923077
1027	9,6923077
1027	9,6923077
1027	15,6923077
1027	-23,3076923
1028	-23,3076923
1028	-15,3076923
1028	7,6923077
1028	18,6923077
1029	-2,3076923
1029	-9,3076923
1029	5,6923077
1029	14,6923077
1030	6,6923077
1030	27,6923077
1030	-5,3076923
1030	-3,3076923
1031	21,6923077
1031	13,6923077
1031	12,6923077
1031	-24,3076923
1032	17,6923077
1032	37,6923077
1032	-13,3076923
1032	25,6923077
1033	14,6923077
1033	30,6923077
1033	29,6923077
1033	16,6923077
1034	14,6923077
1034	-2,3076923
1034	-8,3076923
1034	-0,3076923
1034	-14,3076923
1035	-1,3076923
1035	-9,3076923
1035	2,6923077
1035	-10,3076923
1036	39,6923077
1036	32,6923077
1036	12,6923077
1036	3,6923077
1037	-1,3076923
1037	-5,3076923
1037	-0,3076923
1037	8,6923077
1038	-1,3076923
1038	6,6923077
1038	-16,3076923
1038	21,6923077
1039	-0,3076923
1039	12,6923077
1039	4,6923077
1039	15,6923077
1039	14,6923077
1040	-10,3076923
1040	16,6923077
1040	25,6923077
1040	5,6923077
1041	27,6923077
1041	13,6923077
1041	-4,3076923
1041	20,6923077
1042	27,6923077
1042	30,6923077
1042	17,6923077
1042	21,6923077
1043	31,6923077
1043	46,6923077
1043	26,6923077
1043	17,6923077
1044	8,6923077
1044	-9,3076923
1044	12,6923077
1044	-7,3076923
1045	7,6923077
1045	-14,3076923
1045	-10,3076923
1045	-21,3076923
1045	-11,3076923
1046	4,6923077
1046	23,6923077
1046	9,6923077
1046	11,6923077
1047	8,6923077
1047	-0,3076923
1047	7,6923077
1047	21,6923077
1048	19,6923077
1048	20,6923077
1048	12,6923077
1048	16,6923077
1049	-10,3076923
1049	11,6923077
1049	21,6923077
1049	17,6923077
1050	-13,3076923
1050	8,6923077
1050	30,6923077
1050	-0,3076923
1051	24,6923077
1051	9,6923077
1051	0,6923077
1051	-13,3076923
1051	1,6923077
1052	-18,3076923
1052	8,6923077
1052	17,6923077
1052	-12,3076923
1053	3,6923077
1053	0,6923077
1053	19,6923077
1053	-2,3076923
1054	7,6923077
1054	5,6923077
1054	11,6923077
1054	-3,3076923
1055	12,6923077
1055	5,6923077
1055	22,6923077
1055	22,6923077
1056	15,6923077
1056	-0,3076923
1056	-5,3076923
1056	10,6923077
1056	0,6923077
1057	29,6923077
1057	-4,3076923
1057	39,6923077
1057	28,6923077
1058	1,6923077
1058	7,6923077
1058	5,6923077
1058	25,6923077
1059	22,6923077
1059	8,6923077
1059	-10,3076923
1059	10,6923077
1060	44,6923077
1060	26,6923077
1060	14,6923077
1060	18,6923077
1061	36,6923077
1061	34,6923077
1061	31,6923077
1061	8,6923077
1062	-1,3076923
1062	2,6923077
1062	6,6923077
1062	33,6923077
1062	26,6923077
1063	-13,3076923
1063	-7,3076923
1063	13,6923077
1063	3,6923077
1064	1,6923077
1064	18,6923077
1064	5,6923077
1064	-2,3076923
1065	18,6923077
1065	-11,3076923
1065	-8,3076923
1065	9,6923077
1066	20,6923077
1066	11,6923077
1066	4,6923077
1066	31,6923077
1067	3,6923077
1067	34,6923077
1067	13,6923077
1067	19,6923077
1067	2,6923077
1068	4,6923077
1068	35,6923077
1068	10,6923077
1068	32,6923077
1069	7,6923077
1069	21,6923077
1069	16,6923077
1069	20,6923077
1070	16,6923077
1070	11,6923077
1070	17,6923077
1070	14,6923077
1071	6,6923077
1071	26,6923077
1071	19,6923077
1071	30,6923077
1072	5,6923077
1072	23,6923077
1072	2,6923077
1072	-15,3076923
1072	0,6923077
1073	-4,3076923
1073	-0,3076923
1073	-20,3076923
1073	-8,3076923
1074	-6,3076923
1074	-0,3076923
1074	21,6923077
1074	1,6923077
1075	21,6923077
1075	3,6923077
1075	0,6923077
1075	15,6923077
1076	-3,3076923
1076	-4,3076923
1076	4,6923077
1076	-5,3076923
1077	20,6923077
1077	-3,3076923
1077	12,6923077
1077	-3,3076923
1077	21,6923077
1078	1,6923077
1078	-8,3076923
1078	5,6923077
1078	-4,3076923
1079	25,6923077
1079	15,6923077
1079	-5,3076923
1079	27,6923077
1080	31,6923077
1080	-1,3076923
1080	13,6923077
1080	23,6923077
1081	-0,3076923
1081	7,6923077
1081	15,6923077
1081	13,6923077
1082	6,6923077
1082	0,6923077
1082	9,6923077
1082	-2,3076923
1082	9,6923077
1083	19,6923077
1083	16,6923077
1083	21,6923077
1083	-15,3076923
1084	9,6923077
1084	19,6923077
1084	10,6923077
1084	24,6923077
1085	17,6923077
1085	-7,3076923
1085	30,6923077
1085	12,6923077
1086	-6,3076923
1086	22,6923077
1086	12,6923077
1086	-2,3076923
1087	-7,3076923
1087	6,6923077
1087	17,6923077
1087	21,6923077
1087	38,6923077
1088	15,6923077
1088	23,6923077
1088	9,6923077
1088	8,6923077
1089	11,6923077
1089	2,6923077
1089	-3,3076923
1089	6,6923077
1090	17,6923077
1090	7,6923077
1090	10,6923077
1090	-7,3076923
1091	14,6923077
1091	17,6923077
1091	-12,3076923
1091	16,6923077
1092	17,6923077
1092	14,6923077
1092	-1,3076923
1092	5,6923077
1092	15,6923077
1093	1,6923077
1093	11,6923077
1093	-12,3076923
1093	7,6923077
1094	9,6923077
1094	-14,3076923
1094	3,6923077
1094	1,6923077
1095	10,6923077
1095	37,6923077
1095	17,6923077
1095	26,6923077
1096	6,6923077
1096	-33,3076923
1096	-16,3076923
1096	12,6923077
1097	-1,3076923
1097	-6,3076923
1097	0,6923077
1097	22,6923077
1097	3,6923077
1098	18,6923077
1098	29,6923077
1098	5,6923077
1098	6,6923077
1099	15,6923077
1099	7,6923077
1099	-0,3076923
1099	12,6923077
1100	2,6923077
1100	-12,3076923
1100	21,6923077
1100	12,6923077
1101	8,6923077
1101	12,6923077
1101	49,6923077
1101	15,6923077
1101	19,6923077
1102	17,6923077
1102	29,6923077
1102	-5,3076923
1102	-0,3076923
1103	17,6923077
1103	20,6923077
1103	14,6923077
1103	-4,3076923
1104	-4,3076923
1104	-13,3076923
1104	-4,3076923
1104	23,6923077
1105	16,6923077
1105	21,6923077
1105	-3,3076923
1105	21,6923077
1106	43,6923077
1106	14,6923077
1106	-6,3076923
1106	-2,3076923
1106	-6,3076923
1107	4,6923077
1107	49,6923077
1107	17,6923077
1107	22,6923077
1108	-3,3076923
1108	4,6923077
1108	26,6923077
1108	4,6923077
1109	-8,3076923
1109	10,6923077
1109	5,6923077
1109	10,6923077
1110	13,6923077
1110	33,6923077
1110	42,6923077
1110	8,6923077
1110	3,6923077
1111	9,6923077
1111	32,6923077
1111	-2,3076923
1111	6,6923077
1112	2,6923077
1112	19,6923077
1112	29,6923077
1112	0,6923077
1113	-5,3076923
1113	-21,3076923
1113	-6,3076923
1113	25,6923077
1114	42,6923077
1114	-4,3076923
1114	11,6923077
1114	26,6923077
1115	3,6923077
1115	15,6923077
1115	0,6923077
1115	-10,3076923
1115	23,6923077
1116	17,6923077
1116	15,6923077
1116	0,6923077
1116	-11,3076923
1117	18,6923077
1117	0,6923077
1117	10,6923077
1117	6,6923077
1118	21,6923077
