196	-18,6923077
196	-18,6923077
196	-18,6923077
197	0,3076923
197	-14,6923077
197	23,3076923
197	17,3076923
198	-10,6923077
198	21,3076923
198	-6,6923077
199	-12,6923077
199	8,3076923
199	30,3076923
199	4,3076923
200	38,3076923
200	1,3076923
200	9,3076923
200	6,3076923
201	5,3076923
201	12,3076923
201	4,3076923
201	3,3076923
202	25,3076923
202	23,3076923
202	-16,6923077
203	17,3076923
203	-10,6923077
203	44,3076923
203	19,3076923
204	24,3076923
204	23,3076923
204	-5,6923077
204	16,3076923
205	-3,6923077
205	-20,6923077
205	-17,6923077
205	3,3076923
206	-13,6923077
206	9,3076923
206	14,3076923
207	-15,6923077
207	-1,6923077
207	1,3076923
207	-14,6923077
208	10,3076923
208	18,3076923
208	4,3076923
208	-4,6923077
209	10,3076923
209	-3,6923077
209	19,3076923
209	-13,6923077
210	16,3076923
210	-6,6923077
210	-12,6923077
211	-4,6923077
211	-2,6923077
211	-16,6923077
211	-1,6923077
212	-5,6923077
212	-8,6923077
212	10,3076923
212	6,3076923
213	22,3076923
213	-26,6923077
213	13,3076923
213	28,3076923
214	21,3076923
214	-5,6923077
214	11,3076923
215	4,3076923
215	-18,6923077
215	-1,6923077
215	11,3076923
216	13,3076923
216	0,3076923
216	35,3076923
216	1,3076923
217	2,3076923
217	2,3076923
217	20,3076923
217	-5,6923077
218	-8,6923077
218	-21,6923077
218	-16,6923077
219	14,3076923
219	-11,6923077
219	10,3076923
219	6,3076923
220	4,3076923
220	-12,6923077
220	2,3076923
220	-2,6923077
221	0,3076923
221	-4,6923077
221	13,3076923
221	-7,6923077
222	29,3076923
222	5,3076923
222	-15,6923077
223	10,3076923
223	-15,6923077
223	-7,6923077
223	-38,6923077
224	4,3076923
224	-6,6923077
224	-3,6923077
224	-13,6923077
225	-5,6923077
225	0,3076923
225	12,3076923
225	22,3076923
226	21,3076923
226	-5,6923077
226	19,3076923
227	7,3076923
227	11,3076923
227	9,3076923
227	21,3076923
228	0,3076923
228	-10,6923077
228	16,3076923
228	25,3076923
229	16,3076923
229	1,3076923
229	9,3076923
229	25,3076923
230	21,3076923
230	-15,6923077
230	-6,6923077
231	-3,6923077
231	-4,6923077
231	-23,6923077
231	30,3076923
232	16,3076923
232	-2,6923077
232	13,3076923
232	-0,6923077
233	-1,6923077
233	1,3076923
233	15,3076923
233	13,3076923
234	-31,6923077
234	2,3076923
234	-17,6923077
235	-1,6923077
235	37,3076923
235	23,3076923
235	18,3076923
236	2,3076923
236	-2,6923077
236	0,3076923
236	8,3076923
237	29,3076923
237	-4,6923077
237	0,3076923
237	7,3076923
238	25,3076923
238	-9,6923077
238	11,3076923
239	-9,6923077
239	-12,6923077
239	-1,6923077
239	-1,6923077
240	4,3076923
240	-9,6923077
240	0,3076923
240	8,3076923
241	16,3076923
241	21,3076923
241	14,3076923
241	-5,6923077
242	-30,6923077
242	-20,6923077
242	-3,6923077
243	-5,6923077
243	0,3076923
243	-8,6923077
243	7,3076923
244	-5,6923077
244	-14,6923077
244	9,3076923
244	-3,6923077
245	4,3076923
245	8,3076923
245	-5,6923077
245	18,3076923
246	-6,6923077
246	22,3076923
246	-6,6923077
247	-4,6923077
247	-5,6923077
247	10,3076923
247	29,3076923
248	-15,6923077
248	1,3076923
248	8,3076923
248	17,3076923
249	21,3076923
249	-3,6923077
249	-13,6923077
249	8,3076923
250	34,3076923
250	30,3076923
250	8,3076923
251	-6,6923077
251	32,3076923
251	20,3076923
251	-33,6923077
252	-2,6923077
252	21,3076923
252	35,3076923
252	22,3076923
253	21,3076923
253	-2,6923077
253	-12,6923077
253	18,3076923
254	18,3076923
254	5,3076923
254	3,3076923
254	14,3076923
255	-12,6923077
255	-0,6923077
255	-8,6923077
256	-19,6923077
256	-12,6923077
256	-8,6923077
256	21,3076923
257	12,3076923
257	3,3076923
257	10,3076923
257	13,3076923
258	34,3076923
258	-3,6923077
258	5,3076923
258	1,3076923
259	23,3076923
259	18,3076923
259	17,3076923
260	-9,6923077
260	-32,6923077
260	3,3076923
260	2,3076923
261	9,3076923
261	23,3076923
261	33,3076923
261	7,3076923
262	50,3076923
262	22,3076923
262	5,3076923
262	-16,6923077
263	16,3076923
263	9,3076923
263	8,3076923
264	11,3076923
264	23,3076923
264	22,3076923
264	15,3076923
265	2,3076923
265	-14,6923077
265	14,3076923
265	-9,6923077
266	14,3076923
266	20,3076923
266	-13,6923077
266	-30,6923077
267	19,3076923
267	11,3076923
267	16,3076923
268	22,3076923
268	-4,6923077
268	15,3076923
268	43,3076923
269	11,3076923
269	13,3076923
269	-9,6923077
269	15,3076923
270	12,3076923
270	10,3076923
270	-8,6923077
270	21,3076923
271	2,3076923
271	17,3076923
271	27,3076923
271	-13,6923077
272	-17,6923077
272	1,3076923
272	-15,6923077
273	20,3076923
273	-3,6923077
273	14,3076923
273	8,3076923
274	-1,6923077
274	-2,6923077
274	23,3076923
274	-0,6923077
275	27,3076923
275	11,3076923
275	9,3076923
275	2,3076923
276	38,3076923
276	16,3076923
276	-16,6923077
277	13,3076923
277	32,3076923
277	19,3076923
277	18,3076923
278	16,3076923
278	36,3076923
278	-4,6923077
278	1,3076923
279	-1,6923077
279	25,3076923
279	19,3076923
279	26,3076923
280	-0,6923077
280	-2,6923077
280	-13,6923077
280	-8,6923077
281	10,3076923
281	34,3076923
281	11,3076923
282	-8,6923077
282	14,3076923
282	2,3076923
282	-12,6923077
283	-18,6923077
283	-14,6923077
283	-2,6923077
283	26,3076923
284	3,3076923
284	-6,6923077
284	-6,6923077
284	-2,6923077
285	-10,6923077
285	1,3076923
285	13,3076923
286	38,3076923
286	11,3076923
286	-16,6923077
286	-7,6923077
287	9,3076923
287	3,3076923
287	-4,6923077
287	26,3076923
288	28,3076923
288	6,3076923
288	6,3076923
288	25,3076923
289	8,3076923
289	15,3076923
289	15,3076923
290	20,3076923
290	14,3076923
290	5,3076923
290	2,3076923
291	25,3076923
291	-2,6923077
291	-9,6923077
291	-2,6923077
292	28,3076923
292	18,3076923
292	3,3076923
292	21,3076923
293	16,3076923
293	22,3076923
293	37,3076923
293	44,3076923
294	15,3076923
294	11,3076923
294	18,3076923
295	49,3076923
295	26,3076923
295	21,3076923
295	15,3076923
296	21,3076923
296	25,3076923
296	45,3076923
296	-0,6923077
297	15,3076923
297	14,3076923
297	34,3076923
297	43,3076923
298	39,3076923
298	6,3076923
298	24,3076923
299	10,3076923
299	41,3076923
299	18,3076923
299	18,3076923
300	3,3076923
300	15,3076923
300	0,3076923
300	39,3076923
301	3,3076923
301	9,3076923
301	-8,6923077
301	7,3076923
302	-1,6923077
302	15,3076923
302	32,3076923
302	32,3076923
303	21,3076923
303	-0,6923077
303	-8,6923077
304	-7,6923077
304	22,3076923
304	20,3076923
304	14,3076923
305	30,3076923
305	44,3076923
305	29,3076923
305	-13,6923077
306	-3,6923077
306	10,3076923
306	5,3076923
306	45,3076923
307	18,3076923
307	36,3076923
307	33,3076923
307	40,3076923
308	13,3076923
308	44,3076923
308	64,3076923
309	40,3076923
309	43,3076923
309	49,3076923
309	59,3076923
310	58,3076923
310	58,3076923
310	71,3076923
310	59,3076923
311	98,3076923
311	127,3076923
311	126,3076923
311	105,3076923
312	140,3076923
312	152,3076923
312	132,3076923
313	151,3076923
313	175,3076923
313	175,3076923
313	167,3076923
314	180,3076923
314	174,3076923
314	168,3076923
314	146,3076923
315	140,3076923
315	170,3076923
315	180,3076923
315	154,3076923
316	154,3076923
316	174,3076923
316	159,3076923
316	162,3076923
317	132,3076923
317	97,3076923
317	107,3076923
318	137,3076923
318	102,3076923
318	116,3076923
318	93,3076923
319	82,3076923
319	54,3076923
319	57,3076923
319	58,3076923
320	44,3076923
320	47,3076923
320	62,3076923
320	38,3076923
321	44,3076923
321	31,3076923
321	2,3076923
321	21,3076923
322	8,3076923
322	9,3076923
322	10,3076923
323	-4,6923077
323	12,3076923
323	5,3076923
323	15,3076923
324	18,3076923
324	19,3076923
324	-9,6923077
324	29,3076923
325	6,3076923
325	-9,6923077
325	9,3076923
325	20,3076923
326	-10,6923077
326	12,3076923
326	24,3076923
327	28,3076923
327	27,3076923
327	24,3076923
327	6,3076923
328	16,3076923
328	18,3076923
328	44,3076923
328	35,3076923
329	9,3076923
329	2,3076923
329	22,3076923
329	68,3076923
330	54,3076923
330	57,3076923
330	69,3076923
330	98,3076923
331	84,3076923
331	68,3076923
331	121,3076923
332	141,3076923
332	157,3076923
332	197,3076923
332	210,3076923
333	215,3076923
333	203,3076923
333	222,3076923
333	211,3076923
334	249,3076923
334	237,3076923
334	244,3076923
334	271,3076923
335	235,3076923
335	243,3076923
335	252,3076923
335	283,3076923
336	260,3076923
336	337,3076923
336	298,3076923
337	290,3076923
337	318,3076923
337	320,3076923
337	354,3076923
338	346,3076923
338	286,3076923
338	251,3076923
338	287,3076923
339	272,3076923
339	228,3076923
339	227,3076923
339	228,3076923
340	185,3076923
340	145,3076923
340	125,3076923
340	112,3076923
341	108,3076923
341	144,3076923
341	172,3076923
342	167,3076923
342	136,3076923
342	120,3076923
342	90,3076923
343	64,3076923
343	48,3076923
343	33,3076923
343	59,3076923
344	54,3076923
344	26,3076923
344	67,3076923
344	24,3076923
345	6,3076923
345	20,3076923
345	13,3076923
345	50,3076923
346	24,3076923
346	38,3076923
346	6,3076923
347	9,3076923
347	34,3076923
347	25,3076923
347	2,3076923
348	12,3076923
348	19,3076923
348	65,3076923
348	44,3076923
349	50,3076923
349	28,3076923
349	53,3076923
349	45,3076923
350	55,3076923
350	66,3076923
350	111,3076923
350	111,3076923
351	91,3076923
351	72,3076923
351	100,3076923
352	115,3076923
352	151,3076923
352	169,3076923
352	182,3076923
353	198,3076923
353	213,3076923
353	190,3076923
353	207,3076923
354	199,3076923
354	254,3076923
354	271,3076923
354	225,3076923
355	230,3076923
355	246,3076923
355	219,3076923
355	218,3076923
356	210,3076923
356	216,3076923
356	238,3076923
357	230,3076923
357	207,3076923
357	253,3076923
357	268,3076923
358	287,3076923
358	320,3076923
358	263,3076923
358	232,3076923
359	180,3076923
359	182,3076923
359	189,3076923
359	198,3076923
360	177,3076923
360	153,3076923
360	138,3076923
360	144,3076923
361	123,3076923
361	124,3076923
361	130,3076923
362	176,3076923
362	180,3076923
362	148,3076923
362	128,3076923
363	85,3076923
363	83,3076923
363	80,3076923
363	61,3076923
364	55,3076923
364	50,3076923
364	37,3076923
364	23,3076923
365	36,3076923
365	53,3076923
365	3,3076923
365	26,3076923
366	17,3076923
366	26,3076923
366	28,3076923
367	23,3076923
367	49,3076923
367	37,3076923
367	37,3076923
368	10,3076923
368	31,3076923
368	46,3076923
368	39,3076923
369	-5,6923077
369	28,3076923
369	44,3076923
369	36,3076923
370	52,3076923
370	32,3076923
370	22,3076923
370	53,3076923
371	61,3076923
371	56,3076923
371	58,3076923
371	88,3076923
372	63,3076923
372	47,3076923
372	60,3076923
373	84,3076923
373	84,3076923
373	67,3076923
373	66,3076923
374	65,3076923
374	96,3076923
374	101,3076923
374	95,3076923
375	101,3076923
375	117,3076923
375	144,3076923
375	129,3076923
376	139,3076923
376	140,3076923
376	130,3076923
376	113,3076923
377	95,3076923
377	114,3076923
377	135,3076923
378	131,3076923
378	111,3076923
378	122,3076923
378	109,3076923
379	122,3076923
379	113,3076923
379	139,3076923
379	120,3076923
380	137,3076923
380	124,3076923
380	162,3076923
380	110,3076923
381	127,3076923
381	116,3076923
381	119,3076923
381	93,3076923
382	102,3076923
382	83,3076923
382	71,3076923
383	50,3076923
383	74,3076923
383	88,3076923
383	72,3076923
384	66,3076923
384	74,3076923
384	85,3076923
384	108,3076923
385	82,3076923
385	92,3076923
385	105,3076923
385	108,3076923
386	72,3076923
386	68,3076923
386	59,3076923
386	45,3076923
387	54,3076923
387	31,3076923
387	35,3076923
387	35,3076923
388	35,3076923
388	53,3076923
388	47,3076923
389	36,3076923
389	23,3076923
389	30,3076923
389	44,3076923
390	11,3076923
390	27,3076923
390	46,3076923
390	22,3076923
391	30,3076923
391	35,3076923
391	39,3076923
391	25,3076923
392	34,3076923
392	51,3076923
392	47,3076923
392	53,3076923
393	46,3076923
393	35,3076923
393	47,3076923
394	51,3076923
394	30,3076923
394	55,3076923
394	83,3076923
395	35,3076923
395	59,3076923
395	60,3076923
395	72,3076923
396	50,3076923
396	59,3076923
396	46,3076923
396	74,3076923
397	42,3076923
397	70,3076923
397	72,3076923
397	79,3076923
398	82,3076923
398	66,3076923
398	71,3076923
398	69,3076923
399	54,3076923
399	72,3076923
399	70,3076923
400	69,3076923
400	56,3076923
400	74,3076923
400	59,3076923
401	58,3076923
401	66,3076923
401	64,3076923
401	63,3076923
402	66,3076923
402	41,3076923
402	71,3076923
402	48,3076923
403	40,3076923
403	87,3076923
403	67,3076923
403	70,3076923
404	60,3076923
404	97,3076923
404	64,3076923
405	40,3076923
405	54,3076923
405	57,3076923
405	58,3076923
406	65,3076923
406	52,3076923
406	61,3076923
406	68,3076923
407	69,3076923
407	34,3076923
407	31,3076923
407	44,3076923
408	49,3076923
408	47,3076923
408	16,3076923
408	39,3076923
409	25,3076923
409	12,3076923
409	55,3076923
409	36,3076923
410	40,3076923
410	36,3076923
410	37,3076923
411	26,3076923
411	45,3076923
411	40,3076923
411	30,3076923
412	45,3076923
412	15,3076923
412	3,3076923
412	26,3076923
413	8,3076923
413	-11,6923077
413	7,3076923
413	16,3076923
414	20,3076923
414	17,3076923
414	1,3076923
414	4,3076923
415	23,3076923
415	35,3076923
415	30,3076923
415	19,3076923
416	1,3076923
416	17,3076923
416	44,3076923
417	34,3076923
417	27,3076923
417	24,3076923
417	29,3076923
418	29,3076923
418	34,3076923
418	31,3076923
418	9,3076923
419	35,3076923
419	24,3076923
419	39,3076923
419	42,3076923
420	29,3076923
420	12,3076923
420	44,3076923
420	32,3076923
421	47,3076923
421	45,3076923
421	32,3076923
421	28,3076923
422	18,3076923
422	40,3076923
422	38,3076923
423	62,3076923
423	40,3076923
423	74,3076923
423	44,3076923
424	38,3076923
424	13,3076923
424	39,3076923
424	30,3076923
425	43,3076923
425	18,3076923
425	40,3076923
425	30,3076923
426	36,3076923
426	45,3076923
426	27,3076923
426	30,3076923
427	45,3076923
427	31,3076923
427	29,3076923
427	47,3076923
428	54,3076923
428	74,3076923
428	29,3076923
429	39,3076923
429	42,3076923
429	36,3076923
429	58,3076923
430	55,3076923
430	29,3076923
430	4,3076923
430	2,3076923
431	77,3076923
431	23,3076923
431	38,3076923
431	43,3076923
432	50,3076923
432	34,3076923
432	42,3076923
432	53,3076923
433	22,3076923
433	23,3076923
433	38,3076923
433	26,3076923
434	18,3076923
434	24,3076923
434	12,3076923
435	40,3076923
435	14,3076923
435	-6,6923077
435	-1,6923077
436	28,3076923
436	42,3076923
436	33,3076923
436	34,3076923
437	37,3076923
437	16,3076923
437	4,3076923
437	12,3076923
438	23,3076923
438	21,3076923
438	44,3076923
438	19,3076923
439	21,3076923
439	-6,6923077
439	22,3076923
439	25,3076923
440	39,3076923
440	5,3076923
440	9,3076923
441	-3,6923077
441	28,3076923
441	31,3076923
441	32,3076923
442	10,3076923
442	27,3076923
442	8,3076923
442	15,3076923
443	24,3076923
443	15,3076923
443	4,3076923
443	-12,6923077
444	1,3076923
444	17,3076923
444	27,3076923
444	15,3076923
445	16,3076923
445	1,3076923
445	37,3076923
445	31,3076923
446	-9,6923077
446	14,3076923
446	17,3076923
447	16,3076923
447	12,3076923
447	30,3076923
447	25,3076923
448	35,3076923
448	-4,6923077
448	9,3076923
448	-5,6923077
449	2,3076923
449	31,3076923
449	20,3076923
449	2,3076923
450	17,3076923
450	-2,6923077
450	16,3076923
450	14,3076923
451	32,3076923
451	-2,6923077
451	-4,6923077
451	21,3076923
452	4,3076923
452	-13,6923077
452	5,3076923
452	25,3076923
453	15,3076923
453	25,3076923
453	-1,6923077
454	13,3076923
454	13,3076923
454	20,3076923
454	15,3076923
455	6,3076923
455	33,3076923
455	5,3076923
455	-3,6923077
456	11,3076923
456	22,3076923
456	4,3076923
456	35,3076923
457	10,3076923
457	10,3076923
457	19,3076923
457	15,3076923
458	8,3076923
458	11,3076923
458	6,3076923
458	25,3076923
459	28,3076923
459	13,3076923
459	10,3076923
460	35,3076923
460	27,3076923
460	19,3076923
460	-6,6923077
461	-2,6923077
461	8,3076923
461	5,3076923
461	2,3076923
462	9,3076923
462	-0,6923077
462	-8,6923077
462	30,3076923
463	-1,6923077
463	0,3076923
463	10,3076923
463	19,3076923
464	-18,6923077
464	-3,6923077
464	-5,6923077
464	-5,6923077
465	-0,6923077
465	17,3076923
465	17,3076923
465	25,3076923
466	7,3076923
466	2,3076923
466	-1,6923077
467	8,3076923
467	14,3076923
467	37,3076923
467	10,3076923
468	-11,6923077
468	29,3076923
468	7,3076923
468	11,3076923
469	39,3076923
469	2,3076923
469	-24,6923077
469	29,3076923
470	25,3076923
470	-1,6923077
470	17,3076923
470	25,3076923
471	18,3076923
471	-7,6923077
471	23,3076923
471	5,3076923
472	40,3076923
472	27,3076923
472	19,3076923
472	40,3076923
473	7,3076923
473	42,3076923
473	2,3076923
474	10,3076923
474	-5,6923077
474	40,3076923
474	0,3076923
475	0,3076923
475	13,3076923
475	16,3076923
475	25,3076923
476	10,3076923
476	13,3076923
476	12,3076923
476	34,3076923
477	28,3076923
477	23,3076923
477	-17,6923077
477	20,3076923
478	0,3076923
478	1,3076923
478	14,3076923
478	-3,6923077
479	-2,6923077
479	-10,6923077
479	4,3076923
479	-0,6923077
480	3,3076923
480	-2,6923077
480	-3,6923077
481	1,3076923
481	6,3076923
481	17,3076923
481	8,3076923
482	40,3076923
482	8,3076923
482	3,3076923
482	9,3076923
483	-6,6923077
483	12,3076923
483	24,3076923
483	30,3076923
484	-2,6923077
484	22,3076923
484	19,3076923
484	-9,6923077
485	15,3076923
485	2,3076923
485	15,3076923
485	9,3076923
486	5,3076923
486	8,3076923
486	14,3076923
486	-9,6923077
487	1,3076923
487	11,3076923
487	14,3076923
488	5,3076923
488	-1,6923077
488	-8,6923077
488	6,3076923
489	16,3076923
489	15,3076923
489	16,3076923
489	5,3076923
490	9,3076923
490	33,3076923
490	-3,6923077
490	4,3076923
491	3,3076923
491	0,3076923
491	-12,6923077
491	12,3076923
492	-7,6923077
492	-13,6923077
492	27,3076923
492	3,3076923
493	-0,6923077
493	-24,6923077
493	-10,6923077
493	-3,6923077
494	-3,6923077
494	3,3076923
494	26,3076923
495	22,3076923
495	-7,6923077
495	6,3076923
495	-3,6923077
496	30,3076923
496	3,3076923
496	17,3076923
496	19,3076923
497	-1,6923077
497	13,3076923
497	-1,6923077
497	17,3076923
498	4,3076923
498	-5,6923077
498	-13,6923077
498	-32,6923077
499	17,3076923
499	17,3076923
499	-10,6923077
499	22,3076923
500	19,3076923
500	-1,6923077
500	0,3076923
500	27,3076923
501	8,3076923
501	17,3076923
501	17,3076923
502	-0,6923077
502	0,3076923
502	14,3076923
502	5,3076923
503	15,3076923
503	5,3076923
503	12,3076923
503	-17,6923077
504	-10,6923077
504	1,3076923
504	9,3076923
504	28,3076923
505	14,3076923
505	-3,6923077
505	24,3076923
505	3,3076923
506	2,3076923
506	17,3076923
506	-10,6923077
506	-1,6923077
507	14,3076923
507	0,3076923
507	27,3076923
507	-17,6923077
508	6,3076923
508	13,3076923
508	7,3076923
508	26,3076923
509	1,3076923
509	21,3076923
509	21,3076923
510	-2,6923077
510	0,3076923
510	10,3076923
510	-0,6923077
511	25,3076923
511	23,3076923
511	-11,6923077
511	-23,6923077
512	19,3076923
512	11,3076923
512	17,3076923
512	7,3076923
513	-17,6923077
513	-11,6923077
513	33,3076923
513	-2,6923077
514	0,3076923
514	24,3076923
514	-4,6923077
514	12,3076923
515	8,3076923
515	-3,6923077
515	-27,6923077
515	19,3076923
516	15,3076923
516	30,3076923
516	13,3076923
516	-3,6923077
517	11,3076923
517	-5,6923077
517	-3,6923077
518	9,3076923
518	0,3076923
518	22,3076923
518	-1,6923077
519	47,3076923
519	21,3076923
519	-5,6923077
519	37,3076923
520	1,3076923
520	0,3076923
520	23,3076923
520	0,3076923
521	-10,6923077
521	8,3076923
521	15,3076923
521	32,3076923
522	30,3076923
522	32,3076923
522	3,3076923
522	29,3076923
523	12,3076923
523	2,3076923
523	18,3076923
523	-4,6923077
524	24,3076923
524	-5,6923077
524	14,3076923
524	19,3076923
525	10,3076923
525	-1,6923077
525	0,3076923
526	2,3076923
526	31,3076923
526	34,3076923
526	6,3076923
527	15,3076923
527	20,3076923
527	20,3076923
527	7,3076923
528	17,3076923
528	3,3076923
528	-0,6923077
528	17,3076923
529	22,3076923
529	1,3076923
529	-26,6923077
529	14,3076923
530	20,3076923
530	-13,6923077
530	6,3076923
530	7,3076923
531	28,3076923
531	4,3076923
531	43,3076923
531	17,3076923
532	9,3076923
532	11,3076923
532	8,3076923
532	13,3076923
533	1,3076923
533	-9,6923077
533	10,3076923
534	8,3076923
534	22,3076923
534	25,3076923
534	1,3076923
535	9,3076923
535	14,3076923
535	41,3076923
535	4,3076923
536	37,3076923
536	31,3076923
536	0,3076923
536	8,3076923
537	-3,6923077
537	11,3076923
537	3,3076923
537	-5,6923077
538	-10,6923077
538	-29,6923077
538	-0,6923077
538	-2,6923077
539	13,3076923
539	15,3076923
539	-1,6923077
539	28,3076923
540	-6,6923077
540	-16,6923077
540	12,3076923
540	2,3076923
541	0,3076923
541	3,3076923
541	-8,6923077
541	-2,6923077
542	8,3076923
542	-7,6923077
542	14,3076923
543	-5,6923077
543	15,3076923
543	3,3076923
543	47,3076923
544	13,3076923
544	-2,6923077
544	-5,6923077
544	4,3076923
545	-7,6923077
545	21,3076923
545	10,3076923
545	4,3076923
546	5,3076923
546	-0,6923077
546	3,3076923
546	33,3076923
547	-13,6923077
547	14,3076923
547	41,3076923
547	-8,6923077
548	6,3076923
548	19,3076923
548	30,3076923
548	12,3076923
549	12,3076923
549	32,3076923
549	31,3076923
549	15,3076923
550	33,3076923
550	8,3076923
550	23,3076923
550	-8,6923077
551	-10,6923077
551	7,3076923
551	20,3076923
552	-5,6923077
552	16,3076923
552	-4,6923077
552	26,3076923
553	17,3076923
553	-0,6923077
553	-1,6923077
553	19,3076923
554	15,3076923
554	1,3076923
554	-3,6923077
554	-11,6923077
555	26,3076923
555	31,3076923
555	5,3076923
555	8,3076923
556	18,3076923
556	3,3076923
556	6,3076923
556	20,3076923
557	34,3076923
557	44,3076923
557	3,3076923
557	3,3076923
558	7,3076923
558	-13,6923077
558	18,3076923
558	15,3076923
559	27,3076923
559	26,3076923
559	-18,6923077
559	5,3076923
560	20,3076923
560	33,3076923
560	5,3076923
561	23,3076923
561	14,3076923
561	-11,6923077
561	12,3076923
562	9,3076923
562	25,3076923
562	26,3076923
562	9,3076923
563	17,3076923
563	10,3076923
563	12,3076923
563	18,3076923
564	19,3076923
564	-5,6923077
564	22,3076923
564	26,3076923
565	18,3076923
565	2,3076923
565	-3,6923077
565	7,3076923
566	16,3076923
566	17,3076923
566	-10,6923077
566	37,3076923
567	3,3076923
567	-2,6923077
567	-11,6923077
567	-14,6923077
568	3,3076923
568	6,3076923
568	6,3076923
568	5,3076923
569	-3,6923077
569	28,3076923
569	2,3076923
569	-1,6923077
570	4,3076923
570	-9,6923077
570	5,3076923
571	15,3076923
571	3,3076923
571	12,3076923
571	28,3076923
572	14,3076923
572	22,3076923
572	13,3076923
572	-14,6923077
573	30,3076923
573	12,3076923
573	1,3076923
573	-2,6923077
574	-2,6923077
574	-2,6923077
574	-7,6923077
574	-7,6923077
575	13,3076923
575	-6,6923077
575	22,3076923
575	19,3076923
576	11,3076923
576	30,3076923
576	34,3076923
576	0,3076923
577	-1,6923077
577	30,3076923
577	12,3076923
577	-7,6923077
578	18,3076923
578	-18,6923077
578	-5,6923077
578	6,3076923
579	7,3076923
579	19,3076923
579	6,3076923
579	-2,6923077
580	14,3076923
580	-1,6923077
580	-14,6923077
581	24,3076923
581	5,3076923
581	38,3076923
581	-6,6923077
582	-17,6923077
582	-26,6923077
582	25,3076923
582	30,3076923
583	-6,6923077
583	4,3076923
583	13,3076923
583	3,3076923
584	19,3076923
584	20,3076923
584	31,3076923
584	18,3076923
585	5,3076923
585	7,3076923
585	10,3076923
585	12,3076923
586	-0,6923077
586	28,3076923
586	23,3076923
586	30,3076923
587	33,3076923
587	-10,6923077
587	6,3076923
587	-11,6923077
588	18,3076923
588	29,3076923
588	28,3076923
588	-8,6923077
589	11,3076923
589	16,3076923
589	19,3076923
589	-11,6923077
590	-6,6923077
590	28,3076923
590	5,3076923
590	13,3076923
591	15,3076923
591	23,3076923
591	-15,6923077
592	-20,6923077
592	0,3076923
592	20,3076923
592	12,3076923
593	34,3076923
593	10,3076923
593	-5,6923077
593	23,3076923
594	46,3076923
594	6,3076923
594	13,3076923
594	23,3076923
595	3,3076923
595	-7,6923077
595	14,3076923
595	11,3076923
596	4,3076923
596	15,3076923
596	-0,6923077
596	27,3076923
597	18,3076923
597	6,3076923
597	-4,6923077
597	-191,6923077
598	-32,6923077
598	-15,6923077
598	-18,6923077
598	7,3076923
599	7,3076923
599	-23,6923077
599	-12,6923077
599	2,3076923
600	11,3076923
600	10,3076923
600	-2,6923077
600	4,3076923
601	-5,6923077
601	5,3076923
601	14,3076923
601	-3,6923077
602	-3,6923077
602	11,3076923
602	21,3076923
603	2,3076923
603	16,3076923
603	34,3076923
603	-2,6923077
604	-2,6923077
604	24,3076923
604	21,3076923
604	6,3076923
605	33,3076923
605	2,3076923
605	-4,6923077
605	11,3076923
606	12,3076923
606	-4,6923077
606	14,3076923
606	18,3076923
607	-22,6923077
607	-6,6923077
607	23,3076923
607	13,3076923
608	8,3076923
608	29,3076923
608	-9,6923077
608	3,3076923
609	-11,6923077
609	3,3076923
609	8,3076923
609	-7,6923077
610	7,3076923
610	20,3076923
610	6,3076923
610	7,3076923
611	0,3076923
611	14,3076923
611	-7,6923077
611	-11,6923077
612	-17,6923077
612	1,3076923
612	26,3076923
612	10,3076923
613	32,3076923
613	24,3076923
613	12,3076923
613	24,3076923
614	22,3076923
614	6,3076923
614	14,3076923
614	5,3076923
615	3,3076923
615	13,3076923
615	-3,6923077
616	-13,6923077
616	-0,6923077
616	27,3076923
616	-16,6923077
617	-6,6923077
617	3,3076923
617	27,3076923
617	0,3076923
618	-4,6923077
618	-6,6923077
618	5,3076923
618	19,3076923
619	11,3076923
619	17,3076923
619	-0,6923077
619	-18,6923077
620	10,3076923
620	-0,6923077
620	-1,6923077
620	-6,6923077
621	-2,6923077
621	24,3076923
621	-4,6923077
621	-16,6923077
622	-11,6923077
622	23,3076923
622	22,3076923
622	-0,6923077
623	-14,6923077
623	-0,6923077
623	18,3076923
623	37,3076923
624	2,3076923
624	15,3076923
624	7,3076923
624	6,3076923
625	11,3076923
625	-3,6923077
625	4,3076923
625	6,3076923
626	15,3076923
626	-0,6923077
626	0,3076923
626	14,3076923
627	14,3076923
627	11,3076923
627	37,3076923
627	21,3076923
628	22,3076923
628	-1,6923077
628	-6,6923077
629	2,3076923
629	11,3076923
629	4,3076923
629	6,3076923
630	11,3076923
630	20,3076923
630	2,3076923
630	15,3076923
631	-2,6923077
631	9,3076923
631	-19,6923077
631	4,3076923
632	-9,6923077
632	-3,6923077
632	-10,6923077
632	3,3076923
633	12,3076923
633	18,3076923
633	13,3076923
633	7,3076923
634	-8,6923077
634	-21,6923077
634	-0,6923077
634	12,3076923
635	7,3076923
635	-1,6923077
635	-28,6923077
635	12,3076923
636	7,3076923
636	19,3076923
636	18,3076923
636	7,3076923
637	4,3076923
637	22,3076923
637	29,3076923
637	-1,6923077
638	3,3076923
638	13,3076923
638	1,3076923
638	7,3076923
639	-15,6923077
639	-12,6923077
639	10,3076923
639	24,3076923
640	-11,6923077
640	22,3076923
640	-15,6923077
640	15,3076923
641	2,3076923
641	15,3076923
641	10,3076923
641	15,3076923
642	19,3076923
642	21,3076923
642	-5,6923077
642	-1,6923077
643	1,3076923
643	10,3076923
643	21,3076923
644	4,3076923
644	5,3076923
644	6,3076923
644	38,3076923
645	5,3076923
645	3,3076923
645	5,3076923
645	3,3076923
646	0,3076923
646	-3,6923077
646	-4,6923077
646	20,3076923
647	13,3076923
647	13,3076923
647	12,3076923
647	29,3076923
648	41,3076923
648	7,3076923
648	-14,6923077
648	0,3076923
649	12,3076923
649	21,3076923
649	11,3076923
649	5,3076923
650	39,3076923
650	37,3076923
650	23,3076923
650	-0,6923077
651	21,3076923
651	17,3076923
651	16,3076923
651	30,3076923
652	9,3076923
652	14,3076923
652	34,3076923
652	2,3076923
653	19,3076923
653	17,3076923
653	29,3076923
653	19,3076923
654	4,3076923
654	17,3076923
654	18,3076923
654	28,3076923
655	16,3076923
655	22,3076923
655	17,3076923
655	3,3076923
656	30,3076923
656	25,3076923
656	20,3076923
656	12,3076923
657	23,3076923
657	2,3076923
657	17,3076923
657	12,3076923
658	27,3076923
658	13,3076923
658	11,3076923
658	5,3076923
659	19,3076923
659	33,3076923
659	20,3076923
660	9,3076923
660	4,3076923
660	33,3076923
660	34,3076923
661	-17,6923077
661	24,3076923
661	14,3076923
661	-1,6923077
662	48,3076923
662	41,3076923
662	12,3076923
662	16,3076923
663	8,3076923
663	42,3076923
663	30,3076923
663	26,3076923
664	30,3076923
664	8,3076923
664	22,3076923
664	2,3076923
665	32,3076923
665	17,3076923
665	20,3076923
665	13,3076923
666	11,3076923
666	19,3076923
666	30,3076923
666	23,3076923
667	26,3076923
667	25,3076923
667	28,3076923
667	-13,6923077
668	-3,6923077
668	8,3076923
668	19,3076923
668	25,3076923
669	20,3076923
669	0,3076923
669	12,3076923
669	4,3076923
670	8,3076923
670	48,3076923
670	13,3076923
670	10,3076923
671	26,3076923
671	43,3076923
671	4,3076923
671	5,3076923
672	35,3076923
672	23,3076923
672	18,3076923
672	23,3076923
673	28,3076923
673	11,3076923
673	2,3076923
673	34,3076923
674	4,3076923
674	31,3076923
674	18,3076923
674	20,3076923
675	-2,6923077
675	20,3076923
675	1,3076923
675	20,3076923
676	10,3076923
676	25,3076923
676	8,3076923
676	32,3076923
677	9,3076923
677	-10,6923077
677	6,3076923
677	5,3076923
678	38,3076923
678	22,3076923
678	16,3076923
678	8,3076923
679	7,3076923
679	-6,6923077
679	11,3076923
680	24,3076923
680	-10,6923077
680	20,3076923
680	9,3076923
681	43,3076923
681	23,3076923
681	-2,6923077
681	14,3076923
682	4,3076923
682	-9,6923077
682	10,3076923
682	-1,6923077
683	-14,6923077
683	16,3076923
683	30,3076923
683	5,3076923
684	-5,6923077
684	22,3076923
684	9,3076923
684	16,3076923
685	34,3076923
685	13,3076923
685	15,3076923
685	-3,6923077
686	21,3076923
686	1,3076923
686	30,3076923
686	13,3076923
687	21,3076923
687	19,3076923
687	0,3076923
687	14,3076923
688	-1,6923077
688	2,3076923
688	-7,6923077
688	5,3076923
689	21,3076923
689	10,3076923
689	29,3076923
689	9,3076923
690	-0,6923077
690	7,3076923
690	-16,6923077
690	4,3076923
691	4,3076923
691	-4,6923077
691	13,3076923
691	14,3076923
692	1,3076923
692	-5,6923077
692	-0,6923077
692	-15,6923077
693	6,3076923
693	0,3076923
693	-17,6923077
693	-37,6923077
694	3,3076923
694	3,3076923
694	12,3076923
694	10,3076923
695	-38,6923077
695	10,3076923
695	6,3076923
695	-23,6923077
696	-10,6923077
696	-7,6923077
696	13,3076923
696	-8,6923077
697	-12,6923077
697	-16,6923077
697	2,3076923
697	1,3076923
698	-14,6923077
698	-23,6923077
698	6,3076923
698	14,3076923
699	-1,6923077
699	-1,6923077
699	13,3076923
699	25,3076923
700	5,3076923
700	8,3076923
700	-4,6923077
700	-6,6923077
701	-8,6923077
701	-22,6923077
701	16,3076923
701	21,3076923
702	0,3076923
702	6,3076923
702	-12,6923077
702	-0,6923077
703	6,3076923
703	22,3076923
703	15,3076923
703	2,3076923
704	-14,6923077
704	2,3076923
704	11,3076923
704	4,3076923
705	9,3076923
705	36,3076923
705	26,3076923
706	15,3076923
706	29,3076923
706	2,3076923
706	-7,6923077
707	-3,6923077
707	-19,6923077
707	15,3076923
707	10,3076923
708	-1,6923077
708	-1,6923077
708	-10,6923077
708	0,3076923
709	-1,6923077
709	-1,6923077
709	-5,6923077
709	-0,6923077
710	25,3076923
710	12,3076923
710	-8,6923077
710	26,3076923
711	8,3076923
711	14,3076923
711	18,3076923
711	-8,6923077
712	25,3076923
712	-10,6923077
712	7,3076923
712	-17,6923077
713	-1,6923077
713	3,3076923
713	6,3076923
713	6,3076923
714	20,3076923
714	21,3076923
714	2,3076923
714	2,3076923
715	14,3076923
715	7,3076923
715	-4,6923077
715	4,3076923
716	15,3076923
716	6,3076923
716	-5,6923077
716	12,3076923
717	8,3076923
717	31,3076923
717	8,3076923
717	3,3076923
718	2,3076923
718	6,3076923
718	-17,6923077
718	1,3076923
719	5,3076923
719	1,3076923
719	-1,6923077
719	-12,6923077
720	-7,6923077
720	1,3076923
720	-8,6923077
720	-14,6923077
721	5,3076923
721	2,3076923
721	6,3076923
721	1,3076923
722	14,3076923
722	25,3076923
722	-9,6923077
722	-19,6923077
723	-7,6923077
723	20,3076923
723	-3,6923077
723	22,3076923
724	-6,6923077
724	6,3076923
724	-2,6923077
724	-1,6923077
725	16,3076923
725	19,3076923
725	13,3076923
725	1,3076923
726	-30,6923077
726	13,3076923
726	-10,6923077
726	13,3076923
727	6,3076923
727	-1,6923077
727	8,3076923
727	19,3076923
728	22,3076923
728	-11,6923077
728	3,3076923
728	-4,6923077
729	1,3076923
729	23,3076923
729	22,3076923
729	24,3076923
730	9,3076923
730	-22,6923077
730	-13,6923077
730	1,3076923
731	14,3076923
731	12,3076923
731	-10,6923077
731	36,3076923
732	-10,6923077
732	-11,6923077
732	13,3076923
732	25,3076923
733	17,3076923
733	12,3076923
733	20,3076923
733	-0,6923077
734	-7,6923077
734	-5,6923077
734	13,3076923
734	23,3076923
735	-11,6923077
735	20,3076923
735	18,3076923
735	23,3076923
736	-6,6923077
736	-9,6923077
736	-27,6923077
736	-1,6923077
737	8,3076923
737	-0,6923077
737	-24,6923077
737	15,3076923
738	7,3076923
738	-6,6923077
738	-9,6923077
738	9,3076923
739	9,3076923
739	50,3076923
739	-3,6923077
739	20,3076923
740	-0,6923077
740	0,3076923
740	0,3076923
740	-3,6923077
741	-2,6923077
741	3,3076923
741	7,3076923
741	10,3076923
742	26,3076923
742	44,3076923
742	-8,6923077
742	-9,6923077
743	-13,6923077
743	29,3076923
743	20,3076923
743	33,3076923
744	28,3076923
744	26,3076923
744	35,3076923
744	15,3076923
745	-2,6923077
745	-11,6923077
745	40,3076923
745	6,3076923
746	-1,6923077
746	2,3076923
746	9,3076923
746	19,3076923
747	13,3076923
747	19,3076923
747	-7,6923077
747	1,3076923
748	13,3076923
748	37,3076923
748	8,3076923
748	25,3076923
749	-10,6923077
749	-4,6923077
749	-0,6923077
749	11,3076923
750	-8,6923077
750	11,3076923
750	36,3076923
750	4,3076923
751	15,3076923
751	-2,6923077
751	15,3076923
751	20,3076923
752	24,3076923
752	21,3076923
752	34,3076923
752	17,3076923
753	-16,6923077
753	-22,6923077
753	-3,6923077
753	8,3076923
754	10,3076923
754	-16,6923077
754	-28,6923077
754	17,3076923
755	8,3076923
755	-14,6923077
755	0,3076923
755	-10,6923077
756	-12,6923077
756	3,3076923
756	18,3076923
756	26,3076923
757	-12,6923077
757	15,3076923
757	2,3076923
757	21,3076923
758	15,3076923
758	-0,6923077
758	8,3076923
758	59,3076923
759	4,3076923
759	33,3076923
759	3,3076923
759	-11,6923077
760	10,3076923
760	7,3076923
760	15,3076923
760	2,3076923
761	18,3076923
761	31,3076923
761	19,3076923
761	16,3076923
762	56,3076923
762	19,3076923
762	28,3076923
762	-20,6923077
763	-17,6923077
763	9,3076923
763	6,3076923
763	16,3076923
764	15,3076923
764	-4,6923077
764	23,3076923
764	-2,6923077
765	18,3076923
765	0,3076923
765	10,3076923
765	31,3076923
766	1,3076923
766	7,3076923
766	2,3076923
766	20,3076923
767	-0,6923077
767	27,3076923
767	6,3076923
767	8,3076923
768	22,3076923
768	15,3076923
768	26,3076923
768	43,3076923
769	13,3076923
769	23,3076923
769	10,3076923
769	-3,6923077
770	14,3076923
770	-10,6923077
770	-2,6923077
770	-1,6923077
771	-3,6923077
771	16,3076923
771	20,3076923
771	25,3076923
772	17,3076923
772	7,3076923
772	20,3076923
772	-10,6923077
773	-15,6923077
773	10,3076923
773	-9,6923077
773	-3,6923077
774	10,3076923
774	14,3076923
774	7,3076923
774	7,3076923
775	-5,6923077
775	11,3076923
775	6,3076923
775	20,3076923
776	-0,6923077
776	25,3076923
776	35,3076923
776	-0,6923077
777	18,3076923
777	22,3076923
777	19,3076923
777	-2,6923077
778	18,3076923
778	32,3076923
778	27,3076923
778	5,3076923
779	5,3076923
779	10,3076923
779	2,3076923
779	40,3076923
780	40,3076923
780	24,3076923
780	24,3076923
780	26,3076923
781	21,3076923
781	10,3076923
781	27,3076923
781	9,3076923
782	37,3076923
782	14,3076923
782	10,3076923
782	27,3076923
783	2,3076923
783	-13,6923077
783	2,3076923
783	-9,6923077
784	3,3076923
784	17,3076923
784	13,3076923
784	2,3076923
785	-10,6923077
785	10,3076923
785	-4,6923077
785	8,3076923
786	20,3076923
786	-5,6923077
786	21,3076923
786	22,3076923
787	-0,6923077
787	-2,6923077
787	-9,6923077
787	-10,6923077
788	-10,6923077
788	7,3076923
788	-2,6923077
788	9,3076923
789	31,3076923
789	10,3076923
789	-8,6923077
789	6,3076923
790	-2,6923077
790	3,3076923
790	15,3076923
790	8,3076923
791	1,3076923
791	-7,6923077
791	-22,6923077
791	-33,6923077
792	27,3076923
792	-3,6923077
792	25,3076923
792	8,3076923
793	2,3076923
793	21,3076923
793	-4,6923077
793	5,3076923
794	0,3076923
794	-4,6923077
794	1,3076923
794	-15,6923077
795	-13,6923077
795	20,3076923
795	13,3076923
795	23,3076923
796	17,3076923
796	-1,6923077
796	-21,6923077
796	-12,6923077
797	17,3076923
797	-11,6923077
797	14,3076923
797	-8,6923077
798	-9,6923077
798	-11,6923077
798	28,3076923
798	29,3076923
799	1,3076923
799	-3,6923077
799	-17,6923077
799	-21,6923077
800	16,3076923
800	32,3076923
800	17,3076923
800	-18,6923077
801	23,3076923
801	3,3076923
801	13,3076923
801	0,3076923
802	8,3076923
802	1,3076923
802	20,3076923
802	4,3076923
803	-24,6923077
803	-10,6923077
803	12,3076923
803	13,3076923
804	-1,6923077
804	9,3076923
804	-1,6923077
804	20,3076923
805	0,3076923
805	-31,6923077
805	6,3076923
805	-31,6923077
806	3,3076923
806	-6,6923077
806	13,3076923
806	15,3076923
807	-7,6923077
807	26,3076923
807	29,3076923
807	4,3076923
808	12,3076923
808	27,3076923
808	5,3076923
808	5,3076923
809	16,3076923
809	33,3076923
809	-4,6923077
809	-13,6923077
810	-10,6923077
810	0,3076923
810	0,3076923
810	-21,6923077
811	14,3076923
811	-4,6923077
811	-0,6923077
811	-5,6923077
812	14,3076923
812	28,3076923
812	12,3076923
812	-2,6923077
813	-10,6923077
813	6,3076923
813	31,3076923
813	16,3076923
814	-1,6923077
814	-23,6923077
814	-25,6923077
814	17,3076923
815	17,3076923
815	10,3076923
815	18,3076923
815	11,3076923
816	32,3076923
816	14,3076923
816	-16,6923077
816	22,3076923
817	27,3076923
817	20,3076923
817	-6,6923077
817	-5,6923077
818	-11,6923077
818	12,3076923
818	-15,6923077
818	-9,6923077
819	25,3076923
819	43,3076923
819	15,3076923
819	12,3076923
820	-13,6923077
820	-0,6923077
820	6,3076923
820	8,3076923
820	0,3076923
821	-37,6923077
821	-10,6923077
821	-12,6923077
821	-4,6923077
822	6,3076923
822	4,3076923
822	-26,6923077
822	-8,6923077
823	-17,6923077
823	21,3076923
823	6,3076923
823	1,3076923
824	2,3076923
824	31,3076923
824	-0,6923077
824	26,3076923
825	29,3076923
825	35,3076923
825	19,3076923
825	22,3076923
826	17,3076923
826	-7,6923077
826	15,3076923
826	0,3076923
827	14,3076923
827	-23,6923077
827	11,3076923
827	-18,6923077
828	-11,6923077
828	-10,6923077
828	1,3076923
828	-13,6923077
829	17,3076923
829	29,3076923
829	28,3076923
829	-3,6923077
830	2,3076923
830	24,3076923
830	5,3076923
830	0,3076923
831	22,3076923
831	24,3076923
831	8,3076923
831	6,3076923
832	-0,6923077
832	6,3076923
832	-3,6923077
832	1,3076923
833	8,3076923
833	-5,6923077
833	-24,6923077
833	19,3076923
834	23,3076923
834	14,3076923
834	25,3076923
834	-6,6923077
835	-4,6923077
835	37,3076923
835	12,3076923
835	38,3076923
836	-10,6923077
836	-19,6923077
836	8,3076923
836	10,3076923
837	24,3076923
837	-5,6923077
837	2,3076923
837	6,3076923
838	3,3076923
838	23,3076923
838	13,3076923
838	-9,6923077
839	24,3076923
839	-1,6923077
839	-5,6923077
839	27,3076923
840	12,3076923
840	11,3076923
840	-2,6923077
840	3,3076923
841	-9,6923077
841	36,3076923
841	32,3076923
841	24,3076923
842	-4,6923077
842	24,3076923
842	3,3076923
842	23,3076923
843	21,3076923
843	4,3076923
843	25,3076923
843	-5,6923077
844	10,3076923
844	19,3076923
844	23,3076923
844	-16,6923077
845	12,3076923
845	22,3076923
845	2,3076923
845	-2,6923077
845	-16,6923077
846	-13,6923077
846	0,3076923
846	12,3076923
846	22,3076923
847	2,3076923
847	-6,6923077
847	2,3076923
847	0,3076923
848	1,3076923
848	-8,6923077
848	-3,6923077
848	-4,6923077
849	5,3076923
849	2,3076923
849	26,3076923
849	2,3076923
850	20,3076923
850	-4,6923077
850	12,3076923
850	33,3076923
851	1,3076923
851	-23,6923077
851	6,3076923
851	-0,6923077
852	-14,6923077
852	-10,6923077
852	22,3076923
852	0,3076923
853	12,3076923
853	4,3076923
853	-39,6923077
853	-6,6923077
854	2,3076923
854	-17,6923077
854	-12,6923077
854	12,3076923
855	-9,6923077
855	5,3076923
855	1,3076923
855	10,3076923
856	8,3076923
856	6,3076923
856	0,3076923
856	-20,6923077
857	8,3076923
857	24,3076923
857	5,3076923
857	10,3076923
858	43,3076923
858	10,3076923
858	18,3076923
858	9,3076923
859	13,3076923
859	9,3076923
859	17,3076923
859	13,3076923
860	17,3076923
860	18,3076923
860	38,3076923
860	-5,6923077
861	23,3076923
861	-9,6923077
861	-0,6923077
861	10,3076923
862	0,3076923
862	18,3076923
862	-7,6923077
862	19,3076923
863	10,3076923
863	-3,6923077
863	12,3076923
863	20,3076923
864	22,3076923
864	-8,6923077
864	2,3076923
864	4,3076923
864	4,3076923
865	0,3076923
865	-18,6923077
865	-6,6923077
865	9,3076923
866	1,3076923
866	-4,6923077
866	35,3076923
866	11,3076923
867	24,3076923
867	-12,6923077
867	4,3076923
867	29,3076923
868	6,3076923
868	-19,6923077
868	20,3076923
868	13,3076923
869	0,3076923
869	15,3076923
869	-0,6923077
869	-29,6923077
870	4,3076923
870	2,3076923
870	-8,6923077
870	12,3076923
871	6,3076923
871	-19,6923077
871	-14,6923077
871	-20,6923077
872	-0,6923077
872	-7,6923077
872	24,3076923
872	34,3076923
873	0,3076923
873	-8,6923077
873	-13,6923077
873	13,3076923
874	10,3076923
874	9,3076923
874	-7,6923077
874	6,3076923
875	-2,6923077
875	-28,6923077
875	-8,6923077
875	24,3076923
876	12,3076923
876	11,3076923
876	1,3076923
876	17,3076923
877	15,3076923
877	-25,6923077
877	13,3076923
877	-9,6923077
878	2,3076923
878	-8,6923077
878	18,3076923
878	12,3076923
879	8,3076923
879	-11,6923077
879	1,3076923
879	9,3076923
880	6,3076923
880	6,3076923
880	22,3076923
880	-2,6923077
880	-2,6923077
881	6,3076923
881	23,3076923
881	5,3076923
881	-9,6923077
882	10,3076923
882	9,3076923
882	13,3076923
882	25,3076923
883	13,3076923
883	-18,6923077
883	-0,6923077
883	1,3076923
884	21,3076923
884	-11,6923077
884	-18,6923077
884	1,3076923
885	26,3076923
885	10,3076923
885	8,3076923
885	11,3076923
886	4,3076923
886	-7,6923077
886	-4,6923077
886	-16,6923077
887	-6,6923077
887	19,3076923
887	-22,6923077
887	-0,6923077
888	18,3076923
888	7,3076923
888	10,3076923
888	-1,6923077
889	-10,6923077
889	5,3076923
889	-12,6923077
889	8,3076923
890	17,3076923
890	-13,6923077
890	-2,6923077
890	-5,6923077
891	-13,6923077
891	1,3076923
891	14,3076923
891	26,3076923
892	-14,6923077
892	8,3076923
892	16,3076923
892	29,3076923
893	4,3076923
893	6,3076923
893	7,3076923
893	-1,6923077
894	7,3076923
894	0,3076923
894	19,3076923
894	6,3076923
894	25,3076923
895	6,3076923
895	16,3076923
895	18,3076923
895	-2,6923077
896	39,3076923
896	29,3076923
896	21,3076923
896	33,3076923
897	9,3076923
897	20,3076923
897	10,3076923
897	22,3076923
898	24,3076923
898	7,3076923
898	-27,6923077
898	-14,6923077
899	-1,6923077
899	-15,6923077
899	-21,6923077
899	-13,6923077
900	21,3076923
900	8,3076923
900	-6,6923077
900	9,3076923
901	38,3076923
901	18,3076923
901	24,3076923
901	-0,6923077
902	6,3076923
902	-13,6923077
902	7,3076923
902	-2,6923077
903	9,3076923
903	8,3076923
903	-26,6923077
903	25,3076923
904	11,3076923
904	1,3076923
904	18,3076923
904	15,3076923
905	6,3076923
905	14,3076923
905	-6,6923077
905	8,3076923
906	9,3076923
906	12,3076923
906	-1,6923077
906	-10,6923077
906	11,3076923
907	15,3076923
907	18,3076923
907	-19,6923077
907	11,3076923
908	17,3076923
908	12,3076923
908	36,3076923
908	4,3076923
909	5,3076923
909	-28,6923077
909	-15,6923077
909	14,3076923
910	4,3076923
910	-6,6923077
910	14,3076923
910	-13,6923077
911	23,3076923
911	-24,6923077
911	-4,6923077
911	10,3076923
912	3,3076923
912	15,3076923
912	0,3076923
912	-11,6923077
913	-3,6923077
913	-7,6923077
913	-13,6923077
913	9,3076923
914	8,3076923
914	-11,6923077
914	11,3076923
914	-7,6923077
915	-11,6923077
915	-12,6923077
915	9,3076923
915	24,3076923
916	7,3076923
916	14,3076923
916	45,3076923
916	32,3076923
917	14,3076923
917	13,3076923
917	5,3076923
917	6,3076923
917	-10,6923077
918	0,3076923
918	0,3076923
918	-18,6923077
918	3,3076923
919	9,3076923
919	21,3076923
919	15,3076923
919	9,3076923
920	4,3076923
920	-1,6923077
920	25,3076923
920	15,3076923
921	-17,6923077
921	6,3076923
921	-23,6923077
921	-17,6923077
922	10,3076923
922	-14,6923077
922	5,3076923
922	-21,6923077
923	4,3076923
923	8,3076923
923	-22,6923077
923	-2,6923077
924	17,3076923
924	-2,6923077
924	-20,6923077
924	-1,6923077
925	-5,6923077
925	4,3076923
925	21,3076923
925	11,3076923
926	3,3076923
926	0,3076923
926	6,3076923
926	17,3076923
927	-21,6923077
927	3,3076923
927	-11,6923077
927	-7,6923077
928	-26,6923077
928	-19,6923077
928	-6,6923077
928	-8,6923077
928	13,3076923
929	4,3076923
929	-6,6923077
929	3,3076923
929	-9,6923077
930	-7,6923077
930	7,3076923
930	-11,6923077
930	14,3076923
931	14,3076923
931	6,3076923
931	14,3076923
931	4,3076923
932	11,3076923
932	-1,6923077
932	-1,6923077
932	4,3076923
933	26,3076923
933	-11,6923077
933	39,3076923
933	17,3076923
934	22,3076923
934	14,3076923
934	19,3076923
934	16,3076923
935	21,3076923
935	-7,6923077
935	-18,6923077
935	17,3076923
936	-5,6923077
936	0,3076923
936	10,3076923
936	-1,6923077
937	20,3076923
937	13,3076923
937	-0,6923077
937	12,3076923
938	12,3076923
938	23,3076923
938	16,3076923
938	22,3076923
938	17,3076923
939	3,3076923
939	-1,6923077
939	7,3076923
939	14,3076923
940	14,3076923
940	14,3076923
940	0,3076923
940	-16,6923077
941	-11,6923077
941	-8,6923077
941	-4,6923077
941	-0,6923077
942	-0,6923077
942	2,3076923
942	8,3076923
942	17,3076923
943	-0,6923077
943	-22,6923077
943	-9,6923077
943	9,3076923
944	-3,6923077
944	13,3076923
944	11,3076923
944	17,3076923
945	8,3076923
945	-11,6923077
945	-11,6923077
945	-5,6923077
946	15,3076923
946	-3,6923077
946	-12,6923077
946	-14,6923077
947	20,3076923
947	-1,6923077
947	2,3076923
947	-4,6923077
947	1,3076923
948	-11,6923077
948	4,3076923
948	13,3076923
948	-14,6923077
949	13,3076923
949	-31,6923077
949	-2,6923077
949	-12,6923077
950	7,3076923
950	4,3076923
950	-7,6923077
950	-8,6923077
951	21,3076923
951	-8,6923077
951	9,3076923
951	-10,6923077
952	-1,6923077
952	17,3076923
952	19,3076923
952	50,3076923
953	-6,6923077
953	11,3076923
953	3,3076923
953	-13,6923077
954	-45,6923077
954	12,3076923
954	-6,6923077
954	-17,6923077
955	0,3076923
955	23,3076923
955	-12,6923077
955	-17,6923077
956	20,3076923
956	13,3076923
956	-17,6923077
956	-14,6923077
956	-3,6923077
957	17,3076923
957	17,3076923
957	12,3076923
957	7,3076923
958	4,3076923
958	-14,6923077
958	-4,6923077
958	4,3076923
959	-20,6923077
959	-5,6923077
959	-23,6923077
959	-11,6923077
960	26,3076923
960	-4,6923077
960	8,3076923
960	2,3076923
961	16,3076923
961	-8,6923077
961	-15,6923077
961	-20,6923077
962	-1,6923077
962	-10,6923077
962	0,3076923
962	16,3076923
963	8,3076923
963	6,3076923
963	8,3076923
963	-20,6923077
964	-2,6923077
964	8,3076923
964	26,3076923
964	-8,6923077
964	-2,6923077
965	1,3076923
965	-9,6923077
965	28,3076923
965	-6,6923077
966	16,3076923
966	19,3076923
966	5,3076923
966	-4,6923077
967	0,3076923
967	-9,6923077
967	-9,6923077
967	-6,6923077
968	-8,6923077
968	7,3076923
968	10,3076923
968	21,3076923
969	14,3076923
969	-10,6923077
969	3,3076923
969	-8,6923077
970	24,3076923
970	-1,6923077
970	12,3076923
970	14,3076923
971	10,3076923
971	0,3076923
971	18,3076923
971	0,3076923
972	15,3076923
972	-28,6923077
972	6,3076923
972	-10,6923077
972	-10,6923077
973	-21,6923077
973	-9,6923077
973	11,3076923
973	-25,6923077
974	-22,6923077
974	7,3076923
974	20,3076923
974	-0,6923077
975	22,3076923
975	9,3076923
975	-5,6923077
975	-0,6923077
976	-28,6923077
976	-28,6923077
976	4,3076923
976	7,3076923
977	-12,6923077
977	-1,6923077
977	8,3076923
977	20,3076923
978	32,3076923
978	22,3076923
978	-27,6923077
978	23,3076923
979	3,3076923
979	12,3076923
979	47,3076923
979	14,3076923
980	4,3076923
980	14,3076923
980	-11,6923077
980	4,3076923
980	5,3076923
981	14,3076923
981	8,3076923
981	13,3076923
981	-4,6923077
982	-12,6923077
982	-6,6923077
982	22,3076923
982	-7,6923077
983	8,3076923
983	-1,6923077
983	-3,6923077
983	-9,6923077
984	29,3076923
984	13,3076923
984	-2,6923077
984	-6,6923077
985	-11,6923077
985	12,3076923
985	27,3076923
985	-18,6923077
986	15,3076923
986	0,3076923
986	-1,6923077
986	21,3076923
987	-15,6923077
987	24,3076923
987	13,3076923
987	-4,6923077
988	-4,6923077
988	-0,6923077
988	-22,6923077
988	24,3076923
988	16,3076923
989	8,3076923
989	11,3076923
989	7,3076923
989	18,3076923
990	14,3076923
990	-5,6923077
990	-9,6923077
990	3,3076923
991	15,3076923
991	15,3076923
991	-2,6923077
991	-3,6923077
992	15,3076923
992	8,3076923
992	5,3076923
992	10,3076923
993	-11,6923077
993	-3,6923077
993	-26,6923077
993	20,3076923
994	-15,6923077
994	6,3076923
994	-2,6923077
994	-0,6923077
995	-2,6923077
995	4,3076923
995	11,3076923
995	27,3076923
995	13,3076923
996	-10,6923077
996	14,3076923
996	2,3076923
996	24,3076923
997	23,3076923
997	-31,6923077
997	12,3076923
997	34,3076923
998	4,3076923
998	1,3076923
998	-2,6923077
998	25,3076923
999	-1,6923077
999	-2,6923077
999	-10,6923077
999	-4,6923077
1000	-12,6923077
1000	28,3076923
1000	10,3076923
1000	-0,6923077
1001	19,3076923
1001	17,3076923
1001	19,3076923
1001	-7,6923077
1002	-5,6923077
1002	30,3076923
1002	17,3076923
1002	2,3076923
1002	-6,6923077
1003	-13,6923077
1003	0,3076923
1003	6,3076923
1003	19,3076923
1004	19,3076923
1004	-19,6923077
1004	-5,6923077
1004	10,3076923
1005	-13,6923077
1005	-20,6923077
1005	-1,6923077
1005	-24,6923077
1006	-9,6923077
1006	13,3076923
1006	5,3076923
1006	5,3076923
1007	-2,6923077
1007	4,3076923
1007	-25,6923077
1007	-17,6923077
1008	-19,6923077
1008	6,3076923
1008	6,3076923
1008	1,3076923
1008	-4,6923077
1009	8,3076923
1009	17,3076923
1009	10,3076923
1009	28,3076923
1010	12,3076923
1010	4,3076923
1010	10,3076923
1010	13,3076923
1011	22,3076923
1011	2,3076923
1011	17,3076923
1011	3,3076923
1012	10,3076923
1012	18,3076923
1012	15,3076923
1012	11,3076923
1013	-5,6923077
1013	8,3076923
1013	32,3076923
1013	9,3076923
1014	19,3076923
1014	26,3076923
1014	34,3076923
1014	13,3076923
1015	-1,6923077
1015	1,3076923
1015	-0,6923077
1015	3,3076923
1015	16,3076923
1016	24,3076923
1016	7,3076923
1016	-17,6923077
1016	-21,6923077
1017	13,3076923
1017	19,3076923
1017	6,3076923
1017	-1,6923077
1018	-0,6923077
1018	19,3076923
1018	6,3076923
1018	-15,6923077
1019	-21,6923077
1019	14,3076923
1019	-2,6923077
1019	-9,6923077
1020	3,3076923
1020	-4,6923077
1020	-20,6923077
1020	18,3076923
1021	-1,6923077
1021	15,3076923
1021	14,3076923
1021	1,3076923
1021	-0,6923077
1022	13,3076923
1022	11,3076923
1022	-8,6923077
1022	-3,6923077
1023	-15,6923077
1023	14,3076923
1023	1,3076923
1023	1,3076923
1024	1,3076923
1024	-11,6923077
1024	5,3076923
1024	10,3076923
1025	6,3076923
1025	-14,6923077
1025	-10,6923077
1025	26,3076923
1026	11,3076923
1026	42,3076923
1026	4,3076923
1026	15,3076923
1027	18,3076923
1027	4,3076923
1027	5,3076923
1027	27,3076923
1027	-19,6923077
1028	-29,6923077
1028	0,3076923
1028	-1,6923077
1028	19,3076923
1029	-14,6923077
1029	-3,6923077
1029	2,3076923
1029	-4,6923077
1030	18,3076923
1030	10,3076923
1030	2,3076923
1030	-2,6923077
1031	22,3076923
1031	12,3076923
1031	38,3076923
1031	-21,6923077
1032	-0,6923077
1032	18,3076923
1032	-8,6923077
1032	22,3076923
1033	12,3076923
1033	16,3076923
1033	18,3076923
1033	12,3076923
1034	7,3076923
1034	-6,6923077
1034	-25,6923077
1034	-0,6923077
1034	-4,6923077
1035	4,3076923
1035	-6,6923077
1035	2,3076923
1035	3,3076923
1036	31,3076923
1036	-9,6923077
1036	3,3076923
1036	-14,6923077
1037	-7,6923077
1037	5,3076923
1037	-3,6923077
1037	29,3076923
1038	1,3076923
1038	-1,6923077
1038	-2,6923077
1038	11,3076923
1039	-3,6923077
1039	11,3076923
1039	-11,6923077
1039	-10,6923077
1039	6,3076923
1040	7,3076923
1040	32,3076923
1040	26,3076923
1040	3,3076923
1041	31,3076923
1041	-10,6923077
1041	-8,6923077
1041	23,3076923
1042	10,3076923
1042	13,3076923
1042	14,3076923
1042	32,3076923
1043	14,3076923
1043	46,3076923
1043	26,3076923
1043	6,3076923
1044	6,3076923
1044	-1,6923077
1044	2,3076923
1044	-6,6923077
1045	0,3076923
1045	-18,6923077
1045	6,3076923
1045	-24,6923077
1045	-16,6923077
1046	12,3076923
1046	-4,6923077
1046	18,3076923
1046	11,3076923
1047	17,3076923
1047	27,3076923
1047	11,3076923
1047	31,3076923
1048	11,3076923
1048	16,3076923
1048	11,3076923
1048	-0,6923077
1049	-24,6923077
1049	-6,6923077
1049	25,3076923
1049	15,3076923
1050	-9,6923077
1050	-5,6923077
1050	-1,6923077
1050	26,3076923
1051	10,3076923
1051	5,3076923
1051	-1,6923077
1051	-0,6923077
1051	-22,6923077
1052	-16,6923077
1052	30,3076923
1052	18,3076923
1052	-20,6923077
1053	12,3076923
1053	3,3076923
1053	11,3076923
1053	2,3076923
1054	10,3076923
1054	-3,6923077
1054	2,3076923
1054	20,3076923
1055	13,3076923
1055	19,3076923
1055	-1,6923077
1055	18,3076923
1056	20,3076923
1056	15,3076923
1056	-9,6923077
1056	26,3076923
1056	-9,6923077
1057	17,3076923
1057	6,3076923
1057	7,3076923
1057	22,3076923
1058	-20,6923077
1058	9,3076923
1058	8,3076923
1058	12,3076923
1059	30,3076923
1059	-3,6923077
1059	-4,6923077
1059	10,3076923
1060	34,3076923
1060	23,3076923
1060	-6,6923077
1060	26,3076923
1061	8,3076923
1061	1,3076923
1061	5,3076923
1061	4,3076923
1062	22,3076923
1062	2,3076923
1062	-15,6923077
1062	15,3076923
1062	21,3076923
1063	-10,6923077
1063	-3,6923077
1063	11,3076923
1063	8,3076923
1064	-14,6923077
1064	-4,6923077
1064	-14,6923077
1064	5,3076923
1065	2,3076923
1065	20,3076923
1065	18,3076923
1065	1,3076923
1066	5,3076923
1066	9,3076923
1066	15,3076923
1066	13,3076923
1067	-4,6923077
1067	3,3076923
1067	2,3076923
1067	17,3076923
1067	5,3076923
1068	20,3076923
1068	23,3076923
1068	11,3076923
1068	17,3076923
1069	28,3076923
1069	-0,6923077
1069	5,3076923
1069	25,3076923
1070	-0,6923077
1070	3,3076923
1070	29,3076923
1070	20,3076923
1071	-5,6923077
1071	26,3076923
1071	17,3076923
1071	10,3076923
1072	23,3076923
1072	-7,6923077
1072	-1,6923077
1072	15,3076923
1072	22,3076923
1073	-9,6923077
1073	9,3076923
1073	3,3076923
1073	2,3076923
1074	0,3076923
1074	5,3076923
1074	13,3076923
1074	4,3076923
1075	9,3076923
1075	11,3076923
1075	1,3076923
1075	-3,6923077
1076	-0,6923077
1076	10,3076923
1076	8,3076923
1076	23,3076923
1077	13,3076923
1077	0,3076923
1077	-3,6923077
1077	2,3076923
1077	41,3076923
1078	11,3076923
1078	4,3076923
1078	15,3076923
1078	-16,6923077
1079	18,3076923
1079	38,3076923
1079	14,3076923
1079	31,3076923
1080	32,3076923
1080	5,3076923
1080	10,3076923
1080	16,3076923
1081	-34,6923077
1081	-5,6923077
1081	16,3076923
1081	15,3076923
1082	10,3076923
1082	-1,6923077
1082	-9,6923077
1082	-19,6923077
1082	8,3076923
1083	20,3076923
1083	13,3076923
1083	13,3076923
1083	12,3076923
1084	-1,6923077
1084	-1,6923077
1084	3,3076923
1084	8,3076923
1085	4,3076923
1085	11,3076923
1085	-0,6923077
1085	24,3076923
1086	26,3076923
1086	-0,6923077
1086	26,3076923
1086	16,3076923
1087	-2,6923077
1087	-3,6923077
1087	11,3076923
1087	-13,6923077
1087	19,3076923
1088	-15,6923077
1088	8,3076923
1088	10,3076923
1088	5,3076923
1089	11,3076923
1089	6,3076923
1089	-4,6923077
1089	15,3076923
1090	24,3076923
1090	20,3076923
1090	17,3076923
1090	1,3076923
1091	14,3076923
1091	-4,6923077
1091	-17,6923077
1091	-3,6923077
1092	26,3076923
1092	26,3076923
1092	-11,6923077
1092	-6,6923077
1092	-33,6923077
1093	5,3076923
1093	8,3076923
1093	-4,6923077
1093	-22,6923077
1094	-2,6923077
1094	-11,6923077
1094	-6,6923077
1094	10,3076923
1095	-6,6923077
1095	26,3076923
1095	-2,6923077
1095	22,3076923
1096	16,3076923
1096	-19,6923077
1096	-14,6923077
1096	6,3076923
1097	-6,6923077
1097	1,3076923
1097	-2,6923077
1097	17,3076923
1097	1,3076923
1098	12,3076923
1098	28,3076923
1098	-2,6923077
1098	-1,6923077
1099	17,3076923
1099	0,3076923
1099	-19,6923077
1099	8,3076923
1100	7,3076923
1100	-10,6923077
1100	12,3076923
1100	7,3076923
1101	-9,6923077
1101	0,3076923
1101	33,3076923
1101	6,3076923
1101	25,3076923
1102	-4,6923077
1102	19,3076923
1102	5,3076923
1102	0,3076923
1103	-2,6923077
1103	-24,6923077
1103	9,3076923
1103	24,3076923
1104	-14,6923077
1104	17,3076923
1104	-11,6923077
1104	-0,6923077
1105	-8,6923077
1105	2,3076923
1105	16,3076923
1105	39,3076923
1106	22,3076923
1106	0,3076923
1106	-8,6923077
1106	-0,6923077
1106	-3,6923077
1107	26,3076923
1107	33,3076923
1107	34,3076923
1107	1,3076923
1108	2,3076923
1108	-7,6923077
1108	30,3076923
1108	-1,6923077
1109	10,3076923
1109	-0,6923077
1109	-7,6923077
1109	4,3076923
1110	9,3076923
1110	16,3076923
1110	-12,6923077
1110	10,3076923
1110	11,3076923
1111	4,3076923
1111	16,3076923
1111	-3,6923077
1111	9,3076923
1112	-0,6923077
1112	-2,6923077
1112	31,3076923
1112	17,3076923
1113	-8,6923077
1113	-16,6923077
1113	-18,6923077
1113	7,3076923
1114	21,3076923
1114	24,3076923
1114	25,3076923
1114	12,3076923
1115	-1,6923077
1115	2,3076923
1115	8,3076923
1115	6,3076923
1115	21,3076923
1116	-3,6923077
1116	2,3076923
1116	1,3076923
1116	-14,6923077
1117	10,3076923
1117	-2,6923077
1117	9,3076923
1117	-13,6923077
1118	3,3076923
