196	24,9230769
196	24,9230769
196	24,9230769
197	-18,0769231
197	-12,0769231
197	13,9230769
197	-8,0769231
198	-11,0769231
198	-2,0769231
198	-9,0769231
199	1,9230769
199	-16,0769231
199	-14,0769231
199	-2,0769231
200	32,9230769
200	-7,0769231
200	11,9230769
200	-20,0769231
201	-13,0769231
201	-12,0769231
201	15,9230769
201	-2,0769231
202	3,9230769
202	-6,0769231
202	-51,0769231
203	-1,0769231
203	-3,0769231
203	30,9230769
203	-15,0769231
204	3,9230769
204	1,9230769
204	-19,0769231
204	2,9230769
205	3,9230769
205	-7,0769231
205	-42,0769231
205	-3,0769231
206	-10,0769231
206	-0,0769231
206	-8,0769231
207	-21,0769231
207	-3,0769231
207	-10,0769231
207	-30,0769231
208	-6,0769231
208	-3,0769231
208	-9,0769231
208	-3,0769231
209	-18,0769231
209	-7,0769231
209	2,9230769
209	-20,0769231
210	-3,0769231
210	-5,0769231
210	-15,0769231
211	-38,0769231
211	5,9230769
211	-20,0769231
211	-12,0769231
212	-16,0769231
212	-30,0769231
212	4,9230769
212	-14,0769231
213	-4,0769231
213	-42,0769231
213	-6,0769231
213	0,9230769
214	-9,0769231
214	-26,0769231
214	-20,0769231
215	-10,0769231
215	-19,0769231
215	-26,0769231
215	-36,0769231
216	-6,0769231
216	-8,0769231
216	11,9230769
216	-10,0769231
217	7,9230769
217	-10,0769231
217	-17,0769231
217	-17,0769231
218	-26,0769231
218	-23,0769231
218	-25,0769231
219	-14,0769231
219	-25,0769231
219	-1,0769231
219	-20,0769231
220	-11,0769231
220	-12,0769231
220	-24,0769231
220	-8,0769231
221	-7,0769231
221	-16,0769231
221	8,9230769
221	-2,0769231
222	-2,0769231
222	-8,0769231
222	11,9230769
223	4,9230769
223	-11,0769231
223	-11,0769231
223	-34,0769231
224	-0,0769231
224	-29,0769231
224	-0,0769231
224	-32,0769231
225	8,9230769
225	-1,0769231
225	-13,0769231
225	-1,0769231
226	-4,0769231
226	-25,0769231
226	6,9230769
227	7,9230769
227	-6,0769231
227	-7,0769231
227	20,9230769
228	-23,0769231
228	-12,0769231
228	-4,0769231
228	-3,0769231
229	-20,0769231
229	-33,0769231
229	-24,0769231
229	-17,0769231
230	-8,0769231
230	-15,0769231
230	-20,0769231
231	-20,0769231
231	-15,0769231
231	-46,0769231
231	8,9230769
232	10,9230769
232	12,9230769
232	0,9230769
232	-9,0769231
233	-10,0769231
233	-22,0769231
233	-17,0769231
233	-25,0769231
234	-39,0769231
234	-3,0769231
234	-40,0769231
235	4,9230769
235	6,9230769
235	2,9230769
235	2,9230769
236	-7,0769231
236	-3,0769231
236	-9,0769231
236	-10,0769231
237	11,9230769
237	9,9230769
237	2,9230769
237	-15,0769231
238	-11,0769231
238	-25,0769231
238	-21,0769231
239	-12,0769231
239	-44,0769231
239	-6,0769231
239	4,9230769
240	-8,0769231
240	-7,0769231
240	-19,0769231
240	10,9230769
241	-3,0769231
241	6,9230769
241	-19,0769231
241	-8,0769231
242	-16,0769231
242	-13,0769231
242	11,9230769
243	-7,0769231
243	-5,0769231
243	-16,0769231
243	-16,0769231
244	-16,0769231
244	-6,0769231
244	0,9230769
244	5,9230769
245	-2,0769231
245	-3,0769231
245	-57,0769231
245	-27,0769231
246	-18,0769231
246	-5,0769231
246	-6,0769231
247	-14,0769231
247	-25,0769231
247	-2,0769231
247	10,9230769
248	2,9230769
248	-4,0769231
248	-0,0769231
248	-0,0769231
249	7,9230769
249	-16,0769231
249	-11,0769231
249	7,9230769
250	-7,0769231
250	-0,0769231
250	-13,0769231
251	-28,0769231
251	-3,0769231
251	-5,0769231
251	-27,0769231
252	-29,0769231
252	6,9230769
252	13,9230769
252	-7,0769231
253	-7,0769231
253	-9,0769231
253	-34,0769231
253	6,9230769
254	-8,0769231
254	-14,0769231
254	-3,0769231
254	-30,0769231
255	-26,0769231
255	-8,0769231
255	-26,0769231
256	-17,0769231
256	-36,0769231
256	-22,0769231
256	8,9230769
257	-30,0769231
257	-11,0769231
257	-4,0769231
257	9,9230769
258	9,9230769
258	-15,0769231
258	-12,0769231
258	-10,0769231
259	-9,0769231
259	-1,0769231
259	-6,0769231
260	-8,0769231
260	-5,0769231
260	-13,0769231
260	-1,0769231
261	5,9230769
261	-9,0769231
261	7,9230769
261	-18,0769231
262	-7,0769231
262	1,9230769
262	-8,0769231
262	-46,0769231
263	2,9230769
263	-9,0769231
263	-27,0769231
264	8,9230769
264	5,9230769
264	4,9230769
264	-4,0769231
265	-28,0769231
265	-10,0769231
265	-20,0769231
265	-5,0769231
266	-29,0769231
266	1,9230769
266	-22,0769231
266	-57,0769231
267	-5,0769231
267	2,9230769
267	6,9230769
268	16,9230769
268	-8,0769231
268	1,9230769
268	33,9230769
269	-7,0769231
269	-3,0769231
269	-3,0769231
269	-9,0769231
270	-13,0769231
270	-4,0769231
270	-3,0769231
270	5,9230769
271	-13,0769231
271	0,9230769
271	7,9230769
271	-22,0769231
272	-25,0769231
272	-2,0769231
272	-28,0769231
273	-1,0769231
273	-12,0769231
273	-1,0769231
273	-5,0769231
274	-26,0769231
274	-16,0769231
274	-8,0769231
274	-18,0769231
275	17,9230769
275	-25,0769231
275	-19,0769231
275	-2,0769231
276	3,9230769
276	0,9230769
276	-27,0769231
277	13,9230769
277	12,9230769
277	-5,0769231
277	1,9230769
278	-5,0769231
278	-1,0769231
278	-14,0769231
278	-29,0769231
279	-2,0769231
279	-10,0769231
279	13,9230769
279	4,9230769
280	-18,0769231
280	-14,0769231
280	-16,0769231
280	-10,0769231
281	-6,0769231
281	6,9230769
281	-9,0769231
282	-38,0769231
282	3,9230769
282	-10,0769231
282	-37,0769231
283	-34,0769231
283	-33,0769231
283	-26,0769231
283	-6,0769231
284	-2,0769231
284	-18,0769231
284	-34,0769231
284	1,9230769
285	-20,0769231
285	-5,0769231
285	11,9230769
286	21,9230769
286	-12,0769231
286	-27,0769231
286	-23,0769231
287	4,9230769
287	-3,0769231
287	-6,0769231
287	9,9230769
288	1,9230769
288	-2,0769231
288	-18,0769231
288	-17,0769231
289	-7,0769231
289	-18,0769231
289	-24,0769231
290	1,9230769
290	-8,0769231
290	6,9230769
290	-22,0769231
291	25,9230769
291	9,9230769
291	-28,0769231
291	-23,0769231
292	21,9230769
292	-11,0769231
292	-12,0769231
292	20,9230769
293	-5,0769231
293	10,9230769
293	20,9230769
293	15,9230769
294	5,9230769
294	-10,0769231
294	12,9230769
295	6,9230769
295	4,9230769
295	14,9230769
295	0,9230769
296	-0,0769231
296	-11,0769231
296	-7,0769231
296	-11,0769231
297	-38,0769231
297	-3,0769231
297	0,9230769
297	-5,0769231
298	40,9230769
298	-25,0769231
298	24,9230769
299	-5,0769231
299	19,9230769
299	8,9230769
299	12,9230769
300	-9,0769231
300	-8,0769231
300	-20,0769231
300	10,9230769
301	-13,0769231
301	-4,0769231
301	-30,0769231
301	-12,0769231
302	-28,0769231
302	-15,0769231
302	8,9230769
302	21,9230769
303	21,9230769
303	-4,0769231
303	-18,0769231
304	2,9230769
304	-1,0769231
304	5,9230769
304	-18,0769231
305	3,9230769
305	29,9230769
305	-16,0769231
305	-39,0769231
306	-7,0769231
306	-3,0769231
306	-12,0769231
306	19,9230769
307	5,9230769
307	12,9230769
307	-13,0769231
307	7,9230769
308	25,9230769
308	13,9230769
308	14,9230769
309	25,9230769
309	11,9230769
309	18,9230769
309	1,9230769
310	-13,0769231
310	-1,0769231
310	28,9230769
310	6,9230769
311	22,9230769
311	51,9230769
311	51,9230769
311	36,9230769
312	58,9230769
312	56,9230769
312	55,9230769
313	34,9230769
313	68,9230769
313	63,9230769
313	52,9230769
314	82,9230769
314	53,9230769
314	73,9230769
314	62,9230769
315	75,9230769
315	82,9230769
315	85,9230769
315	77,9230769
316	81,9230769
316	82,9230769
316	85,9230769
316	65,9230769
317	73,9230769
317	57,9230769
317	52,9230769
318	77,9230769
318	52,9230769
318	57,9230769
318	36,9230769
319	36,9230769
319	37,9230769
319	22,9230769
319	26,9230769
320	12,9230769
320	20,9230769
320	12,9230769
320	5,9230769
321	11,9230769
321	8,9230769
321	-14,0769231
321	-6,0769231
322	2,9230769
322	-14,0769231
322	-6,0769231
323	-5,0769231
323	-5,0769231
323	9,9230769
323	-15,0769231
324	-9,0769231
324	11,9230769
324	-18,0769231
324	-12,0769231
325	-22,0769231
325	-38,0769231
325	-15,0769231
325	-1,0769231
326	-18,0769231
326	-24,0769231
326	-21,0769231
327	-4,0769231
327	18,9230769
327	-0,0769231
327	-5,0769231
328	-13,0769231
328	-33,0769231
328	13,9230769
328	5,9230769
329	-6,0769231
329	-18,0769231
329	-15,0769231
329	10,9230769
330	12,9230769
330	-26,0769231
330	13,9230769
330	12,9230769
331	-1,0769231
331	-2,0769231
331	36,9230769
332	37,9230769
332	31,9230769
332	63,9230769
332	55,9230769
333	59,9230769
333	56,9230769
333	68,9230769
333	83,9230769
334	75,9230769
334	97,9230769
334	96,9230769
334	117,9230769
335	99,9230769
335	104,9230769
335	120,9230769
335	134,9230769
336	123,9230769
336	176,9230769
336	175,9230769
337	133,9230769
337	181,9230769
337	165,9230769
337	172,9230769
338	171,9230769
338	162,9230769
338	136,9230769
338	170,9230769
339	149,9230769
339	121,9230769
339	120,9230769
339	111,9230769
340	90,9230769
340	88,9230769
340	72,9230769
340	67,9230769
341	63,9230769
341	76,9230769
341	72,9230769
342	49,9230769
342	64,9230769
342	72,9230769
342	28,9230769
343	5,9230769
343	24,9230769
343	19,9230769
343	20,9230769
344	24,9230769
344	-1,0769231
344	5,9230769
344	0,9230769
345	3,9230769
345	-7,0769231
345	-20,0769231
345	24,9230769
346	-3,0769231
346	32,9230769
346	-17,0769231
347	9,9230769
347	2,9230769
347	-8,0769231
347	-13,0769231
348	-2,0769231
348	-21,0769231
348	7,9230769
348	11,9230769
349	-1,0769231
349	-26,0769231
349	17,9230769
349	10,9230769
350	7,9230769
350	23,9230769
350	45,9230769
350	30,9230769
351	39,9230769
351	7,9230769
351	29,9230769
352	32,9230769
352	67,9230769
352	66,9230769
352	65,9230769
353	65,9230769
353	69,9230769
353	56,9230769
353	99,9230769
354	109,9230769
354	113,9230769
354	131,9230769
354	100,9230769
355	104,9230769
355	102,9230769
355	102,9230769
355	118,9230769
356	114,9230769
356	110,9230769
356	120,9230769
357	122,9230769
357	119,9230769
357	142,9230769
357	133,9230769
358	158,9230769
358	138,9230769
358	157,9230769
358	163,9230769
359	95,9230769
359	107,9230769
359	117,9230769
359	101,9230769
360	82,9230769
360	80,9230769
360	64,9230769
360	57,9230769
361	45,9230769
361	58,9230769
361	64,9230769
362	109,9230769
362	105,9230769
362	75,9230769
362	49,9230769
363	24,9230769
363	36,9230769
363	16,9230769
363	4,9230769
364	20,9230769
364	13,9230769
364	15,9230769
364	15,9230769
365	-8,0769231
365	18,9230769
365	-29,0769231
365	21,9230769
366	-9,0769231
366	-36,0769231
366	0,9230769
367	11,9230769
367	19,9230769
367	0,9230769
367	3,9230769
368	-26,0769231
368	-16,0769231
368	-18,0769231
368	-5,0769231
369	-32,0769231
369	-23,0769231
369	-10,0769231
369	1,9230769
370	18,9230769
370	-7,0769231
370	-21,0769231
370	5,9230769
371	3,9230769
371	6,9230769
371	23,9230769
371	37,9230769
372	6,9230769
372	14,9230769
372	14,9230769
373	41,9230769
373	13,9230769
373	32,9230769
373	9,9230769
374	12,9230769
374	33,9230769
374	27,9230769
374	33,9230769
375	47,9230769
375	50,9230769
375	67,9230769
375	68,9230769
376	66,9230769
376	70,9230769
376	55,9230769
376	51,9230769
377	23,9230769
377	38,9230769
377	60,9230769
378	48,9230769
378	42,9230769
378	89,9230769
378	59,9230769
379	58,9230769
379	49,9230769
379	61,9230769
379	45,9230769
380	59,9230769
380	50,9230769
380	61,9230769
380	38,9230769
381	86,9230769
381	35,9230769
381	56,9230769
381	25,9230769
382	46,9230769
382	42,9230769
382	23,9230769
383	16,9230769
383	11,9230769
383	30,9230769
383	15,9230769
384	-2,0769231
384	19,9230769
384	28,9230769
384	19,9230769
385	36,9230769
385	29,9230769
385	35,9230769
385	43,9230769
386	15,9230769
386	5,9230769
386	-11,0769231
386	-4,0769231
387	25,9230769
387	-8,0769231
387	5,9230769
387	-6,0769231
388	-4,0769231
388	21,9230769
388	8,9230769
389	3,9230769
389	-27,0769231
389	-8,0769231
389	-7,0769231
390	-0,0769231
390	10,9230769
390	-4,0769231
390	17,9230769
391	17,9230769
391	6,9230769
391	-2,0769231
391	10,9230769
392	7,9230769
392	5,9230769
392	-4,0769231
392	18,9230769
393	6,9230769
393	14,9230769
393	23,9230769
394	27,9230769
394	34,9230769
394	27,9230769
394	11,9230769
395	-26,0769231
395	6,9230769
395	8,9230769
395	3,9230769
396	3,9230769
396	16,9230769
396	15,9230769
396	18,9230769
397	-14,0769231
397	7,9230769
397	6,9230769
397	2,9230769
398	42,9230769
398	19,9230769
398	4,9230769
398	31,9230769
399	15,9230769
399	13,9230769
399	12,9230769
400	53,9230769
400	23,9230769
400	43,9230769
400	33,9230769
401	6,9230769
401	29,9230769
401	15,9230769
401	22,9230769
402	45,9230769
402	25,9230769
402	10,9230769
402	3,9230769
403	-3,0769231
403	16,9230769
403	7,9230769
403	29,9230769
404	19,9230769
404	41,9230769
404	20,9230769
405	20,9230769
405	31,9230769
405	28,9230769
405	28,9230769
406	31,9230769
406	6,9230769
406	10,9230769
406	19,9230769
407	17,9230769
407	16,9230769
407	9,9230769
407	10,9230769
408	25,9230769
408	11,9230769
408	-37,0769231
408	2,9230769
409	26,9230769
409	8,9230769
409	20,9230769
409	7,9230769
410	12,9230769
410	18,9230769
410	37,9230769
411	28,9230769
411	12,9230769
411	-3,0769231
411	-13,0769231
412	-0,0769231
412	-1,0769231
412	2,9230769
412	-15,0769231
413	-16,0769231
413	-19,0769231
413	4,9230769
413	-12,0769231
414	-11,0769231
414	-11,0769231
414	-12,0769231
414	-7,0769231
415	14,9230769
415	1,9230769
415	2,9230769
415	8,9230769
416	-5,0769231
416	-3,0769231
416	-8,0769231
417	5,9230769
417	8,9230769
417	2,9230769
417	20,9230769
418	-16,0769231
418	3,9230769
418	-13,0769231
418	-16,0769231
419	5,9230769
419	12,9230769
419	11,9230769
419	-2,0769231
420	24,9230769
420	-17,0769231
420	2,9230769
420	-3,0769231
421	4,9230769
421	8,9230769
421	-10,0769231
421	-6,0769231
422	-9,0769231
422	11,9230769
422	-13,0769231
423	11,9230769
423	-12,0769231
423	18,9230769
423	0,9230769
424	22,9230769
424	-17,0769231
424	-20,0769231
424	15,9230769
425	3,9230769
425	-24,0769231
425	-8,0769231
425	0,9230769
426	-14,0769231
426	-22,0769231
426	-3,0769231
426	1,9230769
427	11,9230769
427	-9,0769231
427	-11,0769231
427	-13,0769231
428	6,9230769
428	26,9230769
428	-1,0769231
429	9,9230769
429	36,9230769
429	-10,0769231
429	35,9230769
430	27,9230769
430	-2,0769231
430	7,9230769
430	-16,0769231
431	6,9230769
431	-0,0769231
431	6,9230769
431	-5,0769231
432	0,9230769
432	-5,0769231
432	16,9230769
432	25,9230769
433	-16,0769231
433	0,9230769
433	2,9230769
433	-14,0769231
434	-4,0769231
434	-11,0769231
434	-15,0769231
435	-15,0769231
435	-9,0769231
435	-10,0769231
435	-7,0769231
436	6,9230769
436	22,9230769
436	4,9230769
436	14,9230769
437	10,9230769
437	-0,0769231
437	-22,0769231
437	-4,0769231
438	15,9230769
438	8,9230769
438	18,9230769
438	8,9230769
439	-9,0769231
439	-22,0769231
439	-9,0769231
439	32,9230769
440	16,9230769
440	-17,0769231
440	3,9230769
441	-13,0769231
441	-22,0769231
441	12,9230769
441	9,9230769
442	-2,0769231
442	6,9230769
442	-2,0769231
442	-4,0769231
443	10,9230769
443	11,9230769
443	6,9230769
443	-24,0769231
444	-15,0769231
444	8,9230769
444	14,9230769
444	4,9230769
445	-1,0769231
445	-2,0769231
445	-14,0769231
445	10,9230769
446	-6,0769231
446	-10,0769231
446	-15,0769231
447	-4,0769231
447	-7,0769231
447	6,9230769
447	-23,0769231
448	12,9230769
448	-38,0769231
448	-10,0769231
448	-12,0769231
449	-6,0769231
449	2,9230769
449	-22,0769231
449	-26,0769231
450	6,9230769
450	-14,0769231
450	-17,0769231
450	-9,0769231
451	-3,0769231
451	-16,0769231
451	-12,0769231
451	-25,0769231
452	-14,0769231
452	-45,0769231
452	-14,0769231
452	-1,0769231
453	-10,0769231
453	-13,0769231
453	-29,0769231
454	5,9230769
454	0,9230769
454	-23,0769231
454	-29,0769231
455	-29,0769231
455	-13,0769231
455	-10,0769231
455	-19,0769231
456	9,9230769
456	5,9230769
456	4,9230769
456	6,9230769
457	-25,0769231
457	-9,0769231
457	-13,0769231
457	-33,0769231
458	0,9230769
458	-20,0769231
458	-11,0769231
458	-9,0769231
459	-21,0769231
459	-16,0769231
459	-4,0769231
460	10,9230769
460	-17,0769231
460	4,9230769
460	-8,0769231
461	-13,0769231
461	-5,0769231
461	-14,0769231
461	4,9230769
462	0,9230769
462	-7,0769231
462	-8,0769231
462	-13,0769231
463	-15,0769231
463	-29,0769231
463	-24,0769231
463	-18,0769231
464	-5,0769231
464	14,9230769
464	-6,0769231
464	-38,0769231
465	-14,0769231
465	11,9230769
465	26,9230769
465	6,9230769
466	1,9230769
466	-13,0769231
466	-20,0769231
467	-23,0769231
467	-16,0769231
467	9,9230769
467	12,9230769
468	-10,0769231
468	17,9230769
468	-26,0769231
468	-33,0769231
469	15,9230769
469	-22,0769231
469	-43,0769231
469	-10,0769231
470	-7,0769231
470	-5,0769231
470	-20,0769231
470	-11,0769231
471	20,9230769
471	-8,0769231
471	4,9230769
471	-3,0769231
472	-6,0769231
472	32,9230769
472	-15,0769231
472	6,9230769
473	-25,0769231
473	14,9230769
473	-2,0769231
474	-5,0769231
474	-31,0769231
474	24,9230769
474	-12,0769231
475	-14,0769231
475	5,9230769
475	-0,0769231
475	-19,0769231
476	-16,0769231
476	-2,0769231
476	-14,0769231
476	3,9230769
477	1,9230769
477	8,9230769
477	-10,0769231
477	5,9230769
478	-13,0769231
478	-4,0769231
478	-8,0769231
478	-14,0769231
479	-14,0769231
479	-23,0769231
479	-5,0769231
479	-21,0769231
480	20,9230769
480	-2,0769231
480	-8,0769231
481	-11,0769231
481	-10,0769231
481	-12,0769231
481	-2,0769231
482	31,9230769
482	-23,0769231
482	-17,0769231
482	10,9230769
483	-3,0769231
483	-8,0769231
483	-15,0769231
483	14,9230769
484	-6,0769231
484	14,9230769
484	13,9230769
484	-16,0769231
485	-28,0769231
485	-16,0769231
485	14,9230769
485	-15,0769231
486	10,9230769
486	11,9230769
486	-8,0769231
486	-20,0769231
487	-38,0769231
487	21,9230769
487	4,9230769
488	6,9230769
488	-8,0769231
488	-6,0769231
488	-8,0769231
489	-1,0769231
489	10,9230769
489	0,9230769
489	-18,0769231
490	6,9230769
490	-6,0769231
490	-7,0769231
490	-13,0769231
491	-32,0769231
491	-24,0769231
491	-26,0769231
491	-6,0769231
492	-21,0769231
492	-19,0769231
492	9,9230769
492	-13,0769231
493	3,9230769
493	-10,0769231
493	-5,0769231
493	-22,0769231
494	-29,0769231
494	-23,0769231
494	-1,0769231
495	-6,0769231
495	-15,0769231
495	-12,0769231
495	-11,0769231
496	8,9230769
496	-17,0769231
496	2,9230769
496	-8,0769231
497	-16,0769231
497	-2,0769231
497	-8,0769231
497	10,9230769
498	-3,0769231
498	-17,0769231
498	-15,0769231
498	-4,0769231
499	-12,0769231
499	-16,0769231
499	-7,0769231
499	27,9230769
500	-14,0769231
500	-10,0769231
500	-34,0769231
500	-15,0769231
501	-0,0769231
501	-23,0769231
501	-6,0769231
502	-2,0769231
502	-13,0769231
502	-5,0769231
502	-16,0769231
503	-17,0769231
503	-12,0769231
503	-0,0769231
503	-24,0769231
504	-20,0769231
504	-22,0769231
504	-7,0769231
504	3,9230769
505	-10,0769231
505	-16,0769231
505	-23,0769231
505	-10,0769231
506	-17,0769231
506	-17,0769231
506	-30,0769231
506	-3,0769231
507	-11,0769231
507	-12,0769231
507	8,9230769
507	-30,0769231
508	-4,0769231
508	5,9230769
508	-3,0769231
508	17,9230769
509	-11,0769231
509	4,9230769
509	-3,0769231
510	-9,0769231
510	-16,0769231
510	12,9230769
510	-6,0769231
511	21,9230769
511	-13,0769231
511	-31,0769231
511	0,9230769
512	0,9230769
512	-11,0769231
512	-19,0769231
512	-23,0769231
513	-42,0769231
513	-0,0769231
513	-9,0769231
513	-22,0769231
514	-9,0769231
514	-4,0769231
514	-7,0769231
514	0,9230769
515	-11,0769231
515	-5,0769231
515	-29,0769231
515	-0,0769231
516	7,9230769
516	13,9230769
516	-13,0769231
516	-27,0769231
517	-12,0769231
517	-10,0769231
517	-10,0769231
518	-8,0769231
518	3,9230769
518	-9,0769231
518	-14,0769231
519	16,9230769
519	1,9230769
519	-15,0769231
519	25,9230769
520	-19,0769231
520	-27,0769231
520	13,9230769
520	-1,0769231
521	-22,0769231
521	-5,0769231
521	-5,0769231
521	4,9230769
522	31,9230769
522	26,9230769
522	-18,0769231
522	-10,0769231
523	0,9230769
523	3,9230769
523	-15,0769231
523	-27,0769231
524	-24,0769231
524	-12,0769231
524	-9,0769231
524	0,9230769
525	3,9230769
525	-17,0769231
525	-4,0769231
526	0,9230769
526	20,9230769
526	-3,0769231
526	-5,0769231
527	-29,0769231
527	-9,0769231
527	-18,0769231
527	-7,0769231
528	-2,0769231
528	-24,0769231
528	-28,0769231
528	2,9230769
529	-0,0769231
529	-40,0769231
529	-19,0769231
529	-16,0769231
530	-15,0769231
530	-14,0769231
530	-1,0769231
530	-9,0769231
531	4,9230769
531	0,9230769
531	2,9230769
531	8,9230769
532	-5,0769231
532	-3,0769231
532	-9,0769231
532	5,9230769
533	7,9230769
533	-20,0769231
533	-19,0769231
534	-4,0769231
534	1,9230769
534	-2,0769231
534	-5,0769231
535	-13,0769231
535	-13,0769231
535	1,9230769
535	0,9230769
536	-4,0769231
536	2,9230769
536	-35,0769231
536	-16,0769231
537	-7,0769231
537	-25,0769231
537	4,9230769
537	-22,0769231
538	-25,0769231
538	-49,0769231
538	-14,0769231
538	-22,0769231
539	-4,0769231
539	-0,0769231
539	-11,0769231
539	4,9230769
540	-4,0769231
540	-24,0769231
540	5,9230769
540	-14,0769231
541	-0,0769231
541	-13,0769231
541	-11,0769231
541	-13,0769231
542	-19,0769231
542	-11,0769231
542	-0,0769231
543	-10,0769231
543	-7,0769231
543	-5,0769231
543	49,9230769
544	-17,0769231
544	-41,0769231
544	-21,0769231
544	-1,0769231
545	-53,0769231
545	-13,0769231
545	-20,0769231
545	-34,0769231
546	7,9230769
546	-13,0769231
546	-3,0769231
546	-23,0769231
547	-40,0769231
547	-15,0769231
547	-25,0769231
547	-34,0769231
548	4,9230769
548	-14,0769231
548	-15,0769231
548	-5,0769231
549	-2,0769231
549	23,9230769
549	-4,0769231
549	-16,0769231
550	0,9230769
550	-13,0769231
550	-18,0769231
550	-43,0769231
551	-46,0769231
551	-3,0769231
551	20,9230769
552	-20,0769231
552	-26,0769231
552	-5,0769231
552	-1,0769231
553	4,9230769
553	-20,0769231
553	-16,0769231
553	-5,0769231
554	-8,0769231
554	-4,0769231
554	14,9230769
554	-27,0769231
555	-9,0769231
555	11,9230769
555	-15,0769231
555	-32,0769231
556	9,9230769
556	-4,0769231
556	-6,0769231
556	6,9230769
557	16,9230769
557	-5,0769231
557	-48,0769231
557	-10,0769231
558	-18,0769231
558	-37,0769231
558	-15,0769231
558	-16,0769231
559	23,9230769
559	6,9230769
559	-19,0769231
559	-43,0769231
560	3,9230769
560	14,9230769
560	-7,0769231
561	12,9230769
561	-21,0769231
561	-14,0769231
561	3,9230769
562	-19,0769231
562	-22,0769231
562	-6,0769231
562	-12,0769231
563	2,9230769
563	-11,0769231
563	0,9230769
563	-2,0769231
564	-4,0769231
564	-19,0769231
564	-21,0769231
564	4,9230769
565	-6,0769231
565	15,9230769
565	-6,0769231
565	8,9230769
566	-3,0769231
566	-7,0769231
566	-21,0769231
566	5,9230769
567	-20,0769231
567	-32,0769231
567	-46,0769231
567	-29,0769231
568	-9,0769231
568	-16,0769231
568	-13,0769231
568	3,9230769
569	-2,0769231
569	1,9230769
569	-1,0769231
569	-0,0769231
570	-6,0769231
570	-3,0769231
570	-12,0769231
571	-23,0769231
571	-23,0769231
571	-43,0769231
571	7,9230769
572	-17,0769231
572	2,9230769
572	-24,0769231
572	-13,0769231
573	-3,0769231
573	-24,0769231
573	-30,0769231
573	-27,0769231
574	12,9230769
574	-13,0769231
574	-16,0769231
574	-3,0769231
575	-3,0769231
575	-28,0769231
575	8,9230769
575	-11,0769231
576	-12,0769231
576	-20,0769231
576	14,9230769
576	-8,0769231
577	-8,0769231
577	2,9230769
577	-7,0769231
577	-22,0769231
578	-2,0769231
578	-15,0769231
578	-19,0769231
578	1,9230769
579	-7,0769231
579	-29,0769231
579	-27,0769231
579	-45,0769231
580	-7,0769231
580	-13,0769231
580	-11,0769231
581	2,9230769
581	-14,0769231
581	0,9230769
581	-0,0769231
582	-38,0769231
582	-26,0769231
582	5,9230769
582	-3,0769231
583	-31,0769231
583	-7,0769231
583	-1,0769231
583	1,9230769
584	-2,0769231
584	-22,0769231
584	-9,0769231
584	15,9230769
585	3,9230769
585	-15,0769231
585	8,9230769
585	-7,0769231
586	-15,0769231
586	-2,0769231
586	4,9230769
586	21,9230769
587	15,9230769
587	-25,0769231
587	0,9230769
587	-15,0769231
588	-4,0769231
588	-6,0769231
588	-8,0769231
588	-0,0769231
589	-14,0769231
589	-28,0769231
589	4,9230769
589	-38,0769231
590	-17,0769231
590	4,9230769
590	-32,0769231
590	-6,0769231
591	-22,0769231
591	-5,0769231
591	-24,0769231
592	-9,0769231
592	-28,0769231
592	-19,0769231
592	-2,0769231
593	-0,0769231
593	-14,0769231
593	-14,0769231
593	2,9230769
594	36,9230769
594	-5,0769231
594	12,9230769
594	10,9230769
595	7,9230769
595	-41,0769231
595	3,9230769
595	-3,0769231
596	7,9230769
596	-15,0769231
596	-29,0769231
596	-11,0769231
597	9,9230769
597	0,9230769
597	-2,0769231
597	-228,0769231
598	-39,0769231
598	-20,0769231
598	-6,0769231
598	-18,0769231
599	-18,0769231
599	-14,0769231
599	-15,0769231
599	-17,0769231
600	-23,0769231
600	-3,0769231
600	-8,0769231
600	-25,0769231
601	-35,0769231
601	-9,0769231
601	-0,0769231
601	-34,0769231
602	-8,0769231
602	-6,0769231
602	-11,0769231
603	-5,0769231
603	-28,0769231
603	18,9230769
603	13,9230769
604	-17,0769231
604	-3,0769231
604	-3,0769231
604	-16,0769231
605	34,9230769
605	8,9230769
605	-23,0769231
605	-18,0769231
606	-17,0769231
606	-21,0769231
606	-6,0769231
606	-0,0769231
607	-25,0769231
607	-34,0769231
607	9,9230769
607	-8,0769231
608	-30,0769231
608	14,9230769
608	-4,0769231
608	3,9230769
609	-2,0769231
609	-5,0769231
609	-0,0769231
609	-45,0769231
610	-29,0769231
610	-13,0769231
610	-17,0769231
610	-12,0769231
611	-4,0769231
611	1,9230769
611	-19,0769231
611	-19,0769231
612	-13,0769231
612	-7,0769231
612	20,9230769
612	-5,0769231
613	6,9230769
613	-22,0769231
613	-14,0769231
613	-4,0769231
614	24,9230769
614	5,9230769
614	-6,0769231
614	-8,0769231
615	-12,0769231
615	5,9230769
615	-9,0769231
616	-39,0769231
616	-18,0769231
616	-8,0769231
616	-16,0769231
617	11,9230769
617	-5,0769231
617	0,9230769
617	-21,0769231
618	-21,0769231
618	-8,0769231
618	-0,0769231
618	-0,0769231
619	-5,0769231
619	0,9230769
619	0,9230769
619	-5,0769231
620	-1,0769231
620	9,9230769
620	-11,0769231
620	-9,0769231
621	-28,0769231
621	18,9230769
621	-5,0769231
621	-21,0769231
622	-5,0769231
622	-0,0769231
622	23,9230769
622	-7,0769231
623	-30,0769231
623	-26,0769231
623	-21,0769231
623	-8,0769231
624	-8,0769231
624	-12,0769231
624	0,9230769
624	-16,0769231
625	-5,0769231
625	-10,0769231
625	-21,0769231
625	-32,0769231
626	-23,0769231
626	-0,0769231
626	-8,0769231
626	-12,0769231
627	9,9230769
627	-8,0769231
627	6,9230769
627	4,9230769
628	-4,0769231
628	0,9230769
628	-11,0769231
629	-34,0769231
629	-6,0769231
629	-5,0769231
629	-12,0769231
630	5,9230769
630	-10,0769231
630	2,9230769
630	8,9230769
631	-13,0769231
631	-9,0769231
631	-35,0769231
631	-8,0769231
632	-12,0769231
632	-14,0769231
632	-10,0769231
632	-10,0769231
633	-11,0769231
633	21,9230769
633	-9,0769231
633	-11,0769231
634	-0,0769231
634	-19,0769231
634	-37,0769231
634	-2,0769231
635	-20,0769231
635	-6,0769231
635	-29,0769231
635	-2,0769231
636	-19,0769231
636	-3,0769231
636	2,9230769
636	-33,0769231
637	-0,0769231
637	15,9230769
637	-5,0769231
637	-14,0769231
638	-10,0769231
638	-10,0769231
638	-0,0769231
638	-12,0769231
639	-22,0769231
639	-36,0769231
639	-16,0769231
639	0,9230769
640	-14,0769231
640	7,9230769
640	-21,0769231
640	-14,0769231
641	-25,0769231
641	10,9230769
641	-19,0769231
641	-2,0769231
642	-1,0769231
642	0,9230769
642	2,9230769
642	-27,0769231
643	-4,0769231
643	-3,0769231
643	-12,0769231
644	-12,0769231
644	-24,0769231
644	-12,0769231
644	15,9230769
645	-7,0769231
645	-48,0769231
645	-18,0769231
645	-14,0769231
646	-5,0769231
646	-9,0769231
646	-20,0769231
646	14,9230769
647	11,9230769
647	-3,0769231
647	-0,0769231
647	7,9230769
648	12,9230769
648	9,9230769
648	-9,0769231
648	-3,0769231
649	6,9230769
649	4,9230769
649	4,9230769
649	-14,0769231
650	11,9230769
650	-16,0769231
650	-10,0769231
650	-21,0769231
651	-6,0769231
651	18,9230769
651	5,9230769
651	10,9230769
652	-5,0769231
652	-13,0769231
652	-1,0769231
652	-6,0769231
653	4,9230769
653	5,9230769
653	-2,0769231
653	-14,0769231
654	-45,0769231
654	-5,0769231
654	12,9230769
654	-7,0769231
655	6,9230769
655	28,9230769
655	0,9230769
655	8,9230769
656	-12,0769231
656	7,9230769
656	-33,0769231
656	-14,0769231
657	7,9230769
657	-25,0769231
657	-15,0769231
657	3,9230769
658	-9,0769231
658	-16,0769231
658	-9,0769231
658	-1,0769231
659	-12,0769231
659	0,9230769
659	7,9230769
660	-3,0769231
660	-16,0769231
660	2,9230769
660	4,9230769
661	10,9230769
661	-2,0769231
661	-4,0769231
661	-14,0769231
662	19,9230769
662	3,9230769
662	-9,0769231
662	1,9230769
663	-5,0769231
663	6,9230769
663	-14,0769231
663	10,9230769
664	-10,0769231
664	10,9230769
664	-1,0769231
664	2,9230769
665	17,9230769
665	8,9230769
665	2,9230769
665	-10,0769231
666	-26,0769231
666	15,9230769
666	-4,0769231
666	2,9230769
667	1,9230769
667	-7,0769231
667	0,9230769
667	-20,0769231
668	-28,0769231
668	-16,0769231
668	0,9230769
668	-5,0769231
669	-2,0769231
669	-42,0769231
669	-5,0769231
669	-8,0769231
670	-2,0769231
670	12,9230769
670	-14,0769231
670	-6,0769231
671	-25,0769231
671	12,9230769
671	23,9230769
671	-11,0769231
672	14,9230769
672	-9,0769231
672	26,9230769
672	20,9230769
673	-5,0769231
673	-18,0769231
673	-9,0769231
673	-9,0769231
674	12,9230769
674	-1,0769231
674	-13,0769231
674	10,9230769
675	-44,0769231
675	-8,0769231
675	-21,0769231
675	-16,0769231
676	0,9230769
676	-0,0769231
676	-2,0769231
676	2,9230769
677	0,9230769
677	-21,0769231
677	-40,0769231
677	-5,0769231
678	11,9230769
678	9,9230769
678	-34,0769231
678	-7,0769231
679	-7,0769231
679	8,9230769
679	3,9230769
680	4,9230769
680	-22,0769231
680	7,9230769
680	21,9230769
681	11,9230769
681	-6,0769231
681	-19,0769231
681	-34,0769231
682	-17,0769231
682	-25,0769231
682	3,9230769
682	-9,0769231
683	-28,0769231
683	-21,0769231
683	-2,0769231
683	7,9230769
684	-13,0769231
684	-11,0769231
684	-10,0769231
684	-12,0769231
685	5,9230769
685	-28,0769231
685	-16,0769231
685	-37,0769231
686	-12,0769231
686	-6,0769231
686	-7,0769231
686	4,9230769
687	3,9230769
687	-0,0769231
687	-17,0769231
687	-23,0769231
688	-20,0769231
688	-3,0769231
688	-36,0769231
688	-29,0769231
689	-17,0769231
689	-19,0769231
689	-3,0769231
689	-5,0769231
690	-5,0769231
690	-11,0769231
690	-34,0769231
690	10,9230769
691	-17,0769231
691	-31,0769231
691	-9,0769231
691	0,9230769
692	-5,0769231
692	1,9230769
692	0,9230769
692	-12,0769231
693	3,9230769
693	-22,0769231
693	-29,0769231
693	-23,0769231
694	-1,0769231
694	5,9230769
694	-33,0769231
694	-11,0769231
695	-3,0769231
695	-3,0769231
695	-23,0769231
695	-5,0769231
696	-16,0769231
696	-19,0769231
696	-2,0769231
696	-35,0769231
697	-7,0769231
697	-31,0769231
697	-9,0769231
697	1,9230769
698	-30,0769231
698	-27,0769231
698	-21,0769231
698	-6,0769231
699	-4,0769231
699	-17,0769231
699	-6,0769231
699	8,9230769
700	-5,0769231
700	-1,0769231
700	-6,0769231
700	-30,0769231
701	-8,0769231
701	-20,0769231
701	-5,0769231
701	-12,0769231
702	-15,0769231
702	-29,0769231
702	-6,0769231
702	-21,0769231
703	-1,0769231
703	-21,0769231
703	-9,0769231
703	-41,0769231
704	-8,0769231
704	-6,0769231
704	-4,0769231
704	16,9230769
705	-1,0769231
705	-9,0769231
705	-3,0769231
706	14,9230769
706	8,9230769
706	16,9230769
706	-12,0769231
707	0,9230769
707	-22,0769231
707	-15,0769231
707	-16,0769231
708	-33,0769231
708	-9,0769231
708	-1,0769231
708	-12,0769231
709	-13,0769231
709	-21,0769231
709	13,9230769
709	-17,0769231
710	-3,0769231
710	-16,0769231
710	-11,0769231
710	-2,0769231
711	-19,0769231
711	-5,0769231
711	0,9230769
711	-10,0769231
712	-15,0769231
712	-25,0769231
712	-28,0769231
712	-13,0769231
713	-14,0769231
713	-2,0769231
713	-4,0769231
713	-23,0769231
714	6,9230769
714	14,9230769
714	-19,0769231
714	-16,0769231
715	-17,0769231
715	-44,0769231
715	-9,0769231
715	-15,0769231
716	-10,0769231
716	-13,0769231
716	-4,0769231
716	-16,0769231
717	-30,0769231
717	-10,0769231
717	-5,0769231
717	-5,0769231
718	-17,0769231
718	-20,0769231
718	-32,0769231
718	-10,0769231
719	11,9230769
719	-15,0769231
719	-12,0769231
719	-40,0769231
720	-27,0769231
720	-27,0769231
720	-11,0769231
720	-8,0769231
721	13,9230769
721	-14,0769231
721	5,9230769
721	-28,0769231
722	14,9230769
722	8,9230769
722	-7,0769231
722	-25,0769231
723	-5,0769231
723	15,9230769
723	-15,0769231
723	4,9230769
724	4,9230769
724	6,9230769
724	-19,0769231
724	-36,0769231
725	-13,0769231
725	6,9230769
725	-11,0769231
725	-10,0769231
726	-19,0769231
726	1,9230769
726	-0,0769231
726	-6,0769231
727	0,9230769
727	-31,0769231
727	10,9230769
727	-3,0769231
728	-8,0769231
728	-29,0769231
728	-21,0769231
728	-39,0769231
729	-20,0769231
729	10,9230769
729	-8,0769231
729	-4,0769231
730	15,9230769
730	-42,0769231
730	-25,0769231
730	-24,0769231
731	2,9230769
731	-22,0769231
731	-36,0769231
731	8,9230769
732	-13,0769231
732	-12,0769231
732	-5,0769231
732	0,9230769
733	-2,0769231
733	-15,0769231
733	-5,0769231
733	3,9230769
734	-22,0769231
734	-7,0769231
734	-31,0769231
734	-7,0769231
735	-8,0769231
735	-18,0769231
735	7,9230769
735	9,9230769
736	-28,0769231
736	-32,0769231
736	-17,0769231
736	10,9230769
737	-19,0769231
737	-14,0769231
737	-23,0769231
737	-0,0769231
738	-27,0769231
738	-15,0769231
738	2,9230769
738	-2,0769231
739	10,9230769
739	13,9230769
739	-23,0769231
739	-0,0769231
740	10,9230769
740	-34,0769231
740	-12,0769231
740	-17,0769231
741	-24,0769231
741	-23,0769231
741	-8,0769231
741	-3,0769231
742	11,9230769
742	2,9230769
742	-1,0769231
742	-28,0769231
743	-35,0769231
743	3,9230769
743	-19,0769231
743	-23,0769231
744	2,9230769
744	-1,0769231
744	2,9230769
744	-14,0769231
745	-20,0769231
745	-21,0769231
745	-7,0769231
745	-29,0769231
746	-5,0769231
746	-14,0769231
746	-18,0769231
746	-17,0769231
747	-0,0769231
747	8,9230769
747	-4,0769231
747	-24,0769231
748	15,9230769
748	12,9230769
748	-5,0769231
748	-1,0769231
749	-1,0769231
749	-2,0769231
749	-4,0769231
749	-15,0769231
750	-4,0769231
750	7,9230769
750	8,9230769
750	-7,0769231
751	3,9230769
751	-29,0769231
751	-13,0769231
751	-6,0769231
752	6,9230769
752	-6,0769231
752	-10,0769231
752	-6,0769231
753	-32,0769231
753	-2,0769231
753	9,9230769
753	12,9230769
754	-6,0769231
754	-8,0769231
754	-33,0769231
754	-6,0769231
755	-22,0769231
755	-21,0769231
755	-0,0769231
755	-18,0769231
756	-11,0769231
756	-6,0769231
756	-21,0769231
756	0,9230769
757	-58,0769231
757	-0,0769231
757	-14,0769231
757	-14,0769231
758	-12,0769231
758	-12,0769231
758	-23,0769231
758	3,9230769
759	-2,0769231
759	29,9230769
759	-21,0769231
759	-12,0769231
760	3,9230769
760	-2,0769231
760	-15,0769231
760	-24,0769231
761	-11,0769231
761	11,9230769
761	-4,0769231
761	-3,0769231
762	27,9230769
762	22,9230769
762	-2,0769231
762	-28,0769231
763	-13,0769231
763	-16,0769231
763	-10,0769231
763	-35,0769231
764	-1,0769231
764	-7,0769231
764	-6,0769231
764	8,9230769
765	-12,0769231
765	-18,0769231
765	-13,0769231
765	5,9230769
766	-8,0769231
766	-6,0769231
766	-7,0769231
766	5,9230769
767	-22,0769231
767	-22,0769231
767	-2,0769231
767	-25,0769231
768	3,9230769
768	-9,0769231
768	-4,0769231
768	19,9230769
769	-23,0769231
769	9,9230769
769	-20,0769231
769	-40,0769231
770	-16,0769231
770	-8,0769231
770	-9,0769231
770	-12,0769231
771	-17,0769231
771	-6,0769231
771	-21,0769231
771	8,9230769
772	6,9230769
772	-6,0769231
772	-0,0769231
772	13,9230769
773	-26,0769231
773	-20,0769231
773	-18,0769231
773	-3,0769231
774	3,9230769
774	-21,0769231
774	-21,0769231
774	-26,0769231
775	-34,0769231
775	-23,0769231
775	-0,0769231
775	-16,0769231
776	-36,0769231
776	-1,0769231
776	13,9230769
776	-31,0769231
777	-1,0769231
777	3,9230769
777	3,9230769
777	4,9230769
778	-1,0769231
778	-18,0769231
778	-4,0769231
778	-25,0769231
779	-2,0769231
779	-10,0769231
779	-10,0769231
779	21,9230769
780	13,9230769
780	-3,0769231
780	-1,0769231
780	-15,0769231
781	-1,0769231
781	-9,0769231
781	3,9230769
781	-12,0769231
782	2,9230769
782	-16,0769231
782	-24,0769231
782	-1,0769231
783	-10,0769231
783	-14,0769231
783	-9,0769231
783	-0,0769231
784	4,9230769
784	-2,0769231
784	-3,0769231
784	-9,0769231
785	-18,0769231
785	-20,0769231
785	-9,0769231
785	-14,0769231
786	-11,0769231
786	-18,0769231
786	3,9230769
786	3,9230769
787	-5,0769231
787	-10,0769231
787	-14,0769231
787	-15,0769231
788	-30,0769231
788	-18,0769231
788	-22,0769231
788	-12,0769231
789	-4,0769231
789	-15,0769231
789	-13,0769231
789	-14,0769231
790	-5,0769231
790	-21,0769231
790	0,9230769
790	-9,0769231
791	-12,0769231
791	4,9230769
791	-33,0769231
791	-26,0769231
792	-8,0769231
792	-25,0769231
792	24,9230769
792	8,9230769
793	-10,0769231
793	-9,0769231
793	-18,0769231
793	-8,0769231
794	-15,0769231
794	-28,0769231
794	4,9230769
794	-33,0769231
795	8,9230769
795	-1,0769231
795	-4,0769231
795	12,9230769
796	4,9230769
796	-6,0769231
796	-42,0769231
796	-11,0769231
797	-19,0769231
797	-9,0769231
797	13,9230769
797	5,9230769
798	-2,0769231
798	3,9230769
798	11,9230769
798	33,9230769
799	-34,0769231
799	-17,0769231
799	-4,0769231
799	-36,0769231
800	0,9230769
800	25,9230769
800	6,9230769
800	-22,0769231
801	16,9230769
801	-12,0769231
801	5,9230769
801	-30,0769231
802	-20,0769231
802	-19,0769231
802	-23,0769231
802	-9,0769231
803	-26,0769231
803	-18,0769231
803	-8,0769231
803	-0,0769231
804	-14,0769231
804	-16,0769231
804	-34,0769231
804	18,9230769
805	-12,0769231
805	-30,0769231
805	7,9230769
805	-17,0769231
806	-14,0769231
806	-22,0769231
806	13,9230769
806	-1,0769231
807	-32,0769231
807	1,9230769
807	-6,0769231
807	2,9230769
808	-19,0769231
808	-8,0769231
808	8,9230769
808	-1,0769231
809	-2,0769231
809	-5,0769231
809	-1,0769231
809	-3,0769231
810	-15,0769231
810	-28,0769231
810	-35,0769231
810	-10,0769231
811	-4,0769231
811	-11,0769231
811	-19,0769231
811	-13,0769231
812	-7,0769231
812	7,9230769
812	3,9230769
812	-13,0769231
813	-38,0769231
813	11,9230769
813	12,9230769
813	-3,0769231
814	-13,0769231
814	-10,0769231
814	-1,0769231
814	19,9230769
815	-0,0769231
815	-4,0769231
815	23,9230769
815	-8,0769231
816	14,9230769
816	1,9230769
816	-23,0769231
816	-6,0769231
817	3,9230769
817	3,9230769
817	-18,0769231
817	-4,0769231
818	-40,0769231
818	-9,0769231
818	-25,0769231
818	-7,0769231
819	-11,0769231
819	4,9230769
819	-24,0769231
819	-17,0769231
820	-8,0769231
820	-18,0769231
820	-3,0769231
820	-0,0769231
820	-17,0769231
821	-24,0769231
821	-31,0769231
821	-21,0769231
821	-14,0769231
822	4,9230769
822	-0,0769231
822	-45,0769231
822	-29,0769231
823	-16,0769231
823	-4,0769231
823	-13,0769231
823	-23,0769231
824	-17,0769231
824	-0,0769231
824	-16,0769231
824	-16,0769231
825	-6,0769231
825	32,9230769
825	-5,0769231
825	11,9230769
826	12,9230769
826	-11,0769231
826	-18,0769231
826	-1,0769231
827	-31,0769231
827	-15,0769231
827	7,9230769
827	-22,0769231
828	-21,0769231
828	-23,0769231
828	-12,0769231
828	-19,0769231
829	19,9230769
829	-12,0769231
829	-2,0769231
829	-6,0769231
830	-10,0769231
830	11,9230769
830	-31,0769231
830	2,9230769
831	-8,0769231
831	0,9230769
831	-4,0769231
831	-8,0769231
832	-13,0769231
832	-10,0769231
832	-15,0769231
832	-0,0769231
833	4,9230769
833	-27,0769231
833	-32,0769231
833	0,9230769
834	18,9230769
834	-8,0769231
834	2,9230769
834	-22,0769231
835	-29,0769231
835	13,9230769
835	-26,0769231
835	-9,0769231
836	-16,0769231
836	-27,0769231
836	0,9230769
836	9,9230769
837	-14,0769231
837	-16,0769231
837	-16,0769231
837	2,9230769
838	-19,0769231
838	23,9230769
838	1,9230769
838	-6,0769231
839	-5,0769231
839	-43,0769231
839	-20,0769231
839	2,9230769
840	-2,0769231
840	-8,0769231
840	-12,0769231
840	-28,0769231
841	-26,0769231
841	13,9230769
841	-13,0769231
841	-13,0769231
842	7,9230769
842	-7,0769231
842	-18,0769231
842	0,9230769
843	-6,0769231
843	-8,0769231
843	9,9230769
843	-14,0769231
844	-4,0769231
844	3,9230769
844	-11,0769231
844	-14,0769231
845	-7,0769231
845	15,9230769
845	-11,0769231
845	1,9230769
845	-17,0769231
846	-36,0769231
846	0,9230769
846	5,9230769
846	9,9230769
847	-20,0769231
847	-29,0769231
847	-16,0769231
847	-24,0769231
848	-24,0769231
848	-13,0769231
848	4,9230769
848	-1,0769231
849	0,9230769
849	-17,0769231
849	2,9230769
849	-1,0769231
850	6,9230769
850	8,9230769
850	-17,0769231
850	29,9230769
851	-9,0769231
851	-13,0769231
851	17,9230769
851	-14,0769231
852	-38,0769231
852	-4,0769231
852	6,9230769
852	-21,0769231
853	3,9230769
853	-4,0769231
853	-31,0769231
853	-11,0769231
854	-16,0769231
854	-24,0769231
854	-29,0769231
854	-19,0769231
855	-24,0769231
855	-4,0769231
855	-10,0769231
855	-21,0769231
856	-26,0769231
856	1,9230769
856	-10,0769231
856	-23,0769231
857	-4,0769231
857	13,9230769
857	-1,0769231
857	-9,0769231
858	-3,0769231
858	-2,0769231
858	6,9230769
858	-14,0769231
859	-6,0769231
859	-23,0769231
859	1,9230769
859	-16,0769231
860	9,9230769
860	-8,0769231
860	28,9230769
860	-7,0769231
861	9,9230769
861	-29,0769231
861	-23,0769231
861	8,9230769
862	-14,0769231
862	7,9230769
862	-4,0769231
862	1,9230769
863	-20,0769231
863	-23,0769231
863	-15,0769231
863	3,9230769
864	12,9230769
864	-30,0769231
864	-25,0769231
864	0,9230769
864	-5,0769231
865	-17,0769231
865	-24,0769231
865	-22,0769231
865	-17,0769231
866	-18,0769231
866	-23,0769231
866	-9,0769231
866	-9,0769231
867	16,9230769
867	-5,0769231
867	-31,0769231
867	-21,0769231
868	-12,0769231
868	-37,0769231
868	-22,0769231
868	-20,0769231
869	-0,0769231
869	2,9230769
869	17,9230769
869	-5,0769231
870	21,9230769
870	7,9230769
870	1,9230769
870	-9,0769231
871	-21,0769231
871	-22,0769231
871	-26,0769231
871	-31,0769231
872	0,9230769
872	-33,0769231
872	0,9230769
872	-5,0769231
873	-26,0769231
873	-27,0769231
873	-32,0769231
873	5,9230769
874	-3,0769231
874	-14,0769231
874	-20,0769231
874	-5,0769231
875	-6,0769231
875	-32,0769231
875	-19,0769231
875	-2,0769231
876	-20,0769231
876	-3,0769231
876	-8,0769231
876	-2,0769231
877	-7,0769231
877	-16,0769231
877	-11,0769231
877	-25,0769231
878	-9,0769231
878	-21,0769231
878	10,9230769
878	19,9230769
879	3,9230769
879	-31,0769231
879	3,9230769
879	-15,0769231
880	-14,0769231
880	-11,0769231
880	0,9230769
880	11,9230769
880	-4,0769231
881	20,9230769
881	4,9230769
881	-6,0769231
881	-12,0769231
882	-16,0769231
882	-11,0769231
882	-3,0769231
882	-0,0769231
883	-18,0769231
883	-32,0769231
883	0,9230769
883	-26,0769231
884	-0,0769231
884	-22,0769231
884	-23,0769231
884	-4,0769231
885	-15,0769231
885	-17,0769231
885	-1,0769231
885	0,9230769
886	-9,0769231
886	-30,0769231
886	-9,0769231
886	-13,0769231
887	25,9230769
887	-5,0769231
887	-36,0769231
887	-8,0769231
888	-13,0769231
888	-14,0769231
888	-12,0769231
888	-13,0769231
889	-28,0769231
889	0,9230769
889	-18,0769231
889	-10,0769231
890	-13,0769231
890	-45,0769231
890	23,9230769
890	-15,0769231
891	-18,0769231
891	-15,0769231
891	-12,0769231
891	-7,0769231
892	-27,0769231
892	-18,0769231
892	-37,0769231
892	20,9230769
893	-9,0769231
893	-11,0769231
893	-31,0769231
893	-6,0769231
894	6,9230769
894	-2,0769231
894	8,9230769
894	-8,0769231
894	-3,0769231
895	-17,0769231
895	-17,0769231
895	8,9230769
895	-2,0769231
896	13,9230769
896	-3,0769231
896	0,9230769
896	20,9230769
897	13,9230769
897	7,9230769
897	14,9230769
897	-0,0769231
898	5,9230769
898	-1,0769231
898	-2,0769231
898	-15,0769231
899	1,9230769
899	-30,0769231
899	-9,0769231
899	-14,0769231
900	1,9230769
900	-11,0769231
900	-20,0769231
900	7,9230769
901	14,9230769
901	-1,0769231
901	-12,0769231
901	-23,0769231
902	3,9230769
902	-26,0769231
902	-24,0769231
902	-21,0769231
903	-22,0769231
903	11,9230769
903	-14,0769231
903	8,9230769
904	-19,0769231
904	-5,0769231
904	-14,0769231
904	-18,0769231
905	-3,0769231
905	18,9230769
905	-0,0769231
905	0,9230769
906	-3,0769231
906	-13,0769231
906	-17,0769231
906	-4,0769231
906	4,9230769
907	-6,0769231
907	-2,0769231
907	-4,0769231
907	11,9230769
908	-15,0769231
908	12,9230769
908	36,9230769
908	-28,0769231
909	-10,0769231
909	-32,0769231
909	-30,0769231
909	-19,0769231
910	-39,0769231
910	-32,0769231
910	4,9230769
910	-10,0769231
911	-7,0769231
911	-16,0769231
911	-5,0769231
911	-2,0769231
912	-7,0769231
912	-22,0769231
912	-12,0769231
912	11,9230769
913	-23,0769231
913	-35,0769231
913	-11,0769231
913	-22,0769231
914	7,9230769
914	-31,0769231
914	-17,0769231
914	-44,0769231
915	-39,0769231
915	-33,0769231
915	-13,0769231
915	13,9230769
916	-18,0769231
916	-14,0769231
916	-4,0769231
916	-9,0769231
917	-8,0769231
917	1,9230769
917	-3,0769231
917	6,9230769
917	-31,0769231
918	-29,0769231
918	8,9230769
918	-11,0769231
918	-20,0769231
919	-39,0769231
919	-21,0769231
919	29,9230769
919	-12,0769231
920	-15,0769231
920	-22,0769231
920	-0,0769231
920	2,9230769
921	-14,0769231
921	-4,0769231
921	-33,0769231
921	-17,0769231
922	-32,0769231
922	-37,0769231
922	-31,0769231
922	-9,0769231
923	8,9230769
923	1,9230769
923	-33,0769231
923	-21,0769231
924	-6,0769231
924	-28,0769231
924	-28,0769231
924	-26,0769231
925	-16,0769231
925	-18,0769231
925	-1,0769231
925	17,9230769
926	0,9230769
926	-3,0769231
926	-8,0769231
926	-21,0769231
927	-8,0769231
927	-11,0769231
927	-6,0769231
927	-15,0769231
928	-51,0769231
928	-24,0769231
928	-21,0769231
928	-9,0769231
928	18,9230769
929	0,9230769
929	-20,0769231
929	-8,0769231
929	-8,0769231
930	-17,0769231
930	-15,0769231
930	-21,0769231
930	-2,0769231
931	3,9230769
931	-7,0769231
931	6,9230769
931	-4,0769231
932	-2,0769231
932	-10,0769231
932	-14,0769231
932	-20,0769231
933	-12,0769231
933	-21,0769231
933	10,9230769
933	-19,0769231
934	-8,0769231
934	8,9230769
934	-1,0769231
934	-1,0769231
935	1,9230769
935	-12,0769231
935	-14,0769231
935	0,9230769
936	-17,0769231
936	13,9230769
936	3,9230769
936	-32,0769231
937	-2,0769231
937	-20,0769231
937	-6,0769231
937	-15,0769231
938	-20,0769231
938	-6,0769231
938	-11,0769231
938	12,9230769
938	-13,0769231
939	-9,0769231
939	-4,0769231
939	13,9230769
939	-1,0769231
940	-6,0769231
940	-13,0769231
940	-42,0769231
940	-17,0769231
941	-12,0769231
941	-10,0769231
941	-6,0769231
941	-1,0769231
942	-23,0769231
942	-0,0769231
942	-5,0769231
942	-5,0769231
943	1,9230769
943	-15,0769231
943	-6,0769231
943	3,9230769
944	-17,0769231
944	-5,0769231
944	-2,0769231
944	17,9230769
945	6,9230769
945	-3,0769231
945	-16,0769231
945	8,9230769
946	3,9230769
946	1,9230769
946	1,9230769
946	-27,0769231
947	11,9230769
947	10,9230769
947	-13,0769231
947	-2,0769231
947	-6,0769231
948	-4,0769231
948	-11,0769231
948	-17,0769231
948	-21,0769231
949	22,9230769
949	-22,0769231
949	-6,0769231
949	-15,0769231
950	-7,0769231
950	-16,0769231
950	-17,0769231
950	-32,0769231
951	-5,0769231
951	-8,0769231
951	-5,0769231
951	-14,0769231
952	0,9230769
952	6,9230769
952	-1,0769231
952	20,9230769
953	-46,0769231
953	-1,0769231
953	21,9230769
953	-12,0769231
954	-34,0769231
954	-17,0769231
954	-10,0769231
954	3,9230769
955	-4,0769231
955	1,9230769
955	-31,0769231
955	-32,0769231
956	-8,0769231
956	-22,0769231
956	-20,0769231
956	-8,0769231
956	-5,0769231
957	11,9230769
957	-4,0769231
957	-16,0769231
957	-3,0769231
958	3,9230769
958	-25,0769231
958	-12,0769231
958	-0,0769231
959	-28,0769231
959	-7,0769231
959	-27,0769231
959	-24,0769231
960	16,9230769
960	6,9230769
960	-23,0769231
960	-16,0769231
961	-0,0769231
961	0,9230769
961	-20,0769231
961	-12,0769231
962	-17,0769231
962	-22,0769231
962	-28,0769231
962	-2,0769231
963	-14,0769231
963	-12,0769231
963	1,9230769
963	-34,0769231
964	-2,0769231
964	10,9230769
964	-23,0769231
964	-17,0769231
964	0,9230769
965	11,9230769
965	-14,0769231
965	-8,0769231
965	-12,0769231
966	4,9230769
966	1,9230769
966	-23,0769231
966	-2,0769231
967	-16,0769231
967	-14,0769231
967	-8,0769231
967	-34,0769231
968	-6,0769231
968	-12,0769231
968	-7,0769231
968	6,9230769
969	1,9230769
969	-32,0769231
969	-3,0769231
969	-26,0769231
970	-14,0769231
970	-24,0769231
970	5,9230769
970	-2,0769231
971	-8,0769231
971	-27,0769231
971	-14,0769231
971	2,9230769
972	-11,0769231
972	-22,0769231
972	-3,0769231
972	-30,0769231
972	-40,0769231
973	-37,0769231
973	-9,0769231
973	-7,0769231
973	-9,0769231
974	-14,0769231
974	2,9230769
974	7,9230769
974	-8,0769231
975	-0,0769231
975	6,9230769
975	-14,0769231
975	-12,0769231
976	-22,0769231
976	-0,0769231
976	-12,0769231
976	-3,0769231
977	-16,0769231
977	-5,0769231
977	-42,0769231
977	-17,0769231
978	12,9230769
978	4,9230769
978	-13,0769231
978	-8,0769231
979	-2,0769231
979	-9,0769231
979	1,9230769
979	-14,0769231
980	-16,0769231
980	14,9230769
980	-29,0769231
980	-8,0769231
980	-25,0769231
981	-11,0769231
981	8,9230769
981	-0,0769231
981	-28,0769231
982	-46,0769231
982	-10,0769231
982	2,9230769
982	-18,0769231
983	-17,0769231
983	1,9230769
983	-20,0769231
983	-14,0769231
984	9,9230769
984	11,9230769
984	-3,0769231
984	-13,0769231
985	-31,0769231
985	-8,0769231
985	-7,0769231
985	-29,0769231
986	6,9230769
986	-7,0769231
986	3,9230769
986	-16,0769231
987	-23,0769231
987	-24,0769231
987	-24,0769231
987	-39,0769231
988	-11,0769231
988	7,9230769
988	-25,0769231
988	12,9230769
988	9,9230769
989	-6,0769231
989	-31,0769231
989	-14,0769231
989	-14,0769231
990	6,9230769
990	-16,0769231
990	-37,0769231
990	-10,0769231
991	-15,0769231
991	5,9230769
991	-5,0769231
991	-12,0769231
992	-21,0769231
992	-27,0769231
992	-6,0769231
992	-20,0769231
993	-6,0769231
993	-27,0769231
993	-33,0769231
993	7,9230769
994	-15,0769231
994	-17,0769231
994	-1,0769231
994	22,9230769
995	8,9230769
995	-1,0769231
995	3,9230769
995	10,9230769
995	3,9230769
996	-17,0769231
996	6,9230769
996	-4,0769231
996	-17,0769231
997	3,9230769
997	-43,0769231
997	-9,0769231
997	24,9230769
998	-3,0769231
998	-27,0769231
998	-1,0769231
998	19,9230769
999	-8,0769231
999	-24,0769231
999	-5,0769231
999	-14,0769231
1000	-11,0769231
1000	0,9230769
1000	-11,0769231
1000	-18,0769231
1001	-7,0769231
1001	-7,0769231
1001	10,9230769
1001	-19,0769231
1002	-12,0769231
1002	-7,0769231
1002	2,9230769
1002	1,9230769
1002	-14,0769231
1003	7,9230769
1003	3,9230769
1003	1,9230769
1003	-12,0769231
1004	-13,0769231
1004	-14,0769231
1004	8,9230769
1004	29,9230769
1005	-17,0769231
1005	-26,0769231
1005	-19,0769231
1005	-28,0769231
1006	-37,0769231
1006	-22,0769231
1006	-14,0769231
1006	-17,0769231
1007	3,9230769
1007	6,9230769
1007	-23,0769231
1007	-26,0769231
1008	-27,0769231
1008	-5,0769231
1008	-21,0769231
1008	-14,0769231
1008	-11,0769231
1009	6,9230769
1009	-30,0769231
1009	-15,0769231
1009	-4,0769231
1010	-9,0769231
1010	-26,0769231
1010	-9,0769231
1010	-0,0769231
1011	0,9230769
1011	4,9230769
1011	-5,0769231
1011	9,9230769
1012	-0,0769231
1012	-8,0769231
1012	-10,0769231
1012	-12,0769231
1013	-19,0769231
1013	-19,0769231
1013	-0,0769231
1013	-4,0769231
1014	0,9230769
1014	-0,0769231
1014	9,9230769
1014	-11,0769231
1015	3,9230769
1015	-2,0769231
1015	-0,0769231
1015	-28,0769231
1015	1,9230769
1016	-4,0769231
1016	-5,0769231
1016	-4,0769231
1016	-9,0769231
1017	-1,0769231
1017	-10,0769231
1017	-5,0769231
1017	-10,0769231
1018	14,9230769
1018	-4,0769231
1018	-31,0769231
1018	-21,0769231
1019	-10,0769231
1019	0,9230769
1019	-24,0769231
1019	-18,0769231
1020	-16,0769231
1020	8,9230769
1020	-6,0769231
1020	-3,0769231
1021	-5,0769231
1021	5,9230769
1021	10,9230769
1021	-8,0769231
1021	-1,0769231
1022	-57,0769231
1022	-14,0769231
1022	-2,0769231
1022	-23,0769231
1023	-39,0769231
1023	-24,0769231
1023	-9,0769231
1023	-9,0769231
1024	14,9230769
1024	-28,0769231
1024	-10,0769231
1024	-14,0769231
1025	-12,0769231
1025	-32,0769231
1025	-17,0769231
1025	2,9230769
1026	-0,0769231
1026	1,9230769
1026	-8,0769231
1026	8,9230769
1027	-1,0769231
1027	-1,0769231
1027	12,9230769
1027	27,9230769
1027	-0,0769231
1028	-7,0769231
1028	-35,0769231
1028	-10,0769231
1028	-1,0769231
1029	-32,0769231
1029	-12,0769231
1029	-18,0769231
1029	-35,0769231
1030	0,9230769
1030	-32,0769231
1030	-0,0769231
1030	3,9230769
1031	-7,0769231
1031	-30,0769231
1031	-7,0769231
1031	-30,0769231
1032	-3,0769231
1032	-17,0769231
1032	-15,0769231
1032	-14,0769231
1033	-11,0769231
1033	9,9230769
1033	-12,0769231
1033	-12,0769231
1034	11,9230769
1034	-13,0769231
1034	-29,0769231
1034	-19,0769231
1034	-23,0769231
1035	-20,0769231
1035	-24,0769231
1035	-4,0769231
1035	-24,0769231
1036	28,9230769
1036	2,9230769
1036	-10,0769231
1036	-23,0769231
1037	-21,0769231
1037	-10,0769231
1037	-21,0769231
1037	8,9230769
1038	7,9230769
1038	-6,0769231
1038	-21,0769231
1038	8,9230769
1039	-23,0769231
1039	-13,0769231
1039	-27,0769231
1039	8,9230769
1039	-7,0769231
1040	-5,0769231
1040	-6,0769231
1040	9,9230769
1040	-9,0769231
1041	8,9230769
1041	-10,0769231
1041	-10,0769231
1041	-4,0769231
1042	15,9230769
1042	1,9230769
1042	18,9230769
1042	7,9230769
1043	7,9230769
1043	28,9230769
1043	-15,0769231
1043	-22,0769231
1044	1,9230769
1044	-21,0769231
1044	-12,0769231
1044	-38,0769231
1045	-10,0769231
1045	-33,0769231
1045	-19,0769231
1045	-11,0769231
1045	-5,0769231
1046	-23,0769231
1046	-12,0769231
1046	4,9230769
1046	-15,0769231
1047	-25,0769231
1047	16,9230769
1047	-9,0769231
1047	-2,0769231
1048	-0,0769231
1048	4,9230769
1048	20,9230769
1048	3,9230769
1049	-54,0769231
1049	-37,0769231
1049	-18,0769231
1049	-4,0769231
1050	-36,0769231
1050	-3,0769231
1050	-15,0769231
1050	-21,0769231
1051	-11,0769231
1051	-18,0769231
1051	-31,0769231
1051	-32,0769231
1051	-20,0769231
1052	-19,0769231
1052	-2,0769231
1052	-21,0769231
1052	-44,0769231
1053	-14,0769231
1053	-17,0769231
1053	-8,0769231
1053	-5,0769231
1054	-10,0769231
1054	-35,0769231
1054	-27,0769231
1054	-9,0769231
1055	6,9230769
1055	-5,0769231
1055	-9,0769231
1055	2,9230769
1056	-11,0769231
1056	-10,0769231
1056	-28,0769231
1056	1,9230769
1056	-16,0769231
1057	3,9230769
1057	-15,0769231
1057	17,9230769
1057	8,9230769
1058	-22,0769231
1058	-19,0769231
1058	-7,0769231
1058	15,9230769
1059	1,9230769
1059	-17,0769231
1059	-8,0769231
1059	-4,0769231
1060	4,9230769
1060	-6,0769231
1060	-5,0769231
1060	4,9230769
1061	-16,0769231
1061	-5,0769231
1061	-21,0769231
1061	-2,0769231
1062	-22,0769231
1062	-18,0769231
1062	-3,0769231
1062	5,9230769
1062	19,9230769
1063	-33,0769231
1063	-26,0769231
1063	4,9230769
1063	-5,0769231
1064	-33,0769231
1064	-30,0769231
1064	-11,0769231
1064	-6,0769231
1065	-10,0769231
1065	-8,0769231
1065	-24,0769231
1065	-14,0769231
1066	4,9230769
1066	-4,0769231
1066	-10,0769231
1066	16,9230769
1067	-12,0769231
1067	1,9230769
1067	-17,0769231
1067	-6,0769231
1067	-5,0769231
1068	1,9230769
1068	17,9230769
1068	-7,0769231
1068	4,9230769
1069	13,9230769
1069	-15,0769231
1069	-16,0769231
1069	-1,0769231
1070	4,9230769
1070	-3,0769231
1070	-3,0769231
1070	8,9230769
1071	-13,0769231
1071	-19,0769231
1071	17,9230769
1071	-10,0769231
1072	-9,0769231
1072	11,9230769
1072	-10,0769231
1072	8,9230769
1072	8,9230769
1073	-19,0769231
1073	-11,0769231
1073	-35,0769231
1073	-11,0769231
1074	-6,0769231
1074	-4,0769231
1074	-14,0769231
1074	-17,0769231
1075	5,9230769
1075	-13,0769231
1075	1,9230769
1075	-4,0769231
1076	-16,0769231
1076	-8,0769231
1076	-11,0769231
1076	-2,0769231
1077	-11,0769231
1077	-25,0769231
1077	-18,0769231
1077	-7,0769231
1077	24,9230769
1078	-44,0769231
1078	-23,0769231
1078	-12,0769231
1078	-27,0769231
1079	2,9230769
1079	-5,0769231
1079	0,9230769
1079	-11,0769231
1080	6,9230769
1080	-34,0769231
1080	-18,0769231
1080	-6,0769231
1081	-29,0769231
1081	-14,0769231
1081	-1,0769231
1081	-17,0769231
1082	18,9230769
1082	-11,0769231
1082	-11,0769231
1082	-25,0769231
1082	10,9230769
1083	-21,0769231
1083	13,9230769
1083	-7,0769231
1083	-11,0769231
1084	-10,0769231
1084	10,9230769
1084	-1,0769231
1084	-3,0769231
1085	15,9230769
1085	-7,0769231
1085	-13,0769231
1085	-5,0769231
1086	-11,0769231
1086	-14,0769231
1086	-24,0769231
1086	3,9230769
1087	-4,0769231
1087	-22,0769231
1087	3,9230769
1087	-11,0769231
1087	-14,0769231
1088	-23,0769231
1088	6,9230769
1088	-11,0769231
1088	-12,0769231
1089	3,9230769
1089	1,9230769
1089	-33,0769231
1089	-8,0769231
1090	18,9230769
1090	-4,0769231
1090	0,9230769
1090	7,9230769
1091	-5,0769231
1091	-17,0769231
1091	-17,0769231
1091	-3,0769231
1092	18,9230769
1092	10,9230769
1092	-25,0769231
1092	0,9230769
1092	-9,0769231
1093	-41,0769231
1093	-12,0769231
1093	-42,0769231
1093	-19,0769231
1094	-9,0769231
1094	-10,0769231
1094	-0,0769231
1094	-11,0769231
1095	0,9230769
1095	37,9230769
1095	9,9230769
1095	-15,0769231
1096	-6,0769231
1096	-20,0769231
1096	-40,0769231
1096	-7,0769231
1097	-21,0769231
1097	-24,0769231
1097	-40,0769231
1097	27,9230769
1097	-10,0769231
1098	-4,0769231
1098	13,9230769
1098	-38,0769231
1098	-29,0769231
1099	-13,0769231
1099	-26,0769231
1099	-47,0769231
1099	-20,0769231
1100	-23,0769231
1100	-32,0769231
1100	-10,0769231
1100	6,9230769
1101	1,9230769
1101	-2,0769231
1101	35,9230769
1101	-0,0769231
1101	-19,0769231
1102	-16,0769231
1102	-5,0769231
1102	-41,0769231
1102	-26,0769231
1103	7,9230769
1103	-15,0769231
1103	5,9230769
1103	4,9230769
1104	-16,0769231
1104	-15,0769231
1104	-5,0769231
1104	1,9230769
1105	-3,0769231
1105	-16,0769231
1105	5,9230769
1105	20,9230769
1106	-1,0769231
1106	-22,0769231
1106	-21,0769231
1106	-17,0769231
1106	-23,0769231
1107	-11,0769231
1107	15,9230769
1107	29,9230769
1107	-8,0769231
1108	-18,0769231
1108	-1,0769231
1108	-10,0769231
1108	-20,0769231
1109	-4,0769231
1109	-0,0769231
1109	-24,0769231
1109	-0,0769231
1110	-3,0769231
1110	6,9230769
1110	-1,0769231
1110	-8,0769231
1110	-19,0769231
1111	7,9230769
1111	21,9230769
1111	6,9230769
1111	3,9230769
1112	-12,0769231
1112	-4,0769231
1112	18,9230769
1112	-8,0769231
1113	-16,0769231
1113	-21,0769231
1113	-13,0769231
1113	10,9230769
1114	22,9230769
1114	-12,0769231
1114	-21,0769231
1114	-27,0769231
1115	-24,0769231
1115	-22,0769231
1115	-22,0769231
1115	2,9230769
1115	-19,0769231
1116	-13,0769231
1116	-19,0769231
1116	-15,0769231
1116	-11,0769231
1117	24,9230769
1117	-15,0769231
1117	-16,0769231
1117	-6,0769231
1118	1,9230769
