196	-35,0769231
196	-35,0769231
196	-35,0769231
197	8,9230769
197	13,9230769
197	35,9230769
197	13,9230769
198	20,9230769
198	14,9230769
198	-10,0769231
199	18,9230769
199	-10,0769231
199	-2,0769231
199	11,9230769
200	66,9230769
200	36,9230769
200	42,9230769
200	2,9230769
201	13,9230769
201	28,9230769
201	34,9230769
201	34,9230769
202	32,9230769
202	31,9230769
202	-11,0769231
203	21,9230769
203	2,9230769
203	20,9230769
203	17,9230769
204	49,9230769
204	22,9230769
204	-2,0769231
204	31,9230769
205	18,9230769
205	-4,0769231
205	-10,0769231
205	40,9230769
206	28,9230769
206	26,9230769
206	34,9230769
207	15,9230769
207	26,9230769
207	10,9230769
207	6,9230769
208	10,9230769
208	-0,0769231
208	-0,0769231
208	6,9230769
209	2,9230769
209	5,9230769
209	38,9230769
209	22,9230769
210	25,9230769
210	8,9230769
210	-2,0769231
211	-15,0769231
211	16,9230769
211	-0,0769231
211	23,9230769
212	31,9230769
212	4,9230769
212	4,9230769
212	-2,0769231
213	22,9230769
213	1,9230769
213	21,9230769
213	15,9230769
214	-0,0769231
214	16,9230769
214	2,9230769
215	13,9230769
215	-7,0769231
215	-0,0769231
215	14,9230769
216	28,9230769
216	25,9230769
216	34,9230769
216	27,9230769
217	16,9230769
217	13,9230769
217	16,9230769
217	25,9230769
218	-11,0769231
218	-3,0769231
218	0,9230769
219	15,9230769
219	-4,0769231
219	19,9230769
219	24,9230769
220	-7,0769231
220	2,9230769
220	11,9230769
220	24,9230769
221	26,9230769
221	24,9230769
221	20,9230769
221	22,9230769
222	39,9230769
222	30,9230769
222	26,9230769
223	30,9230769
223	15,9230769
223	3,9230769
223	-12,0769231
224	30,9230769
224	30,9230769
224	22,9230769
224	-0,0769231
225	22,9230769
225	9,9230769
225	14,9230769
225	9,9230769
226	19,9230769
226	-11,0769231
226	41,9230769
227	47,9230769
227	32,9230769
227	45,9230769
227	11,9230769
228	26,9230769
228	19,9230769
228	24,9230769
228	36,9230769
229	30,9230769
229	1,9230769
229	8,9230769
229	31,9230769
230	17,9230769
230	21,9230769
230	-14,0769231
231	-3,0769231
231	22,9230769
231	-2,0769231
231	32,9230769
232	40,9230769
232	6,9230769
232	19,9230769
232	4,9230769
233	11,9230769
233	18,9230769
233	21,9230769
233	11,9230769
234	-0,0769231
234	21,9230769
234	-9,0769231
235	33,9230769
235	27,9230769
235	26,9230769
235	40,9230769
236	29,9230769
236	31,9230769
236	3,9230769
236	5,9230769
237	12,9230769
237	15,9230769
237	15,9230769
237	9,9230769
238	27,9230769
238	20,9230769
238	8,9230769
239	0,9230769
239	2,9230769
239	17,9230769
239	34,9230769
240	10,9230769
240	27,9230769
240	-1,0769231
240	24,9230769
241	27,9230769
241	17,9230769
241	5,9230769
241	40,9230769
242	21,9230769
242	15,9230769
242	15,9230769
243	3,9230769
243	21,9230769
243	4,9230769
243	16,9230769
244	14,9230769
244	13,9230769
244	1,9230769
244	29,9230769
245	26,9230769
245	38,9230769
245	13,9230769
245	8,9230769
246	-6,0769231
246	18,9230769
246	19,9230769
247	4,9230769
247	18,9230769
247	15,9230769
247	28,9230769
248	12,9230769
248	9,9230769
248	22,9230769
248	22,9230769
249	26,9230769
249	15,9230769
249	6,9230769
249	26,9230769
250	47,9230769
250	19,9230769
250	15,9230769
251	13,9230769
251	14,9230769
251	15,9230769
251	-11,0769231
252	15,9230769
252	36,9230769
252	49,9230769
252	37,9230769
253	20,9230769
253	25,9230769
253	18,9230769
253	19,9230769
254	1,9230769
254	13,9230769
254	19,9230769
254	36,9230769
255	-1,0769231
255	0,9230769
255	15,9230769
256	6,9230769
256	0,9230769
256	20,9230769
256	26,9230769
257	23,9230769
257	27,9230769
257	24,9230769
257	34,9230769
258	25,9230769
258	8,9230769
258	24,9230769
258	38,9230769
259	15,9230769
259	36,9230769
259	14,9230769
260	-1,0769231
260	1,9230769
260	12,9230769
260	6,9230769
261	11,9230769
261	44,9230769
261	37,9230769
261	28,9230769
262	21,9230769
262	28,9230769
262	35,9230769
262	3,9230769
263	27,9230769
263	6,9230769
263	10,9230769
264	55,9230769
264	31,9230769
264	12,9230769
264	16,9230769
265	18,9230769
265	20,9230769
265	10,9230769
265	6,9230769
266	15,9230769
266	15,9230769
266	24,9230769
266	-10,0769231
267	43,9230769
267	26,9230769
267	20,9230769
268	25,9230769
268	19,9230769
268	43,9230769
268	59,9230769
269	32,9230769
269	25,9230769
269	-1,0769231
269	4,9230769
270	14,9230769
270	14,9230769
270	13,9230769
270	17,9230769
271	4,9230769
271	26,9230769
271	47,9230769
271	-0,0769231
272	16,9230769
272	32,9230769
272	2,9230769
273	26,9230769
273	5,9230769
273	10,9230769
273	26,9230769
274	4,9230769
274	23,9230769
274	27,9230769
274	23,9230769
275	41,9230769
275	26,9230769
275	19,9230769
275	38,9230769
276	45,9230769
276	32,9230769
276	-6,0769231
277	14,9230769
277	19,9230769
277	37,9230769
277	11,9230769
278	5,9230769
278	38,9230769
278	6,9230769
278	37,9230769
279	32,9230769
279	19,9230769
279	30,9230769
279	34,9230769
280	18,9230769
280	-6,0769231
280	4,9230769
280	1,9230769
281	7,9230769
281	26,9230769
281	14,9230769
282	-0,0769231
282	3,9230769
282	17,9230769
282	-6,0769231
283	-3,0769231
283	2,9230769
283	-6,0769231
283	17,9230769
284	13,9230769
284	20,9230769
284	-1,0769231
284	24,9230769
285	-12,0769231
285	2,9230769
285	7,9230769
286	20,9230769
286	8,9230769
286	9,9230769
286	8,9230769
287	23,9230769
287	31,9230769
287	14,9230769
287	37,9230769
288	13,9230769
288	9,9230769
288	34,9230769
288	-2,0769231
289	14,9230769
289	23,9230769
289	27,9230769
290	9,9230769
290	3,9230769
290	24,9230769
290	5,9230769
291	44,9230769
291	21,9230769
291	1,9230769
291	24,9230769
292	27,9230769
292	9,9230769
292	15,9230769
292	40,9230769
293	23,9230769
293	27,9230769
293	50,9230769
293	25,9230769
294	21,9230769
294	23,9230769
294	8,9230769
295	23,9230769
295	42,9230769
295	16,9230769
295	29,9230769
296	26,9230769
296	9,9230769
296	21,9230769
296	28,9230769
297	10,9230769
297	40,9230769
297	15,9230769
297	19,9230769
298	64,9230769
298	2,9230769
298	1,9230769
299	2,9230769
299	41,9230769
299	33,9230769
299	44,9230769
300	11,9230769
300	35,9230769
300	8,9230769
300	14,9230769
301	14,9230769
301	16,9230769
301	-16,0769231
301	14,9230769
302	0,9230769
302	20,9230769
302	48,9230769
302	62,9230769
303	46,9230769
303	21,9230769
303	25,9230769
304	3,9230769
304	18,9230769
304	36,9230769
304	-1,0769231
305	18,9230769
305	49,9230769
305	32,9230769
305	9,9230769
306	8,9230769
306	4,9230769
306	6,9230769
306	25,9230769
307	64,9230769
307	66,9230769
307	17,9230769
307	39,9230769
308	5,9230769
308	6,9230769
308	29,9230769
309	38,9230769
309	32,9230769
309	35,9230769
309	25,9230769
310	20,9230769
310	19,9230769
310	21,9230769
310	18,9230769
311	29,9230769
311	47,9230769
311	52,9230769
311	17,9230769
312	43,9230769
312	60,9230769
312	50,9230769
313	42,9230769
313	51,9230769
313	47,9230769
313	46,9230769
314	51,9230769
314	32,9230769
314	14,9230769
314	33,9230769
315	41,9230769
315	37,9230769
315	38,9230769
315	38,9230769
316	43,9230769
316	29,9230769
316	50,9230769
316	25,9230769
317	34,9230769
317	22,9230769
317	20,9230769
318	30,9230769
318	51,9230769
318	50,9230769
318	31,9230769
319	45,9230769
319	33,9230769
319	53,9230769
319	42,9230769
320	36,9230769
320	4,9230769
320	31,9230769
320	34,9230769
321	22,9230769
321	6,9230769
321	12,9230769
321	15,9230769
322	10,9230769
322	17,9230769
322	16,9230769
323	16,9230769
323	23,9230769
323	-3,0769231
323	9,9230769
324	24,9230769
324	25,9230769
324	7,9230769
324	32,9230769
325	14,9230769
325	3,9230769
325	19,9230769
325	6,9230769
326	13,9230769
326	-3,0769231
326	11,9230769
327	39,9230769
327	47,9230769
327	31,9230769
327	14,9230769
328	-3,0769231
328	-3,0769231
328	29,9230769
328	19,9230769
329	13,9230769
329	-0,0769231
329	22,9230769
329	29,9230769
330	14,9230769
330	19,9230769
330	41,9230769
330	32,9230769
331	0,9230769
331	28,9230769
331	49,9230769
332	44,9230769
332	53,9230769
332	62,9230769
332	37,9230769
333	33,9230769
333	18,9230769
333	61,9230769
333	53,9230769
334	49,9230769
334	69,9230769
334	76,9230769
334	66,9230769
335	57,9230769
335	47,9230769
335	58,9230769
335	87,9230769
336	97,9230769
336	83,9230769
336	78,9230769
337	53,9230769
337	92,9230769
337	79,9230769
337	68,9230769
338	71,9230769
338	50,9230769
338	64,9230769
338	72,9230769
339	49,9230769
339	43,9230769
339	49,9230769
339	72,9230769
340	40,9230769
340	60,9230769
340	20,9230769
340	32,9230769
341	38,9230769
341	55,9230769
341	56,9230769
342	35,9230769
342	23,9230769
342	52,9230769
342	50,9230769
343	44,9230769
343	46,9230769
343	-2,0769231
343	14,9230769
344	48,9230769
344	29,9230769
344	30,9230769
344	8,9230769
345	-2,0769231
345	10,9230769
345	3,9230769
345	41,9230769
346	30,9230769
346	33,9230769
346	6,9230769
347	30,9230769
347	28,9230769
347	26,9230769
347	-0,0769231
348	5,9230769
348	24,9230769
348	38,9230769
348	23,9230769
349	30,9230769
349	24,9230769
349	36,9230769
349	38,9230769
350	28,9230769
350	29,9230769
350	30,9230769
350	25,9230769
351	38,9230769
351	2,9230769
351	20,9230769
352	12,9230769
352	55,9230769
352	59,9230769
352	72,9230769
353	70,9230769
353	74,9230769
353	44,9230769
353	49,9230769
354	59,9230769
354	68,9230769
354	82,9230769
354	73,9230769
355	50,9230769
355	72,9230769
355	43,9230769
355	45,9230769
356	52,9230769
356	37,9230769
356	63,9230769
357	66,9230769
357	49,9230769
357	67,9230769
357	56,9230769
358	81,9230769
358	74,9230769
358	54,9230769
358	33,9230769
359	30,9230769
359	24,9230769
359	30,9230769
359	55,9230769
360	50,9230769
360	47,9230769
360	38,9230769
360	50,9230769
361	23,9230769
361	14,9230769
361	41,9230769
362	47,9230769
362	81,9230769
362	58,9230769
362	44,9230769
363	30,9230769
363	39,9230769
363	-0,0769231
363	16,9230769
364	17,9230769
364	21,9230769
364	0,9230769
364	32,9230769
365	28,9230769
365	28,9230769
365	6,9230769
365	34,9230769
366	5,9230769
366	13,9230769
366	14,9230769
367	33,9230769
367	49,9230769
367	22,9230769
367	22,9230769
368	4,9230769
368	14,9230769
368	26,9230769
368	8,9230769
369	-13,0769231
369	-16,0769231
369	-12,0769231
369	10,9230769
370	35,9230769
370	8,9230769
370	27,9230769
370	31,9230769
371	38,9230769
371	18,9230769
371	33,9230769
371	49,9230769
372	26,9230769
372	12,9230769
372	24,9230769
373	27,9230769
373	31,9230769
373	5,9230769
373	26,9230769
374	43,9230769
374	55,9230769
374	48,9230769
374	37,9230769
375	27,9230769
375	61,9230769
375	57,9230769
375	29,9230769
376	51,9230769
376	35,9230769
376	35,9230769
376	41,9230769
377	41,9230769
377	45,9230769
377	51,9230769
378	29,9230769
378	24,9230769
378	27,9230769
378	23,9230769
379	65,9230769
379	35,9230769
379	38,9230769
379	50,9230769
380	37,9230769
380	54,9230769
380	63,9230769
380	36,9230769
381	45,9230769
381	18,9230769
381	47,9230769
381	41,9230769
382	34,9230769
382	48,9230769
382	51,9230769
383	20,9230769
383	13,9230769
383	52,9230769
383	29,9230769
384	16,9230769
384	35,9230769
384	32,9230769
384	38,9230769
385	32,9230769
385	40,9230769
385	40,9230769
385	25,9230769
386	37,9230769
386	20,9230769
386	24,9230769
386	28,9230769
387	23,9230769
387	23,9230769
387	14,9230769
387	16,9230769
388	22,9230769
388	34,9230769
388	20,9230769
389	-1,0769231
389	-10,0769231
389	21,9230769
389	17,9230769
390	24,9230769
390	38,9230769
390	33,9230769
390	4,9230769
391	15,9230769
391	32,9230769
391	29,9230769
391	12,9230769
392	22,9230769
392	6,9230769
392	15,9230769
392	17,9230769
393	4,9230769
393	-1,0769231
393	45,9230769
394	32,9230769
394	25,9230769
394	45,9230769
394	47,9230769
395	5,9230769
395	14,9230769
395	4,9230769
395	26,9230769
396	41,9230769
396	67,9230769
396	23,9230769
396	34,9230769
397	6,9230769
397	25,9230769
397	21,9230769
397	24,9230769
398	28,9230769
398	6,9230769
398	20,9230769
398	16,9230769
399	27,9230769
399	21,9230769
399	32,9230769
400	31,9230769
400	32,9230769
400	25,9230769
400	35,9230769
401	28,9230769
401	18,9230769
401	12,9230769
401	29,9230769
402	19,9230769
402	17,9230769
402	48,9230769
402	26,9230769
403	19,9230769
403	50,9230769
403	23,9230769
403	1,9230769
404	14,9230769
404	58,9230769
404	35,9230769
405	22,9230769
405	42,9230769
405	55,9230769
405	45,9230769
406	42,9230769
406	46,9230769
406	1,9230769
406	26,9230769
407	38,9230769
407	5,9230769
407	17,9230769
407	37,9230769
408	11,9230769
408	11,9230769
408	-7,0769231
408	15,9230769
409	14,9230769
409	14,9230769
409	27,9230769
409	40,9230769
410	25,9230769
410	13,9230769
410	44,9230769
411	38,9230769
411	21,9230769
411	32,9230769
411	20,9230769
412	14,9230769
412	25,9230769
412	15,9230769
412	19,9230769
413	22,9230769
413	10,9230769
413	21,9230769
413	8,9230769
414	32,9230769
414	4,9230769
414	14,9230769
414	22,9230769
415	51,9230769
415	40,9230769
415	24,9230769
415	-0,0769231
416	-0,0769231
416	10,9230769
416	20,9230769
417	37,9230769
417	7,9230769
417	30,9230769
417	43,9230769
418	15,9230769
418	33,9230769
418	35,9230769
418	23,9230769
419	42,9230769
419	18,9230769
419	29,9230769
419	20,9230769
420	23,9230769
420	14,9230769
420	22,9230769
420	41,9230769
421	54,9230769
421	26,9230769
421	47,9230769
421	28,9230769
422	26,9230769
422	30,9230769
422	20,9230769
423	43,9230769
423	10,9230769
423	42,9230769
423	29,9230769
424	39,9230769
424	6,9230769
424	1,9230769
424	29,9230769
425	29,9230769
425	1,9230769
425	9,9230769
425	30,9230769
426	6,9230769
426	1,9230769
426	34,9230769
426	47,9230769
427	40,9230769
427	8,9230769
427	19,9230769
427	21,9230769
428	31,9230769
428	44,9230769
428	11,9230769
429	32,9230769
429	36,9230769
429	17,9230769
429	43,9230769
430	43,9230769
430	28,9230769
430	11,9230769
430	6,9230769
431	22,9230769
431	7,9230769
431	16,9230769
431	33,9230769
432	30,9230769
432	9,9230769
432	33,9230769
432	36,9230769
433	27,9230769
433	47,9230769
433	33,9230769
433	7,9230769
434	17,9230769
434	12,9230769
434	23,9230769
435	20,9230769
435	14,9230769
435	14,9230769
435	17,9230769
436	20,9230769
436	59,9230769
436	18,9230769
436	10,9230769
437	33,9230769
437	27,9230769
437	12,9230769
437	19,9230769
438	29,9230769
438	32,9230769
438	31,9230769
438	36,9230769
439	30,9230769
439	20,9230769
439	-6,0769231
439	31,9230769
440	27,9230769
440	17,9230769
440	27,9230769
441	17,9230769
441	-10,0769231
441	21,9230769
441	34,9230769
442	18,9230769
442	25,9230769
442	15,9230769
442	21,9230769
443	12,9230769
443	24,9230769
443	24,9230769
443	22,9230769
444	-9,0769231
444	26,9230769
444	21,9230769
444	11,9230769
445	-6,0769231
445	-6,0769231
445	30,9230769
445	38,9230769
446	4,9230769
446	21,9230769
446	16,9230769
447	40,9230769
447	19,9230769
447	44,9230769
447	39,9230769
448	38,9230769
448	17,9230769
448	0,9230769
448	3,9230769
449	21,9230769
449	23,9230769
449	24,9230769
449	19,9230769
450	31,9230769
450	34,9230769
450	18,9230769
450	13,9230769
451	0,9230769
451	1,9230769
451	8,9230769
451	22,9230769
452	23,9230769
452	-5,0769231
452	18,9230769
452	28,9230769
453	28,9230769
453	23,9230769
453	-14,0769231
454	20,9230769
454	54,9230769
454	30,9230769
454	11,9230769
455	17,9230769
455	18,9230769
455	-1,0769231
455	4,9230769
456	14,9230769
456	21,9230769
456	3,9230769
456	13,9230769
457	16,9230769
457	21,9230769
457	17,9230769
457	9,9230769
458	0,9230769
458	-9,0769231
458	12,9230769
458	33,9230769
459	2,9230769
459	-0,0769231
459	21,9230769
460	43,9230769
460	27,9230769
460	38,9230769
460	27,9230769
461	17,9230769
461	-12,0769231
461	4,9230769
461	37,9230769
462	13,9230769
462	12,9230769
462	26,9230769
462	23,9230769
463	19,9230769
463	0,9230769
463	3,9230769
463	-3,0769231
464	15,9230769
464	17,9230769
464	5,9230769
464	17,9230769
465	10,9230769
465	34,9230769
465	28,9230769
465	15,9230769
466	29,9230769
466	18,9230769
466	34,9230769
467	23,9230769
467	20,9230769
467	16,9230769
467	3,9230769
468	15,9230769
468	22,9230769
468	2,9230769
468	1,9230769
469	23,9230769
469	18,9230769
469	2,9230769
469	25,9230769
470	43,9230769
470	16,9230769
470	18,9230769
470	10,9230769
471	37,9230769
471	8,9230769
471	36,9230769
471	31,9230769
472	31,9230769
472	40,9230769
472	14,9230769
472	46,9230769
473	15,9230769
473	31,9230769
473	12,9230769
474	23,9230769
474	8,9230769
474	47,9230769
474	18,9230769
475	24,9230769
475	39,9230769
475	32,9230769
475	29,9230769
476	-6,0769231
476	19,9230769
476	21,9230769
476	23,9230769
477	46,9230769
477	6,9230769
477	-2,0769231
477	21,9230769
478	24,9230769
478	3,9230769
478	2,9230769
478	19,9230769
479	-3,0769231
479	24,9230769
479	7,9230769
479	28,9230769
480	31,9230769
480	12,9230769
480	-13,0769231
481	20,9230769
481	23,9230769
481	36,9230769
481	22,9230769
482	52,9230769
482	11,9230769
482	37,9230769
482	33,9230769
483	2,9230769
483	21,9230769
483	11,9230769
483	15,9230769
484	8,9230769
484	30,9230769
484	34,9230769
484	19,9230769
485	5,9230769
485	6,9230769
485	28,9230769
485	13,9230769
486	9,9230769
486	11,9230769
486	33,9230769
486	2,9230769
487	5,9230769
487	49,9230769
487	52,9230769
488	46,9230769
488	1,9230769
488	11,9230769
488	7,9230769
489	21,9230769
489	46,9230769
489	5,9230769
489	15,9230769
490	5,9230769
490	23,9230769
490	26,9230769
490	35,9230769
491	14,9230769
491	18,9230769
491	7,9230769
491	8,9230769
492	0,9230769
492	4,9230769
492	26,9230769
492	9,9230769
493	11,9230769
493	4,9230769
493	4,9230769
493	-0,0769231
494	2,9230769
494	-3,0769231
494	25,9230769
495	31,9230769
495	9,9230769
495	33,9230769
495	26,9230769
496	40,9230769
496	16,9230769
496	7,9230769
496	-3,0769231
497	-0,0769231
497	31,9230769
497	23,9230769
497	14,9230769
498	1,9230769
498	-0,0769231
498	17,9230769
498	-12,0769231
499	8,9230769
499	17,9230769
499	11,9230769
499	48,9230769
500	48,9230769
500	23,9230769
500	24,9230769
500	29,9230769
501	17,9230769
501	5,9230769
501	42,9230769
502	14,9230769
502	41,9230769
502	8,9230769
502	13,9230769
503	4,9230769
503	7,9230769
503	37,9230769
503	-20,0769231
504	10,9230769
504	9,9230769
504	26,9230769
504	23,9230769
505	4,9230769
505	16,9230769
505	7,9230769
505	-0,0769231
506	13,9230769
506	9,9230769
506	13,9230769
506	17,9230769
507	18,9230769
507	1,9230769
507	36,9230769
507	13,9230769
508	24,9230769
508	42,9230769
508	30,9230769
508	40,9230769
509	14,9230769
509	49,9230769
509	26,9230769
510	4,9230769
510	13,9230769
510	-2,0769231
510	8,9230769
511	35,9230769
511	29,9230769
511	13,9230769
511	-2,0769231
512	23,9230769
512	1,9230769
512	12,9230769
512	7,9230769
513	-11,0769231
513	9,9230769
513	20,9230769
513	-17,0769231
514	-14,0769231
514	20,9230769
514	10,9230769
514	19,9230769
515	25,9230769
515	-1,0769231
515	7,9230769
515	20,9230769
516	22,9230769
516	44,9230769
516	30,9230769
516	5,9230769
517	18,9230769
517	18,9230769
517	12,9230769
518	-6,0769231
518	20,9230769
518	17,9230769
518	1,9230769
519	34,9230769
519	31,9230769
519	24,9230769
519	42,9230769
520	9,9230769
520	6,9230769
520	53,9230769
520	40,9230769
521	7,9230769
521	40,9230769
521	19,9230769
521	22,9230769
522	17,9230769
522	26,9230769
522	21,9230769
522	28,9230769
523	24,9230769
523	13,9230769
523	16,9230769
523	-0,0769231
524	15,9230769
524	-1,0769231
524	38,9230769
524	31,9230769
525	33,9230769
525	17,9230769
525	30,9230769
526	9,9230769
526	40,9230769
526	35,9230769
526	31,9230769
527	-2,0769231
527	27,9230769
527	21,9230769
527	32,9230769
528	22,9230769
528	25,9230769
528	14,9230769
528	26,9230769
529	16,9230769
529	6,9230769
529	4,9230769
529	35,9230769
530	43,9230769
530	-9,0769231
530	38,9230769
530	30,9230769
531	29,9230769
531	7,9230769
531	35,9230769
531	27,9230769
532	19,9230769
532	11,9230769
532	2,9230769
532	19,9230769
533	15,9230769
533	3,9230769
533	16,9230769
534	3,9230769
534	5,9230769
534	34,9230769
534	35,9230769
535	13,9230769
535	10,9230769
535	41,9230769
535	31,9230769
536	40,9230769
536	26,9230769
536	-7,0769231
536	16,9230769
537	2,9230769
537	18,9230769
537	29,9230769
537	-6,0769231
538	30,9230769
538	-0,0769231
538	29,9230769
538	26,9230769
539	21,9230769
539	19,9230769
539	12,9230769
539	34,9230769
540	21,9230769
540	-7,0769231
540	35,9230769
540	13,9230769
541	22,9230769
541	2,9230769
541	5,9230769
541	11,9230769
542	26,9230769
542	24,9230769
542	11,9230769
543	17,9230769
543	-24,0769231
543	14,9230769
543	50,9230769
544	23,9230769
544	16,9230769
544	28,9230769
544	27,9230769
545	-31,0769231
545	24,9230769
545	16,9230769
545	4,9230769
546	37,9230769
546	12,9230769
546	33,9230769
546	22,9230769
547	-0,0769231
547	32,9230769
547	24,9230769
547	6,9230769
548	27,9230769
548	29,9230769
548	27,9230769
548	17,9230769
549	7,9230769
549	48,9230769
549	21,9230769
549	-13,0769231
550	7,9230769
550	5,9230769
550	28,9230769
550	-8,0769231
551	-12,0769231
551	9,9230769
551	34,9230769
552	4,9230769
552	-2,0769231
552	7,9230769
552	28,9230769
553	32,9230769
553	4,9230769
553	14,9230769
553	38,9230769
554	17,9230769
554	6,9230769
554	21,9230769
554	7,9230769
555	20,9230769
555	40,9230769
555	11,9230769
555	4,9230769
556	37,9230769
556	27,9230769
556	7,9230769
556	28,9230769
557	29,9230769
557	29,9230769
557	-20,0769231
557	3,9230769
558	-14,0769231
558	-23,0769231
558	20,9230769
558	37,9230769
559	40,9230769
559	28,9230769
559	10,9230769
559	26,9230769
560	32,9230769
560	43,9230769
560	36,9230769
561	32,9230769
561	28,9230769
561	10,9230769
561	27,9230769
562	31,9230769
562	23,9230769
562	33,9230769
562	13,9230769
563	26,9230769
563	36,9230769
563	38,9230769
563	32,9230769
564	2,9230769
564	38,9230769
564	8,9230769
564	32,9230769
565	50,9230769
565	12,9230769
565	39,9230769
565	25,9230769
566	21,9230769
566	5,9230769
566	4,9230769
566	19,9230769
567	5,9230769
567	11,9230769
567	1,9230769
567	1,9230769
568	1,9230769
568	26,9230769
568	39,9230769
568	18,9230769
569	14,9230769
569	41,9230769
569	12,9230769
569	-7,0769231
570	4,9230769
570	2,9230769
570	23,9230769
571	26,9230769
571	23,9230769
571	-2,0769231
571	40,9230769
572	22,9230769
572	27,9230769
572	-4,0769231
572	15,9230769
573	25,9230769
573	4,9230769
573	5,9230769
573	-10,0769231
574	0,9230769
574	21,9230769
574	-10,0769231
574	16,9230769
575	25,9230769
575	5,9230769
575	31,9230769
575	21,9230769
576	7,9230769
576	10,9230769
576	46,9230769
576	12,9230769
577	-1,0769231
577	27,9230769
577	6,9230769
577	16,9230769
578	38,9230769
578	19,9230769
578	2,9230769
578	30,9230769
579	20,9230769
579	-1,0769231
579	0,9230769
579	10,9230769
580	27,9230769
580	19,9230769
580	8,9230769
581	47,9230769
581	22,9230769
581	40,9230769
581	-3,0769231
582	-6,0769231
582	3,9230769
582	34,9230769
582	28,9230769
583	14,9230769
583	24,9230769
583	23,9230769
583	8,9230769
584	27,9230769
584	22,9230769
584	15,9230769
584	34,9230769
585	-2,0769231
585	11,9230769
585	26,9230769
585	38,9230769
586	5,9230769
586	24,9230769
586	30,9230769
586	33,9230769
587	15,9230769
587	-15,0769231
587	-4,0769231
587	-5,0769231
588	10,9230769
588	21,9230769
588	41,9230769
588	25,9230769
589	11,9230769
589	5,9230769
589	5,9230769
589	11,9230769
590	16,9230769
590	37,9230769
590	-9,0769231
590	19,9230769
591	26,9230769
591	63,9230769
591	12,9230769
592	-3,0769231
592	-3,0769231
592	18,9230769
592	8,9230769
593	8,9230769
593	-9,0769231
593	10,9230769
593	28,9230769
594	58,9230769
594	-2,0769231
594	14,9230769
594	24,9230769
595	18,9230769
595	-13,0769231
595	8,9230769
595	23,9230769
596	13,9230769
596	6,9230769
596	7,9230769
596	18,9230769
597	27,9230769
597	16,9230769
597	4,9230769
597	-195,0769231
598	-16,0769231
598	12,9230769
598	8,9230769
598	3,9230769
599	21,9230769
599	26,9230769
599	14,9230769
599	0,9230769
600	3,9230769
600	12,9230769
600	19,9230769
600	-3,0769231
601	-4,0769231
601	21,9230769
601	29,9230769
601	26,9230769
602	20,9230769
602	-0,0769231
602	16,9230769
603	20,9230769
603	45,9230769
603	55,9230769
603	28,9230769
604	26,9230769
604	19,9230769
604	26,9230769
604	29,9230769
605	46,9230769
605	23,9230769
605	7,9230769
605	23,9230769
606	18,9230769
606	-6,0769231
606	25,9230769
606	34,9230769
607	16,9230769
607	12,9230769
607	20,9230769
607	16,9230769
608	29,9230769
608	32,9230769
608	-1,0769231
608	7,9230769
609	13,9230769
609	17,9230769
609	18,9230769
609	9,9230769
610	0,9230769
610	23,9230769
610	26,9230769
610	17,9230769
611	12,9230769
611	12,9230769
611	0,9230769
611	12,9230769
612	15,9230769
612	23,9230769
612	63,9230769
612	26,9230769
613	23,9230769
613	14,9230769
613	17,9230769
613	18,9230769
614	18,9230769
614	33,9230769
614	22,9230769
614	12,9230769
615	5,9230769
615	29,9230769
615	13,9230769
616	5,9230769
616	-10,0769231
616	34,9230769
616	8,9230769
617	9,9230769
617	32,9230769
617	14,9230769
617	4,9230769
618	24,9230769
618	29,9230769
618	21,9230769
618	13,9230769
619	3,9230769
619	26,9230769
619	11,9230769
619	0,9230769
620	13,9230769
620	28,9230769
620	0,9230769
620	13,9230769
621	5,9230769
621	36,9230769
621	2,9230769
621	-6,0769231
622	17,9230769
622	21,9230769
622	41,9230769
622	33,9230769
623	-8,0769231
623	19,9230769
623	30,9230769
623	23,9230769
624	18,9230769
624	32,9230769
624	41,9230769
624	19,9230769
625	13,9230769
625	24,9230769
625	8,9230769
625	21,9230769
626	17,9230769
626	12,9230769
626	3,9230769
626	6,9230769
627	13,9230769
627	10,9230769
627	32,9230769
627	28,9230769
628	19,9230769
628	19,9230769
628	27,9230769
629	12,9230769
629	19,9230769
629	26,9230769
629	13,9230769
630	23,9230769
630	12,9230769
630	21,9230769
630	31,9230769
631	17,9230769
631	13,9230769
631	-4,0769231
631	35,9230769
632	19,9230769
632	27,9230769
632	22,9230769
632	8,9230769
633	25,9230769
633	20,9230769
633	27,9230769
633	2,9230769
634	29,9230769
634	29,9230769
634	18,9230769
634	8,9230769
635	5,9230769
635	-10,0769231
635	-4,0769231
635	30,9230769
636	25,9230769
636	29,9230769
636	21,9230769
636	27,9230769
637	17,9230769
637	28,9230769
637	14,9230769
637	8,9230769
638	20,9230769
638	12,9230769
638	10,9230769
638	22,9230769
639	14,9230769
639	-9,0769231
639	25,9230769
639	44,9230769
640	17,9230769
640	26,9230769
640	11,9230769
640	32,9230769
641	17,9230769
641	16,9230769
641	20,9230769
641	15,9230769
642	5,9230769
642	30,9230769
642	29,9230769
642	19,9230769
643	11,9230769
643	18,9230769
643	16,9230769
644	26,9230769
644	8,9230769
644	28,9230769
644	17,9230769
645	11,9230769
645	-5,0769231
645	1,9230769
645	21,9230769
646	13,9230769
646	33,9230769
646	14,9230769
646	40,9230769
647	32,9230769
647	23,9230769
647	14,9230769
647	25,9230769
648	41,9230769
648	19,9230769
648	15,9230769
648	16,9230769
649	23,9230769
649	38,9230769
649	16,9230769
649	3,9230769
650	56,9230769
650	23,9230769
650	37,9230769
650	15,9230769
651	37,9230769
651	31,9230769
651	27,9230769
651	28,9230769
652	16,9230769
652	6,9230769
652	18,9230769
652	8,9230769
653	25,9230769
653	26,9230769
653	16,9230769
653	15,9230769
654	7,9230769
654	26,9230769
654	40,9230769
654	36,9230769
655	34,9230769
655	49,9230769
655	24,9230769
655	30,9230769
656	7,9230769
656	21,9230769
656	-6,0769231
656	1,9230769
657	39,9230769
657	8,9230769
657	20,9230769
657	18,9230769
658	0,9230769
658	0,9230769
658	20,9230769
658	4,9230769
659	28,9230769
659	32,9230769
659	31,9230769
660	15,9230769
660	1,9230769
660	24,9230769
660	20,9230769
661	9,9230769
661	36,9230769
661	22,9230769
661	-5,0769231
662	30,9230769
662	51,9230769
662	10,9230769
662	17,9230769
663	23,9230769
663	41,9230769
663	26,9230769
663	41,9230769
664	31,9230769
664	35,9230769
664	41,9230769
664	16,9230769
665	43,9230769
665	24,9230769
665	32,9230769
665	6,9230769
666	19,9230769
666	42,9230769
666	26,9230769
666	-4,0769231
667	40,9230769
667	3,9230769
667	26,9230769
667	8,9230769
668	9,9230769
668	8,9230769
668	29,9230769
668	7,9230769
669	14,9230769
669	7,9230769
669	14,9230769
669	7,9230769
670	17,9230769
670	43,9230769
670	7,9230769
670	16,9230769
671	-3,0769231
671	49,9230769
671	18,9230769
671	35,9230769
672	27,9230769
672	24,9230769
672	34,9230769
672	37,9230769
673	27,9230769
673	10,9230769
673	7,9230769
673	27,9230769
674	18,9230769
674	15,9230769
674	-2,0769231
674	40,9230769
675	-5,0769231
675	25,9230769
675	-13,0769231
675	10,9230769
676	22,9230769
676	37,9230769
676	4,9230769
676	48,9230769
677	29,9230769
677	19,9230769
677	17,9230769
677	1,9230769
678	42,9230769
678	39,9230769
678	26,9230769
678	27,9230769
679	28,9230769
679	18,9230769
679	39,9230769
680	36,9230769
680	19,9230769
680	46,9230769
680	33,9230769
681	29,9230769
681	23,9230769
681	15,9230769
681	4,9230769
682	17,9230769
682	27,9230769
682	21,9230769
682	25,9230769
683	8,9230769
683	30,9230769
683	39,9230769
683	17,9230769
684	19,9230769
684	15,9230769
684	17,9230769
684	20,9230769
685	41,9230769
685	-13,0769231
685	2,9230769
685	-23,0769231
686	4,9230769
686	36,9230769
686	16,9230769
686	27,9230769
687	28,9230769
687	25,9230769
687	11,9230769
687	20,9230769
688	0,9230769
688	27,9230769
688	7,9230769
688	-14,0769231
689	19,9230769
689	23,9230769
689	38,9230769
689	19,9230769
690	17,9230769
690	32,9230769
690	-5,0769231
690	32,9230769
691	15,9230769
691	16,9230769
691	20,9230769
691	27,9230769
692	17,9230769
692	15,9230769
692	21,9230769
692	18,9230769
693	32,9230769
693	23,9230769
693	10,9230769
693	8,9230769
694	21,9230769
694	28,9230769
694	26,9230769
694	12,9230769
695	-2,0769231
695	30,9230769
695	3,9230769
695	-3,0769231
696	6,9230769
696	28,9230769
696	17,9230769
696	27,9230769
697	15,9230769
697	12,9230769
697	17,9230769
697	22,9230769
698	-2,0769231
698	5,9230769
698	13,9230769
698	3,9230769
699	29,9230769
699	5,9230769
699	0,9230769
699	16,9230769
700	37,9230769
700	21,9230769
700	-6,0769231
700	10,9230769
701	7,9230769
701	-6,0769231
701	38,9230769
701	20,9230769
702	11,9230769
702	13,9230769
702	6,9230769
702	8,9230769
703	7,9230769
703	12,9230769
703	13,9230769
703	19,9230769
704	6,9230769
704	22,9230769
704	19,9230769
704	38,9230769
705	18,9230769
705	19,9230769
705	42,9230769
706	22,9230769
706	42,9230769
706	41,9230769
706	32,9230769
707	8,9230769
707	-5,0769231
707	25,9230769
707	41,9230769
708	11,9230769
708	34,9230769
708	14,9230769
708	28,9230769
709	2,9230769
709	12,9230769
709	13,9230769
709	5,9230769
710	10,9230769
710	28,9230769
710	15,9230769
710	11,9230769
711	8,9230769
711	13,9230769
711	29,9230769
711	-7,0769231
712	33,9230769
712	5,9230769
712	39,9230769
712	24,9230769
713	4,9230769
713	24,9230769
713	34,9230769
713	18,9230769
714	22,9230769
714	40,9230769
714	20,9230769
714	27,9230769
715	17,9230769
715	5,9230769
715	-1,0769231
715	13,9230769
716	23,9230769
716	8,9230769
716	15,9230769
716	23,9230769
717	14,9230769
717	33,9230769
717	21,9230769
717	19,9230769
718	5,9230769
718	20,9230769
718	14,9230769
718	38,9230769
719	19,9230769
719	-0,0769231
719	26,9230769
719	-10,0769231
720	25,9230769
720	7,9230769
720	15,9230769
720	23,9230769
721	25,9230769
721	18,9230769
721	18,9230769
721	4,9230769
722	33,9230769
722	42,9230769
722	20,9230769
722	-9,0769231
723	25,9230769
723	15,9230769
723	8,9230769
723	35,9230769
724	23,9230769
724	32,9230769
724	24,9230769
724	-23,0769231
725	-1,0769231
725	26,9230769
725	22,9230769
725	18,9230769
726	2,9230769
726	30,9230769
726	33,9230769
726	16,9230769
727	22,9230769
727	-4,0769231
727	26,9230769
727	3,9230769
728	16,9230769
728	0,9230769
728	6,9230769
728	20,9230769
729	14,9230769
729	22,9230769
729	24,9230769
729	6,9230769
730	38,9230769
730	-10,0769231
730	4,9230769
730	3,9230769
731	46,9230769
731	16,9230769
731	8,9230769
731	33,9230769
732	24,9230769
732	-6,0769231
732	21,9230769
732	23,9230769
733	33,9230769
733	10,9230769
733	24,9230769
733	-0,0769231
734	8,9230769
734	-2,0769231
734	9,9230769
734	30,9230769
735	5,9230769
735	10,9230769
735	41,9230769
735	36,9230769
736	2,9230769
736	16,9230769
736	-5,0769231
736	44,9230769
737	26,9230769
737	7,9230769
737	-2,0769231
737	-0,0769231
738	4,9230769
738	23,9230769
738	7,9230769
738	25,9230769
739	20,9230769
739	25,9230769
739	4,9230769
739	10,9230769
740	8,9230769
740	-8,0769231
740	10,9230769
740	17,9230769
741	-2,0769231
741	21,9230769
741	17,9230769
741	8,9230769
742	28,9230769
742	21,9230769
742	11,9230769
742	-14,0769231
743	11,9230769
743	36,9230769
743	17,9230769
743	3,9230769
744	36,9230769
744	23,9230769
744	36,9230769
744	27,9230769
745	27,9230769
745	-10,0769231
745	20,9230769
745	-1,0769231
746	25,9230769
746	26,9230769
746	14,9230769
746	11,9230769
747	28,9230769
747	17,9230769
747	25,9230769
747	26,9230769
748	24,9230769
748	33,9230769
748	-0,0769231
748	28,9230769
749	25,9230769
749	29,9230769
749	6,9230769
749	2,9230769
750	32,9230769
750	42,9230769
750	26,9230769
750	19,9230769
751	29,9230769
751	18,9230769
751	16,9230769
751	5,9230769
752	2,9230769
752	10,9230769
752	30,9230769
752	44,9230769
753	-3,0769231
753	12,9230769
753	22,9230769
753	23,9230769
754	15,9230769
754	2,9230769
754	-22,0769231
754	-0,0769231
755	4,9230769
755	-9,0769231
755	11,9230769
755	6,9230769
756	2,9230769
756	6,9230769
756	38,9230769
756	30,9230769
757	4,9230769
757	15,9230769
757	10,9230769
757	34,9230769
758	35,9230769
758	14,9230769
758	24,9230769
758	44,9230769
759	26,9230769
759	35,9230769
759	13,9230769
759	7,9230769
760	26,9230769
760	28,9230769
760	28,9230769
760	16,9230769
761	35,9230769
761	47,9230769
761	6,9230769
761	23,9230769
762	25,9230769
762	11,9230769
762	22,9230769
762	-1,0769231
763	11,9230769
763	39,9230769
763	18,9230769
763	9,9230769
764	8,9230769
764	9,9230769
764	21,9230769
764	21,9230769
765	48,9230769
765	20,9230769
765	16,9230769
765	38,9230769
766	-3,0769231
766	7,9230769
766	25,9230769
766	24,9230769
767	-0,0769231
767	12,9230769
767	21,9230769
767	-1,0769231
768	10,9230769
768	15,9230769
768	9,9230769
768	38,9230769
769	11,9230769
769	47,9230769
769	9,9230769
769	4,9230769
770	19,9230769
770	1,9230769
770	28,9230769
770	15,9230769
771	22,9230769
771	13,9230769
771	19,9230769
771	3,9230769
772	20,9230769
772	17,9230769
772	25,9230769
772	9,9230769
773	10,9230769
773	16,9230769
773	21,9230769
773	10,9230769
774	24,9230769
774	33,9230769
774	22,9230769
774	13,9230769
775	7,9230769
775	-4,0769231
775	11,9230769
775	35,9230769
776	6,9230769
776	24,9230769
776	27,9230769
776	5,9230769
777	34,9230769
777	2,9230769
777	36,9230769
777	21,9230769
778	2,9230769
778	32,9230769
778	14,9230769
778	30,9230769
779	34,9230769
779	27,9230769
779	21,9230769
779	32,9230769
780	31,9230769
780	16,9230769
780	2,9230769
780	14,9230769
781	35,9230769
781	10,9230769
781	38,9230769
781	24,9230769
782	32,9230769
782	16,9230769
782	22,9230769
782	49,9230769
783	14,9230769
783	17,9230769
783	23,9230769
783	29,9230769
784	1,9230769
784	19,9230769
784	11,9230769
784	7,9230769
785	22,9230769
785	24,9230769
785	4,9230769
785	7,9230769
786	19,9230769
786	6,9230769
786	22,9230769
786	36,9230769
787	17,9230769
787	8,9230769
787	18,9230769
787	16,9230769
788	-0,0769231
788	42,9230769
788	2,9230769
788	2,9230769
789	17,9230769
789	9,9230769
789	27,9230769
789	6,9230769
790	14,9230769
790	16,9230769
790	10,9230769
790	27,9230769
791	19,9230769
791	15,9230769
791	14,9230769
791	-12,0769231
792	6,9230769
792	7,9230769
792	22,9230769
792	30,9230769
793	31,9230769
793	34,9230769
793	6,9230769
793	25,9230769
794	36,9230769
794	16,9230769
794	1,9230769
794	-15,0769231
795	18,9230769
795	26,9230769
795	31,9230769
795	21,9230769
796	42,9230769
796	27,9230769
796	13,9230769
796	9,9230769
797	19,9230769
797	2,9230769
797	34,9230769
797	10,9230769
798	15,9230769
798	26,9230769
798	36,9230769
798	36,9230769
799	8,9230769
799	-4,0769231
799	7,9230769
799	-13,0769231
800	10,9230769
800	28,9230769
800	23,9230769
800	5,9230769
801	33,9230769
801	9,9230769
801	16,9230769
801	1,9230769
802	28,9230769
802	13,9230769
802	22,9230769
802	-0,0769231
803	6,9230769
803	0,9230769
803	9,9230769
803	16,9230769
804	16,9230769
804	2,9230769
804	1,9230769
804	48,9230769
805	25,9230769
805	-11,0769231
805	39,9230769
805	-2,0769231
806	-2,0769231
806	10,9230769
806	51,9230769
806	27,9230769
807	-6,0769231
807	37,9230769
807	18,9230769
807	18,9230769
808	12,9230769
808	17,9230769
808	25,9230769
808	14,9230769
809	3,9230769
809	20,9230769
809	9,9230769
809	1,9230769
810	19,9230769
810	-9,0769231
810	12,9230769
810	23,9230769
811	19,9230769
811	24,9230769
811	12,9230769
811	28,9230769
812	24,9230769
812	37,9230769
812	2,9230769
812	-5,0769231
813	-13,0769231
813	23,9230769
813	20,9230769
813	18,9230769
814	15,9230769
814	-0,0769231
814	17,9230769
814	19,9230769
815	27,9230769
815	19,9230769
815	37,9230769
815	21,9230769
816	32,9230769
816	10,9230769
816	0,9230769
816	36,9230769
817	5,9230769
817	0,9230769
817	2,9230769
817	18,9230769
818	20,9230769
818	14,9230769
818	4,9230769
818	23,9230769
819	13,9230769
819	22,9230769
819	22,9230769
819	25,9230769
820	13,9230769
820	24,9230769
820	6,9230769
820	28,9230769
820	18,9230769
821	-8,0769231
821	5,9230769
821	11,9230769
821	23,9230769
822	31,9230769
822	24,9230769
822	5,9230769
822	-0,0769231
823	-1,0769231
823	24,9230769
823	8,9230769
823	10,9230769
824	11,9230769
824	21,9230769
824	10,9230769
824	17,9230769
825	21,9230769
825	33,9230769
825	28,9230769
825	38,9230769
826	27,9230769
826	26,9230769
826	26,9230769
826	29,9230769
827	25,9230769
827	5,9230769
827	7,9230769
827	-19,0769231
828	15,9230769
828	-1,0769231
828	28,9230769
828	1,9230769
829	30,9230769
829	29,9230769
829	37,9230769
829	15,9230769
830	30,9230769
830	53,9230769
830	-2,0769231
830	6,9230769
831	40,9230769
831	29,9230769
831	3,9230769
831	19,9230769
832	29,9230769
832	13,9230769
832	31,9230769
832	8,9230769
833	27,9230769
833	3,9230769
833	-10,0769231
833	43,9230769
834	59,9230769
834	29,9230769
834	25,9230769
834	27,9230769
835	5,9230769
835	43,9230769
835	0,9230769
835	45,9230769
836	23,9230769
836	22,9230769
836	37,9230769
836	34,9230769
837	30,9230769
837	17,9230769
837	-3,0769231
837	10,9230769
838	-4,0769231
838	29,9230769
838	10,9230769
838	29,9230769
839	16,9230769
839	0,9230769
839	20,9230769
839	22,9230769
840	1,9230769
840	1,9230769
840	13,9230769
840	6,9230769
841	19,9230769
841	35,9230769
841	44,9230769
841	-2,0769231
842	15,9230769
842	39,9230769
842	16,9230769
842	36,9230769
843	7,9230769
843	19,9230769
843	11,9230769
843	18,9230769
844	9,9230769
844	33,9230769
844	28,9230769
844	-5,0769231
845	17,9230769
845	13,9230769
845	15,9230769
845	4,9230769
845	21,9230769
846	8,9230769
846	51,9230769
846	-2,0769231
846	10,9230769
847	41,9230769
847	8,9230769
847	22,9230769
847	8,9230769
848	28,9230769
848	-2,0769231
848	29,9230769
848	13,9230769
849	13,9230769
849	-4,0769231
849	37,9230769
849	19,9230769
850	34,9230769
850	39,9230769
850	24,9230769
850	54,9230769
851	25,9230769
851	-4,0769231
851	7,9230769
851	4,9230769
852	-21,0769231
852	1,9230769
852	25,9230769
852	-7,0769231
853	-1,0769231
853	-10,0769231
853	-13,0769231
853	-11,0769231
854	-4,0769231
854	8,9230769
854	10,9230769
854	13,9230769
855	-13,0769231
855	33,9230769
855	8,9230769
855	20,9230769
856	7,9230769
856	22,9230769
856	20,9230769
856	14,9230769
857	7,9230769
857	34,9230769
857	33,9230769
857	8,9230769
858	38,9230769
858	26,9230769
858	27,9230769
858	13,9230769
859	12,9230769
859	8,9230769
859	26,9230769
859	12,9230769
860	21,9230769
860	15,9230769
860	21,9230769
860	16,9230769
861	21,9230769
861	22,9230769
861	10,9230769
861	18,9230769
862	-4,0769231
862	24,9230769
862	14,9230769
862	14,9230769
863	12,9230769
863	33,9230769
863	16,9230769
863	29,9230769
864	37,9230769
864	-24,0769231
864	-7,0769231
864	9,9230769
864	17,9230769
865	12,9230769
865	46,9230769
865	18,9230769
865	34,9230769
866	4,9230769
866	2,9230769
866	28,9230769
866	27,9230769
867	22,9230769
867	-6,0769231
867	6,9230769
867	38,9230769
868	34,9230769
868	-0,0769231
868	12,9230769
868	23,9230769
869	20,9230769
869	22,9230769
869	25,9230769
869	-9,0769231
870	48,9230769
870	31,9230769
870	33,9230769
870	37,9230769
871	-4,0769231
871	9,9230769
871	16,9230769
871	-4,0769231
872	32,9230769
872	4,9230769
872	28,9230769
872	29,9230769
873	-7,0769231
873	18,9230769
873	-15,0769231
873	4,9230769
874	-10,0769231
874	24,9230769
874	7,9230769
874	7,9230769
875	16,9230769
875	4,9230769
875	8,9230769
875	20,9230769
876	3,9230769
876	15,9230769
876	7,9230769
876	14,9230769
877	29,9230769
877	13,9230769
877	18,9230769
877	22,9230769
878	24,9230769
878	-11,0769231
878	40,9230769
878	30,9230769
879	31,9230769
879	-0,0769231
879	15,9230769
879	11,9230769
880	14,9230769
880	5,9230769
880	26,9230769
880	39,9230769
880	17,9230769
881	28,9230769
881	29,9230769
881	2,9230769
881	15,9230769
882	10,9230769
882	2,9230769
882	23,9230769
882	10,9230769
883	22,9230769
883	1,9230769
883	19,9230769
883	-4,0769231
884	25,9230769
884	11,9230769
884	-1,0769231
884	10,9230769
885	22,9230769
885	24,9230769
885	-1,0769231
885	3,9230769
886	2,9230769
886	-8,0769231
886	9,9230769
886	11,9230769
887	25,9230769
887	21,9230769
887	-11,0769231
887	3,9230769
888	11,9230769
888	5,9230769
888	19,9230769
888	5,9230769
889	-5,0769231
889	23,9230769
889	13,9230769
889	18,9230769
890	19,9230769
890	-11,0769231
890	40,9230769
890	7,9230769
891	7,9230769
891	31,9230769
891	18,9230769
891	23,9230769
892	0,9230769
892	28,9230769
892	0,9230769
892	35,9230769
893	12,9230769
893	4,9230769
893	2,9230769
893	19,9230769
894	10,9230769
894	20,9230769
894	11,9230769
894	9,9230769
894	-1,0769231
895	31,9230769
895	5,9230769
895	14,9230769
895	-1,0769231
896	34,9230769
896	23,9230769
896	17,9230769
896	38,9230769
897	23,9230769
897	33,9230769
897	62,9230769
897	40,9230769
898	24,9230769
898	32,9230769
898	6,9230769
898	27,9230769
899	11,9230769
899	3,9230769
899	7,9230769
899	1,9230769
900	35,9230769
900	33,9230769
900	17,9230769
900	31,9230769
901	32,9230769
901	16,9230769
901	14,9230769
901	19,9230769
902	35,9230769
902	12,9230769
902	5,9230769
902	-0,0769231
903	15,9230769
903	9,9230769
903	-0,0769231
903	37,9230769
904	18,9230769
904	11,9230769
904	16,9230769
904	0,9230769
905	15,9230769
905	30,9230769
905	4,9230769
905	26,9230769
906	2,9230769
906	13,9230769
906	18,9230769
906	25,9230769
906	3,9230769
907	23,9230769
907	16,9230769
907	5,9230769
907	15,9230769
908	13,9230769
908	26,9230769
908	35,9230769
908	6,9230769
909	-11,0769231
909	-4,0769231
909	10,9230769
909	22,9230769
910	22,9230769
910	-22,0769231
910	9,9230769
910	12,9230769
911	24,9230769
911	-2,0769231
911	10,9230769
911	37,9230769
912	5,9230769
912	20,9230769
912	27,9230769
912	41,9230769
913	9,9230769
913	-7,0769231
913	34,9230769
913	-3,0769231
914	11,9230769
914	19,9230769
914	6,9230769
914	-12,0769231
915	-11,0769231
915	-1,0769231
915	24,9230769
915	45,9230769
916	23,9230769
916	39,9230769
916	24,9230769
916	18,9230769
917	16,9230769
917	38,9230769
917	27,9230769
917	23,9230769
917	10,9230769
918	21,9230769
918	15,9230769
918	15,9230769
918	12,9230769
919	6,9230769
919	11,9230769
919	59,9230769
919	4,9230769
920	-0,0769231
920	27,9230769
920	31,9230769
920	24,9230769
921	41,9230769
921	21,9230769
921	18,9230769
921	-12,0769231
922	14,9230769
922	-13,0769231
922	-14,0769231
922	-3,0769231
923	21,9230769
923	22,9230769
923	-0,0769231
923	13,9230769
924	-4,0769231
924	1,9230769
924	3,9230769
924	5,9230769
925	15,9230769
925	21,9230769
925	17,9230769
925	19,9230769
926	7,9230769
926	14,9230769
926	15,9230769
926	12,9230769
927	14,9230769
927	22,9230769
927	19,9230769
927	21,9230769
928	-9,0769231
928	-11,0769231
928	18,9230769
928	14,9230769
928	33,9230769
929	20,9230769
929	20,9230769
929	15,9230769
929	0,9230769
930	6,9230769
930	15,9230769
930	26,9230769
930	21,9230769
931	22,9230769
931	31,9230769
931	52,9230769
931	20,9230769
932	19,9230769
932	-6,0769231
932	-0,0769231
932	14,9230769
933	37,9230769
933	11,9230769
933	24,9230769
933	13,9230769
934	33,9230769
934	37,9230769
934	22,9230769
934	23,9230769
935	37,9230769
935	10,9230769
935	13,9230769
935	17,9230769
936	0,9230769
936	39,9230769
936	3,9230769
936	20,9230769
937	48,9230769
937	33,9230769
937	34,9230769
937	8,9230769
938	25,9230769
938	32,9230769
938	29,9230769
938	53,9230769
938	40,9230769
939	6,9230769
939	21,9230769
939	33,9230769
939	32,9230769
940	25,9230769
940	26,9230769
940	8,9230769
940	4,9230769
941	-1,0769231
941	6,9230769
941	-14,0769231
941	9,9230769
942	22,9230769
942	31,9230769
942	35,9230769
942	11,9230769
943	25,9230769
943	7,9230769
943	2,9230769
943	28,9230769
944	8,9230769
944	40,9230769
944	30,9230769
944	36,9230769
945	54,9230769
945	27,9230769
945	18,9230769
945	8,9230769
946	16,9230769
946	28,9230769
946	9,9230769
946	-5,0769231
947	37,9230769
947	20,9230769
947	18,9230769
947	29,9230769
947	6,9230769
948	25,9230769
948	16,9230769
948	27,9230769
948	15,9230769
949	22,9230769
949	-6,0769231
949	37,9230769
949	21,9230769
950	35,9230769
950	11,9230769
950	18,9230769
950	13,9230769
951	11,9230769
951	31,9230769
951	28,9230769
951	-8,0769231
952	23,9230769
952	38,9230769
952	27,9230769
952	58,9230769
953	-0,0769231
953	12,9230769
953	16,9230769
953	10,9230769
954	-7,0769231
954	21,9230769
954	23,9230769
954	33,9230769
955	20,9230769
955	15,9230769
955	-0,0769231
955	-10,0769231
956	19,9230769
956	26,9230769
956	12,9230769
956	2,9230769
956	-3,0769231
957	37,9230769
957	40,9230769
957	14,9230769
957	25,9230769
958	17,9230769
958	9,9230769
958	13,9230769
958	29,9230769
959	16,9230769
959	19,9230769
959	-14,0769231
959	-5,0769231
960	56,9230769
960	12,9230769
960	15,9230769
960	7,9230769
961	16,9230769
961	25,9230769
961	22,9230769
961	13,9230769
962	10,9230769
962	-3,0769231
962	12,9230769
962	34,9230769
963	0,9230769
963	37,9230769
963	28,9230769
963	-13,0769231
964	-2,0769231
964	29,9230769
964	1,9230769
964	5,9230769
964	18,9230769
965	22,9230769
965	-6,0769231
965	24,9230769
965	18,9230769
966	54,9230769
966	25,9230769
966	9,9230769
966	27,9230769
967	17,9230769
967	21,9230769
967	14,9230769
967	1,9230769
968	8,9230769
968	13,9230769
968	20,9230769
968	11,9230769
969	22,9230769
969	18,9230769
969	25,9230769
969	15,9230769
970	19,9230769
970	-3,0769231
970	30,9230769
970	20,9230769
971	7,9230769
971	27,9230769
971	35,9230769
971	37,9230769
972	32,9230769
972	3,9230769
972	37,9230769
972	-4,0769231
972	9,9230769
973	-14,0769231
973	27,9230769
973	42,9230769
973	19,9230769
974	16,9230769
974	28,9230769
974	42,9230769
974	26,9230769
975	17,9230769
975	-3,0769231
975	28,9230769
975	30,9230769
976	26,9230769
976	2,9230769
976	13,9230769
976	16,9230769
977	17,9230769
977	10,9230769
977	27,9230769
977	48,9230769
978	25,9230769
978	22,9230769
978	-16,0769231
978	15,9230769
979	22,9230769
979	29,9230769
979	37,9230769
979	20,9230769
980	-3,0769231
980	21,9230769
980	12,9230769
980	17,9230769
980	9,9230769
981	7,9230769
981	21,9230769
981	22,9230769
981	12,9230769
982	14,9230769
982	-0,0769231
982	17,9230769
982	18,9230769
983	23,9230769
983	5,9230769
983	1,9230769
983	33,9230769
984	24,9230769
984	32,9230769
984	27,9230769
984	26,9230769
985	13,9230769
985	7,9230769
985	14,9230769
985	35,9230769
986	7,9230769
986	-3,0769231
986	12,9230769
986	-3,0769231
987	8,9230769
987	40,9230769
987	22,9230769
987	7,9230769
988	3,9230769
988	23,9230769
988	11,9230769
988	31,9230769
988	31,9230769
989	22,9230769
989	26,9230769
989	6,9230769
989	15,9230769
990	10,9230769
990	25,9230769
990	23,9230769
990	15,9230769
991	17,9230769
991	24,9230769
991	-11,0769231
991	6,9230769
992	27,9230769
992	30,9230769
992	36,9230769
992	29,9230769
993	-1,0769231
993	15,9230769
993	3,9230769
993	27,9230769
994	14,9230769
994	30,9230769
994	47,9230769
994	31,9230769
995	23,9230769
995	28,9230769
995	16,9230769
995	39,9230769
995	28,9230769
996	15,9230769
996	40,9230769
996	4,9230769
996	35,9230769
997	42,9230769
997	-7,0769231
997	20,9230769
997	41,9230769
998	4,9230769
998	21,9230769
998	3,9230769
998	30,9230769
999	13,9230769
999	-1,0769231
999	22,9230769
999	19,9230769
1000	12,9230769
1000	60,9230769
1000	29,9230769
1000	7,9230769
1001	8,9230769
1001	27,9230769
1001	33,9230769
1001	9,9230769
1002	-17,0769231
1002	16,9230769
1002	29,9230769
1002	24,9230769
1002	-1,0769231
1003	-0,0769231
1003	20,9230769
1003	39,9230769
1003	16,9230769
1004	6,9230769
1004	20,9230769
1004	31,9230769
1004	30,9230769
1005	5,9230769
1005	4,9230769
1005	27,9230769
1005	16,9230769
1006	-15,0769231
1006	-11,0769231
1006	12,9230769
1006	14,9230769
1007	30,9230769
1007	35,9230769
1007	16,9230769
1007	7,9230769
1008	-5,0769231
1008	25,9230769
1008	31,9230769
1008	25,9230769
1008	12,9230769
1009	32,9230769
1009	23,9230769
1009	23,9230769
1009	30,9230769
1010	34,9230769
1010	-4,0769231
1010	18,9230769
1010	13,9230769
1011	12,9230769
1011	19,9230769
1011	28,9230769
1011	43,9230769
1012	22,9230769
1012	24,9230769
1012	32,9230769
1012	15,9230769
1013	13,9230769
1013	22,9230769
1013	14,9230769
1013	5,9230769
1014	25,9230769
1014	42,9230769
1014	27,9230769
1014	11,9230769
1015	9,9230769
1015	1,9230769
1015	10,9230769
1015	12,9230769
1015	40,9230769
1016	58,9230769
1016	26,9230769
1016	24,9230769
1016	3,9230769
1017	35,9230769
1017	17,9230769
1017	-3,0769231
1017	18,9230769
1018	2,9230769
1018	27,9230769
1018	29,9230769
1018	16,9230769
1019	-9,0769231
1019	47,9230769
1019	17,9230769
1019	7,9230769
1020	10,9230769
1020	15,9230769
1020	14,9230769
1020	18,9230769
1021	19,9230769
1021	11,9230769
1021	22,9230769
1021	20,9230769
1021	18,9230769
1022	16,9230769
1022	21,9230769
1022	3,9230769
1022	19,9230769
1023	1,9230769
1023	14,9230769
1023	16,9230769
1023	0,9230769
1024	15,9230769
1024	6,9230769
1024	21,9230769
1024	19,9230769
1025	31,9230769
1025	1,9230769
1025	22,9230769
1025	33,9230769
1026	26,9230769
1026	28,9230769
1026	27,9230769
1026	16,9230769
1027	22,9230769
1027	2,9230769
1027	27,9230769
1027	32,9230769
1027	8,9230769
1028	14,9230769
1028	8,9230769
1028	30,9230769
1028	22,9230769
1029	3,9230769
1029	31,9230769
1029	7,9230769
1029	14,9230769
1030	34,9230769
1030	-5,0769231
1030	25,9230769
1030	12,9230769
1031	37,9230769
1031	19,9230769
1031	9,9230769
1031	-2,0769231
1032	17,9230769
1032	30,9230769
1032	-3,0769231
1032	14,9230769
1033	17,9230769
1033	31,9230769
1033	23,9230769
1033	24,9230769
1034	42,9230769
1034	20,9230769
1034	-2,0769231
1034	19,9230769
1034	-7,0769231
1035	37,9230769
1035	14,9230769
1035	22,9230769
1035	25,9230769
1036	45,9230769
1036	22,9230769
1036	22,9230769
1036	3,9230769
1037	14,9230769
1037	15,9230769
1037	25,9230769
1037	25,9230769
1038	8,9230769
1038	21,9230769
1038	-1,0769231
1038	32,9230769
1039	20,9230769
1039	2,9230769
1039	-23,0769231
1039	2,9230769
1039	14,9230769
1040	13,9230769
1040	26,9230769
1040	14,9230769
1040	42,9230769
1041	15,9230769
1041	22,9230769
1041	28,9230769
1041	18,9230769
1042	30,9230769
1042	28,9230769
1042	38,9230769
1042	50,9230769
1043	33,9230769
1043	49,9230769
1043	5,9230769
1043	8,9230769
1044	5,9230769
1044	-6,0769231
1044	5,9230769
1044	-3,0769231
1045	7,9230769
1045	0,9230769
1045	2,9230769
1045	4,9230769
1045	9,9230769
1046	5,9230769
1046	26,9230769
1046	19,9230769
1046	14,9230769
1047	27,9230769
1047	35,9230769
1047	-7,0769231
1047	39,9230769
1048	35,9230769
1048	34,9230769
1048	28,9230769
1048	10,9230769
1049	21,9230769
1049	31,9230769
1049	10,9230769
1049	26,9230769
1050	6,9230769
1050	16,9230769
1050	29,9230769
1050	21,9230769
1051	12,9230769
1051	9,9230769
1051	-1,0769231
1051	27,9230769
1051	15,9230769
1052	17,9230769
1052	20,9230769
1052	18,9230769
1052	-5,0769231
1053	13,9230769
1053	5,9230769
1053	17,9230769
1053	5,9230769
1054	18,9230769
1054	-22,0769231
1054	4,9230769
1054	2,9230769
1055	29,9230769
1055	7,9230769
1055	21,9230769
1055	37,9230769
1056	39,9230769
1056	35,9230769
1056	-6,0769231
1056	3,9230769
1056	13,9230769
1057	39,9230769
1057	8,9230769
1057	30,9230769
1057	29,9230769
1058	13,9230769
1058	20,9230769
1058	32,9230769
1058	30,9230769
1059	29,9230769
1059	-5,0769231
1059	18,9230769
1059	4,9230769
1060	29,9230769
1060	42,9230769
1060	30,9230769
1060	40,9230769
1061	45,9230769
1061	37,9230769
1061	20,9230769
1061	23,9230769
1062	28,9230769
1062	41,9230769
1062	18,9230769
1062	37,9230769
1062	29,9230769
1063	16,9230769
1063	16,9230769
1063	41,9230769
1063	41,9230769
1064	1,9230769
1064	6,9230769
1064	25,9230769
1064	15,9230769
1065	36,9230769
1065	15,9230769
1065	-10,0769231
1065	5,9230769
1066	13,9230769
1066	23,9230769
1066	17,9230769
1066	49,9230769
1067	2,9230769
1067	27,9230769
1067	39,9230769
1067	32,9230769
1067	19,9230769
1068	32,9230769
1068	46,9230769
1068	19,9230769
1068	22,9230769
1069	31,9230769
1069	18,9230769
1069	11,9230769
1069	25,9230769
1070	-5,0769231
1070	5,9230769
1070	-4,0769231
1070	19,9230769
1071	16,9230769
1071	16,9230769
1071	4,9230769
1071	30,9230769
1072	29,9230769
1072	42,9230769
1072	8,9230769
1072	23,9230769
1072	37,9230769
1073	15,9230769
1073	29,9230769
1073	11,9230769
1073	4,9230769
1074	17,9230769
1074	36,9230769
1074	16,9230769
1074	21,9230769
1075	18,9230769
1075	39,9230769
1075	25,9230769
1075	21,9230769
1076	11,9230769
1076	30,9230769
1076	13,9230769
1076	16,9230769
1077	35,9230769
1077	7,9230769
1077	15,9230769
1077	-1,0769231
1077	33,9230769
1078	-14,0769231
1078	-2,0769231
1078	25,9230769
1078	-1,0769231
1079	18,9230769
1079	56,9230769
1079	31,9230769
1079	35,9230769
1080	43,9230769
1080	4,9230769
1080	3,9230769
1080	13,9230769
1081	-2,0769231
1081	10,9230769
1081	18,9230769
1081	26,9230769
1082	42,9230769
1082	1,9230769
1082	14,9230769
1082	0,9230769
1082	10,9230769
1083	-9,0769231
1083	34,9230769
1083	19,9230769
1083	9,9230769
1084	31,9230769
1084	25,9230769
1084	40,9230769
1084	10,9230769
1085	0,9230769
1085	-0,0769231
1085	20,9230769
1085	21,9230769
1086	10,9230769
1086	27,9230769
1086	0,9230769
1086	18,9230769
1087	9,9230769
1087	10,9230769
1087	12,9230769
1087	3,9230769
1087	22,9230769
1088	11,9230769
1088	25,9230769
1088	17,9230769
1088	28,9230769
1089	31,9230769
1089	18,9230769
1089	3,9230769
1089	14,9230769
1090	22,9230769
1090	33,9230769
1090	11,9230769
1090	16,9230769
1091	14,9230769
1091	29,9230769
1091	23,9230769
1091	29,9230769
1092	51,9230769
1092	16,9230769
1092	4,9230769
1092	19,9230769
1092	24,9230769
1093	8,9230769
1093	5,9230769
1093	-8,0769231
1093	-0,0769231
1094	9,9230769
1094	9,9230769
1094	22,9230769
1094	28,9230769
1095	24,9230769
1095	50,9230769
1095	5,9230769
1095	0,9230769
1096	11,9230769
1096	-9,0769231
1096	-1,0769231
1096	10,9230769
1097	8,9230769
1097	9,9230769
1097	8,9230769
1097	46,9230769
1097	-5,0769231
1098	14,9230769
1098	38,9230769
1098	14,9230769
1098	18,9230769
1099	35,9230769
1099	31,9230769
1099	9,9230769
1099	21,9230769
1100	21,9230769
1100	-5,0769231
1100	28,9230769
1100	36,9230769
1101	-6,0769231
1101	12,9230769
1101	44,9230769
1101	16,9230769
1101	31,9230769
1102	18,9230769
1102	21,9230769
1102	4,9230769
1102	15,9230769
1103	18,9230769
1103	-5,0769231
1103	19,9230769
1103	40,9230769
1104	25,9230769
1104	28,9230769
1104	23,9230769
1104	39,9230769
1105	11,9230769
1105	16,9230769
1105	20,9230769
1105	39,9230769
1106	25,9230769
1106	-3,0769231
1106	-19,0769231
1106	8,9230769
1106	-1,0769231
1107	20,9230769
1107	50,9230769
1107	37,9230769
1107	22,9230769
1108	2,9230769
1108	18,9230769
1108	26,9230769
1108	4,9230769
1109	22,9230769
1109	14,9230769
1109	10,9230769
1109	25,9230769
1110	-5,0769231
1110	36,9230769
1110	28,9230769
1110	25,9230769
1110	14,9230769
1111	-0,0769231
1111	53,9230769
1111	1,9230769
1111	33,9230769
1112	27,9230769
1112	19,9230769
1112	24,9230769
1112	23,9230769
1113	19,9230769
1113	-2,0769231
1113	-2,0769231
1113	27,9230769
1114	21,9230769
1114	29,9230769
1114	21,9230769
1114	17,9230769
1115	26,9230769
1115	16,9230769
1115	10,9230769
1115	19,9230769
1115	50,9230769
1116	16,9230769
1116	1,9230769
1116	32,9230769
1116	-2,0769231
1117	16,9230769
1117	24,9230769
1117	39,9230769
1117	35,9230769
1118	37,9230769
