196	-42,5384615
196	-42,5384615
196	-42,5384615
197	9,4615385
197	-7,5384615
197	44,4615385
197	4,4615385
198	26,4615385
198	25,4615385
198	-15,5384615
199	12,4615385
199	6,4615385
199	21,4615385
199	-4,5384615
200	21,4615385
200	13,4615385
200	7,4615385
200	-2,5384615
201	1,4615385
201	25,4615385
201	18,4615385
201	8,4615385
202	37,4615385
202	19,4615385
202	-13,5384615
203	44,4615385
203	23,4615385
203	26,4615385
203	18,4615385
204	18,4615385
204	19,4615385
204	-28,5384615
204	0,4615385
205	5,4615385
205	-3,5384615
205	-8,5384615
205	9,4615385
206	-17,5384615
206	26,4615385
206	31,4615385
207	6,4615385
207	1,4615385
207	-2,5384615
207	-14,5384615
208	-0,5384615
208	9,4615385
208	10,4615385
208	12,4615385
209	9,4615385
209	5,4615385
209	8,4615385
209	-4,5384615
210	13,4615385
210	15,4615385
210	-10,5384615
211	1,4615385
211	6,4615385
211	-6,5384615
211	-10,5384615
212	-7,5384615
212	-22,5384615
212	33,4615385
212	4,4615385
213	-2,5384615
213	-2,5384615
213	-0,5384615
213	12,4615385
214	11,4615385
214	-2,5384615
214	15,4615385
215	16,4615385
215	-10,5384615
215	-16,5384615
215	4,4615385
216	-0,5384615
216	10,4615385
216	26,4615385
216	21,4615385
217	17,4615385
217	1,4615385
217	-0,5384615
217	8,4615385
218	-5,5384615
218	-5,5384615
218	-9,5384615
219	23,4615385
219	7,4615385
219	32,4615385
219	9,4615385
220	8,4615385
220	15,4615385
220	2,4615385
220	-0,5384615
221	-2,5384615
221	-1,5384615
221	27,4615385
221	12,4615385
222	28,4615385
222	28,4615385
222	22,4615385
223	22,4615385
223	-3,5384615
223	6,4615385
223	-13,5384615
224	8,4615385
224	-4,5384615
224	10,4615385
224	-9,5384615
225	8,4615385
225	15,4615385
225	13,4615385
225	1,4615385
226	23,4615385
226	19,4615385
226	26,4615385
227	17,4615385
227	11,4615385
227	19,4615385
227	24,4615385
228	1,4615385
228	-1,5384615
228	17,4615385
228	19,4615385
229	28,4615385
229	-8,5384615
229	-18,5384615
229	-0,5384615
230	26,4615385
230	16,4615385
230	-18,5384615
231	3,4615385
231	13,4615385
231	-20,5384615
231	28,4615385
232	12,4615385
232	10,4615385
232	21,4615385
232	14,4615385
233	-20,5384615
233	10,4615385
233	15,4615385
233	-0,5384615
234	-12,5384615
234	-4,5384615
234	-22,5384615
235	8,4615385
235	20,4615385
235	25,4615385
235	9,4615385
236	3,4615385
236	-6,5384615
236	6,4615385
236	15,4615385
237	24,4615385
237	20,4615385
237	5,4615385
237	6,4615385
238	14,4615385
238	-1,5384615
238	11,4615385
239	-7,5384615
239	-21,5384615
239	11,4615385
239	7,4615385
240	-2,5384615
240	23,4615385
240	6,4615385
240	18,4615385
241	8,4615385
241	12,4615385
241	21,4615385
241	24,4615385
242	5,4615385
242	-1,5384615
242	11,4615385
243	11,4615385
243	7,4615385
243	-11,5384615
243	16,4615385
244	13,4615385
244	0,4615385
244	-7,5384615
244	6,4615385
245	12,4615385
245	17,4615385
245	8,4615385
245	25,4615385
246	7,4615385
246	-5,5384615
246	-5,5384615
247	-12,5384615
247	-13,5384615
247	11,4615385
247	32,4615385
248	22,4615385
248	36,4615385
248	25,4615385
248	28,4615385
249	10,4615385
249	-12,5384615
249	-13,5384615
249	12,4615385
250	26,4615385
250	34,4615385
250	17,4615385
251	-11,5384615
251	23,4615385
251	12,4615385
251	-8,5384615
252	-23,5384615
252	10,4615385
252	31,4615385
252	16,4615385
253	-0,5384615
253	5,4615385
253	-36,5384615
253	8,4615385
254	10,4615385
254	26,4615385
254	15,4615385
254	16,4615385
255	-11,5384615
255	-1,5384615
255	6,4615385
256	8,4615385
256	-7,5384615
256	7,4615385
256	22,4615385
257	10,4615385
257	9,4615385
257	28,4615385
257	24,4615385
258	20,4615385
258	-10,5384615
258	13,4615385
258	-0,5384615
259	13,4615385
259	20,4615385
259	15,4615385
260	25,4615385
260	-22,5384615
260	-5,5384615
260	-5,5384615
261	7,4615385
261	39,4615385
261	8,4615385
261	15,4615385
262	12,4615385
262	3,4615385
262	-8,5384615
262	-11,5384615
263	35,4615385
263	5,4615385
263	5,4615385
264	20,4615385
264	13,4615385
264	27,4615385
264	-7,5384615
265	-12,5384615
265	-14,5384615
265	14,4615385
265	-5,5384615
266	0,4615385
266	2,4615385
266	2,4615385
266	-28,5384615
267	8,4615385
267	11,4615385
267	28,4615385
268	24,4615385
268	20,4615385
268	5,4615385
268	52,4615385
269	1,4615385
269	3,4615385
269	-21,5384615
269	-1,5384615
270	24,4615385
270	5,4615385
270	-19,5384615
270	19,4615385
271	10,4615385
271	16,4615385
271	30,4615385
271	1,4615385
272	17,4615385
272	28,4615385
272	-11,5384615
273	-3,5384615
273	9,4615385
273	-11,5384615
273	-8,5384615
274	15,4615385
274	-5,5384615
274	2,4615385
274	-3,5384615
275	26,4615385
275	-0,5384615
275	5,4615385
275	2,4615385
276	29,4615385
276	14,4615385
276	-4,5384615
277	17,4615385
277	45,4615385
277	26,4615385
277	-0,5384615
278	10,4615385
278	27,4615385
278	-6,5384615
278	-3,5384615
279	11,4615385
279	9,4615385
279	26,4615385
279	19,4615385
280	5,4615385
280	-4,5384615
280	-19,5384615
280	-5,5384615
281	9,4615385
281	19,4615385
281	-5,5384615
282	7,4615385
282	27,4615385
282	22,4615385
282	-8,5384615
283	-24,5384615
283	-17,5384615
283	-1,5384615
283	13,4615385
284	-9,5384615
284	-1,5384615
284	6,4615385
284	3,4615385
285	10,4615385
285	12,4615385
285	-1,5384615
286	16,4615385
286	7,4615385
286	-10,5384615
286	12,4615385
287	31,4615385
287	-4,5384615
287	12,4615385
287	16,4615385
288	-0,5384615
288	18,4615385
288	14,4615385
288	2,4615385
289	18,4615385
289	11,4615385
289	16,4615385
290	22,4615385
290	-13,5384615
290	12,4615385
290	0,4615385
291	37,4615385
291	21,4615385
291	24,4615385
291	-20,5384615
292	16,4615385
292	4,4615385
292	-8,5384615
292	9,4615385
293	20,4615385
293	9,4615385
293	40,4615385
293	40,4615385
294	5,4615385
294	18,4615385
294	33,4615385
295	28,4615385
295	20,4615385
295	14,4615385
295	22,4615385
296	38,4615385
296	5,4615385
296	15,4615385
296	1,4615385
297	4,4615385
297	31,4615385
297	13,4615385
297	33,4615385
298	57,4615385
298	27,4615385
298	30,4615385
299	0,4615385
299	52,4615385
299	45,4615385
299	26,4615385
300	19,4615385
300	-2,5384615
300	-7,5384615
300	17,4615385
301	21,4615385
301	8,4615385
301	-3,5384615
301	8,4615385
302	10,4615385
302	4,4615385
302	33,4615385
302	46,4615385
303	21,4615385
303	14,4615385
303	9,4615385
304	-6,5384615
304	22,4615385
304	21,4615385
304	10,4615385
305	11,4615385
305	45,4615385
305	11,4615385
305	4,4615385
306	30,4615385
306	-10,5384615
306	13,4615385
306	44,4615385
307	18,4615385
307	37,4615385
307	-4,5384615
307	17,4615385
308	23,4615385
308	35,4615385
308	43,4615385
309	41,4615385
309	40,4615385
309	33,4615385
309	32,4615385
310	25,4615385
310	25,4615385
310	51,4615385
310	40,4615385
311	51,4615385
311	65,4615385
311	70,4615385
311	52,4615385
312	64,4615385
312	74,4615385
312	71,4615385
313	68,4615385
313	71,4615385
313	75,4615385
313	85,4615385
314	85,4615385
314	75,4615385
314	65,4615385
314	82,4615385
315	98,4615385
315	81,4615385
315	97,4615385
315	80,4615385
316	92,4615385
316	73,4615385
316	68,4615385
316	74,4615385
317	46,4615385
317	43,4615385
317	53,4615385
318	75,4615385
318	56,4615385
318	75,4615385
318	62,4615385
319	61,4615385
319	30,4615385
319	51,4615385
319	35,4615385
320	41,4615385
320	47,4615385
320	46,4615385
320	45,4615385
321	42,4615385
321	21,4615385
321	-3,5384615
321	8,4615385
322	22,4615385
322	22,4615385
322	25,4615385
323	19,4615385
323	27,4615385
323	6,4615385
323	46,4615385
324	27,4615385
324	24,4615385
324	-7,5384615
324	18,4615385
325	-2,5384615
325	-8,5384615
325	9,4615385
325	21,4615385
326	-13,5384615
326	5,4615385
326	5,4615385
327	12,4615385
327	56,4615385
327	33,4615385
327	-7,5384615
328	28,4615385
328	16,4615385
328	18,4615385
328	31,4615385
329	19,4615385
329	-2,5384615
329	9,4615385
329	49,4615385
330	34,4615385
330	17,4615385
330	46,4615385
330	47,4615385
331	35,4615385
331	25,4615385
331	46,4615385
332	73,4615385
332	78,4615385
332	86,4615385
332	107,4615385
333	90,4615385
333	43,4615385
333	114,4615385
333	90,4615385
334	107,4615385
334	99,4615385
334	120,4615385
334	98,4615385
335	90,4615385
335	93,4615385
335	110,4615385
335	120,4615385
336	120,4615385
336	138,4615385
336	136,4615385
337	114,4615385
337	133,4615385
337	133,4615385
337	124,4615385
338	139,4615385
338	128,4615385
338	97,4615385
338	112,4615385
339	117,4615385
339	99,4615385
339	105,4615385
339	103,4615385
340	81,4615385
340	71,4615385
340	52,4615385
340	55,4615385
341	72,4615385
341	79,4615385
341	82,4615385
342	38,4615385
342	55,4615385
342	60,4615385
342	38,4615385
343	46,4615385
343	35,4615385
343	18,4615385
343	53,4615385
344	40,4615385
344	34,4615385
344	25,4615385
344	33,4615385
345	0,4615385
345	15,4615385
345	29,4615385
345	41,4615385
346	20,4615385
346	40,4615385
346	14,4615385
347	36,4615385
347	31,4615385
347	39,4615385
347	7,4615385
348	10,4615385
348	12,4615385
348	45,4615385
348	60,4615385
349	46,4615385
349	31,4615385
349	60,4615385
349	31,4615385
350	33,4615385
350	64,4615385
350	54,4615385
350	54,4615385
351	59,4615385
351	40,4615385
351	51,4615385
352	45,4615385
352	95,4615385
352	106,4615385
352	94,4615385
353	106,4615385
353	96,4615385
353	79,4615385
353	95,4615385
354	58,4615385
354	104,4615385
354	123,4615385
354	119,4615385
355	97,4615385
355	120,4615385
355	84,4615385
355	91,4615385
356	81,4615385
356	85,4615385
356	128,4615385
357	114,4615385
357	113,4615385
357	127,4615385
357	107,4615385
358	127,4615385
358	129,4615385
358	132,4615385
358	107,4615385
359	64,4615385
359	83,4615385
359	55,4615385
359	103,4615385
360	104,4615385
360	91,4615385
360	78,4615385
360	58,4615385
361	69,4615385
361	70,4615385
361	64,4615385
362	84,4615385
362	105,4615385
362	92,4615385
362	82,4615385
363	57,4615385
363	41,4615385
363	42,4615385
363	41,4615385
364	26,4615385
364	16,4615385
364	31,4615385
364	25,4615385
365	26,4615385
365	40,4615385
365	25,4615385
365	34,4615385
366	25,4615385
366	33,4615385
366	35,4615385
367	30,4615385
367	13,4615385
367	29,4615385
367	20,4615385
368	-14,5384615
368	35,4615385
368	26,4615385
368	-0,5384615
369	-11,5384615
369	-22,5384615
369	16,4615385
369	8,4615385
370	28,4615385
370	27,4615385
370	11,4615385
370	42,4615385
371	40,4615385
371	22,4615385
371	47,4615385
371	22,4615385
372	39,4615385
372	29,4615385
372	36,4615385
373	54,4615385
373	38,4615385
373	28,4615385
373	46,4615385
374	43,4615385
374	52,4615385
374	42,4615385
374	51,4615385
375	58,4615385
375	72,4615385
375	62,4615385
375	66,4615385
376	72,4615385
376	79,4615385
376	66,4615385
376	52,4615385
377	37,4615385
377	60,4615385
377	77,4615385
378	49,4615385
378	47,4615385
378	78,4615385
378	55,4615385
379	74,4615385
379	40,4615385
379	71,4615385
379	59,4615385
380	63,4615385
380	54,4615385
380	75,4615385
380	57,4615385
381	74,4615385
381	41,4615385
381	87,4615385
381	49,4615385
382	51,4615385
382	31,4615385
382	55,4615385
383	48,4615385
383	25,4615385
383	63,4615385
383	35,4615385
384	17,4615385
384	19,4615385
384	32,4615385
384	52,4615385
385	40,4615385
385	52,4615385
385	57,4615385
385	23,4615385
386	30,4615385
386	24,4615385
386	22,4615385
386	24,4615385
387	26,4615385
387	26,4615385
387	6,4615385
387	0,4615385
388	25,4615385
388	17,4615385
388	30,4615385
389	9,4615385
389	2,4615385
389	22,4615385
389	33,4615385
390	19,4615385
390	28,4615385
390	15,4615385
390	8,4615385
391	27,4615385
391	18,4615385
391	13,4615385
391	13,4615385
392	29,4615385
392	12,4615385
392	20,4615385
392	45,4615385
393	12,4615385
393	17,4615385
393	29,4615385
394	44,4615385
394	39,4615385
394	46,4615385
394	57,4615385
395	-5,5384615
395	21,4615385
395	16,4615385
395	43,4615385
396	7,4615385
396	32,4615385
396	7,4615385
396	40,4615385
397	-3,5384615
397	11,4615385
397	19,4615385
397	39,4615385
398	45,4615385
398	33,4615385
398	18,4615385
398	15,4615385
399	54,4615385
399	34,4615385
399	31,4615385
400	42,4615385
400	39,4615385
400	47,4615385
400	51,4615385
401	31,4615385
401	34,4615385
401	61,4615385
401	20,4615385
402	50,4615385
402	18,4615385
402	64,4615385
402	19,4615385
403	45,4615385
403	48,4615385
403	26,4615385
403	34,4615385
404	26,4615385
404	77,4615385
404	31,4615385
405	19,4615385
405	64,4615385
405	35,4615385
405	48,4615385
406	38,4615385
406	61,4615385
406	31,4615385
406	44,4615385
407	49,4615385
407	38,4615385
407	21,4615385
407	41,4615385
408	39,4615385
408	32,4615385
408	12,4615385
408	14,4615385
409	45,4615385
409	31,4615385
409	42,4615385
409	47,4615385
410	19,4615385
410	51,4615385
410	49,4615385
411	33,4615385
411	21,4615385
411	33,4615385
411	3,4615385
412	14,4615385
412	18,4615385
412	8,4615385
412	7,4615385
413	1,4615385
413	2,4615385
413	16,4615385
413	-7,5384615
414	7,4615385
414	8,4615385
414	12,4615385
414	17,4615385
415	40,4615385
415	39,4615385
415	3,4615385
415	24,4615385
416	11,4615385
416	2,4615385
416	7,4615385
417	54,4615385
417	33,4615385
417	9,4615385
417	25,4615385
418	-9,5384615
418	24,4615385
418	9,4615385
418	-3,5384615
419	11,4615385
419	5,4615385
419	32,4615385
419	19,4615385
420	34,4615385
420	24,4615385
420	29,4615385
420	13,4615385
421	39,4615385
421	17,4615385
421	20,4615385
421	14,4615385
422	24,4615385
422	34,4615385
422	2,4615385
423	7,4615385
423	11,4615385
423	46,4615385
423	21,4615385
424	25,4615385
424	5,4615385
424	34,4615385
424	29,4615385
425	34,4615385
425	4,4615385
425	27,4615385
425	35,4615385
426	14,4615385
426	7,4615385
426	39,4615385
426	35,4615385
427	30,4615385
427	17,4615385
427	4,4615385
427	29,4615385
428	28,4615385
428	37,4615385
428	26,4615385
429	17,4615385
429	45,4615385
429	24,4615385
429	51,4615385
430	44,4615385
430	34,4615385
430	14,4615385
430	4,4615385
431	47,4615385
431	0,4615385
431	18,4615385
431	42,4615385
432	38,4615385
432	8,4615385
432	25,4615385
432	30,4615385
433	-14,5384615
433	8,4615385
433	17,4615385
433	-5,5384615
434	23,4615385
434	13,4615385
434	32,4615385
435	24,4615385
435	8,4615385
435	13,4615385
435	10,4615385
436	3,4615385
436	42,4615385
436	25,4615385
436	8,4615385
437	29,4615385
437	7,4615385
437	21,4615385
437	24,4615385
438	5,4615385
438	22,4615385
438	47,4615385
438	19,4615385
439	35,4615385
439	17,4615385
439	23,4615385
439	25,4615385
440	34,4615385
440	24,4615385
440	8,4615385
441	2,4615385
441	-6,5384615
441	11,4615385
441	28,4615385
442	14,4615385
442	8,4615385
442	16,4615385
442	22,4615385
443	5,4615385
443	-0,5384615
443	6,4615385
443	26,4615385
444	-13,5384615
444	33,4615385
444	24,4615385
444	31,4615385
445	-1,5384615
445	2,4615385
445	34,4615385
445	34,4615385
446	-8,5384615
446	14,4615385
446	7,4615385
447	16,4615385
447	21,4615385
447	16,4615385
447	-1,5384615
448	25,4615385
448	-5,5384615
448	7,4615385
448	-6,5384615
449	14,4615385
449	17,4615385
449	15,4615385
449	13,4615385
450	-7,5384615
450	-1,5384615
450	-9,5384615
450	37,4615385
451	9,4615385
451	-8,5384615
451	19,4615385
451	10,4615385
452	0,4615385
452	9,4615385
452	-1,5384615
452	18,4615385
453	10,4615385
453	7,4615385
453	12,4615385
454	16,4615385
454	32,4615385
454	-0,5384615
454	11,4615385
455	2,4615385
455	5,4615385
455	12,4615385
455	16,4615385
456	20,4615385
456	35,4615385
456	18,4615385
456	51,4615385
457	-7,5384615
457	3,4615385
457	8,4615385
457	-6,5384615
458	4,4615385
458	-10,5384615
458	-2,5384615
458	18,4615385
459	3,4615385
459	12,4615385
459	12,4615385
460	44,4615385
460	7,4615385
460	49,4615385
460	12,4615385
461	12,4615385
461	10,4615385
461	17,4615385
461	33,4615385
462	18,4615385
462	5,4615385
462	-9,5384615
462	11,4615385
463	4,4615385
463	3,4615385
463	17,4615385
463	1,4615385
464	-8,5384615
464	-3,5384615
464	10,4615385
464	0,4615385
465	6,4615385
465	29,4615385
465	28,4615385
465	-0,5384615
466	11,4615385
466	13,4615385
466	14,4615385
467	46,4615385
467	25,4615385
467	17,4615385
467	5,4615385
468	4,4615385
468	34,4615385
468	-15,5384615
468	10,4615385
469	-3,5384615
469	0,4615385
469	-10,5384615
469	1,4615385
470	8,4615385
470	35,4615385
470	18,4615385
470	2,4615385
471	21,4615385
471	3,4615385
471	20,4615385
471	-4,5384615
472	23,4615385
472	39,4615385
472	30,4615385
472	28,4615385
473	-6,5384615
473	26,4615385
473	12,4615385
474	25,4615385
474	1,4615385
474	56,4615385
474	-2,5384615
475	19,4615385
475	8,4615385
475	10,4615385
475	10,4615385
476	8,4615385
476	12,4615385
476	4,4615385
476	14,4615385
477	19,4615385
477	10,4615385
477	-36,5384615
477	33,4615385
478	7,4615385
478	-15,5384615
478	-16,5384615
478	1,4615385
479	-9,5384615
479	-9,5384615
479	13,4615385
479	27,4615385
480	23,4615385
480	-7,5384615
480	3,4615385
481	11,4615385
481	27,4615385
481	25,4615385
481	41,4615385
482	71,4615385
482	15,4615385
482	5,4615385
482	21,4615385
483	-10,5384615
483	18,4615385
483	9,4615385
483	1,4615385
484	0,4615385
484	25,4615385
484	30,4615385
484	5,4615385
485	17,4615385
485	23,4615385
485	39,4615385
485	27,4615385
486	-25,5384615
486	4,4615385
486	19,4615385
486	17,4615385
487	-0,5384615
487	37,4615385
487	23,4615385
488	24,4615385
488	12,4615385
488	13,4615385
488	-1,5384615
489	29,4615385
489	0,4615385
489	13,4615385
489	28,4615385
490	39,4615385
490	-2,5384615
490	5,4615385
490	31,4615385
491	20,4615385
491	4,4615385
491	-25,5384615
491	10,4615385
492	-11,5384615
492	15,4615385
492	20,4615385
492	-11,5384615
493	2,4615385
493	5,4615385
493	25,4615385
493	-4,5384615
494	-2,5384615
494	-2,5384615
494	12,4615385
495	11,4615385
495	-16,5384615
495	15,4615385
495	-0,5384615
496	33,4615385
496	3,4615385
496	37,4615385
496	36,4615385
497	-9,5384615
497	28,4615385
497	14,4615385
497	13,4615385
498	12,4615385
498	2,4615385
498	21,4615385
498	-3,5384615
499	-12,5384615
499	7,4615385
499	-13,5384615
499	22,4615385
500	40,4615385
500	12,4615385
500	5,4615385
500	14,4615385
501	-11,5384615
501	16,4615385
501	-4,5384615
502	6,4615385
502	19,4615385
502	3,4615385
502	-8,5384615
503	10,4615385
503	11,4615385
503	18,4615385
503	-13,5384615
504	-5,5384615
504	7,4615385
504	-8,5384615
504	20,4615385
505	6,4615385
505	5,4615385
505	18,4615385
505	-6,5384615
506	3,4615385
506	29,4615385
506	-12,5384615
506	15,4615385
507	18,4615385
507	-1,5384615
507	9,4615385
507	3,4615385
508	27,4615385
508	26,4615385
508	22,4615385
508	31,4615385
509	-11,5384615
509	-3,5384615
509	5,4615385
510	-1,5384615
510	24,4615385
510	-10,5384615
510	4,4615385
511	19,4615385
511	8,4615385
511	-12,5384615
511	-7,5384615
512	10,4615385
512	-1,5384615
512	13,4615385
512	9,4615385
513	-19,5384615
513	18,4615385
513	23,4615385
513	-5,5384615
514	4,4615385
514	14,4615385
514	10,4615385
514	-10,5384615
515	-5,5384615
515	11,4615385
515	-4,5384615
515	21,4615385
516	8,4615385
516	31,4615385
516	15,4615385
516	-25,5384615
517	-14,5384615
517	20,4615385
517	19,4615385
518	2,4615385
518	9,4615385
518	14,4615385
518	7,4615385
519	40,4615385
519	19,4615385
519	3,4615385
519	25,4615385
520	-4,5384615
520	3,4615385
520	29,4615385
520	28,4615385
521	23,4615385
521	19,4615385
521	19,4615385
521	24,4615385
522	45,4615385
522	27,4615385
522	14,4615385
522	1,4615385
523	6,4615385
523	16,4615385
523	-5,5384615
523	-6,5384615
524	7,4615385
524	-4,5384615
524	10,4615385
524	13,4615385
525	20,4615385
525	-1,5384615
525	22,4615385
526	4,4615385
526	27,4615385
526	47,4615385
526	12,4615385
527	1,4615385
527	20,4615385
527	21,4615385
527	11,4615385
528	26,4615385
528	18,4615385
528	17,4615385
528	16,4615385
529	9,4615385
529	1,4615385
529	-16,5384615
529	34,4615385
530	21,4615385
530	1,4615385
530	7,4615385
530	-3,5384615
531	18,4615385
531	-0,5384615
531	22,4615385
531	15,4615385
532	4,4615385
532	11,4615385
532	15,4615385
532	0,4615385
533	7,4615385
533	-10,5384615
533	12,4615385
534	6,4615385
534	14,4615385
534	25,4615385
534	23,4615385
535	6,4615385
535	-4,5384615
535	40,4615385
535	43,4615385
536	52,4615385
536	38,4615385
536	-10,5384615
536	-5,5384615
537	20,4615385
537	3,4615385
537	15,4615385
537	5,4615385
538	1,4615385
538	16,4615385
538	15,4615385
538	-23,5384615
539	8,4615385
539	17,4615385
539	27,4615385
539	22,4615385
540	25,4615385
540	-7,5384615
540	27,4615385
540	18,4615385
541	39,4615385
541	1,4615385
541	19,4615385
541	6,4615385
542	-2,5384615
542	7,4615385
542	20,4615385
543	-20,5384615
543	4,4615385
543	20,4615385
543	49,4615385
544	8,4615385
544	9,4615385
544	12,4615385
544	12,4615385
545	-25,5384615
545	25,4615385
545	20,4615385
545	-10,5384615
546	38,4615385
546	6,4615385
546	13,4615385
546	12,4615385
547	-6,5384615
547	20,4615385
547	1,4615385
547	-8,5384615
548	-3,5384615
548	-5,5384615
548	6,4615385
548	25,4615385
549	1,4615385
549	37,4615385
549	6,4615385
549	-14,5384615
550	-0,5384615
550	6,4615385
550	25,4615385
550	-9,5384615
551	-11,5384615
551	-2,5384615
551	20,4615385
552	2,4615385
552	3,4615385
552	20,4615385
552	14,4615385
553	1,4615385
553	-21,5384615
553	-13,5384615
553	21,4615385
554	20,4615385
554	26,4615385
554	8,4615385
554	-13,5384615
555	13,4615385
555	55,4615385
555	14,4615385
555	-10,5384615
556	32,4615385
556	34,4615385
556	12,4615385
556	-7,5384615
557	54,4615385
557	25,4615385
557	4,4615385
557	24,4615385
558	0,4615385
558	-16,5384615
558	10,4615385
558	29,4615385
559	53,4615385
559	32,4615385
559	3,4615385
559	16,4615385
560	21,4615385
560	22,4615385
560	10,4615385
561	12,4615385
561	16,4615385
561	-8,5384615
561	9,4615385
562	26,4615385
562	6,4615385
562	25,4615385
562	20,4615385
563	10,4615385
563	13,4615385
563	29,4615385
563	21,4615385
564	1,4615385
564	8,4615385
564	8,4615385
564	9,4615385
565	17,4615385
565	4,4615385
565	3,4615385
565	15,4615385
566	15,4615385
566	-9,5384615
566	-7,5384615
566	29,4615385
567	2,4615385
567	0,4615385
567	1,4615385
567	5,4615385
568	-14,5384615
568	12,4615385
568	21,4615385
568	-0,5384615
569	-14,5384615
569	27,4615385
569	-3,5384615
569	2,4615385
570	25,4615385
570	12,4615385
570	16,4615385
571	4,4615385
571	29,4615385
571	2,4615385
571	25,4615385
572	-6,5384615
572	13,4615385
572	4,4615385
572	28,4615385
573	10,4615385
573	-5,5384615
573	6,4615385
573	-14,5384615
574	16,4615385
574	7,4615385
574	-9,5384615
574	10,4615385
575	-1,5384615
575	-10,5384615
575	1,4615385
575	6,4615385
576	22,4615385
576	0,4615385
576	28,4615385
576	6,4615385
577	-15,5384615
577	17,4615385
577	16,4615385
577	4,4615385
578	15,4615385
578	13,4615385
578	-2,5384615
578	13,4615385
579	23,4615385
579	8,4615385
579	-9,5384615
579	-10,5384615
580	3,4615385
580	-6,5384615
580	3,4615385
581	20,4615385
581	5,4615385
581	42,4615385
581	-6,5384615
582	-29,5384615
582	5,4615385
582	21,4615385
582	-2,5384615
583	-4,5384615
583	6,4615385
583	-1,5384615
583	0,4615385
584	8,4615385
584	12,4615385
584	29,4615385
584	33,4615385
585	-11,5384615
585	-4,5384615
585	27,4615385
585	22,4615385
586	6,4615385
586	22,4615385
586	27,4615385
586	5,4615385
587	3,4615385
587	-18,5384615
587	10,4615385
587	-5,5384615
588	-7,5384615
588	38,4615385
588	22,4615385
588	-10,5384615
589	17,4615385
589	2,4615385
589	30,4615385
589	-20,5384615
590	19,4615385
590	14,4615385
590	-22,5384615
590	-3,5384615
591	5,4615385
591	8,4615385
591	9,4615385
592	0,4615385
592	-5,5384615
592	-0,5384615
592	-10,5384615
593	17,4615385
593	17,4615385
593	21,4615385
593	26,4615385
594	59,4615385
594	0,4615385
594	24,4615385
594	15,4615385
595	28,4615385
595	-11,5384615
595	11,4615385
595	16,4615385
596	29,4615385
596	11,4615385
596	-18,5384615
596	30,4615385
597	19,4615385
597	11,4615385
597	12,4615385
597	-239,5384615
598	-30,5384615
598	-14,5384615
598	-19,5384615
598	11,4615385
599	15,4615385
599	-10,5384615
599	-10,5384615
599	15,4615385
600	6,4615385
600	20,4615385
600	-12,5384615
600	4,4615385
601	-16,5384615
601	21,4615385
601	34,4615385
601	-2,5384615
602	23,4615385
602	-2,5384615
602	24,4615385
603	20,4615385
603	10,4615385
603	8,4615385
603	25,4615385
604	-4,5384615
604	23,4615385
604	7,4615385
604	-11,5384615
605	28,4615385
605	4,4615385
605	-2,5384615
605	-3,5384615
606	-0,5384615
606	27,4615385
606	27,4615385
606	21,4615385
607	-16,5384615
607	-7,5384615
607	14,4615385
607	18,4615385
608	3,4615385
608	22,4615385
608	14,4615385
608	9,4615385
609	18,4615385
609	13,4615385
609	13,4615385
609	-8,5384615
610	1,4615385
610	-3,5384615
610	-3,5384615
610	4,4615385
611	23,4615385
611	-2,5384615
611	-6,5384615
611	-2,5384615
612	17,4615385
612	19,4615385
612	12,4615385
612	8,4615385
613	2,4615385
613	25,4615385
613	12,4615385
613	14,4615385
614	18,4615385
614	15,4615385
614	-0,5384615
614	17,4615385
615	6,4615385
615	33,4615385
615	-9,5384615
616	-6,5384615
616	-3,5384615
616	9,4615385
616	-20,5384615
617	-1,5384615
617	7,4615385
617	14,4615385
617	-6,5384615
618	4,4615385
618	10,4615385
618	3,4615385
618	15,4615385
619	8,4615385
619	26,4615385
619	13,4615385
619	-7,5384615
620	2,4615385
620	6,4615385
620	-3,5384615
620	22,4615385
621	17,4615385
621	32,4615385
621	6,4615385
621	0,4615385
622	-18,5384615
622	6,4615385
622	0,4615385
622	7,4615385
623	-11,5384615
623	13,4615385
623	34,4615385
623	15,4615385
624	7,4615385
624	24,4615385
624	18,4615385
624	10,4615385
625	-5,5384615
625	25,4615385
625	-16,5384615
625	-10,5384615
626	5,4615385
626	-19,5384615
626	-14,5384615
626	33,4615385
627	10,4615385
627	-7,5384615
627	39,4615385
627	12,4615385
628	-7,5384615
628	18,4615385
628	12,4615385
629	4,4615385
629	11,4615385
629	25,4615385
629	-6,5384615
630	9,4615385
630	18,4615385
630	1,4615385
630	12,4615385
631	2,4615385
631	13,4615385
631	-9,5384615
631	20,4615385
632	7,4615385
632	15,4615385
632	25,4615385
632	10,4615385
633	3,4615385
633	21,4615385
633	1,4615385
633	9,4615385
634	0,4615385
634	-2,5384615
634	13,4615385
634	10,4615385
635	11,4615385
635	2,4615385
635	-11,5384615
635	30,4615385
636	10,4615385
636	23,4615385
636	-2,5384615
636	-3,5384615
637	2,4615385
637	12,4615385
637	4,4615385
637	-9,5384615
638	4,4615385
638	-1,5384615
638	16,4615385
638	14,4615385
639	-9,5384615
639	-8,5384615
639	22,4615385
639	56,4615385
640	0,4615385
640	34,4615385
640	-6,5384615
640	14,4615385
641	2,4615385
641	4,4615385
641	19,4615385
641	12,4615385
642	11,4615385
642	25,4615385
642	-0,5384615
642	11,4615385
643	10,4615385
643	22,4615385
643	17,4615385
644	17,4615385
644	-1,5384615
644	18,4615385
644	32,4615385
645	25,4615385
645	-11,5384615
645	30,4615385
645	14,4615385
646	0,4615385
646	24,4615385
646	-3,5384615
646	15,4615385
647	30,4615385
647	23,4615385
647	21,4615385
647	15,4615385
648	26,4615385
648	19,4615385
648	12,4615385
648	40,4615385
649	15,4615385
649	16,4615385
649	-13,5384615
649	10,4615385
650	26,4615385
650	12,4615385
650	25,4615385
650	15,4615385
651	1,4615385
651	36,4615385
651	18,4615385
651	26,4615385
652	13,4615385
652	3,4615385
652	23,4615385
652	4,4615385
653	33,4615385
653	31,4615385
653	4,4615385
653	22,4615385
654	-3,5384615
654	28,4615385
654	51,4615385
654	30,4615385
655	13,4615385
655	23,4615385
655	8,4615385
655	26,4615385
656	30,4615385
656	28,4615385
656	-6,5384615
656	-6,5384615
657	24,4615385
657	-1,5384615
657	17,4615385
657	21,4615385
658	7,4615385
658	-0,5384615
658	34,4615385
658	31,4615385
659	19,4615385
659	20,4615385
659	33,4615385
660	15,4615385
660	21,4615385
660	29,4615385
660	10,4615385
661	11,4615385
661	44,4615385
661	25,4615385
661	3,4615385
662	32,4615385
662	40,4615385
662	3,4615385
662	16,4615385
663	-8,5384615
663	-1,5384615
663	14,4615385
663	33,4615385
664	18,4615385
664	22,4615385
664	17,4615385
664	2,4615385
665	36,4615385
665	14,4615385
665	32,4615385
665	14,4615385
666	-7,5384615
666	16,4615385
666	25,4615385
666	10,4615385
667	27,4615385
667	5,4615385
667	6,4615385
667	-0,5384615
668	40,4615385
668	9,4615385
668	22,4615385
668	5,4615385
669	17,4615385
669	-5,5384615
669	10,4615385
669	5,4615385
670	-0,5384615
670	27,4615385
670	12,4615385
670	-9,5384615
671	17,4615385
671	34,4615385
671	10,4615385
671	19,4615385
672	34,4615385
672	9,4615385
672	36,4615385
672	18,4615385
673	16,4615385
673	-0,5384615
673	-8,5384615
673	23,4615385
674	11,4615385
674	33,4615385
674	0,4615385
674	0,4615385
675	-14,5384615
675	11,4615385
675	-14,5384615
675	-1,5384615
676	16,4615385
676	16,4615385
676	-12,5384615
676	22,4615385
677	14,4615385
677	5,4615385
677	7,4615385
677	-6,5384615
678	46,4615385
678	33,4615385
678	-5,5384615
678	20,4615385
679	3,4615385
679	15,4615385
679	27,4615385
680	30,4615385
680	4,4615385
680	32,4615385
680	22,4615385
681	34,4615385
681	18,4615385
681	-10,5384615
681	10,4615385
682	-1,5384615
682	10,4615385
682	5,4615385
682	18,4615385
683	-4,5384615
683	30,4615385
683	30,4615385
683	30,4615385
684	28,4615385
684	1,4615385
684	16,4615385
684	25,4615385
685	22,4615385
685	0,4615385
685	-8,5384615
685	-14,5384615
686	13,4615385
686	36,4615385
686	-1,5384615
686	19,4615385
687	31,4615385
687	31,4615385
687	14,4615385
687	21,4615385
688	-0,5384615
688	16,4615385
688	-1,5384615
688	-25,5384615
689	5,4615385
689	5,4615385
689	10,4615385
689	8,4615385
690	24,4615385
690	5,4615385
690	-10,5384615
690	2,4615385
691	5,4615385
691	-2,5384615
691	21,4615385
691	25,4615385
692	-1,5384615
692	15,4615385
692	1,4615385
692	1,4615385
693	27,4615385
693	-2,5384615
693	-9,5384615
693	-7,5384615
694	-3,5384615
694	13,4615385
694	36,4615385
694	9,4615385
695	9,4615385
695	20,4615385
695	15,4615385
695	-24,5384615
696	-23,5384615
696	15,4615385
696	7,4615385
696	17,4615385
697	-9,5384615
697	-7,5384615
697	13,4615385
697	11,4615385
698	-6,5384615
698	-8,5384615
698	5,4615385
698	10,4615385
699	6,4615385
699	-10,5384615
699	26,4615385
699	18,4615385
700	14,4615385
700	7,4615385
700	-2,5384615
700	-8,5384615
701	10,4615385
701	8,4615385
701	13,4615385
701	20,4615385
702	-24,5384615
702	10,4615385
702	2,4615385
702	20,4615385
703	3,4615385
703	-5,5384615
703	-0,5384615
703	1,4615385
704	1,4615385
704	13,4615385
704	36,4615385
704	20,4615385
705	29,4615385
705	23,4615385
705	20,4615385
706	3,4615385
706	29,4615385
706	6,4615385
706	15,4615385
707	18,4615385
707	-10,5384615
707	22,4615385
707	27,4615385
708	22,4615385
708	37,4615385
708	5,4615385
708	31,4615385
709	-15,5384615
709	-10,5384615
709	3,4615385
709	-8,5384615
710	16,4615385
710	12,4615385
710	1,4615385
710	15,4615385
711	12,4615385
711	16,4615385
711	10,4615385
711	10,4615385
712	32,4615385
712	0,4615385
712	-5,5384615
712	-3,5384615
713	-19,5384615
713	8,4615385
713	15,4615385
713	9,4615385
714	7,4615385
714	-2,5384615
714	-1,5384615
714	-19,5384615
715	0,4615385
715	10,4615385
715	8,4615385
715	23,4615385
716	2,4615385
716	32,4615385
716	20,4615385
716	14,4615385
717	19,4615385
717	26,4615385
717	6,4615385
717	24,4615385
718	4,4615385
718	1,4615385
718	-6,5384615
718	23,4615385
719	12,4615385
719	6,4615385
719	8,4615385
719	5,4615385
720	13,4615385
720	-1,5384615
720	-7,5384615
720	6,4615385
721	39,4615385
721	13,4615385
721	-2,5384615
721	-6,5384615
722	18,4615385
722	4,4615385
722	-18,5384615
722	-37,5384615
723	13,4615385
723	26,4615385
723	-0,5384615
723	30,4615385
724	25,4615385
724	23,4615385
724	17,4615385
724	-11,5384615
725	4,4615385
725	19,4615385
725	9,4615385
725	0,4615385
726	1,4615385
726	28,4615385
726	17,4615385
726	32,4615385
727	-5,5384615
727	-16,5384615
727	10,4615385
727	4,4615385
728	16,4615385
728	6,4615385
728	-0,5384615
728	17,4615385
729	-3,5384615
729	11,4615385
729	23,4615385
729	32,4615385
730	19,4615385
730	-22,5384615
730	10,4615385
730	1,4615385
731	12,4615385
731	-8,5384615
731	6,4615385
731	23,4615385
732	10,4615385
732	3,4615385
732	13,4615385
732	29,4615385
733	18,4615385
733	14,4615385
733	14,4615385
733	21,4615385
734	6,4615385
734	2,4615385
734	-4,5384615
734	25,4615385
735	1,4615385
735	10,4615385
735	8,4615385
735	24,4615385
736	-5,5384615
736	16,4615385
736	-5,5384615
736	44,4615385
737	8,4615385
737	-8,5384615
737	-14,5384615
737	12,4615385
738	10,4615385
738	23,4615385
738	12,4615385
738	15,4615385
739	10,4615385
739	38,4615385
739	-14,5384615
739	2,4615385
740	26,4615385
740	-5,5384615
740	-8,5384615
740	-5,5384615
741	3,4615385
741	-11,5384615
741	-11,5384615
741	21,4615385
742	18,4615385
742	31,4615385
742	6,4615385
742	-2,5384615
743	3,4615385
743	26,4615385
743	19,4615385
743	-1,5384615
744	7,4615385
744	17,4615385
744	16,4615385
744	21,4615385
745	6,4615385
745	-7,5384615
745	6,4615385
745	-10,5384615
746	-13,5384615
746	19,4615385
746	17,4615385
746	26,4615385
747	26,4615385
747	8,4615385
747	6,4615385
747	0,4615385
748	18,4615385
748	17,4615385
748	12,4615385
748	16,4615385
749	-8,5384615
749	16,4615385
749	-8,5384615
749	0,4615385
750	35,4615385
750	12,4615385
750	22,4615385
750	12,4615385
751	21,4615385
751	33,4615385
751	-7,5384615
751	10,4615385
752	22,4615385
752	0,4615385
752	14,4615385
752	17,4615385
753	-9,5384615
753	1,4615385
753	3,4615385
753	14,4615385
754	-3,5384615
754	-3,5384615
754	-16,5384615
754	14,4615385
755	2,4615385
755	-5,5384615
755	3,4615385
755	9,4615385
756	-11,5384615
756	-3,5384615
756	19,4615385
756	20,4615385
757	-15,5384615
757	22,4615385
757	0,4615385
757	19,4615385
758	22,4615385
758	5,4615385
758	11,4615385
758	4,4615385
759	24,4615385
759	24,4615385
759	-7,5384615
759	16,4615385
760	32,4615385
760	18,4615385
760	12,4615385
760	7,4615385
761	21,4615385
761	28,4615385
761	-2,5384615
761	1,4615385
762	14,4615385
762	5,4615385
762	3,4615385
762	-0,5384615
763	-5,5384615
763	1,4615385
763	14,4615385
763	-16,5384615
764	-3,5384615
764	0,4615385
764	24,4615385
764	42,4615385
765	18,4615385
765	19,4615385
765	-6,5384615
765	20,4615385
766	-11,5384615
766	-16,5384615
766	4,4615385
766	1,4615385
767	14,4615385
767	-3,5384615
767	7,4615385
767	0,4615385
768	18,4615385
768	25,4615385
768	4,4615385
768	25,4615385
769	-8,5384615
769	24,4615385
769	13,4615385
769	-7,5384615
770	13,4615385
770	-13,5384615
770	16,4615385
770	4,4615385
771	-6,5384615
771	4,4615385
771	8,4615385
771	15,4615385
772	2,4615385
772	-10,5384615
772	29,4615385
772	25,4615385
773	-9,5384615
773	10,4615385
773	18,4615385
773	-0,5384615
774	28,4615385
774	17,4615385
774	8,4615385
774	3,4615385
775	-9,5384615
775	-2,5384615
775	23,4615385
775	16,4615385
776	-8,5384615
776	33,4615385
776	28,4615385
776	-2,5384615
777	25,4615385
777	19,4615385
777	23,4615385
777	26,4615385
778	5,4615385
778	17,4615385
778	18,4615385
778	6,4615385
779	30,4615385
779	12,4615385
779	16,4615385
779	47,4615385
780	30,4615385
780	9,4615385
780	14,4615385
780	12,4615385
781	-5,5384615
781	14,4615385
781	24,4615385
781	16,4615385
782	45,4615385
782	19,4615385
782	7,4615385
782	32,4615385
783	19,4615385
783	19,4615385
783	0,4615385
783	-10,5384615
784	6,4615385
784	13,4615385
784	0,4615385
784	-34,5384615
785	-20,5384615
785	18,4615385
785	-25,5384615
785	-9,5384615
786	13,4615385
786	2,4615385
786	30,4615385
786	34,4615385
787	4,4615385
787	17,4615385
787	6,4615385
787	-17,5384615
788	-28,5384615
788	6,4615385
788	8,4615385
788	0,4615385
789	7,4615385
789	-8,5384615
789	3,4615385
789	5,4615385
790	7,4615385
790	7,4615385
790	12,4615385
790	5,4615385
791	2,4615385
791	-4,5384615
791	-3,5384615
791	-24,5384615
792	4,4615385
792	27,4615385
792	33,4615385
792	-2,5384615
793	25,4615385
793	4,4615385
793	-15,5384615
793	21,4615385
794	23,4615385
794	1,4615385
794	18,4615385
794	-20,5384615
795	0,4615385
795	21,4615385
795	1,4615385
795	9,4615385
796	14,4615385
796	8,4615385
796	-8,5384615
796	2,4615385
797	20,4615385
797	-38,5384615
797	24,4615385
797	11,4615385
798	-3,5384615
798	2,4615385
798	35,4615385
798	29,4615385
799	-1,5384615
799	-6,5384615
799	-1,5384615
799	-2,5384615
800	1,4615385
800	24,4615385
800	27,4615385
800	8,4615385
801	29,4615385
801	2,4615385
801	22,4615385
801	-13,5384615
802	5,4615385
802	0,4615385
802	17,4615385
802	12,4615385
803	-3,5384615
803	0,4615385
803	-4,5384615
803	10,4615385
804	18,4615385
804	9,4615385
804	0,4615385
804	20,4615385
805	-16,5384615
805	-44,5384615
805	20,4615385
805	-22,5384615
806	-10,5384615
806	4,4615385
806	29,4615385
806	8,4615385
807	-12,5384615
807	35,4615385
807	13,4615385
807	35,4615385
808	15,4615385
808	-12,5384615
808	1,4615385
808	3,4615385
809	9,4615385
809	18,4615385
809	-2,5384615
809	-7,5384615
810	18,4615385
810	41,4615385
810	6,4615385
810	17,4615385
811	-1,5384615
811	8,4615385
811	-12,5384615
811	-5,5384615
812	-3,5384615
812	15,4615385
812	12,4615385
812	-20,5384615
813	-6,5384615
813	22,4615385
813	25,4615385
813	6,4615385
814	-9,5384615
814	1,4615385
814	-4,5384615
814	20,4615385
815	36,4615385
815	17,4615385
815	14,4615385
815	-6,5384615
816	39,4615385
816	51,4615385
816	9,4615385
816	23,4615385
817	23,4615385
817	24,4615385
817	-0,5384615
817	22,4615385
818	3,4615385
818	10,4615385
818	-11,5384615
818	4,4615385
819	-5,5384615
819	8,4615385
819	27,4615385
819	4,4615385
820	-13,5384615
820	19,4615385
820	19,4615385
820	28,4615385
820	-5,5384615
821	0,4615385
821	-5,5384615
821	13,4615385
821	9,4615385
822	29,4615385
822	6,4615385
822	-11,5384615
822	-6,5384615
823	-12,5384615
823	18,4615385
823	-25,5384615
823	-9,5384615
824	-3,5384615
824	22,4615385
824	-8,5384615
824	7,4615385
825	21,4615385
825	20,4615385
825	-0,5384615
825	30,4615385
826	13,4615385
826	11,4615385
826	30,4615385
826	7,4615385
827	18,4615385
827	3,4615385
827	-5,5384615
827	11,4615385
828	-3,5384615
828	-13,5384615
828	12,4615385
828	8,4615385
829	27,4615385
829	18,4615385
829	34,4615385
829	13,4615385
830	14,4615385
830	37,4615385
830	-9,5384615
830	13,4615385
831	23,4615385
831	13,4615385
831	9,4615385
831	23,4615385
832	8,4615385
832	8,4615385
832	19,4615385
832	8,4615385
833	13,4615385
833	-12,5384615
833	-3,5384615
833	16,4615385
834	23,4615385
834	18,4615385
834	3,4615385
834	6,4615385
835	-8,5384615
835	30,4615385
835	1,4615385
835	33,4615385
836	27,4615385
836	2,4615385
836	12,4615385
836	15,4615385
837	25,4615385
837	1,4615385
837	-14,5384615
837	22,4615385
838	2,4615385
838	30,4615385
838	21,4615385
838	4,4615385
839	6,4615385
839	-2,5384615
839	-0,5384615
839	20,4615385
840	8,4615385
840	-4,5384615
840	17,4615385
840	-6,5384615
841	-15,5384615
841	26,4615385
841	12,4615385
841	6,4615385
842	6,4615385
842	22,4615385
842	2,4615385
842	28,4615385
843	12,4615385
843	13,4615385
843	9,4615385
843	-19,5384615
844	-0,5384615
844	7,4615385
844	5,4615385
844	2,4615385
845	-6,5384615
845	11,4615385
845	19,4615385
845	6,4615385
845	-1,5384615
846	-12,5384615
846	10,4615385
846	-20,5384615
846	7,4615385
847	9,4615385
847	-12,5384615
847	7,4615385
847	6,4615385
848	11,4615385
848	-4,5384615
848	19,4615385
848	6,4615385
849	2,4615385
849	-9,5384615
849	9,4615385
849	31,4615385
850	29,4615385
850	-0,5384615
850	21,4615385
850	35,4615385
851	4,4615385
851	-6,5384615
851	28,4615385
851	-2,5384615
852	-19,5384615
852	-3,5384615
852	-3,5384615
852	22,4615385
853	6,4615385
853	-12,5384615
853	-32,5384615
853	9,4615385
854	0,4615385
854	26,4615385
854	0,4615385
854	24,4615385
855	-14,5384615
855	21,4615385
855	7,4615385
855	9,4615385
856	15,4615385
856	6,4615385
856	-13,5384615
856	-12,5384615
857	1,4615385
857	32,4615385
857	11,4615385
857	-4,5384615
858	17,4615385
858	7,4615385
858	12,4615385
858	8,4615385
859	13,4615385
859	0,4615385
859	7,4615385
859	-3,5384615
860	12,4615385
860	3,4615385
860	28,4615385
860	-12,5384615
861	20,4615385
861	21,4615385
861	0,4615385
861	3,4615385
862	18,4615385
862	16,4615385
862	3,4615385
862	0,4615385
863	2,4615385
863	5,4615385
863	19,4615385
863	18,4615385
864	20,4615385
864	-3,5384615
864	-7,5384615
864	7,4615385
864	-7,5384615
865	9,4615385
865	12,4615385
865	19,4615385
865	23,4615385
866	-9,5384615
866	6,4615385
866	22,4615385
866	20,4615385
867	8,4615385
867	-9,5384615
867	-12,5384615
867	22,4615385
868	23,4615385
868	-24,5384615
868	18,4615385
868	7,4615385
869	5,4615385
869	14,4615385
869	-12,5384615
869	8,4615385
870	46,4615385
870	23,4615385
870	30,4615385
870	12,4615385
871	5,4615385
871	-11,5384615
871	-0,5384615
871	-3,5384615
872	21,4615385
872	-15,5384615
872	4,4615385
872	25,4615385
873	-12,5384615
873	-25,5384615
873	-33,5384615
873	14,4615385
874	-0,5384615
874	28,4615385
874	13,4615385
874	16,4615385
875	21,4615385
875	-1,5384615
875	-8,5384615
875	6,4615385
876	1,4615385
876	15,4615385
876	20,4615385
876	2,4615385
877	7,4615385
877	1,4615385
877	9,4615385
877	-10,5384615
878	28,4615385
878	-7,5384615
878	6,4615385
878	31,4615385
879	27,4615385
879	-22,5384615
879	11,4615385
879	9,4615385
880	0,4615385
880	8,4615385
880	11,4615385
880	5,4615385
880	6,4615385
881	51,4615385
881	20,4615385
881	11,4615385
881	13,4615385
882	11,4615385
882	11,4615385
882	12,4615385
882	1,4615385
883	17,4615385
883	0,4615385
883	2,4615385
883	-17,5384615
884	18,4615385
884	11,4615385
884	-7,5384615
884	16,4615385
885	10,4615385
885	29,4615385
885	16,4615385
885	11,4615385
886	-2,5384615
886	19,4615385
886	-3,5384615
886	-2,5384615
887	25,4615385
887	13,4615385
887	1,4615385
887	-13,5384615
888	8,4615385
888	-9,5384615
888	9,4615385
888	18,4615385
889	-5,5384615
889	4,4615385
889	1,4615385
889	6,4615385
890	27,4615385
890	-27,5384615
890	8,4615385
890	9,4615385
891	-2,5384615
891	16,4615385
891	16,4615385
891	-2,5384615
892	-23,5384615
892	8,4615385
892	-2,5384615
892	35,4615385
893	22,4615385
893	-20,5384615
893	2,4615385
893	18,4615385
894	26,4615385
894	9,4615385
894	7,4615385
894	24,4615385
894	2,4615385
895	-0,5384615
895	20,4615385
895	19,4615385
895	9,4615385
896	13,4615385
896	11,4615385
896	9,4615385
896	24,4615385
897	13,4615385
897	40,4615385
897	33,4615385
897	12,4615385
898	1,4615385
898	9,4615385
898	-8,5384615
898	15,4615385
899	22,4615385
899	-6,5384615
899	-5,5384615
899	18,4615385
900	20,4615385
900	21,4615385
900	25,4615385
900	27,4615385
901	31,4615385
901	-1,5384615
901	21,4615385
901	1,4615385
902	25,4615385
902	5,4615385
902	10,4615385
902	-4,5384615
903	10,4615385
903	12,4615385
903	-16,5384615
903	16,4615385
904	1,4615385
904	4,4615385
904	14,4615385
904	4,4615385
905	14,4615385
905	20,4615385
905	9,4615385
905	26,4615385
906	19,4615385
906	2,4615385
906	-3,5384615
906	-3,5384615
906	8,4615385
907	33,4615385
907	27,4615385
907	10,4615385
907	42,4615385
908	-4,5384615
908	18,4615385
908	23,4615385
908	-3,5384615
909	4,4615385
909	-18,5384615
909	10,4615385
909	13,4615385
910	21,4615385
910	0,4615385
910	12,4615385
910	13,4615385
911	1,4615385
911	-15,5384615
911	11,4615385
911	27,4615385
912	18,4615385
912	18,4615385
912	10,4615385
912	11,4615385
913	-12,5384615
913	4,4615385
913	18,4615385
913	-6,5384615
914	18,4615385
914	21,4615385
914	10,4615385
914	-22,5384615
915	-27,5384615
915	-22,5384615
915	16,4615385
915	21,4615385
916	7,4615385
916	34,4615385
916	26,4615385
916	10,4615385
917	6,4615385
917	24,4615385
917	7,4615385
917	7,4615385
917	-8,5384615
918	-0,5384615
918	20,4615385
918	-2,5384615
918	5,4615385
919	13,4615385
919	9,4615385
919	34,4615385
919	-5,5384615
920	8,4615385
920	24,4615385
920	10,4615385
920	26,4615385
921	21,4615385
921	9,4615385
921	-20,5384615
921	12,4615385
922	-8,5384615
922	-1,5384615
922	11,4615385
922	5,4615385
923	-7,5384615
923	14,4615385
923	-0,5384615
923	-9,5384615
924	-3,5384615
924	-1,5384615
924	0,4615385
924	7,4615385
925	10,4615385
925	-6,5384615
925	20,4615385
925	4,4615385
926	11,4615385
926	35,4615385
926	15,4615385
926	6,4615385
927	-7,5384615
927	10,4615385
927	-1,5384615
927	11,4615385
928	-11,5384615
928	-24,5384615
928	-13,5384615
928	9,4615385
928	36,4615385
929	33,4615385
929	7,4615385
929	-5,5384615
929	0,4615385
930	13,4615385
930	25,4615385
930	-4,5384615
930	4,4615385
931	18,4615385
931	-10,5384615
931	20,4615385
931	5,4615385
932	6,4615385
932	12,4615385
932	9,4615385
932	9,4615385
933	19,4615385
933	-0,5384615
933	17,4615385
933	0,4615385
934	24,4615385
934	33,4615385
934	32,4615385
934	53,4615385
935	14,4615385
935	7,4615385
935	-15,5384615
935	25,4615385
936	5,4615385
936	20,4615385
936	0,4615385
936	-2,5384615
937	25,4615385
937	16,4615385
937	3,4615385
937	-5,5384615
938	-7,5384615
938	12,4615385
938	18,4615385
938	32,4615385
938	28,4615385
939	6,4615385
939	-9,5384615
939	32,4615385
939	28,4615385
940	9,4615385
940	12,4615385
940	-8,5384615
940	-2,5384615
941	4,4615385
941	-15,5384615
941	-29,5384615
941	0,4615385
942	3,4615385
942	16,4615385
942	2,4615385
942	14,4615385
943	18,4615385
943	-14,5384615
943	-0,5384615
943	15,4615385
944	3,4615385
944	13,4615385
944	11,4615385
944	11,4615385
945	7,4615385
945	13,4615385
945	-0,5384615
945	16,4615385
946	24,4615385
946	5,4615385
946	-3,5384615
946	8,4615385
947	29,4615385
947	21,4615385
947	12,4615385
947	8,4615385
947	15,4615385
948	11,4615385
948	34,4615385
948	-2,5384615
948	5,4615385
949	14,4615385
949	-3,5384615
949	18,4615385
949	22,4615385
950	12,4615385
950	-10,5384615
950	0,4615385
950	2,4615385
951	-3,5384615
951	6,4615385
951	9,4615385
951	5,4615385
952	-1,5384615
952	21,4615385
952	19,4615385
952	46,4615385
953	-7,5384615
953	1,4615385
953	19,4615385
953	7,4615385
954	-30,5384615
954	10,4615385
954	4,4615385
954	-5,5384615
955	5,4615385
955	18,4615385
955	-2,5384615
955	1,4615385
956	-0,5384615
956	3,4615385
956	-0,5384615
956	-0,5384615
956	-1,5384615
957	13,4615385
957	5,4615385
957	6,4615385
957	21,4615385
958	19,4615385
958	-11,5384615
958	-2,5384615
958	15,4615385
959	-0,5384615
959	4,4615385
959	-9,5384615
959	14,4615385
960	56,4615385
960	19,4615385
960	9,4615385
960	18,4615385
961	9,4615385
961	11,4615385
961	-13,5384615
961	2,4615385
962	-13,5384615
962	-18,5384615
962	10,4615385
962	27,4615385
963	4,4615385
963	12,4615385
963	10,4615385
963	4,4615385
964	0,4615385
964	14,4615385
964	4,4615385
964	-0,5384615
964	-4,5384615
965	19,4615385
965	-22,5384615
965	-8,5384615
965	-13,5384615
966	22,4615385
966	27,4615385
966	9,4615385
966	4,4615385
967	-12,5384615
967	4,4615385
967	20,4615385
967	-14,5384615
968	3,4615385
968	2,4615385
968	0,4615385
968	23,4615385
969	20,4615385
969	-1,5384615
969	-5,5384615
969	-2,5384615
970	6,4615385
970	15,4615385
970	3,4615385
970	11,4615385
971	-4,5384615
971	-1,5384615
971	4,4615385
971	5,4615385
972	30,4615385
972	-13,5384615
972	14,4615385
972	13,4615385
972	-8,5384615
973	-0,5384615
973	16,4615385
973	26,4615385
973	7,4615385
974	-9,5384615
974	8,4615385
974	13,4615385
974	22,4615385
975	29,4615385
975	32,4615385
975	19,4615385
975	17,4615385
976	-9,5384615
976	-7,5384615
976	-4,5384615
976	1,4615385
977	9,4615385
977	-7,5384615
977	7,4615385
977	19,4615385
978	24,4615385
978	24,4615385
978	15,4615385
978	5,4615385
979	9,4615385
979	9,4615385
979	12,4615385
979	23,4615385
980	16,4615385
980	15,4615385
980	6,4615385
980	-6,5384615
980	13,4615385
981	-1,5384615
981	24,4615385
981	30,4615385
981	2,4615385
982	-11,5384615
982	-2,5384615
982	19,4615385
982	17,4615385
983	15,4615385
983	15,4615385
983	-16,5384615
983	1,4615385
984	25,4615385
984	28,4615385
984	14,4615385
984	12,4615385
985	12,4615385
985	25,4615385
985	33,4615385
985	18,4615385
986	1,4615385
986	-2,5384615
986	11,4615385
986	4,4615385
987	-8,5384615
987	34,4615385
987	5,4615385
987	-18,5384615
988	16,4615385
988	0,4615385
988	0,4615385
988	33,4615385
988	0,4615385
989	0,4615385
989	14,4615385
989	12,4615385
989	5,4615385
990	7,4615385
990	-0,5384615
990	-3,5384615
990	7,4615385
991	14,4615385
991	19,4615385
991	6,4615385
991	-5,5384615
992	30,4615385
992	2,4615385
992	11,4615385
992	11,4615385
993	12,4615385
993	-9,5384615
993	6,4615385
993	27,4615385
994	8,4615385
994	43,4615385
994	21,4615385
994	0,4615385
995	-3,5384615
995	13,4615385
995	8,4615385
995	23,4615385
995	10,4615385
996	8,4615385
996	36,4615385
996	5,4615385
996	19,4615385
997	41,4615385
997	4,4615385
997	2,4615385
997	27,4615385
998	-13,5384615
998	14,4615385
998	1,4615385
998	16,4615385
999	17,4615385
999	11,4615385
999	3,4615385
999	-2,5384615
1000	2,4615385
1000	27,4615385
1000	6,4615385
1000	-1,5384615
1001	-2,5384615
1001	28,4615385
1001	10,4615385
1001	2,4615385
1002	-0,5384615
1002	9,4615385
1002	27,4615385
1002	39,4615385
1002	17,4615385
1003	-3,5384615
1003	-0,5384615
1003	5,4615385
1003	16,4615385
1004	-5,5384615
1004	8,4615385
1004	25,4615385
1004	11,4615385
1005	-14,5384615
1005	14,4615385
1005	12,4615385
1005	16,4615385
1006	-22,5384615
1006	18,4615385
1006	9,4615385
1006	16,4615385
1007	12,4615385
1007	23,4615385
1007	-11,5384615
1007	-3,5384615
1008	2,4615385
1008	-4,5384615
1008	11,4615385
1008	19,4615385
1008	11,4615385
1009	17,4615385
1009	7,4615385
1009	7,4615385
1009	32,4615385
1010	3,4615385
1010	-1,5384615
1010	-2,5384615
1010	1,4615385
1011	17,4615385
1011	5,4615385
1011	5,4615385
1011	50,4615385
1012	13,4615385
1012	12,4615385
1012	4,4615385
1012	-15,5384615
1013	-5,5384615
1013	17,4615385
1013	18,4615385
1013	1,4615385
1014	10,4615385
1014	20,4615385
1014	27,4615385
1014	12,4615385
1015	-23,5384615
1015	-2,5384615
1015	13,4615385
1015	-1,5384615
1015	15,4615385
1016	28,4615385
1016	21,4615385
1016	16,4615385
1016	-11,5384615
1017	14,4615385
1017	-6,5384615
1017	-27,5384615
1017	-0,5384615
1018	10,4615385
1018	4,4615385
1018	8,4615385
1018	2,4615385
1019	-9,5384615
1019	5,4615385
1019	5,4615385
1019	16,4615385
1020	1,4615385
1020	-2,5384615
1020	19,4615385
1020	12,4615385
1021	12,4615385
1021	19,4615385
1021	17,4615385
1021	4,4615385
1021	14,4615385
1022	-15,5384615
1022	36,4615385
1022	6,4615385
1022	-2,5384615
1023	-3,5384615
1023	5,4615385
1023	16,4615385
1023	23,4615385
1024	0,4615385
1024	-21,5384615
1024	-1,5384615
1024	12,4615385
1025	9,4615385
1025	-13,5384615
1025	-7,5384615
1025	20,4615385
1026	-1,5384615
1026	33,4615385
1026	22,4615385
1026	8,4615385
1027	20,4615385
1027	-8,5384615
1027	17,4615385
1027	19,4615385
1027	-14,5384615
1028	8,4615385
1028	-10,5384615
1028	12,4615385
1028	30,4615385
1029	-8,5384615
1029	-6,5384615
1029	2,4615385
1029	6,4615385
1030	15,4615385
1030	5,4615385
1030	20,4615385
1030	6,4615385
1031	-1,5384615
1031	9,4615385
1031	35,4615385
1031	-2,5384615
1032	17,4615385
1032	28,4615385
1032	11,4615385
1032	23,4615385
1033	11,4615385
1033	29,4615385
1033	-5,5384615
1033	15,4615385
1034	13,4615385
1034	-3,5384615
1034	-4,5384615
1034	-1,5384615
1034	11,4615385
1035	14,4615385
1035	-1,5384615
1035	15,4615385
1035	11,4615385
1036	31,4615385
1036	15,4615385
1036	17,4615385
1036	1,4615385
1037	-4,5384615
1037	-23,5384615
1037	12,4615385
1037	39,4615385
1038	-1,5384615
1038	12,4615385
1038	-2,5384615
1038	21,4615385
1039	12,4615385
1039	1,4615385
1039	-17,5384615
1039	17,4615385
1039	-5,5384615
1040	9,4615385
1040	6,4615385
1040	10,4615385
1040	9,4615385
1041	24,4615385
1041	-9,5384615
1041	-4,5384615
1041	20,4615385
1042	13,4615385
1042	-6,5384615
1042	8,4615385
1042	30,4615385
1043	15,4615385
1043	41,4615385
1043	24,4615385
1043	4,4615385
1044	5,4615385
1044	-15,5384615
1044	16,4615385
1044	10,4615385
1045	19,4615385
1045	-20,5384615
1045	18,4615385
1045	-10,5384615
1045	0,4615385
1046	-3,5384615
1046	-5,5384615
1046	6,4615385
1046	3,4615385
1047	-0,5384615
1047	35,4615385
1047	-0,5384615
1047	35,4615385
1048	19,4615385
1048	11,4615385
1048	21,4615385
1048	16,4615385
1049	2,4615385
1049	13,4615385
1049	6,4615385
1049	43,4615385
1050	8,4615385
1050	-3,5384615
1050	-2,5384615
1050	24,4615385
1051	30,4615385
1051	-2,5384615
1051	-14,5384615
1051	-11,5384615
1051	-7,5384615
1052	13,4615385
1052	15,4615385
1052	4,4615385
1052	-11,5384615
1053	5,4615385
1053	5,4615385
1053	-7,5384615
1053	39,4615385
1054	20,4615385
1054	-3,5384615
1054	-10,5384615
1054	-3,5384615
1055	10,4615385
1055	-0,5384615
1055	2,4615385
1055	4,4615385
1056	36,4615385
1056	12,4615385
1056	-15,5384615
1056	-2,5384615
1056	-3,5384615
1057	16,4615385
1057	4,4615385
1057	13,4615385
1057	-0,5384615
1058	10,4615385
1058	9,4615385
1058	5,4615385
1058	25,4615385
1059	19,4615385
1059	-12,5384615
1059	-16,5384615
1059	-19,5384615
1060	29,4615385
1060	35,4615385
1060	19,4615385
1060	17,4615385
1061	10,4615385
1061	18,4615385
1061	15,4615385
1061	14,4615385
1062	24,4615385
1062	10,4615385
1062	0,4615385
1062	30,4615385
1062	22,4615385
1063	2,4615385
1063	16,4615385
1063	18,4615385
1063	19,4615385
1064	5,4615385
1064	21,4615385
1064	-9,5384615
1064	12,4615385
1065	22,4615385
1065	6,4615385
1065	-1,5384615
1065	4,4615385
1066	4,4615385
1066	20,4615385
1066	-27,5384615
1066	7,4615385
1067	-12,5384615
1067	22,4615385
1067	33,4615385
1067	9,4615385
1067	7,4615385
1068	18,4615385
1068	16,4615385
1068	15,4615385
1068	39,4615385
1069	22,4615385
1069	8,4615385
1069	-6,5384615
1069	10,4615385
1070	13,4615385
1070	-4,5384615
1070	9,4615385
1070	21,4615385
1071	17,4615385
1071	17,4615385
1071	20,4615385
1071	3,4615385
1072	-2,5384615
1072	-9,5384615
1072	5,4615385
1072	7,4615385
1072	18,4615385
1073	17,4615385
1073	3,4615385
1073	-4,5384615
1073	-13,5384615
1074	5,4615385
1074	21,4615385
1074	0,4615385
1074	8,4615385
1075	22,4615385
1075	18,4615385
1075	30,4615385
1075	18,4615385
1076	0,4615385
1076	21,4615385
1076	15,4615385
1076	13,4615385
1077	25,4615385
1077	-1,5384615
1077	14,4615385
1077	-3,5384615
1077	35,4615385
1078	1,4615385
1078	11,4615385
1078	-3,5384615
1078	-5,5384615
1079	11,4615385
1079	9,4615385
1079	12,4615385
1079	19,4615385
1080	22,4615385
1080	-0,5384615
1080	-12,5384615
1080	10,4615385
1081	-30,5384615
1081	6,4615385
1081	12,4615385
1081	11,4615385
1082	34,4615385
1082	-6,5384615
1082	-12,5384615
1082	5,4615385
1082	21,4615385
1083	15,4615385
1083	2,4615385
1083	13,4615385
1083	15,4615385
1084	11,4615385
1084	17,4615385
1084	39,4615385
1084	38,4615385
1085	21,4615385
1085	11,4615385
1085	9,4615385
1085	4,4615385
1086	-6,5384615
1086	5,4615385
1086	14,4615385
1086	21,4615385
1087	17,4615385
1087	15,4615385
1087	-3,5384615
1087	-7,5384615
1087	-3,5384615
1088	-19,5384615
1088	0,4615385
1088	-1,5384615
1088	3,4615385
1089	21,4615385
1089	17,4615385
1089	15,4615385
1089	-1,5384615
1090	6,4615385
1090	9,4615385
1090	18,4615385
1090	25,4615385
1091	8,4615385
1091	-5,5384615
1091	9,4615385
1091	13,4615385
1092	23,4615385
1092	24,4615385
1092	-18,5384615
1092	8,4615385
1092	-6,5384615
1093	-12,5384615
1093	25,4615385
1093	-11,5384615
1093	6,4615385
1094	-0,5384615
1094	-3,5384615
1094	-2,5384615
1094	14,4615385
1095	2,4615385
1095	-1,5384615
1095	-0,5384615
1095	34,4615385
1096	4,4615385
1096	-10,5384615
1096	-29,5384615
1096	23,4615385
1097	22,4615385
1097	1,4615385
1097	7,4615385
1097	36,4615385
1097	17,4615385
1098	30,4615385
1098	22,4615385
1098	2,4615385
1098	-3,5384615
1099	19,4615385
1099	18,4615385
1099	14,4615385
1099	5,4615385
1100	-1,5384615
1100	-9,5384615
1100	19,4615385
1100	25,4615385
1101	22,4615385
1101	19,4615385
1101	29,4615385
1101	-7,5384615
1101	-0,5384615
1102	-9,5384615
1102	27,4615385
1102	-1,5384615
1102	-5,5384615
1103	-16,5384615
1103	-0,5384615
1103	14,4615385
1103	4,4615385
1104	-9,5384615
1104	9,4615385
1104	3,4615385
1104	-3,5384615
1105	16,4615385
1105	6,4615385
1105	37,4615385
1105	40,4615385
1106	28,4615385
1106	6,4615385
1106	10,4615385
1106	-0,5384615
1106	-18,5384615
1107	-4,5384615
1107	28,4615385
1107	23,4615385
1107	-5,5384615
1108	-21,5384615
1108	15,4615385
1108	28,4615385
1108	0,4615385
1109	-1,5384615
1109	4,4615385
1109	3,4615385
1109	16,4615385
1110	10,4615385
1110	-3,5384615
1110	0,4615385
1110	-4,5384615
1110	9,4615385
1111	28,4615385
1111	27,4615385
1111	5,4615385
1111	4,4615385
1112	15,4615385
1112	0,4615385
1112	31,4615385
1112	19,4615385
1113	-6,5384615
1113	-9,5384615
1113	-7,5384615
1113	32,4615385
1114	35,4615385
1114	7,4615385
1114	22,4615385
1114	19,4615385
1115	27,4615385
1115	12,4615385
1115	-8,5384615
1115	3,4615385
1115	20,4615385
1116	18,4615385
1116	1,4615385
1116	-9,5384615
1116	-5,5384615
1117	7,4615385
1117	10,4615385
1117	23,4615385
1117	1,4615385
1118	21,4615385
