196	-35,3076923
196	-35,3076923
196	-35,3076923
197	-7,3076923
197	10,6923077
197	50,6923077
197	8,6923077
198	14,6923077
198	14,6923077
198	-11,3076923
199	16,6923077
199	7,6923077
199	0,6923077
199	9,6923077
200	40,6923077
200	-12,3076923
200	2,6923077
200	-12,3076923
201	-8,3076923
201	-10,3076923
201	15,6923077
201	11,6923077
202	31,6923077
202	14,6923077
202	-19,3076923
203	0,6923077
203	5,6923077
203	30,6923077
203	8,6923077
204	21,6923077
204	30,6923077
204	-5,3076923
204	2,6923077
205	-5,3076923
205	-12,3076923
205	2,6923077
205	16,6923077
206	4,6923077
206	20,6923077
206	19,6923077
207	-10,3076923
207	-14,3076923
207	-1,3076923
207	-10,3076923
208	-7,3076923
208	14,6923077
208	15,6923077
208	-7,3076923
209	-5,3076923
209	4,6923077
209	-10,3076923
209	2,6923077
210	16,6923077
210	19,6923077
210	7,6923077
211	-9,3076923
211	14,6923077
211	0,6923077
211	26,6923077
212	-9,3076923
212	-10,3076923
212	9,6923077
212	13,6923077
213	19,6923077
213	6,6923077
213	18,6923077
213	8,6923077
214	-1,3076923
214	2,6923077
214	-7,3076923
215	16,6923077
215	-0,3076923
215	-11,3076923
215	2,6923077
216	8,6923077
216	13,6923077
216	56,6923077
216	25,6923077
217	-0,3076923
217	0,6923077
217	-1,3076923
217	4,6923077
218	-8,3076923
218	-6,3076923
218	3,6923077
219	-4,3076923
219	-8,3076923
219	21,6923077
219	-5,3076923
220	-15,3076923
220	-3,3076923
220	-18,3076923
220	-5,3076923
221	18,6923077
221	4,6923077
221	10,6923077
221	5,6923077
222	27,6923077
222	22,6923077
222	10,6923077
223	31,6923077
223	14,6923077
223	-13,3076923
223	-7,3076923
224	8,6923077
224	-13,3076923
224	11,6923077
224	-9,3076923
225	23,6923077
225	12,6923077
225	18,6923077
225	20,6923077
226	15,6923077
226	-9,3076923
226	27,6923077
227	17,6923077
227	-5,3076923
227	26,6923077
227	21,6923077
228	11,6923077
228	17,6923077
228	-10,3076923
228	26,6923077
229	7,6923077
229	10,6923077
229	-8,3076923
229	8,6923077
230	19,6923077
230	-2,3076923
230	-5,3076923
231	-9,3076923
231	13,6923077
231	-9,3076923
231	30,6923077
232	11,6923077
232	12,6923077
232	22,6923077
232	3,6923077
233	-4,3076923
233	2,6923077
233	11,6923077
233	12,6923077
234	-7,3076923
234	6,6923077
234	-16,3076923
235	7,6923077
235	47,6923077
235	35,6923077
235	22,6923077
236	13,6923077
236	20,6923077
236	-13,3076923
236	22,6923077
237	3,6923077
237	8,6923077
237	20,6923077
237	5,6923077
238	11,6923077
238	2,6923077
238	-8,3076923
239	-23,3076923
239	-1,3076923
239	6,6923077
239	8,6923077
240	6,6923077
240	-1,3076923
240	-2,3076923
240	19,6923077
241	1,6923077
241	22,6923077
241	0,6923077
241	18,6923077
242	-20,3076923
242	-9,3076923
242	3,6923077
243	20,6923077
243	15,6923077
243	-3,3076923
243	1,6923077
244	6,6923077
244	-15,3076923
244	-1,3076923
244	-8,3076923
245	-2,3076923
245	-0,3076923
245	-5,3076923
245	-19,3076923
246	-13,3076923
246	0,6923077
246	-13,3076923
247	-17,3076923
247	-6,3076923
247	18,6923077
247	13,6923077
248	5,6923077
248	-17,3076923
248	6,6923077
248	11,6923077
249	0,6923077
249	-20,3076923
249	6,6923077
249	-3,3076923
250	17,6923077
250	1,6923077
250	1,6923077
251	-4,3076923
251	4,6923077
251	1,6923077
251	-26,3076923
252	-22,3076923
252	13,6923077
252	38,6923077
252	10,6923077
253	8,6923077
253	-3,3076923
253	-6,3076923
253	16,6923077
254	1,6923077
254	6,6923077
254	-1,3076923
254	18,6923077
255	-0,3076923
255	-3,3076923
255	-6,3076923
256	-2,3076923
256	-14,3076923
256	9,6923077
256	18,6923077
257	14,6923077
257	-1,3076923
257	13,6923077
257	18,6923077
258	37,6923077
258	5,6923077
258	-7,3076923
258	-9,3076923
259	-5,3076923
259	-7,3076923
259	3,6923077
260	-5,3076923
260	0,6923077
260	-18,3076923
260	-24,3076923
261	9,6923077
261	12,6923077
261	-15,3076923
261	4,6923077
262	5,6923077
262	7,6923077
262	5,6923077
262	2,6923077
263	11,6923077
263	4,6923077
263	20,6923077
264	21,6923077
264	17,6923077
264	7,6923077
264	9,6923077
265	-5,3076923
265	11,6923077
265	-5,3076923
265	-5,3076923
266	32,6923077
266	12,6923077
266	-3,3076923
266	-21,3076923
267	17,6923077
267	8,6923077
267	26,6923077
268	11,6923077
268	26,6923077
268	7,6923077
268	51,6923077
269	-7,3076923
269	26,6923077
269	8,6923077
269	21,6923077
270	1,6923077
270	-6,3076923
270	-6,3076923
270	9,6923077
271	-9,3076923
271	28,6923077
271	28,6923077
271	6,6923077
272	6,6923077
272	22,6923077
272	-34,3076923
273	15,6923077
273	8,6923077
273	-2,3076923
273	23,6923077
274	9,6923077
274	2,6923077
274	13,6923077
274	6,6923077
275	21,6923077
275	-0,3076923
275	1,6923077
275	12,6923077
276	37,6923077
276	17,6923077
276	0,6923077
277	1,6923077
277	35,6923077
277	10,6923077
277	-0,3076923
278	-2,3076923
278	19,6923077
278	13,6923077
278	0,6923077
279	1,6923077
279	0,6923077
279	21,6923077
279	20,6923077
280	1,6923077
280	-3,3076923
280	-4,3076923
280	-11,3076923
281	20,6923077
281	33,6923077
281	14,6923077
282	-0,3076923
282	23,6923077
282	4,6923077
282	-5,3076923
283	-23,3076923
283	-14,3076923
283	12,6923077
283	10,6923077
284	-1,3076923
284	-6,3076923
284	-4,3076923
284	7,6923077
285	-0,3076923
285	-5,3076923
285	-3,3076923
286	29,6923077
286	22,6923077
286	-1,3076923
286	-3,3076923
287	10,6923077
287	-5,3076923
287	3,6923077
287	13,6923077
288	-11,3076923
288	4,6923077
288	-12,3076923
288	19,6923077
289	14,6923077
289	-2,3076923
289	24,6923077
290	17,6923077
290	-0,3076923
290	17,6923077
290	14,6923077
291	18,6923077
291	4,6923077
291	-5,3076923
291	-2,3076923
292	3,6923077
292	9,6923077
292	-29,3076923
292	12,6923077
293	16,6923077
293	5,6923077
293	37,6923077
293	3,6923077
294	27,6923077
294	9,6923077
294	32,6923077
295	12,6923077
295	42,6923077
295	9,6923077
295	15,6923077
296	13,6923077
296	9,6923077
296	16,6923077
296	13,6923077
297	1,6923077
297	12,6923077
297	5,6923077
297	15,6923077
298	22,6923077
298	16,6923077
298	32,6923077
299	13,6923077
299	49,6923077
299	38,6923077
299	16,6923077
300	-7,3076923
300	14,6923077
300	-14,3076923
300	36,6923077
301	18,6923077
301	-1,3076923
301	-2,3076923
301	-1,3076923
302	-4,3076923
302	-24,3076923
302	33,6923077
302	19,6923077
303	32,6923077
303	6,6923077
303	-3,3076923
304	4,6923077
304	10,6923077
304	15,6923077
304	15,6923077
305	7,6923077
305	19,6923077
305	-16,3076923
305	-16,3076923
306	18,6923077
306	7,6923077
306	-0,3076923
306	34,6923077
307	12,6923077
307	17,6923077
307	14,6923077
307	4,6923077
308	27,6923077
308	6,6923077
308	33,6923077
309	37,6923077
309	14,6923077
309	-1,3076923
309	14,6923077
310	34,6923077
310	15,6923077
310	15,6923077
310	24,6923077
311	37,6923077
311	49,6923077
311	61,6923077
311	47,6923077
312	45,6923077
312	56,6923077
312	45,6923077
313	36,6923077
313	73,6923077
313	60,6923077
313	63,6923077
314	37,6923077
314	37,6923077
314	58,6923077
314	66,6923077
315	58,6923077
315	80,6923077
315	74,6923077
315	77,6923077
316	71,6923077
316	70,6923077
316	63,6923077
316	55,6923077
317	50,6923077
317	49,6923077
317	42,6923077
318	35,6923077
318	36,6923077
318	43,6923077
318	38,6923077
319	51,6923077
319	22,6923077
319	29,6923077
319	19,6923077
320	17,6923077
320	30,6923077
320	11,6923077
320	25,6923077
321	30,6923077
321	10,6923077
321	1,6923077
321	-9,3076923
322	-4,3076923
322	20,6923077
322	3,6923077
323	7,6923077
323	14,6923077
323	18,6923077
323	22,6923077
324	9,6923077
324	14,6923077
324	-11,3076923
324	5,6923077
325	-12,3076923
325	-6,3076923
325	3,6923077
325	2,6923077
326	-16,3076923
326	-29,3076923
326	21,6923077
327	25,6923077
327	19,6923077
327	20,6923077
327	-17,3076923
328	10,6923077
328	-8,3076923
328	0,6923077
328	12,6923077
329	15,6923077
329	-10,3076923
329	0,6923077
329	26,6923077
330	26,6923077
330	3,6923077
330	37,6923077
330	28,6923077
331	9,6923077
331	15,6923077
331	32,6923077
332	46,6923077
332	41,6923077
332	51,6923077
332	58,6923077
333	51,6923077
333	58,6923077
333	72,6923077
333	86,6923077
334	67,6923077
334	76,6923077
334	76,6923077
334	88,6923077
335	78,6923077
335	73,6923077
335	60,6923077
335	107,6923077
336	97,6923077
336	128,6923077
336	103,6923077
337	101,6923077
337	104,6923077
337	118,6923077
337	90,6923077
338	121,6923077
338	94,6923077
338	92,6923077
338	103,6923077
339	85,6923077
339	83,6923077
339	76,6923077
339	102,6923077
340	68,6923077
340	65,6923077
340	22,6923077
340	49,6923077
341	62,6923077
341	56,6923077
341	49,6923077
342	41,6923077
342	27,6923077
342	45,6923077
342	36,6923077
343	47,6923077
343	15,6923077
343	15,6923077
343	2,6923077
344	25,6923077
344	19,6923077
344	57,6923077
344	31,6923077
345	-0,3076923
345	2,6923077
345	-12,3076923
345	38,6923077
346	18,6923077
346	14,6923077
346	12,6923077
347	6,6923077
347	26,6923077
347	39,6923077
347	22,6923077
348	21,6923077
348	1,6923077
348	24,6923077
348	14,6923077
349	11,6923077
349	14,6923077
349	25,6923077
349	36,6923077
350	18,6923077
350	27,6923077
350	49,6923077
350	35,6923077
351	47,6923077
351	15,6923077
351	14,6923077
352	13,6923077
352	55,6923077
352	66,6923077
352	69,6923077
353	68,6923077
353	53,6923077
353	55,6923077
353	71,6923077
354	71,6923077
354	64,6923077
354	95,6923077
354	77,6923077
355	56,6923077
355	63,6923077
355	49,6923077
355	45,6923077
356	50,6923077
356	96,6923077
356	100,6923077
357	78,6923077
357	90,6923077
357	107,6923077
357	70,6923077
358	79,6923077
358	96,6923077
358	100,6923077
358	91,6923077
359	49,6923077
359	85,6923077
359	85,6923077
359	72,6923077
360	52,6923077
360	54,6923077
360	48,6923077
360	48,6923077
361	31,6923077
361	30,6923077
361	52,6923077
362	83,6923077
362	78,6923077
362	84,6923077
362	31,6923077
363	38,6923077
363	34,6923077
363	14,6923077
363	14,6923077
364	22,6923077
364	15,6923077
364	-3,3076923
364	10,6923077
365	15,6923077
365	26,6923077
365	-26,3076923
365	26,6923077
366	10,6923077
366	18,6923077
366	10,6923077
367	26,6923077
367	10,6923077
367	15,6923077
367	12,6923077
368	-4,3076923
368	15,6923077
368	23,6923077
368	24,6923077
369	-27,3076923
369	2,6923077
369	10,6923077
369	-6,3076923
370	26,6923077
370	11,6923077
370	6,6923077
370	20,6923077
371	15,6923077
371	9,6923077
371	40,6923077
371	30,6923077
372	29,6923077
372	21,6923077
372	24,6923077
373	29,6923077
373	10,6923077
373	8,6923077
373	25,6923077
374	9,6923077
374	33,6923077
374	21,6923077
374	28,6923077
375	29,6923077
375	56,6923077
375	56,6923077
375	49,6923077
376	40,6923077
376	45,6923077
376	45,6923077
376	44,6923077
377	31,6923077
377	33,6923077
377	80,6923077
378	44,6923077
378	43,6923077
378	78,6923077
378	49,6923077
379	42,6923077
379	38,6923077
379	49,6923077
379	51,6923077
380	44,6923077
380	33,6923077
380	35,6923077
380	30,6923077
381	65,6923077
381	30,6923077
381	57,6923077
381	33,6923077
382	37,6923077
382	30,6923077
382	46,6923077
383	27,6923077
383	28,6923077
383	41,6923077
383	10,6923077
384	6,6923077
384	10,6923077
384	29,6923077
384	28,6923077
385	28,6923077
385	45,6923077
385	36,6923077
385	42,6923077
386	34,6923077
386	15,6923077
386	9,6923077
386	17,6923077
387	8,6923077
387	1,6923077
387	-6,3076923
387	-28,3076923
388	14,6923077
388	17,6923077
388	23,6923077
389	3,6923077
389	-25,3076923
389	-3,3076923
389	2,6923077
390	-5,3076923
390	21,6923077
390	20,6923077
390	-9,3076923
391	14,6923077
391	11,6923077
391	10,6923077
391	9,6923077
392	28,6923077
392	16,6923077
392	-5,3076923
392	2,6923077
393	0,6923077
393	-4,3076923
393	37,6923077
394	10,6923077
394	13,6923077
394	4,6923077
394	35,6923077
395	26,6923077
395	26,6923077
395	11,6923077
395	27,6923077
396	7,6923077
396	15,6923077
396	-9,3076923
396	35,6923077
397	-28,3076923
397	30,6923077
397	10,6923077
397	29,6923077
398	34,6923077
398	26,6923077
398	7,6923077
398	26,6923077
399	30,6923077
399	28,6923077
399	10,6923077
400	32,6923077
400	21,6923077
400	43,6923077
400	37,6923077
401	34,6923077
401	38,6923077
401	18,6923077
401	8,6923077
402	22,6923077
402	19,6923077
402	15,6923077
402	26,6923077
403	28,6923077
403	57,6923077
403	29,6923077
403	9,6923077
404	-12,3076923
404	41,6923077
404	19,6923077
405	21,6923077
405	33,6923077
405	49,6923077
405	30,6923077
406	40,6923077
406	32,6923077
406	31,6923077
406	40,6923077
407	16,6923077
407	24,6923077
407	12,6923077
407	20,6923077
408	27,6923077
408	11,6923077
408	-18,3076923
408	7,6923077
409	15,6923077
409	-10,3076923
409	15,6923077
409	11,6923077
410	22,6923077
410	20,6923077
410	26,6923077
411	6,6923077
411	19,6923077
411	9,6923077
411	22,6923077
412	32,6923077
412	14,6923077
412	11,6923077
412	12,6923077
413	-2,3076923
413	0,6923077
413	17,6923077
413	18,6923077
414	12,6923077
414	8,6923077
414	0,6923077
414	9,6923077
415	39,6923077
415	24,6923077
415	1,6923077
415	11,6923077
416	-10,3076923
416	18,6923077
416	15,6923077
417	34,6923077
417	3,6923077
417	2,6923077
417	11,6923077
418	-4,3076923
418	30,6923077
418	20,6923077
418	10,6923077
419	25,6923077
419	5,6923077
419	15,6923077
419	-1,3076923
420	17,6923077
420	0,6923077
420	6,6923077
420	14,6923077
421	36,6923077
421	-4,3076923
421	15,6923077
421	18,6923077
422	0,6923077
422	25,6923077
422	11,6923077
423	24,6923077
423	9,6923077
423	44,6923077
423	10,6923077
424	22,6923077
424	-15,3076923
424	-12,3076923
424	7,6923077
425	1,6923077
425	-5,3076923
425	30,6923077
425	39,6923077
426	0,6923077
426	-6,3076923
426	34,6923077
426	39,6923077
427	30,6923077
427	1,6923077
427	2,6923077
427	1,6923077
428	26,6923077
428	52,6923077
428	-2,3076923
429	33,6923077
429	21,6923077
429	17,6923077
429	35,6923077
430	28,6923077
430	36,6923077
430	7,6923077
430	-8,3076923
431	13,6923077
431	-1,3076923
431	9,6923077
431	7,6923077
432	20,6923077
432	-1,3076923
432	9,6923077
432	25,6923077
433	0,6923077
433	11,6923077
433	10,6923077
433	5,6923077
434	15,6923077
434	0,6923077
434	-1,3076923
435	7,6923077
435	-14,3076923
435	3,6923077
435	7,6923077
436	9,6923077
436	25,6923077
436	20,6923077
436	5,6923077
437	9,6923077
437	-4,3076923
437	2,6923077
437	-12,3076923
438	18,6923077
438	26,6923077
438	49,6923077
438	8,6923077
439	11,6923077
439	-8,3076923
439	24,6923077
439	25,6923077
440	16,6923077
440	15,6923077
440	16,6923077
441	-20,3076923
441	-15,3076923
441	16,6923077
441	23,6923077
442	5,6923077
442	4,6923077
442	21,6923077
442	16,6923077
443	13,6923077
443	-4,3076923
443	-3,3076923
443	-10,3076923
444	-16,3076923
444	8,6923077
444	22,6923077
444	1,6923077
445	-4,3076923
445	19,6923077
445	26,6923077
445	21,6923077
446	-9,3076923
446	-4,3076923
446	5,6923077
447	-1,3076923
447	0,6923077
447	7,6923077
447	-14,3076923
448	4,6923077
448	-9,3076923
448	-4,3076923
448	-13,3076923
449	-2,3076923
449	21,6923077
449	-9,3076923
449	-0,3076923
450	-0,3076923
450	8,6923077
450	-0,3076923
450	8,6923077
451	10,6923077
451	-17,3076923
451	-1,3076923
451	-8,3076923
452	-16,3076923
452	-3,3076923
452	3,6923077
452	13,6923077
453	21,6923077
453	-9,3076923
453	-8,3076923
454	24,6923077
454	14,6923077
454	14,6923077
454	19,6923077
455	-22,3076923
455	0,6923077
455	13,6923077
455	-15,3076923
456	0,6923077
456	-1,3076923
456	-0,3076923
456	19,6923077
457	16,6923077
457	-0,3076923
457	25,6923077
457	1,6923077
458	-0,3076923
458	1,6923077
458	1,6923077
458	13,6923077
459	-21,3076923
459	4,6923077
459	19,6923077
460	38,6923077
460	42,6923077
460	40,6923077
460	20,6923077
461	-9,3076923
461	-7,3076923
461	-4,3076923
461	20,6923077
462	10,6923077
462	-4,3076923
462	-7,3076923
462	-2,3076923
463	1,6923077
463	0,6923077
463	-13,3076923
463	-8,3076923
464	1,6923077
464	7,6923077
464	-4,3076923
464	-2,3076923
465	10,6923077
465	22,6923077
465	30,6923077
465	-2,3076923
466	-1,3076923
466	-2,3076923
466	-3,3076923
467	6,6923077
467	5,6923077
467	9,6923077
467	11,6923077
468	29,6923077
468	32,6923077
468	-10,3076923
468	-8,3076923
469	4,6923077
469	14,6923077
469	-13,3076923
469	5,6923077
470	25,6923077
470	5,6923077
470	8,6923077
470	-7,3076923
471	9,6923077
471	16,6923077
471	31,6923077
471	-6,3076923
472	22,6923077
472	22,6923077
472	10,6923077
472	20,6923077
473	-7,3076923
473	33,6923077
473	4,6923077
474	18,6923077
474	-6,3076923
474	26,6923077
474	17,6923077
475	-9,3076923
475	17,6923077
475	31,6923077
475	26,6923077
476	30,6923077
476	27,6923077
476	-3,3076923
476	20,6923077
477	23,6923077
477	0,6923077
477	-9,3076923
477	23,6923077
478	5,6923077
478	1,6923077
478	-5,3076923
478	7,6923077
479	-11,3076923
479	12,6923077
479	5,6923077
479	0,6923077
480	13,6923077
480	9,6923077
480	0,6923077
481	11,6923077
481	-13,3076923
481	21,6923077
481	23,6923077
482	34,6923077
482	-15,3076923
482	1,6923077
482	40,6923077
483	5,6923077
483	10,6923077
483	17,6923077
483	28,6923077
484	8,6923077
484	19,6923077
484	11,6923077
484	16,6923077
485	-3,3076923
485	9,6923077
485	37,6923077
485	21,6923077
486	-15,3076923
486	1,6923077
486	-8,3076923
486	-3,3076923
487	2,6923077
487	24,6923077
487	2,6923077
488	6,6923077
488	12,6923077
488	9,6923077
488	-0,3076923
489	5,6923077
489	13,6923077
489	-1,3076923
489	9,6923077
490	7,6923077
490	15,6923077
490	-12,3076923
490	-4,3076923
491	11,6923077
491	3,6923077
491	-10,3076923
491	23,6923077
492	0,6923077
492	7,6923077
492	7,6923077
492	2,6923077
493	6,6923077
493	10,6923077
493	5,6923077
493	11,6923077
494	-5,3076923
494	13,6923077
494	27,6923077
495	14,6923077
495	-7,3076923
495	6,6923077
495	-0,3076923
496	21,6923077
496	0,6923077
496	10,6923077
496	-4,3076923
497	2,6923077
497	23,6923077
497	13,6923077
497	10,6923077
498	2,6923077
498	-0,3076923
498	-8,3076923
498	-21,3076923
499	25,6923077
499	5,6923077
499	-12,3076923
499	52,6923077
500	37,6923077
500	8,6923077
500	-4,3076923
500	4,6923077
501	2,6923077
501	-7,3076923
501	-2,3076923
502	-19,3076923
502	18,6923077
502	-2,3076923
502	3,6923077
503	5,6923077
503	-3,3076923
503	5,6923077
503	-5,3076923
504	8,6923077
504	21,6923077
504	4,6923077
504	11,6923077
505	10,6923077
505	15,6923077
505	3,6923077
505	9,6923077
506	26,6923077
506	5,6923077
506	3,6923077
506	9,6923077
507	-4,3076923
507	2,6923077
507	4,6923077
507	0,6923077
508	26,6923077
508	9,6923077
508	24,6923077
508	17,6923077
509	10,6923077
509	16,6923077
509	9,6923077
510	-2,3076923
510	4,6923077
510	1,6923077
510	-3,3076923
511	27,6923077
511	4,6923077
511	-2,3076923
511	-1,3076923
512	10,6923077
512	0,6923077
512	-6,3076923
512	-1,3076923
513	-23,3076923
513	14,6923077
513	15,6923077
513	-21,3076923
514	-0,3076923
514	16,6923077
514	-4,3076923
514	0,6923077
515	7,6923077
515	-14,3076923
515	-9,3076923
515	8,6923077
516	14,6923077
516	46,6923077
516	23,6923077
516	-17,3076923
517	-9,3076923
517	-2,3076923
517	-1,3076923
518	-13,3076923
518	13,6923077
518	15,6923077
518	-4,3076923
519	33,6923077
519	10,6923077
519	-19,3076923
519	14,6923077
520	-0,3076923
520	-5,3076923
520	17,6923077
520	16,6923077
521	5,6923077
521	9,6923077
521	2,6923077
521	25,6923077
522	19,6923077
522	22,6923077
522	-13,3076923
522	16,6923077
523	29,6923077
523	-8,3076923
523	4,6923077
523	-13,3076923
524	-4,3076923
524	-16,3076923
524	-4,3076923
524	-0,3076923
525	10,6923077
525	-12,3076923
525	7,6923077
526	-2,3076923
526	51,6923077
526	39,6923077
526	4,6923077
527	1,6923077
527	33,6923077
527	3,6923077
527	1,6923077
528	9,6923077
528	6,6923077
528	-7,3076923
528	21,6923077
529	1,6923077
529	1,6923077
529	-11,3076923
529	22,6923077
530	3,6923077
530	-3,3076923
530	8,6923077
530	-6,3076923
531	34,6923077
531	5,6923077
531	30,6923077
531	4,6923077
532	6,6923077
532	8,6923077
532	-2,3076923
532	19,6923077
533	-6,3076923
533	-6,3076923
533	18,6923077
534	-7,3076923
534	27,6923077
534	14,6923077
534	0,6923077
535	-8,3076923
535	-9,3076923
535	30,6923077
535	16,6923077
536	25,6923077
536	25,6923077
536	-20,3076923
536	2,6923077
537	18,6923077
537	-7,3076923
537	13,6923077
537	-16,3076923
538	-2,3076923
538	-18,3076923
538	8,6923077
538	4,6923077
539	7,6923077
539	-7,3076923
539	-5,3076923
539	16,6923077
540	0,6923077
540	-20,3076923
540	19,6923077
540	21,6923077
541	17,6923077
541	-9,3076923
541	-19,3076923
541	8,6923077
542	20,6923077
542	3,6923077
542	1,6923077
543	-0,3076923
543	-6,3076923
543	11,6923077
543	20,6923077
544	6,6923077
544	0,6923077
544	19,6923077
544	12,6923077
545	-6,3076923
545	17,6923077
545	-21,3076923
545	-0,3076923
546	26,6923077
546	-8,3076923
546	3,6923077
546	0,6923077
547	-0,3076923
547	12,6923077
547	15,6923077
547	-6,3076923
548	22,6923077
548	2,6923077
548	13,6923077
548	13,6923077
549	17,6923077
549	18,6923077
549	-13,3076923
549	-23,3076923
550	6,6923077
550	3,6923077
550	29,6923077
550	-0,3076923
551	-4,3076923
551	2,6923077
551	8,6923077
552	-15,3076923
552	9,6923077
552	-6,3076923
552	23,6923077
553	15,6923077
553	-14,3076923
553	10,6923077
553	32,6923077
554	8,6923077
554	0,6923077
554	1,6923077
554	-5,3076923
555	15,6923077
555	33,6923077
555	-3,3076923
555	-25,3076923
556	11,6923077
556	-2,3076923
556	16,6923077
556	5,6923077
557	36,6923077
557	29,6923077
557	-10,3076923
557	-6,3076923
558	0,6923077
558	-18,3076923
558	9,6923077
558	24,6923077
559	30,6923077
559	14,6923077
559	6,6923077
559	-5,3076923
560	17,6923077
560	25,6923077
560	-0,3076923
561	-5,3076923
561	21,6923077
561	-16,3076923
561	8,6923077
562	-6,3076923
562	1,6923077
562	17,6923077
562	3,6923077
563	-2,3076923
563	26,6923077
563	-17,3076923
563	17,6923077
564	10,6923077
564	-10,3076923
564	2,6923077
564	24,6923077
565	36,6923077
565	8,6923077
565	-11,3076923
565	5,6923077
566	17,6923077
566	5,6923077
566	-13,3076923
566	19,6923077
567	-1,3076923
567	-3,3076923
567	-7,3076923
567	18,6923077
568	7,6923077
568	-8,3076923
568	8,6923077
568	-8,3076923
569	-9,3076923
569	9,6923077
569	-6,3076923
569	8,6923077
570	6,6923077
570	-18,3076923
570	18,6923077
571	16,6923077
571	-0,3076923
571	1,6923077
571	17,6923077
572	-3,3076923
572	-2,3076923
572	-11,3076923
572	-6,3076923
573	-4,3076923
573	13,6923077
573	15,6923077
573	-11,3076923
574	6,6923077
574	14,6923077
574	-19,3076923
574	11,6923077
575	21,6923077
575	-6,3076923
575	6,6923077
575	-4,3076923
576	-1,3076923
576	2,6923077
576	40,6923077
576	-20,3076923
577	-23,3076923
577	35,6923077
577	-0,3076923
577	4,6923077
578	23,6923077
578	-0,3076923
578	-2,3076923
578	3,6923077
579	23,6923077
579	5,6923077
579	0,6923077
579	3,6923077
580	23,6923077
580	24,6923077
580	-4,3076923
581	21,6923077
581	17,6923077
581	22,6923077
581	17,6923077
582	-16,3076923
582	-2,3076923
582	28,6923077
582	18,6923077
583	7,6923077
583	13,6923077
583	10,6923077
583	1,6923077
584	28,6923077
584	3,6923077
584	21,6923077
584	19,6923077
585	11,6923077
585	19,6923077
585	28,6923077
585	25,6923077
586	-7,3076923
586	12,6923077
586	39,6923077
586	34,6923077
587	28,6923077
587	-19,3076923
587	-12,3076923
587	-0,3076923
588	15,6923077
588	18,6923077
588	14,6923077
588	-0,3076923
589	10,6923077
589	-7,3076923
589	7,6923077
589	10,6923077
590	22,6923077
590	22,6923077
590	-9,3076923
590	3,6923077
591	8,6923077
591	28,6923077
591	-20,3076923
592	-11,3076923
592	-3,3076923
592	-2,3076923
592	0,6923077
593	7,6923077
593	2,6923077
593	11,6923077
593	10,6923077
594	51,6923077
594	1,6923077
594	9,6923077
594	-8,3076923
595	9,6923077
595	-6,3076923
595	3,6923077
595	7,6923077
596	17,6923077
596	30,6923077
596	-24,3076923
596	19,6923077
597	29,6923077
597	2,6923077
597	2,6923077
597	-208,3076923
598	-21,3076923
598	-6,3076923
598	4,6923077
598	2,6923077
599	4,6923077
599	-6,3076923
599	-0,3076923
599	2,6923077
600	17,6923077
600	-0,3076923
600	-3,3076923
600	-2,3076923
601	-7,3076923
601	-18,3076923
601	4,6923077
601	-4,3076923
602	1,6923077
602	-18,3076923
602	9,6923077
603	22,6923077
603	9,6923077
603	37,6923077
603	16,6923077
604	-7,3076923
604	19,6923077
604	6,6923077
604	10,6923077
605	39,6923077
605	17,6923077
605	0,6923077
605	22,6923077
606	2,6923077
606	14,6923077
606	34,6923077
606	14,6923077
607	-16,3076923
607	-3,3076923
607	12,6923077
607	16,6923077
608	-5,3076923
608	31,6923077
608	8,6923077
608	24,6923077
609	6,6923077
609	1,6923077
609	7,6923077
609	-22,3076923
610	0,6923077
610	13,6923077
610	13,6923077
610	0,6923077
611	14,6923077
611	-4,3076923
611	-0,3076923
611	-15,3076923
612	-0,3076923
612	7,6923077
612	23,6923077
612	12,6923077
613	10,6923077
613	9,6923077
613	17,6923077
613	3,6923077
614	13,6923077
614	2,6923077
614	1,6923077
614	11,6923077
615	21,6923077
615	36,6923077
615	-0,3076923
616	-1,3076923
616	16,6923077
616	-0,3076923
616	-12,3076923
617	8,6923077
617	12,6923077
617	-4,3076923
617	-9,3076923
618	-16,3076923
618	-4,3076923
618	-24,3076923
618	-2,3076923
619	-11,3076923
619	39,6923077
619	11,6923077
619	18,6923077
620	16,6923077
620	22,6923077
620	-0,3076923
620	-5,3076923
621	10,6923077
621	26,6923077
621	6,6923077
621	2,6923077
622	-18,3076923
622	2,6923077
622	20,6923077
622	3,6923077
623	-14,3076923
623	-6,3076923
623	-0,3076923
623	20,6923077
624	2,6923077
624	-10,3076923
624	1,6923077
624	-9,3076923
625	11,6923077
625	17,6923077
625	-5,3076923
625	-14,3076923
626	17,6923077
626	6,6923077
626	-11,3076923
626	18,6923077
627	3,6923077
627	-2,3076923
627	36,6923077
627	30,6923077
628	3,6923077
628	-12,3076923
628	6,6923077
629	-11,3076923
629	3,6923077
629	-1,3076923
629	19,6923077
630	8,6923077
630	21,6923077
630	10,6923077
630	22,6923077
631	2,6923077
631	3,6923077
631	-25,3076923
631	-5,3076923
632	9,6923077
632	-3,3076923
632	6,6923077
632	-3,3076923
633	22,6923077
633	22,6923077
633	-1,3076923
633	8,6923077
634	8,6923077
634	-3,3076923
634	-9,3076923
634	11,6923077
635	-8,3076923
635	5,6923077
635	-8,3076923
635	15,6923077
636	25,6923077
636	18,6923077
636	8,6923077
636	-3,3076923
637	2,6923077
637	21,6923077
637	11,6923077
637	4,6923077
638	7,6923077
638	5,6923077
638	14,6923077
638	20,6923077
639	-24,3076923
639	-12,3076923
639	5,6923077
639	18,6923077
640	-8,3076923
640	12,6923077
640	-13,3076923
640	-1,3076923
641	2,6923077
641	-4,3076923
641	11,6923077
641	-6,3076923
642	4,6923077
642	-13,3076923
642	-9,3076923
642	14,6923077
643	21,6923077
643	12,6923077
643	-0,3076923
644	10,6923077
644	-6,3076923
644	8,6923077
644	43,6923077
645	15,6923077
645	-12,3076923
645	-5,3076923
645	24,6923077
646	6,6923077
646	8,6923077
646	-2,3076923
646	2,6923077
647	18,6923077
647	27,6923077
647	2,6923077
647	16,6923077
648	16,6923077
648	15,6923077
648	-10,3076923
648	18,6923077
649	17,6923077
649	28,6923077
649	7,6923077
649	10,6923077
650	20,6923077
650	24,6923077
650	20,6923077
650	4,6923077
651	22,6923077
651	15,6923077
651	19,6923077
651	17,6923077
652	23,6923077
652	-2,3076923
652	13,6923077
652	8,6923077
653	16,6923077
653	11,6923077
653	-2,3076923
653	5,6923077
654	-15,3076923
654	4,6923077
654	18,6923077
654	29,6923077
655	5,6923077
655	33,6923077
655	17,6923077
655	0,6923077
656	5,6923077
656	25,6923077
656	6,6923077
656	14,6923077
657	-2,3076923
657	-18,3076923
657	20,6923077
657	31,6923077
658	5,6923077
658	26,6923077
658	13,6923077
658	-8,3076923
659	26,6923077
659	13,6923077
659	22,6923077
660	6,6923077
660	5,6923077
660	17,6923077
660	17,6923077
661	10,6923077
661	37,6923077
661	34,6923077
661	1,6923077
662	16,6923077
662	18,6923077
662	14,6923077
662	21,6923077
663	12,6923077
663	13,6923077
663	37,6923077
663	29,6923077
664	30,6923077
664	6,6923077
664	14,6923077
664	5,6923077
665	38,6923077
665	16,6923077
665	19,6923077
665	14,6923077
666	10,6923077
666	35,6923077
666	18,6923077
666	4,6923077
667	31,6923077
667	9,6923077
667	0,6923077
667	-14,3076923
668	1,6923077
668	-18,3076923
668	6,6923077
668	29,6923077
669	11,6923077
669	-7,3076923
669	0,6923077
669	-1,3076923
670	1,6923077
670	42,6923077
670	11,6923077
670	10,6923077
671	20,6923077
671	20,6923077
671	14,6923077
671	24,6923077
672	26,6923077
672	14,6923077
672	13,6923077
672	29,6923077
673	15,6923077
673	15,6923077
673	15,6923077
673	4,6923077
674	15,6923077
674	34,6923077
674	12,6923077
674	13,6923077
675	-18,3076923
675	7,6923077
675	-22,3076923
675	-4,3076923
676	20,6923077
676	-0,3076923
676	19,6923077
676	29,6923077
677	-9,3076923
677	2,6923077
677	-24,3076923
677	-13,3076923
678	14,6923077
678	31,6923077
678	18,6923077
678	5,6923077
679	25,6923077
679	10,6923077
679	16,6923077
680	31,6923077
680	-4,3076923
680	13,6923077
680	18,6923077
681	18,6923077
681	16,6923077
681	-4,3076923
681	8,6923077
682	-3,3076923
682	8,6923077
682	16,6923077
682	24,6923077
683	-30,3076923
683	5,6923077
683	28,6923077
683	20,6923077
684	-2,3076923
684	-5,3076923
684	23,6923077
684	32,6923077
685	26,6923077
685	10,6923077
685	2,6923077
685	4,6923077
686	11,6923077
686	33,6923077
686	33,6923077
686	24,6923077
687	15,6923077
687	23,6923077
687	15,6923077
687	21,6923077
688	-1,3076923
688	-0,3076923
688	-19,3076923
688	-30,3076923
689	-6,3076923
689	3,6923077
689	11,6923077
689	3,6923077
690	8,6923077
690	3,6923077
690	-7,3076923
690	3,6923077
691	18,6923077
691	-31,3076923
691	9,6923077
691	4,6923077
692	24,6923077
692	14,6923077
692	5,6923077
692	28,6923077
693	31,6923077
693	-12,3076923
693	-10,3076923
693	-10,3076923
694	3,6923077
694	27,6923077
694	27,6923077
694	20,6923077
695	6,6923077
695	11,6923077
695	-5,3076923
695	7,6923077
696	-27,3076923
696	-17,3076923
696	4,6923077
696	11,6923077
697	3,6923077
697	12,6923077
697	14,6923077
697	21,6923077
698	-18,3076923
698	0,6923077
698	2,6923077
698	-3,3076923
699	9,6923077
699	6,6923077
699	18,6923077
699	9,6923077
700	13,6923077
700	-11,3076923
700	15,6923077
700	-16,3076923
701	-2,3076923
701	-18,3076923
701	-2,3076923
701	12,6923077
702	-30,3076923
702	1,6923077
702	-10,3076923
702	-21,3076923
703	1,6923077
703	10,6923077
703	15,6923077
703	4,6923077
704	-23,3076923
704	9,6923077
704	8,6923077
704	49,6923077
705	34,6923077
705	2,6923077
705	25,6923077
706	21,6923077
706	39,6923077
706	27,6923077
706	17,6923077
707	20,6923077
707	-14,3076923
707	22,6923077
707	25,6923077
708	9,6923077
708	21,6923077
708	0,6923077
708	25,6923077
709	-0,3076923
709	10,6923077
709	25,6923077
709	-0,3076923
710	-11,3076923
710	12,6923077
710	5,6923077
710	21,6923077
711	-3,3076923
711	16,6923077
711	-0,3076923
711	2,6923077
712	9,6923077
712	-21,3076923
712	-3,3076923
712	-5,3076923
713	-1,3076923
713	14,6923077
713	23,6923077
713	2,6923077
714	19,6923077
714	16,6923077
714	3,6923077
714	-15,3076923
715	22,6923077
715	-0,3076923
715	12,6923077
715	15,6923077
716	4,6923077
716	5,6923077
716	18,6923077
716	-0,3076923
717	-16,3076923
717	27,6923077
717	26,6923077
717	22,6923077
718	12,6923077
718	10,6923077
718	-6,3076923
718	10,6923077
719	8,6923077
719	0,6923077
719	30,6923077
719	-3,3076923
720	-20,3076923
720	-14,3076923
720	-6,3076923
720	10,6923077
721	26,6923077
721	5,6923077
721	23,6923077
721	-10,3076923
722	39,6923077
722	5,6923077
722	-6,3076923
722	-9,3076923
723	30,6923077
723	49,6923077
723	19,6923077
723	6,6923077
724	-13,3076923
724	16,6923077
724	12,6923077
724	-9,3076923
725	-0,3076923
725	36,6923077
725	-5,3076923
725	-8,3076923
726	3,6923077
726	12,6923077
726	21,6923077
726	-2,3076923
727	7,6923077
727	-27,3076923
727	4,6923077
727	-0,3076923
728	-8,3076923
728	-10,3076923
728	4,6923077
728	14,6923077
729	-28,3076923
729	6,6923077
729	14,6923077
729	23,6923077
730	40,6923077
730	-23,3076923
730	-15,3076923
730	4,6923077
731	32,6923077
731	-1,3076923
731	-12,3076923
731	26,6923077
732	-5,3076923
732	-18,3076923
732	9,6923077
732	39,6923077
733	21,6923077
733	-7,3076923
733	25,6923077
733	19,6923077
734	-9,3076923
734	0,6923077
734	-13,3076923
734	6,6923077
735	-8,3076923
735	-6,3076923
735	19,6923077
735	24,6923077
736	1,6923077
736	0,6923077
736	-26,3076923
736	17,6923077
737	21,6923077
737	3,6923077
737	0,6923077
737	12,6923077
738	-7,3076923
738	-5,3076923
738	-13,3076923
738	22,6923077
739	22,6923077
739	23,6923077
739	-24,3076923
739	13,6923077
740	24,6923077
740	1,6923077
740	8,6923077
740	1,6923077
741	-5,3076923
741	-4,3076923
741	-7,3076923
741	-3,3076923
742	0,6923077
742	34,6923077
742	3,6923077
742	-17,3076923
743	11,6923077
743	40,6923077
743	1,6923077
743	-2,3076923
744	14,6923077
744	19,6923077
744	-0,3076923
744	12,6923077
745	12,6923077
745	3,6923077
745	-5,3076923
745	-8,3076923
746	16,6923077
746	15,6923077
746	0,6923077
746	10,6923077
747	2,6923077
747	13,6923077
747	-3,3076923
747	-12,3076923
748	18,6923077
748	13,6923077
748	-8,3076923
748	23,6923077
749	-2,3076923
749	13,6923077
749	16,6923077
749	8,6923077
750	2,6923077
750	4,6923077
750	-7,3076923
750	-8,3076923
751	11,6923077
751	3,6923077
751	3,6923077
751	-0,3076923
752	26,6923077
752	2,6923077
752	3,6923077
752	0,6923077
753	-5,3076923
753	-19,3076923
753	-15,3076923
753	-1,3076923
754	6,6923077
754	-12,3076923
754	-26,3076923
754	-6,3076923
755	17,6923077
755	-6,3076923
755	12,6923077
755	-3,3076923
756	28,6923077
756	13,6923077
756	3,6923077
756	35,6923077
757	-0,3076923
757	12,6923077
757	-29,3076923
757	-10,3076923
758	5,6923077
758	-1,3076923
758	-7,3076923
758	31,6923077
759	8,6923077
759	47,6923077
759	21,6923077
759	10,6923077
760	14,6923077
760	21,6923077
760	2,6923077
760	5,6923077
761	23,6923077
761	18,6923077
761	-8,3076923
761	7,6923077
762	30,6923077
762	9,6923077
762	12,6923077
762	-18,3076923
763	-13,3076923
763	13,6923077
763	20,6923077
763	15,6923077
764	19,6923077
764	11,6923077
764	22,6923077
764	17,6923077
765	20,6923077
765	7,6923077
765	4,6923077
765	19,6923077
766	2,6923077
766	18,6923077
766	2,6923077
766	-6,3076923
767	-3,3076923
767	14,6923077
767	-5,3076923
767	4,6923077
768	14,6923077
768	12,6923077
768	14,6923077
768	33,6923077
769	-18,3076923
769	19,6923077
769	-15,3076923
769	-10,3076923
770	4,6923077
770	-13,3076923
770	3,6923077
770	-6,3076923
771	6,6923077
771	1,6923077
771	-4,3076923
771	2,6923077
772	23,6923077
772	11,6923077
772	24,6923077
772	14,6923077
773	-14,3076923
773	5,6923077
773	18,6923077
773	5,6923077
774	2,6923077
774	-16,3076923
774	-4,3076923
774	-2,3076923
775	-4,3076923
775	-10,3076923
775	17,6923077
775	28,6923077
776	-5,3076923
776	7,6923077
776	27,6923077
776	-32,3076923
777	9,6923077
777	7,6923077
777	13,6923077
777	-12,3076923
778	-10,3076923
778	-9,3076923
778	14,6923077
778	20,6923077
779	17,6923077
779	20,6923077
779	4,6923077
779	41,6923077
780	17,6923077
780	7,6923077
780	-15,3076923
780	-3,3076923
781	15,6923077
781	1,6923077
781	15,6923077
781	-5,3076923
782	8,6923077
782	6,6923077
782	11,6923077
782	5,6923077
783	2,6923077
783	6,6923077
783	8,6923077
783	-0,3076923
784	9,6923077
784	22,6923077
784	7,6923077
784	-0,3076923
785	-10,3076923
785	15,6923077
785	-17,3076923
785	4,6923077
786	-7,3076923
786	-8,3076923
786	7,6923077
786	10,6923077
787	9,6923077
787	1,6923077
787	-5,3076923
787	-8,3076923
788	-41,3076923
788	-8,3076923
788	-10,3076923
788	-3,3076923
789	-0,3076923
789	8,6923077
789	17,6923077
789	-2,3076923
790	16,6923077
790	-6,3076923
790	4,6923077
790	32,6923077
791	12,6923077
791	-11,3076923
791	7,6923077
791	-22,3076923
792	-4,3076923
792	-4,3076923
792	28,6923077
792	14,6923077
793	21,6923077
793	34,6923077
793	-29,3076923
793	26,6923077
794	19,6923077
794	-10,3076923
794	10,6923077
794	-20,3076923
795	8,6923077
795	28,6923077
795	20,6923077
795	5,6923077
796	22,6923077
796	9,6923077
796	-2,3076923
796	-5,3076923
797	1,6923077
797	-22,3076923
797	33,6923077
797	9,6923077
798	16,6923077
798	3,6923077
798	11,6923077
798	41,6923077
799	7,6923077
799	-10,3076923
799	12,6923077
799	-16,3076923
800	11,6923077
800	18,6923077
800	31,6923077
800	-11,3076923
801	16,6923077
801	4,6923077
801	14,6923077
801	0,6923077
802	3,6923077
802	5,6923077
802	-3,3076923
802	6,6923077
803	1,6923077
803	-7,3076923
803	-4,3076923
803	16,6923077
804	18,6923077
804	-4,3076923
804	9,6923077
804	11,6923077
805	0,6923077
805	-50,3076923
805	17,6923077
805	-5,3076923
806	-21,3076923
806	3,6923077
806	32,6923077
806	28,6923077
807	-5,3076923
807	5,6923077
807	8,6923077
807	16,6923077
808	-5,3076923
808	-12,3076923
808	-3,3076923
808	0,6923077
809	9,6923077
809	14,6923077
809	11,6923077
809	-1,3076923
810	24,6923077
810	6,6923077
810	0,6923077
810	24,6923077
811	11,6923077
811	7,6923077
811	-12,3076923
811	6,6923077
812	-12,3076923
812	22,6923077
812	9,6923077
812	-2,3076923
813	-22,3076923
813	10,6923077
813	12,6923077
813	0,6923077
814	20,6923077
814	17,6923077
814	9,6923077
814	19,6923077
815	16,6923077
815	1,6923077
815	14,6923077
815	11,6923077
816	41,6923077
816	18,6923077
816	-3,3076923
816	-1,3076923
817	3,6923077
817	18,6923077
817	2,6923077
817	20,6923077
818	4,6923077
818	5,6923077
818	-30,3076923
818	-18,3076923
819	-4,3076923
819	26,6923077
819	6,6923077
819	15,6923077
820	2,6923077
820	-4,3076923
820	12,6923077
820	15,6923077
820	9,6923077
821	-1,3076923
821	13,6923077
821	5,6923077
821	0,6923077
822	12,6923077
822	20,6923077
822	-16,3076923
822	10,6923077
823	5,6923077
823	10,6923077
823	1,6923077
823	5,6923077
824	-2,3076923
824	15,6923077
824	-0,3076923
824	14,6923077
825	16,6923077
825	38,6923077
825	-18,3076923
825	33,6923077
826	13,6923077
826	21,6923077
826	21,6923077
826	9,6923077
827	-9,3076923
827	-18,3076923
827	-9,3076923
827	-11,3076923
828	-0,3076923
828	-18,3076923
828	16,6923077
828	-11,3076923
829	11,6923077
829	43,6923077
829	27,6923077
829	10,6923077
830	-3,3076923
830	16,6923077
830	-3,3076923
830	26,6923077
831	25,6923077
831	18,6923077
831	8,6923077
831	28,6923077
832	13,6923077
832	-5,3076923
832	3,6923077
832	3,6923077
833	7,6923077
833	-15,3076923
833	-26,3076923
833	1,6923077
834	42,6923077
834	8,6923077
834	4,6923077
834	1,6923077
835	3,6923077
835	24,6923077
835	1,6923077
835	13,6923077
836	29,6923077
836	8,6923077
836	7,6923077
836	26,6923077
837	21,6923077
837	-2,3076923
837	4,6923077
837	8,6923077
838	-6,3076923
838	4,6923077
838	16,6923077
838	-3,3076923
839	6,6923077
839	10,6923077
839	12,6923077
839	32,6923077
840	-0,3076923
840	-14,3076923
840	-14,3076923
840	-7,3076923
841	-23,3076923
841	33,6923077
841	20,6923077
841	4,6923077
842	12,6923077
842	16,6923077
842	-30,3076923
842	8,6923077
843	10,6923077
843	16,6923077
843	8,6923077
843	2,6923077
844	-5,3076923
844	17,6923077
844	31,6923077
844	-7,3076923
845	23,6923077
845	18,6923077
845	17,6923077
845	-14,3076923
845	-7,3076923
846	-23,3076923
846	29,6923077
846	21,6923077
846	19,6923077
847	12,6923077
847	-6,3076923
847	-13,3076923
847	17,6923077
848	-14,3076923
848	-2,3076923
848	-5,3076923
848	4,6923077
849	2,6923077
849	19,6923077
849	34,6923077
849	27,6923077
850	30,6923077
850	24,6923077
850	17,6923077
850	45,6923077
851	1,6923077
851	-15,3076923
851	13,6923077
851	-3,3076923
852	-30,3076923
852	-7,3076923
852	17,6923077
852	-15,3076923
853	-20,3076923
853	-9,3076923
853	-31,3076923
853	3,6923077
854	5,6923077
854	13,6923077
854	-5,3076923
854	13,6923077
855	-13,3076923
855	3,6923077
855	-23,3076923
855	-8,3076923
856	14,6923077
856	29,6923077
856	6,6923077
856	-7,3076923
857	15,6923077
857	19,6923077
857	24,6923077
857	4,6923077
858	33,6923077
858	20,6923077
858	4,6923077
858	4,6923077
859	-1,3076923
859	21,6923077
859	5,6923077
859	-0,3076923
860	-2,3076923
860	-2,3076923
860	24,6923077
860	1,6923077
861	19,6923077
861	-6,3076923
861	5,6923077
861	19,6923077
862	-0,3076923
862	26,6923077
862	-8,3076923
862	-0,3076923
863	-2,3076923
863	2,6923077
863	3,6923077
863	22,6923077
864	20,6923077
864	-6,3076923
864	-7,3076923
864	-2,3076923
864	13,6923077
865	5,6923077
865	32,6923077
865	12,6923077
865	4,6923077
866	1,6923077
866	-10,3076923
866	22,6923077
866	9,6923077
867	35,6923077
867	8,6923077
867	-6,3076923
867	9,6923077
868	20,6923077
868	-17,3076923
868	20,6923077
868	23,6923077
869	24,6923077
869	-4,3076923
869	-16,3076923
869	-13,3076923
870	24,6923077
870	11,6923077
870	5,6923077
870	10,6923077
871	-3,3076923
871	-22,3076923
871	-4,3076923
871	-22,3076923
872	1,6923077
872	-14,3076923
872	14,6923077
872	14,6923077
873	-22,3076923
873	-21,3076923
873	-35,3076923
873	7,6923077
874	3,6923077
874	9,6923077
874	11,6923077
874	11,6923077
875	22,6923077
875	-11,3076923
875	-11,3076923
875	5,6923077
876	-10,3076923
876	4,6923077
876	13,6923077
876	7,6923077
877	-16,3076923
877	-16,3076923
877	17,6923077
877	10,6923077
878	11,6923077
878	-8,3076923
878	16,6923077
878	16,6923077
879	45,6923077
879	-1,3076923
879	17,6923077
879	14,6923077
880	6,6923077
880	-16,3076923
880	26,6923077
880	18,6923077
880	-5,3076923
881	5,6923077
881	13,6923077
881	-7,3076923
881	-0,3076923
882	-11,3076923
882	3,6923077
882	8,6923077
882	2,6923077
883	1,6923077
883	-38,3076923
883	0,6923077
883	-3,3076923
884	19,6923077
884	-0,3076923
884	-20,3076923
884	2,6923077
885	-1,3076923
885	15,6923077
885	10,6923077
885	4,6923077
886	-14,3076923
886	2,6923077
886	2,6923077
886	10,6923077
887	22,6923077
887	19,6923077
887	-7,3076923
887	5,6923077
888	-12,3076923
888	-13,3076923
888	1,6923077
888	-11,3076923
889	-21,3076923
889	-10,3076923
889	-10,3076923
889	8,6923077
890	15,6923077
890	-15,3076923
890	14,6923077
890	-10,3076923
891	-6,3076923
891	6,6923077
891	10,6923077
891	-0,3076923
892	-13,3076923
892	26,6923077
892	-12,3076923
892	26,6923077
893	8,6923077
893	-1,3076923
893	2,6923077
893	4,6923077
894	24,6923077
894	4,6923077
894	-3,3076923
894	-0,3076923
894	3,6923077
895	3,6923077
895	14,6923077
895	18,6923077
895	12,6923077
896	30,6923077
896	5,6923077
896	8,6923077
896	28,6923077
897	23,6923077
897	17,6923077
897	6,6923077
897	34,6923077
898	30,6923077
898	30,6923077
898	-12,3076923
898	5,6923077
899	-7,3076923
899	-1,3076923
899	10,6923077
899	-7,3076923
900	1,6923077
900	-0,3076923
900	17,6923077
900	9,6923077
901	44,6923077
901	7,6923077
901	14,6923077
901	3,6923077
902	36,6923077
902	18,6923077
902	28,6923077
902	7,6923077
903	14,6923077
903	6,6923077
903	-21,3076923
903	-10,3076923
904	14,6923077
904	7,6923077
904	7,6923077
904	20,6923077
905	12,6923077
905	12,6923077
905	8,6923077
905	25,6923077
906	14,6923077
906	18,6923077
906	-9,3076923
906	-6,3076923
906	-9,3076923
907	-2,3076923
907	22,6923077
907	-3,3076923
907	8,6923077
908	5,6923077
908	19,6923077
908	39,6923077
908	-9,3076923
909	-9,3076923
909	-10,3076923
909	-8,3076923
909	3,6923077
910	-0,3076923
910	-7,3076923
910	25,6923077
910	-7,3076923
911	13,6923077
911	7,6923077
911	31,6923077
911	39,6923077
912	7,6923077
912	17,6923077
912	15,6923077
912	9,6923077
913	-8,3076923
913	1,6923077
913	28,6923077
913	-9,3076923
914	13,6923077
914	5,6923077
914	18,6923077
914	7,6923077
915	-15,3076923
915	-17,3076923
915	29,6923077
915	27,6923077
916	16,6923077
916	36,6923077
916	49,6923077
916	26,6923077
917	-4,3076923
917	-7,3076923
917	-5,3076923
917	-4,3076923
917	-22,3076923
918	9,6923077
918	19,6923077
918	11,6923077
918	17,6923077
919	-0,3076923
919	17,6923077
919	37,6923077
919	-14,3076923
920	13,6923077
920	-17,3076923
920	14,6923077
920	15,6923077
921	28,6923077
921	26,6923077
921	-7,3076923
921	-3,3076923
922	10,6923077
922	-8,3076923
922	0,6923077
922	2,6923077
923	-2,3076923
923	14,6923077
923	2,6923077
923	16,6923077
924	-8,3076923
924	-15,3076923
924	-13,3076923
924	-16,3076923
925	-15,3076923
925	9,6923077
925	13,6923077
925	29,6923077
926	18,6923077
926	34,6923077
926	8,6923077
926	2,6923077
927	-10,3076923
927	18,6923077
927	0,6923077
927	3,6923077
928	-34,3076923
928	-5,3076923
928	-28,3076923
928	12,6923077
928	18,6923077
929	18,6923077
929	3,6923077
929	15,6923077
929	-1,3076923
930	6,6923077
930	-3,3076923
930	-11,3076923
930	4,6923077
931	-7,3076923
931	-13,3076923
931	19,6923077
931	20,6923077
932	8,6923077
932	0,6923077
932	-10,3076923
932	-23,3076923
933	5,6923077
933	-12,3076923
933	0,6923077
933	3,6923077
934	13,6923077
934	29,6923077
934	6,6923077
934	22,6923077
935	24,6923077
935	30,6923077
935	-1,3076923
935	16,6923077
936	1,6923077
936	7,6923077
936	4,6923077
936	-2,3076923
937	27,6923077
937	31,6923077
937	6,6923077
937	-3,3076923
938	-2,3076923
938	7,6923077
938	22,6923077
938	44,6923077
938	0,6923077
939	5,6923077
939	-12,3076923
939	40,6923077
939	31,6923077
940	-7,3076923
940	-0,3076923
940	-19,3076923
940	-13,3076923
941	-24,3076923
941	-7,3076923
941	-16,3076923
941	8,6923077
942	11,6923077
942	10,6923077
942	10,6923077
942	1,6923077
943	23,6923077
943	-7,3076923
943	29,6923077
943	-5,3076923
944	-27,3076923
944	9,6923077
944	12,6923077
944	35,6923077
945	14,6923077
945	0,6923077
945	7,6923077
945	3,6923077
946	-2,3076923
946	21,6923077
946	1,6923077
946	-6,3076923
947	5,6923077
947	12,6923077
947	0,6923077
947	5,6923077
947	14,6923077
948	16,6923077
948	19,6923077
948	-7,3076923
948	11,6923077
949	20,6923077
949	-7,3076923
949	15,6923077
949	27,6923077
950	9,6923077
950	5,6923077
950	-1,3076923
950	4,6923077
951	15,6923077
951	-4,3076923
951	5,6923077
951	-16,3076923
952	25,6923077
952	24,6923077
952	11,6923077
952	22,6923077
953	-16,3076923
953	-7,3076923
953	15,6923077
953	-10,3076923
954	-23,3076923
954	-5,3076923
954	-3,3076923
954	6,6923077
955	-31,3076923
955	12,6923077
955	7,6923077
955	-0,3076923
956	12,6923077
956	11,6923077
956	-12,3076923
956	-6,3076923
956	0,6923077
957	25,6923077
957	9,6923077
957	11,6923077
957	2,6923077
958	17,6923077
958	-32,3076923
958	-3,3076923
958	22,6923077
959	-11,3076923
959	-2,3076923
959	-13,3076923
959	-1,3076923
960	28,6923077
960	4,6923077
960	-0,3076923
960	-5,3076923
961	5,6923077
961	3,6923077
961	-11,3076923
961	-15,3076923
962	-6,3076923
962	-0,3076923
962	-0,3076923
962	24,6923077
963	-1,3076923
963	5,6923077
963	3,6923077
963	-10,3076923
964	18,6923077
964	9,6923077
964	21,6923077
964	-14,3076923
964	2,6923077
965	12,6923077
965	-11,3076923
965	13,6923077
965	-36,3076923
966	28,6923077
966	7,6923077
966	13,6923077
966	13,6923077
967	22,6923077
967	-13,3076923
967	-9,3076923
967	-5,3076923
968	1,6923077
968	4,6923077
968	3,6923077
968	14,6923077
969	15,6923077
969	2,6923077
969	-1,3076923
969	-3,3076923
970	16,6923077
970	-17,3076923
970	2,6923077
970	-4,3076923
971	3,6923077
971	-5,3076923
971	2,6923077
971	9,6923077
972	36,6923077
972	-21,3076923
972	1,6923077
972	13,6923077
972	-11,3076923
973	-27,3076923
973	-18,3076923
973	-11,3076923
973	-3,3076923
974	2,6923077
974	5,6923077
974	17,6923077
974	-18,3076923
975	20,6923077
975	9,6923077
975	5,6923077
975	0,6923077
976	-16,3076923
976	-8,3076923
976	-14,3076923
976	9,6923077
977	11,6923077
977	4,6923077
977	2,6923077
977	13,6923077
978	38,6923077
978	-4,3076923
978	-12,3076923
978	18,6923077
979	7,6923077
979	8,6923077
979	20,6923077
979	26,6923077
980	6,6923077
980	12,6923077
980	-24,3076923
980	0,6923077
980	-8,3076923
981	10,6923077
981	2,6923077
981	1,6923077
981	13,6923077
982	-29,3076923
982	-3,3076923
982	19,6923077
982	20,6923077
983	-11,3076923
983	10,6923077
983	-20,3076923
983	-3,3076923
984	7,6923077
984	19,6923077
984	-1,3076923
984	8,6923077
985	3,6923077
985	23,6923077
985	12,6923077
985	22,6923077
986	5,6923077
986	-6,3076923
986	8,6923077
986	-11,3076923
987	-1,3076923
987	28,6923077
987	14,6923077
987	-15,3076923
988	14,6923077
988	-6,3076923
988	0,6923077
988	8,6923077
988	2,6923077
989	6,6923077
989	-3,3076923
989	-7,3076923
989	16,6923077
990	18,6923077
990	0,6923077
990	-2,3076923
990	-18,3076923
991	0,6923077
991	11,6923077
991	5,6923077
991	23,6923077
992	14,6923077
992	0,6923077
992	17,6923077
992	-8,3076923
993	-15,3076923
993	15,6923077
993	7,6923077
993	12,6923077
994	-14,3076923
994	3,6923077
994	30,6923077
994	-8,3076923
995	9,6923077
995	-2,3076923
995	8,6923077
995	28,6923077
995	37,6923077
996	6,6923077
996	28,6923077
996	-9,3076923
996	-5,3076923
997	10,6923077
997	-33,3076923
997	-13,3076923
997	33,6923077
998	-5,3076923
998	-6,3076923
998	4,6923077
998	32,6923077
999	13,6923077
999	-6,3076923
999	-11,3076923
999	6,6923077
1000	-8,3076923
1000	23,6923077
1000	11,6923077
1000	-8,3076923
1001	3,6923077
1001	3,6923077
1001	30,6923077
1001	-0,3076923
1002	-11,3076923
1002	18,6923077
1002	32,6923077
1002	30,6923077
1002	6,6923077
1003	-0,3076923
1003	14,6923077
1003	15,6923077
1003	14,6923077
1004	20,6923077
1004	5,6923077
1004	22,6923077
1004	30,6923077
1005	-8,3076923
1005	-1,3076923
1005	16,6923077
1005	-5,3076923
1006	-21,3076923
1006	3,6923077
1006	14,6923077
1006	-3,3076923
1007	9,6923077
1007	-17,3076923
1007	-8,3076923
1007	9,6923077
1008	-37,3076923
1008	-0,3076923
1008	-0,3076923
1008	16,6923077
1008	14,6923077
1009	12,6923077
1009	-17,3076923
1009	11,6923077
1009	6,6923077
1010	5,6923077
1010	-13,3076923
1010	-4,3076923
1010	7,6923077
1011	6,6923077
1011	8,6923077
1011	2,6923077
1011	19,6923077
1012	10,6923077
1012	-6,3076923
1012	-13,3076923
1012	18,6923077
1013	-6,3076923
1013	2,6923077
1013	17,6923077
1013	-12,3076923
1014	6,6923077
1014	3,6923077
1014	35,6923077
1014	-10,3076923
1015	-5,3076923
1015	-5,3076923
1015	-26,3076923
1015	-12,3076923
1015	19,6923077
1016	17,6923077
1016	12,6923077
1016	3,6923077
1016	-12,3076923
1017	7,6923077
1017	-7,3076923
1017	8,6923077
1017	24,6923077
1018	10,6923077
1018	15,6923077
1018	3,6923077
1018	-6,3076923
1019	-8,3076923
1019	30,6923077
1019	-4,3076923
1019	7,6923077
1020	-19,3076923
1020	-5,3076923
1020	16,6923077
1020	16,6923077
1021	-0,3076923
1021	-19,3076923
1021	23,6923077
1021	1,6923077
1021	-14,3076923
1022	-4,3076923
1022	6,6923077
1022	-6,3076923
1022	-10,3076923
1023	-12,3076923
1023	11,6923077
1023	7,6923077
1023	20,6923077
1024	12,6923077
1024	-17,3076923
1024	10,6923077
1024	22,6923077
1025	31,6923077
1025	16,6923077
1025	23,6923077
1025	2,6923077
1026	5,6923077
1026	12,6923077
1026	19,6923077
1026	-5,3076923
1027	2,6923077
1027	-20,3076923
1027	26,6923077
1027	25,6923077
1027	-16,3076923
1028	7,6923077
1028	2,6923077
1028	-7,3076923
1028	17,6923077
1029	-20,3076923
1029	6,6923077
1029	21,6923077
1029	-3,3076923
1030	20,6923077
1030	18,6923077
1030	28,6923077
1030	-16,3076923
1031	17,6923077
1031	-1,3076923
1031	37,6923077
1031	-14,3076923
1032	5,6923077
1032	21,6923077
1032	7,6923077
1032	24,6923077
1033	2,6923077
1033	7,6923077
1033	5,6923077
1033	17,6923077
1034	15,6923077
1034	7,6923077
1034	-10,3076923
1034	-5,3076923
1034	-6,3076923
1035	17,6923077
1035	-3,3076923
1035	4,6923077
1035	23,6923077
1036	7,6923077
1036	9,6923077
1036	11,6923077
1036	11,6923077
1037	-3,3076923
1037	-25,3076923
1037	4,6923077
1037	33,6923077
1038	-0,3076923
1038	-1,3076923
1038	5,6923077
1038	11,6923077
1039	17,6923077
1039	16,6923077
1039	-4,3076923
1039	-0,3076923
1039	6,6923077
1040	-9,3076923
1040	22,6923077
1040	9,6923077
1040	20,6923077
1041	11,6923077
1041	-2,3076923
1041	0,6923077
1041	27,6923077
1042	32,6923077
1042	12,6923077
1042	24,6923077
1042	47,6923077
1043	1,6923077
1043	30,6923077
1043	12,6923077
1043	2,6923077
1044	13,6923077
1044	-40,3076923
1044	10,6923077
1044	-11,3076923
1045	-2,3076923
1045	-26,3076923
1045	-6,3076923
1045	-14,3076923
1045	-15,3076923
1046	7,6923077
1046	-7,3076923
1046	3,6923077
1046	-6,3076923
1047	-0,3076923
1047	12,6923077
1047	12,6923077
1047	13,6923077
1048	30,6923077
1048	17,6923077
1048	27,6923077
1048	-13,3076923
1049	-17,3076923
1049	3,6923077
1049	2,6923077
1049	18,6923077
1050	-9,3076923
1050	1,6923077
1050	-17,3076923
1050	-6,3076923
1051	28,6923077
1051	22,6923077
1051	-5,3076923
1051	-13,3076923
1051	-8,3076923
1052	-18,3076923
1052	-2,3076923
1052	-12,3076923
1052	-16,3076923
1053	5,6923077
1053	18,6923077
1053	11,6923077
1053	15,6923077
1054	-3,3076923
1054	10,6923077
1054	28,6923077
1054	16,6923077
1055	16,6923077
1055	-7,3076923
1055	-0,3076923
1055	6,6923077
1056	-6,3076923
1056	-8,3076923
1056	-19,3076923
1056	12,6923077
1056	4,6923077
1057	13,6923077
1057	11,6923077
1057	16,6923077
1057	17,6923077
1058	-19,3076923
1058	-9,3076923
1058	0,6923077
1058	-3,3076923
1059	9,6923077
1059	6,6923077
1059	-7,3076923
1059	-28,3076923
1060	-4,3076923
1060	23,6923077
1060	19,6923077
1060	7,6923077
1061	28,6923077
1061	17,6923077
1061	-4,3076923
1061	17,6923077
1062	0,6923077
1062	5,6923077
1062	7,6923077
1062	28,6923077
1062	17,6923077
1063	10,6923077
1063	-0,3076923
1063	-1,3076923
1063	22,6923077
1064	-24,3076923
1064	-8,3076923
1064	30,6923077
1064	0,6923077
1065	29,6923077
1065	1,6923077
1065	-18,3076923
1065	3,6923077
1066	8,6923077
1066	12,6923077
1066	-11,3076923
1066	10,6923077
1067	8,6923077
1067	21,6923077
1067	9,6923077
1067	4,6923077
1067	11,6923077
1068	23,6923077
1068	23,6923077
1068	3,6923077
1068	9,6923077
1069	14,6923077
1069	2,6923077
1069	-2,3076923
1069	-3,3076923
1070	5,6923077
1070	-4,3076923
1070	5,6923077
1070	-6,3076923
1071	4,6923077
1071	6,6923077
1071	15,6923077
1071	9,6923077
1072	23,6923077
1072	23,6923077
1072	8,6923077
1072	11,6923077
1072	11,6923077
1073	9,6923077
1073	6,6923077
1073	2,6923077
1073	-19,3076923
1074	9,6923077
1074	3,6923077
1074	-7,3076923
1074	1,6923077
1075	21,6923077
1075	20,6923077
1075	17,6923077
1075	4,6923077
1076	16,6923077
1076	-3,3076923
1076	4,6923077
1076	14,6923077
1077	14,6923077
1077	-21,3076923
1077	1,6923077
1077	-0,3076923
1077	31,6923077
1078	14,6923077
1078	5,6923077
1078	1,6923077
1078	-1,3076923
1079	20,6923077
1079	2,6923077
1079	12,6923077
1079	10,6923077
1080	21,6923077
1080	-16,3076923
1080	10,6923077
1080	-8,3076923
1081	-29,3076923
1081	28,6923077
1081	23,6923077
1081	20,6923077
1082	16,6923077
1082	-9,3076923
1082	6,6923077
1082	-5,3076923
1082	0,6923077
1083	-7,3076923
1083	0,6923077
1083	9,6923077
1083	20,6923077
1084	3,6923077
1084	8,6923077
1084	19,6923077
1084	10,6923077
1085	40,6923077
1085	13,6923077
1085	21,6923077
1085	-7,3076923
1086	-12,3076923
1086	2,6923077
1086	9,6923077
1086	12,6923077
1087	20,6923077
1087	13,6923077
1087	-14,3076923
1087	-8,3076923
1087	23,6923077
1088	17,6923077
1088	6,6923077
1088	-2,3076923
1088	13,6923077
1089	10,6923077
1089	-3,3076923
1089	-29,3076923
1089	23,6923077
1090	11,6923077
1090	8,6923077
1090	13,6923077
1090	12,6923077
1091	-0,3076923
1091	10,6923077
1091	4,6923077
1091	8,6923077
1092	29,6923077
1092	15,6923077
1092	-17,3076923
1092	-5,3076923
1092	-1,3076923
1093	6,6923077
1093	15,6923077
1093	0,6923077
1093	-5,3076923
1094	-2,3076923
1094	-19,3076923
1094	10,6923077
1094	-0,3076923
1095	9,6923077
1095	36,6923077
1095	23,6923077
1095	16,6923077
1096	28,6923077
1096	-11,3076923
1096	-17,3076923
1096	3,6923077
1097	-1,3076923
1097	-24,3076923
1097	6,6923077
1097	16,6923077
1097	-3,3076923
1098	-1,3076923
1098	13,6923077
1098	7,6923077
1098	-16,3076923
1099	18,6923077
1099	22,6923077
1099	6,6923077
1099	2,6923077
1100	3,6923077
1100	-20,3076923
1100	0,6923077
1100	6,6923077
1101	11,6923077
1101	-3,3076923
1101	39,6923077
1101	-12,3076923
1101	4,6923077
1102	6,6923077
1102	8,6923077
1102	13,6923077
1102	18,6923077
1103	7,6923077
1103	-0,3076923
1103	17,6923077
1103	29,6923077
1104	-0,3076923
1104	5,6923077
1104	-7,3076923
1104	10,6923077
1105	15,6923077
1105	-4,3076923
1105	27,6923077
1105	49,6923077
1106	15,6923077
1106	-1,3076923
1106	-2,3076923
1106	0,6923077
1106	4,6923077
1107	23,6923077
1107	31,6923077
1107	27,6923077
1107	23,6923077
1108	0,6923077
1108	6,6923077
1108	39,6923077
1108	17,6923077
1109	18,6923077
1109	18,6923077
1109	4,6923077
1109	7,6923077
1110	5,6923077
1110	22,6923077
1110	19,6923077
1110	7,6923077
1110	7,6923077
1111	26,6923077
1111	22,6923077
1111	3,6923077
1111	-0,3076923
1112	-0,3076923
1112	2,6923077
1112	14,6923077
1112	21,6923077
1113	-6,3076923
1113	-8,3076923
1113	7,6923077
1113	38,6923077
1114	28,6923077
1114	5,6923077
1114	11,6923077
1114	-2,3076923
1115	-6,3076923
1115	7,6923077
1115	10,6923077
1115	-5,3076923
1115	-13,3076923
1116	6,6923077
1116	-13,3076923
1116	7,6923077
1116	2,6923077
1117	-2,3076923
1117	3,6923077
1117	8,6923077
1117	6,6923077
1118	9,6923077
