196	-40,6923077
196	-40,6923077
196	-40,6923077
197	-0,6923077
197	-6,6923077
197	30,3076923
197	28,3076923
198	28,3076923
198	8,3076923
198	-7,6923077
199	5,3076923
199	19,3076923
199	17,3076923
199	35,3076923
200	47,3076923
200	14,3076923
200	29,3076923
200	7,3076923
201	4,3076923
201	14,3076923
201	17,3076923
201	9,3076923
202	35,3076923
202	13,3076923
202	-14,6923077
203	13,3076923
203	13,3076923
203	24,3076923
203	23,3076923
204	32,3076923
204	18,3076923
204	-3,6923077
204	27,3076923
205	20,3076923
205	-11,6923077
205	1,3076923
205	28,3076923
206	-2,6923077
206	23,3076923
206	29,3076923
207	-0,6923077
207	5,3076923
207	18,3076923
207	-6,6923077
208	23,3076923
208	7,3076923
208	7,3076923
208	1,3076923
209	21,3076923
209	19,3076923
209	15,3076923
209	5,3076923
210	29,3076923
210	1,3076923
210	17,3076923
211	-9,6923077
211	5,3076923
211	-3,6923077
211	0,3076923
212	0,3076923
212	1,3076923
212	24,3076923
212	2,3076923
213	5,3076923
213	5,3076923
213	11,3076923
213	10,3076923
214	21,3076923
214	18,3076923
214	-10,6923077
215	10,3076923
215	9,3076923
215	17,3076923
215	2,3076923
216	9,3076923
216	14,3076923
216	46,3076923
216	-6,6923077
217	1,3076923
217	-8,6923077
217	6,3076923
217	-4,6923077
218	18,3076923
218	-12,6923077
218	-9,6923077
219	18,3076923
219	-5,6923077
219	10,3076923
219	51,3076923
220	28,3076923
220	26,3076923
220	9,3076923
220	-6,6923077
221	9,3076923
221	-13,6923077
221	4,3076923
221	-17,6923077
222	23,3076923
222	13,3076923
222	17,3076923
223	31,3076923
223	12,3076923
223	-18,6923077
223	-20,6923077
224	-1,6923077
224	-16,6923077
224	25,3076923
224	3,3076923
225	9,3076923
225	-3,6923077
225	23,3076923
225	9,3076923
226	14,3076923
226	6,3076923
226	18,3076923
227	31,3076923
227	26,3076923
227	11,3076923
227	3,3076923
228	-6,6923077
228	10,3076923
228	3,3076923
228	36,3076923
229	27,3076923
229	-3,6923077
229	4,3076923
229	22,3076923
230	13,3076923
230	13,3076923
230	-4,6923077
231	-4,6923077
231	30,3076923
231	1,3076923
231	17,3076923
232	26,3076923
232	14,3076923
232	-5,6923077
232	-9,6923077
233	-4,6923077
233	3,3076923
233	27,3076923
233	6,3076923
234	-7,6923077
234	6,3076923
234	0,3076923
235	26,3076923
235	35,3076923
235	21,3076923
235	1,3076923
236	13,3076923
236	4,3076923
236	6,3076923
236	-7,6923077
237	15,3076923
237	9,3076923
237	10,3076923
237	13,3076923
238	27,3076923
238	2,3076923
238	2,3076923
239	18,3076923
239	-2,6923077
239	-2,6923077
239	-1,6923077
240	-13,6923077
240	0,3076923
240	16,3076923
240	36,3076923
241	17,3076923
241	0,3076923
241	8,3076923
241	5,3076923
242	-7,6923077
242	-15,6923077
242	3,3076923
243	1,3076923
243	11,3076923
243	-10,6923077
243	-1,6923077
244	7,3076923
244	-0,6923077
244	36,3076923
244	18,3076923
245	18,3076923
245	12,3076923
245	0,3076923
245	3,3076923
246	-0,6923077
246	22,3076923
246	-5,6923077
247	16,3076923
247	12,3076923
247	22,3076923
247	15,3076923
248	11,3076923
248	14,3076923
248	26,3076923
248	18,3076923
249	13,3076923
249	13,3076923
249	-1,6923077
249	8,3076923
250	43,3076923
250	31,3076923
250	20,3076923
251	19,3076923
251	29,3076923
251	17,3076923
251	-23,6923077
252	8,3076923
252	25,3076923
252	27,3076923
252	9,3076923
253	8,3076923
253	-8,6923077
253	-8,6923077
253	12,3076923
254	-2,6923077
254	7,3076923
254	-1,6923077
254	14,3076923
255	-16,6923077
255	-12,6923077
255	6,3076923
256	-3,6923077
256	0,3076923
256	1,3076923
256	39,3076923
257	17,3076923
257	2,3076923
257	36,3076923
257	11,3076923
258	17,3076923
258	13,3076923
258	8,3076923
258	1,3076923
259	9,3076923
259	17,3076923
259	-15,6923077
260	-16,6923077
260	-14,6923077
260	3,3076923
260	-6,6923077
261	4,3076923
261	21,3076923
261	11,3076923
261	5,3076923
262	32,3076923
262	17,3076923
262	-2,6923077
262	-10,6923077
263	33,3076923
263	12,3076923
263	10,3076923
264	31,3076923
264	15,3076923
264	23,3076923
264	30,3076923
265	5,3076923
265	-12,6923077
265	-6,6923077
265	4,3076923
266	13,3076923
266	3,3076923
266	9,3076923
266	-28,6923077
267	18,3076923
267	13,3076923
267	36,3076923
268	14,3076923
268	28,3076923
268	12,3076923
268	35,3076923
269	8,3076923
269	31,3076923
269	5,3076923
269	3,3076923
270	2,3076923
270	6,3076923
270	-12,6923077
270	13,3076923
271	10,3076923
271	18,3076923
271	21,3076923
271	-5,6923077
272	6,3076923
272	7,3076923
272	-11,6923077
273	24,3076923
273	15,3076923
273	12,3076923
273	20,3076923
274	20,3076923
274	0,3076923
274	2,3076923
274	10,3076923
275	34,3076923
275	19,3076923
275	-1,6923077
275	10,3076923
276	24,3076923
276	36,3076923
276	3,3076923
277	15,3076923
277	40,3076923
277	21,3076923
277	10,3076923
278	-0,6923077
278	44,3076923
278	-2,6923077
278	10,3076923
279	4,3076923
279	-2,6923077
279	22,3076923
279	18,3076923
280	-14,6923077
280	13,3076923
280	2,3076923
280	4,3076923
281	20,3076923
281	30,3076923
281	8,3076923
282	-13,6923077
282	18,3076923
282	11,3076923
282	-6,6923077
283	-11,6923077
283	-5,6923077
283	5,3076923
283	8,3076923
284	16,3076923
284	3,3076923
284	-17,6923077
284	9,3076923
285	-3,6923077
285	0,3076923
285	7,3076923
286	17,3076923
286	4,3076923
286	4,3076923
286	0,3076923
287	31,3076923
287	6,3076923
287	10,3076923
287	49,3076923
288	10,3076923
288	12,3076923
288	17,3076923
288	15,3076923
289	14,3076923
289	1,3076923
289	21,3076923
290	3,3076923
290	1,3076923
290	9,3076923
290	8,3076923
291	49,3076923
291	3,3076923
291	-10,6923077
291	3,3076923
292	10,3076923
292	-14,6923077
292	14,3076923
292	31,3076923
293	29,3076923
293	8,3076923
293	18,3076923
293	37,3076923
294	19,3076923
294	35,3076923
294	20,3076923
295	34,3076923
295	14,3076923
295	-7,6923077
295	9,3076923
296	1,3076923
296	9,3076923
296	15,3076923
296	11,3076923
297	-6,6923077
297	30,3076923
297	17,3076923
297	1,3076923
298	37,3076923
298	-10,6923077
298	12,3076923
299	8,3076923
299	31,3076923
299	24,3076923
299	18,3076923
300	3,3076923
300	-9,6923077
300	-8,6923077
300	23,3076923
301	-2,6923077
301	22,3076923
301	-16,6923077
301	23,3076923
302	7,3076923
302	-15,6923077
302	26,3076923
302	32,3076923
303	30,3076923
303	14,3076923
303	5,3076923
304	22,3076923
304	7,3076923
304	22,3076923
304	-7,6923077
305	19,3076923
305	45,3076923
305	26,3076923
305	-21,6923077
306	5,3076923
306	4,3076923
306	5,3076923
306	25,3076923
307	16,3076923
307	21,3076923
307	17,3076923
307	25,3076923
308	21,3076923
308	19,3076923
308	16,3076923
309	23,3076923
309	21,3076923
309	11,3076923
309	16,3076923
310	26,3076923
310	13,3076923
310	20,3076923
310	0,3076923
311	24,3076923
311	43,3076923
311	73,3076923
311	38,3076923
312	20,3076923
312	36,3076923
312	41,3076923
313	61,3076923
313	64,3076923
313	59,3076923
313	46,3076923
314	29,3076923
314	41,3076923
314	31,3076923
314	47,3076923
315	56,3076923
315	52,3076923
315	53,3076923
315	33,3076923
316	28,3076923
316	38,3076923
316	48,3076923
316	34,3076923
317	28,3076923
317	29,3076923
317	13,3076923
318	40,3076923
318	16,3076923
318	39,3076923
318	31,3076923
319	28,3076923
319	38,3076923
319	29,3076923
319	29,3076923
320	17,3076923
320	18,3076923
320	14,3076923
320	9,3076923
321	26,3076923
321	30,3076923
321	6,3076923
321	10,3076923
322	-7,6923077
322	30,3076923
322	16,3076923
323	4,3076923
323	36,3076923
323	5,3076923
323	18,3076923
324	11,3076923
324	9,3076923
324	-22,6923077
324	28,3076923
325	-11,6923077
325	-7,6923077
325	11,3076923
325	18,3076923
326	2,3076923
326	18,3076923
326	15,3076923
327	9,3076923
327	41,3076923
327	31,3076923
327	-19,6923077
328	24,3076923
328	-5,6923077
328	26,3076923
328	20,3076923
329	7,3076923
329	2,3076923
329	24,3076923
329	30,3076923
330	25,3076923
330	12,3076923
330	34,3076923
330	25,3076923
331	-2,6923077
331	8,3076923
331	32,3076923
332	50,3076923
332	45,3076923
332	65,3076923
332	39,3076923
333	33,3076923
333	32,3076923
333	47,3076923
333	61,3076923
334	54,3076923
334	51,3076923
334	83,3076923
334	84,3076923
335	73,3076923
335	56,3076923
335	52,3076923
335	86,3076923
336	71,3076923
336	100,3076923
336	84,3076923
337	52,3076923
337	82,3076923
337	97,3076923
337	76,3076923
338	82,3076923
338	67,3076923
338	51,3076923
338	45,3076923
339	43,3076923
339	49,3076923
339	77,3076923
339	66,3076923
340	47,3076923
340	46,3076923
340	36,3076923
340	40,3076923
341	28,3076923
341	56,3076923
341	36,3076923
342	21,3076923
342	25,3076923
342	33,3076923
342	39,3076923
343	19,3076923
343	27,3076923
343	4,3076923
343	22,3076923
344	33,3076923
344	23,3076923
344	30,3076923
344	24,3076923
345	1,3076923
345	14,3076923
345	0,3076923
345	18,3076923
346	14,3076923
346	23,3076923
346	4,3076923
347	18,3076923
347	6,3076923
347	22,3076923
347	11,3076923
348	16,3076923
348	17,3076923
348	41,3076923
348	-8,6923077
349	19,3076923
349	2,3076923
349	31,3076923
349	19,3076923
350	26,3076923
350	36,3076923
350	38,3076923
350	38,3076923
351	13,3076923
351	14,3076923
351	9,3076923
352	20,3076923
352	35,3076923
352	59,3076923
352	63,3076923
353	55,3076923
353	55,3076923
353	54,3076923
353	61,3076923
354	54,3076923
354	86,3076923
354	99,3076923
354	75,3076923
355	69,3076923
355	69,3076923
355	40,3076923
355	47,3076923
356	61,3076923
356	27,3076923
356	40,3076923
357	28,3076923
357	41,3076923
357	74,3076923
357	43,3076923
358	85,3076923
358	77,3076923
358	64,3076923
358	47,3076923
359	50,3076923
359	30,3076923
359	43,3076923
359	59,3076923
360	45,3076923
360	33,3076923
360	49,3076923
360	29,3076923
361	32,3076923
361	24,3076923
361	34,3076923
362	51,3076923
362	60,3076923
362	57,3076923
362	33,3076923
363	36,3076923
363	23,3076923
363	7,3076923
363	32,3076923
364	38,3076923
364	27,3076923
364	8,3076923
364	37,3076923
365	12,3076923
365	40,3076923
365	10,3076923
365	24,3076923
366	6,3076923
366	13,3076923
366	3,3076923
367	-7,6923077
367	12,3076923
367	26,3076923
367	2,3076923
368	7,3076923
368	18,3076923
368	23,3076923
368	24,3076923
369	0,3076923
369	-3,6923077
369	-0,6923077
369	9,3076923
370	9,3076923
370	13,3076923
370	-7,6923077
370	43,3076923
371	17,3076923
371	33,3076923
371	41,3076923
371	36,3076923
372	21,3076923
372	29,3076923
372	10,3076923
373	54,3076923
373	23,3076923
373	5,3076923
373	20,3076923
374	1,3076923
374	40,3076923
374	37,3076923
374	30,3076923
375	24,3076923
375	33,3076923
375	40,3076923
375	52,3076923
376	35,3076923
376	32,3076923
376	43,3076923
376	24,3076923
377	17,3076923
377	35,3076923
377	52,3076923
378	36,3076923
378	19,3076923
378	56,3076923
378	42,3076923
379	39,3076923
379	38,3076923
379	26,3076923
379	41,3076923
380	16,3076923
380	34,3076923
380	24,3076923
380	22,3076923
381	28,3076923
381	24,3076923
381	45,3076923
381	39,3076923
382	21,3076923
382	27,3076923
382	50,3076923
383	28,3076923
383	4,3076923
383	36,3076923
383	28,3076923
384	9,3076923
384	16,3076923
384	32,3076923
384	34,3076923
385	17,3076923
385	27,3076923
385	45,3076923
385	38,3076923
386	35,3076923
386	24,3076923
386	17,3076923
386	26,3076923
387	32,3076923
387	-1,6923077
387	-3,6923077
387	-1,6923077
388	12,3076923
388	8,3076923
388	8,3076923
389	9,3076923
389	-12,6923077
389	2,3076923
389	25,3076923
390	10,3076923
390	4,3076923
390	18,3076923
390	-4,6923077
391	24,3076923
391	30,3076923
391	-6,6923077
391	15,3076923
392	36,3076923
392	1,3076923
392	-19,6923077
392	7,3076923
393	11,3076923
393	5,3076923
393	24,3076923
394	17,3076923
394	21,3076923
394	6,3076923
394	25,3076923
395	13,3076923
395	15,3076923
395	26,3076923
395	21,3076923
396	12,3076923
396	25,3076923
396	1,3076923
396	30,3076923
397	-16,6923077
397	41,3076923
397	38,3076923
397	25,3076923
398	19,3076923
398	26,3076923
398	14,3076923
398	12,3076923
399	20,3076923
399	20,3076923
399	41,3076923
400	37,3076923
400	14,3076923
400	20,3076923
400	39,3076923
401	12,3076923
401	13,3076923
401	8,3076923
401	45,3076923
402	39,3076923
402	22,3076923
402	58,3076923
402	20,3076923
403	24,3076923
403	34,3076923
403	9,3076923
403	34,3076923
404	9,3076923
404	45,3076923
404	17,3076923
405	19,3076923
405	28,3076923
405	36,3076923
405	54,3076923
406	32,3076923
406	25,3076923
406	20,3076923
406	21,3076923
407	39,3076923
407	7,3076923
407	17,3076923
407	24,3076923
408	35,3076923
408	15,3076923
408	-12,6923077
408	28,3076923
409	30,3076923
409	7,3076923
409	34,3076923
409	15,3076923
410	23,3076923
410	20,3076923
410	27,3076923
411	11,3076923
411	31,3076923
411	27,3076923
411	6,3076923
412	15,3076923
412	28,3076923
412	8,3076923
412	17,3076923
413	5,3076923
413	-0,6923077
413	12,3076923
413	7,3076923
414	11,3076923
414	19,3076923
414	4,3076923
414	7,3076923
415	34,3076923
415	35,3076923
415	31,3076923
415	-3,6923077
416	-10,6923077
416	-2,6923077
416	-0,6923077
417	17,3076923
417	14,3076923
417	12,3076923
417	23,3076923
418	30,3076923
418	4,3076923
418	15,3076923
418	6,3076923
419	17,3076923
419	14,3076923
419	20,3076923
419	22,3076923
420	7,3076923
420	3,3076923
420	24,3076923
420	25,3076923
421	36,3076923
421	36,3076923
421	29,3076923
421	20,3076923
422	-2,6923077
422	16,3076923
422	-1,6923077
423	29,3076923
423	4,3076923
423	52,3076923
423	38,3076923
424	20,3076923
424	-2,6923077
424	17,3076923
424	12,3076923
425	25,3076923
425	3,3076923
425	27,3076923
425	29,3076923
426	-2,6923077
426	16,3076923
426	39,3076923
426	28,3076923
427	25,3076923
427	5,3076923
427	0,3076923
427	20,3076923
428	25,3076923
428	24,3076923
428	12,3076923
429	25,3076923
429	22,3076923
429	-4,6923077
429	10,3076923
430	15,3076923
430	12,3076923
430	15,3076923
430	5,3076923
431	16,3076923
431	7,3076923
431	12,3076923
431	16,3076923
432	18,3076923
432	0,3076923
432	3,3076923
432	33,3076923
433	13,3076923
433	-0,6923077
433	16,3076923
433	2,3076923
434	23,3076923
434	25,3076923
434	18,3076923
435	3,3076923
435	17,3076923
435	16,3076923
435	23,3076923
436	10,3076923
436	18,3076923
436	24,3076923
436	19,3076923
437	34,3076923
437	-1,6923077
437	8,3076923
437	22,3076923
438	27,3076923
438	41,3076923
438	45,3076923
438	12,3076923
439	9,3076923
439	-9,6923077
439	8,3076923
439	17,3076923
440	25,3076923
440	29,3076923
440	25,3076923
441	-6,6923077
441	-13,6923077
441	4,3076923
441	22,3076923
442	11,3076923
442	11,3076923
442	31,3076923
442	7,3076923
443	15,3076923
443	9,3076923
443	24,3076923
443	1,3076923
444	-5,6923077
444	34,3076923
444	17,3076923
444	32,3076923
445	23,3076923
445	3,3076923
445	1,3076923
445	34,3076923
446	-6,6923077
446	6,3076923
446	17,3076923
447	23,3076923
447	12,3076923
447	23,3076923
447	10,3076923
448	36,3076923
448	-0,6923077
448	7,3076923
448	-5,6923077
449	2,3076923
449	22,3076923
449	24,3076923
449	-1,6923077
450	12,3076923
450	9,3076923
450	13,3076923
450	12,3076923
451	11,3076923
451	-0,6923077
451	-5,6923077
451	13,3076923
452	19,3076923
452	3,3076923
452	23,3076923
452	12,3076923
453	25,3076923
453	8,3076923
453	-7,6923077
454	11,3076923
454	32,3076923
454	-8,6923077
454	2,3076923
455	-7,6923077
455	24,3076923
455	5,3076923
455	-3,6923077
456	32,3076923
456	19,3076923
456	13,3076923
456	4,3076923
457	-12,6923077
457	3,3076923
457	-2,6923077
457	7,3076923
458	25,3076923
458	6,3076923
458	4,3076923
458	11,3076923
459	11,3076923
459	-28,6923077
459	13,3076923
460	39,3076923
460	24,3076923
460	28,3076923
460	20,3076923
461	15,3076923
461	-7,6923077
461	18,3076923
461	32,3076923
462	21,3076923
462	11,3076923
462	2,3076923
462	23,3076923
463	1,3076923
463	-9,6923077
463	1,3076923
463	0,3076923
464	4,3076923
464	31,3076923
464	4,3076923
464	-2,6923077
465	-2,6923077
465	33,3076923
465	20,3076923
465	25,3076923
466	14,3076923
466	2,3076923
466	3,3076923
467	2,3076923
467	14,3076923
467	48,3076923
467	14,3076923
468	8,3076923
468	33,3076923
468	-13,6923077
468	17,3076923
469	33,3076923
469	25,3076923
469	-4,6923077
469	6,3076923
470	12,3076923
470	-1,6923077
470	8,3076923
470	12,3076923
471	36,3076923
471	-1,6923077
471	21,3076923
471	6,3076923
472	9,3076923
472	37,3076923
472	15,3076923
472	58,3076923
473	12,3076923
473	54,3076923
473	7,3076923
474	12,3076923
474	-5,6923077
474	50,3076923
474	23,3076923
475	16,3076923
475	14,3076923
475	19,3076923
475	2,3076923
476	9,3076923
476	13,3076923
476	15,3076923
476	19,3076923
477	31,3076923
477	16,3076923
477	2,3076923
477	8,3076923
478	-3,6923077
478	-13,6923077
478	21,3076923
478	11,3076923
479	-5,6923077
479	4,3076923
479	16,3076923
479	2,3076923
480	26,3076923
480	4,3076923
480	0,3076923
481	7,3076923
481	1,3076923
481	18,3076923
481	18,3076923
482	55,3076923
482	8,3076923
482	-1,6923077
482	1,3076923
483	-15,6923077
483	10,3076923
483	8,3076923
483	-1,6923077
484	-3,6923077
484	49,3076923
484	15,3076923
484	6,3076923
485	32,3076923
485	30,3076923
485	28,3076923
485	12,3076923
486	-7,6923077
486	21,3076923
486	1,3076923
486	6,3076923
487	-12,6923077
487	22,3076923
487	31,3076923
488	13,3076923
488	14,3076923
488	21,3076923
488	15,3076923
489	3,3076923
489	11,3076923
489	19,3076923
489	14,3076923
490	20,3076923
490	19,3076923
490	17,3076923
490	20,3076923
491	0,3076923
491	21,3076923
491	-13,6923077
491	8,3076923
492	1,3076923
492	11,3076923
492	10,3076923
492	14,3076923
493	3,3076923
493	-21,6923077
493	7,3076923
493	-13,6923077
494	4,3076923
494	17,3076923
494	25,3076923
495	13,3076923
495	6,3076923
495	29,3076923
495	11,3076923
496	17,3076923
496	9,3076923
496	20,3076923
496	22,3076923
497	30,3076923
497	28,3076923
497	14,3076923
497	-2,6923077
498	3,3076923
498	7,3076923
498	-2,6923077
498	-6,6923077
499	25,3076923
499	21,3076923
499	9,3076923
499	47,3076923
500	35,3076923
500	24,3076923
500	12,3076923
500	22,3076923
501	17,3076923
501	-7,6923077
501	-1,6923077
502	-1,6923077
502	26,3076923
502	23,3076923
502	2,3076923
503	8,3076923
503	23,3076923
503	10,3076923
503	7,3076923
504	5,3076923
504	-9,6923077
504	17,3076923
504	20,3076923
505	11,3076923
505	2,3076923
505	4,3076923
505	12,3076923
506	30,3076923
506	4,3076923
506	3,3076923
506	-3,6923077
507	2,3076923
507	19,3076923
507	8,3076923
507	-5,6923077
508	17,3076923
508	28,3076923
508	9,3076923
508	36,3076923
509	16,3076923
509	8,3076923
509	0,3076923
510	0,3076923
510	9,3076923
510	-1,6923077
510	0,3076923
511	35,3076923
511	32,3076923
511	-2,6923077
511	-13,6923077
512	26,3076923
512	11,3076923
512	10,3076923
512	4,3076923
513	-6,6923077
513	-1,6923077
513	14,3076923
513	-12,6923077
514	3,3076923
514	36,3076923
514	4,3076923
514	-0,6923077
515	25,3076923
515	14,3076923
515	6,3076923
515	32,3076923
516	14,3076923
516	37,3076923
516	20,3076923
516	-13,6923077
517	-12,6923077
517	7,3076923
517	-9,6923077
518	-10,6923077
518	17,3076923
518	44,3076923
518	6,3076923
519	36,3076923
519	36,3076923
519	-13,6923077
519	23,3076923
520	-22,6923077
520	-9,6923077
520	16,3076923
520	27,3076923
521	4,3076923
521	36,3076923
521	7,3076923
521	17,3076923
522	20,3076923
522	19,3076923
522	3,3076923
522	11,3076923
523	24,3076923
523	18,3076923
523	8,3076923
523	-28,6923077
524	7,3076923
524	-0,6923077
524	14,3076923
524	28,3076923
525	20,3076923
525	-0,6923077
525	17,3076923
526	23,3076923
526	23,3076923
526	20,3076923
526	21,3076923
527	11,3076923
527	17,3076923
527	18,3076923
527	0,3076923
528	15,3076923
528	1,3076923
528	21,3076923
528	28,3076923
529	16,3076923
529	-0,6923077
529	6,3076923
529	9,3076923
530	16,3076923
530	-36,6923077
530	-0,6923077
530	-6,6923077
531	18,3076923
531	20,3076923
531	26,3076923
531	-0,6923077
532	22,3076923
532	12,3076923
532	19,3076923
532	25,3076923
533	-1,6923077
533	-18,6923077
533	5,3076923
534	12,3076923
534	30,3076923
534	17,3076923
534	-1,6923077
535	39,3076923
535	25,3076923
535	43,3076923
535	23,3076923
536	21,3076923
536	10,3076923
536	-4,6923077
536	-11,6923077
537	-12,6923077
537	-12,6923077
537	-0,6923077
537	-13,6923077
538	-13,6923077
538	-29,6923077
538	22,3076923
538	19,3076923
539	38,3076923
539	13,3076923
539	4,3076923
539	25,3076923
540	14,3076923
540	-2,6923077
540	23,3076923
540	0,3076923
541	28,3076923
541	-12,6923077
541	18,3076923
541	7,3076923
542	38,3076923
542	30,3076923
542	34,3076923
543	18,3076923
543	9,3076923
543	18,3076923
543	47,3076923
544	-2,6923077
544	-2,6923077
544	2,3076923
544	-0,6923077
545	-14,6923077
545	11,3076923
545	-18,6923077
545	-8,6923077
546	17,3076923
546	-1,6923077
546	1,3076923
546	16,3076923
547	1,3076923
547	18,3076923
547	2,3076923
547	5,3076923
548	7,3076923
548	4,3076923
548	-1,6923077
548	16,3076923
549	6,3076923
549	44,3076923
549	19,3076923
549	15,3076923
550	23,3076923
550	5,3076923
550	1,3076923
550	2,3076923
551	-10,6923077
551	16,3076923
551	15,3076923
552	-4,6923077
552	-23,6923077
552	5,3076923
552	-1,6923077
553	21,3076923
553	14,3076923
553	9,3076923
553	42,3076923
554	23,3076923
554	11,3076923
554	33,3076923
554	-0,6923077
555	32,3076923
555	29,3076923
555	3,3076923
555	-7,6923077
556	30,3076923
556	23,3076923
556	3,3076923
556	2,3076923
557	39,3076923
557	28,3076923
557	-5,6923077
557	8,3076923
558	11,3076923
558	-16,6923077
558	8,3076923
558	17,3076923
559	13,3076923
559	21,3076923
559	18,3076923
559	-3,6923077
560	17,3076923
560	42,3076923
560	23,3076923
561	19,3076923
561	10,3076923
561	4,3076923
561	20,3076923
562	2,3076923
562	10,3076923
562	14,3076923
562	6,3076923
563	25,3076923
563	16,3076923
563	-2,6923077
563	14,3076923
564	17,3076923
564	7,3076923
564	22,3076923
564	32,3076923
565	24,3076923
565	19,3076923
565	20,3076923
565	2,3076923
566	5,3076923
566	14,3076923
566	5,3076923
566	26,3076923
567	9,3076923
567	-7,6923077
567	7,3076923
567	-2,6923077
568	-9,6923077
568	1,3076923
568	20,3076923
568	2,3076923
569	-2,6923077
569	25,3076923
569	12,3076923
569	-5,6923077
570	1,3076923
570	2,3076923
570	12,3076923
571	-5,6923077
571	20,3076923
571	13,3076923
571	22,3076923
572	7,3076923
572	3,3076923
572	-9,6923077
572	5,3076923
573	19,3076923
573	9,3076923
573	-15,6923077
573	-4,6923077
574	20,3076923
574	25,3076923
574	-5,6923077
574	17,3076923
575	14,3076923
575	-26,6923077
575	13,3076923
575	11,3076923
576	7,3076923
576	26,3076923
576	34,3076923
576	6,3076923
577	4,3076923
577	32,3076923
577	-1,6923077
577	16,3076923
578	1,3076923
578	8,3076923
578	10,3076923
578	15,3076923
579	10,3076923
579	-17,6923077
579	-5,6923077
579	12,3076923
580	-0,6923077
580	20,3076923
580	17,3076923
581	41,3076923
581	1,3076923
581	18,3076923
581	-8,6923077
582	-22,6923077
582	-2,6923077
582	14,3076923
582	-1,6923077
583	-0,6923077
583	-6,6923077
583	23,3076923
583	21,3076923
584	25,3076923
584	10,3076923
584	22,3076923
584	50,3076923
585	16,3076923
585	-2,6923077
585	18,3076923
585	11,3076923
586	7,3076923
586	25,3076923
586	5,3076923
586	15,3076923
587	23,3076923
587	-11,6923077
587	6,3076923
587	-4,6923077
588	11,3076923
588	5,3076923
588	13,3076923
588	7,3076923
589	24,3076923
589	7,3076923
589	22,3076923
589	-11,6923077
590	22,3076923
590	10,3076923
590	2,3076923
590	19,3076923
591	10,3076923
591	31,3076923
591	-5,6923077
592	-18,6923077
592	-0,6923077
592	24,3076923
592	-3,6923077
593	1,3076923
593	5,3076923
593	12,3076923
593	25,3076923
594	51,3076923
594	16,3076923
594	5,3076923
594	2,3076923
595	9,3076923
595	-5,6923077
595	21,3076923
595	16,3076923
596	21,3076923
596	16,3076923
596	-13,6923077
596	17,3076923
597	36,3076923
597	24,3076923
597	4,3076923
597	0,3076923
598	10,3076923
598	-0,6923077
598	-2,6923077
598	29,3076923
599	24,3076923
599	15,3076923
599	-16,6923077
599	12,3076923
600	22,3076923
600	-6,6923077
600	2,3076923
600	-8,6923077
601	-28,6923077
601	5,3076923
601	24,3076923
601	6,3076923
602	9,3076923
602	2,3076923
602	10,3076923
603	17,3076923
603	29,3076923
603	33,3076923
603	26,3076923
604	22,3076923
604	35,3076923
604	7,3076923
604	1,3076923
605	42,3076923
605	12,3076923
605	14,3076923
605	21,3076923
606	12,3076923
606	-3,6923077
606	17,3076923
606	9,3076923
607	-3,6923077
607	-5,6923077
607	39,3076923
607	1,3076923
608	-2,6923077
608	14,3076923
608	11,3076923
608	-3,6923077
609	7,3076923
609	17,3076923
609	12,3076923
609	-4,6923077
610	4,3076923
610	13,3076923
610	21,3076923
610	6,3076923
611	9,3076923
611	26,3076923
611	15,3076923
611	7,3076923
612	-13,6923077
612	18,3076923
612	45,3076923
612	9,3076923
613	14,3076923
613	41,3076923
613	-0,6923077
613	2,3076923
614	39,3076923
614	2,3076923
614	25,3076923
614	3,3076923
615	2,3076923
615	36,3076923
615	-2,6923077
616	-13,6923077
616	-2,6923077
616	24,3076923
616	-6,6923077
617	10,3076923
617	16,3076923
617	8,3076923
617	10,3076923
618	-1,6923077
618	41,3076923
618	-0,6923077
618	11,3076923
619	16,3076923
619	19,3076923
619	-0,6923077
619	9,3076923
620	18,3076923
620	9,3076923
620	-3,6923077
620	29,3076923
621	20,3076923
621	18,3076923
621	-1,6923077
621	-1,6923077
622	-8,6923077
622	1,3076923
622	31,3076923
622	-0,6923077
623	-30,6923077
623	21,3076923
623	23,3076923
623	9,3076923
624	-8,6923077
624	13,3076923
624	8,3076923
624	-13,6923077
625	24,3076923
625	21,3076923
625	21,3076923
625	-16,6923077
626	12,3076923
626	6,3076923
626	12,3076923
626	25,3076923
627	14,3076923
627	-1,6923077
627	23,3076923
627	12,3076923
628	17,3076923
628	15,3076923
628	7,3076923
629	-5,6923077
629	11,3076923
629	9,3076923
629	8,3076923
630	23,3076923
630	7,3076923
630	6,3076923
630	25,3076923
631	-15,6923077
631	11,3076923
631	-4,6923077
631	3,3076923
632	6,3076923
632	-11,6923077
632	0,3076923
632	14,3076923
633	11,3076923
633	20,3076923
633	2,3076923
633	22,3076923
634	17,3076923
634	12,3076923
634	12,3076923
634	22,3076923
635	14,3076923
635	-9,6923077
635	-16,6923077
635	20,3076923
636	21,3076923
636	32,3076923
636	35,3076923
636	3,3076923
637	16,3076923
637	13,3076923
637	3,3076923
637	-0,6923077
638	13,3076923
638	22,3076923
638	-0,6923077
638	11,3076923
639	13,3076923
639	-6,6923077
639	11,3076923
639	47,3076923
640	13,3076923
640	39,3076923
640	-17,6923077
640	22,3076923
641	3,3076923
641	9,3076923
641	22,3076923
641	34,3076923
642	22,3076923
642	29,3076923
642	-8,6923077
642	-18,6923077
643	12,3076923
643	0,3076923
643	13,3076923
644	-3,6923077
644	8,3076923
644	21,3076923
644	25,3076923
645	21,3076923
645	20,3076923
645	20,3076923
645	24,3076923
646	7,3076923
646	21,3076923
646	-9,6923077
646	17,3076923
647	39,3076923
647	29,3076923
647	5,3076923
647	23,3076923
648	16,3076923
648	14,3076923
648	-15,6923077
648	3,3076923
649	31,3076923
649	37,3076923
649	27,3076923
649	25,3076923
650	39,3076923
650	10,3076923
650	13,3076923
650	9,3076923
651	8,3076923
651	31,3076923
651	17,3076923
651	39,3076923
652	15,3076923
652	-6,6923077
652	1,3076923
652	15,3076923
653	20,3076923
653	29,3076923
653	23,3076923
653	3,3076923
654	-12,6923077
654	13,3076923
654	18,3076923
654	20,3076923
655	-1,6923077
655	12,3076923
655	1,3076923
655	18,3076923
656	39,3076923
656	15,3076923
656	-15,6923077
656	25,3076923
657	12,3076923
657	-1,6923077
657	11,3076923
657	34,3076923
658	16,3076923
658	15,3076923
658	9,3076923
658	-9,6923077
659	-0,6923077
659	26,3076923
659	25,3076923
660	18,3076923
660	19,3076923
660	40,3076923
660	15,3076923
661	7,3076923
661	18,3076923
661	14,3076923
661	13,3076923
662	28,3076923
662	30,3076923
662	17,3076923
662	6,3076923
663	-13,6923077
663	18,3076923
663	24,3076923
663	23,3076923
664	25,3076923
664	24,3076923
664	7,3076923
664	18,3076923
665	30,3076923
665	0,3076923
665	13,3076923
665	-10,6923077
666	-0,6923077
666	10,3076923
666	27,3076923
666	-1,6923077
667	17,3076923
667	5,3076923
667	19,3076923
667	11,3076923
668	-7,6923077
668	-11,6923077
668	15,3076923
668	31,3076923
669	-3,6923077
669	-4,6923077
669	27,3076923
669	-10,6923077
670	6,3076923
670	35,3076923
670	22,3076923
670	8,3076923
671	7,3076923
671	23,3076923
671	11,3076923
671	32,3076923
672	22,3076923
672	19,3076923
672	29,3076923
672	22,3076923
673	30,3076923
673	-1,6923077
673	8,3076923
673	15,3076923
674	1,3076923
674	38,3076923
674	1,3076923
674	12,3076923
675	-28,6923077
675	20,3076923
675	11,3076923
675	2,3076923
676	19,3076923
676	13,3076923
676	18,3076923
676	39,3076923
677	20,3076923
677	-2,6923077
677	-11,6923077
677	4,3076923
678	25,3076923
678	34,3076923
678	11,3076923
678	21,3076923
679	15,3076923
679	-8,6923077
679	19,3076923
680	32,3076923
680	20,3076923
680	16,3076923
680	13,3076923
681	6,3076923
681	21,3076923
681	-12,6923077
681	2,3076923
682	12,3076923
682	14,3076923
682	11,3076923
682	25,3076923
683	7,3076923
683	-7,6923077
683	7,3076923
683	23,3076923
684	5,3076923
684	-8,6923077
684	17,3076923
684	9,3076923
685	28,3076923
685	9,3076923
685	-0,6923077
685	-11,6923077
686	19,3076923
686	7,3076923
686	6,3076923
686	18,3076923
687	23,3076923
687	27,3076923
687	14,3076923
687	18,3076923
688	6,3076923
688	36,3076923
688	7,3076923
688	-20,6923077
689	18,3076923
689	17,3076923
689	23,3076923
689	5,3076923
690	13,3076923
690	12,3076923
690	-9,6923077
690	-3,6923077
691	35,3076923
691	8,3076923
691	20,3076923
691	22,3076923
692	20,3076923
692	16,3076923
692	15,3076923
692	21,3076923
693	18,3076923
693	12,3076923
693	7,3076923
693	-5,6923077
694	11,3076923
694	23,3076923
694	6,3076923
694	6,3076923
695	13,3076923
695	11,3076923
695	8,3076923
695	-7,6923077
696	17,3076923
696	27,3076923
696	-9,6923077
696	18,3076923
697	6,3076923
697	17,3076923
697	26,3076923
697	29,3076923
698	-2,6923077
698	-5,6923077
698	-0,6923077
698	12,3076923
699	20,3076923
699	0,3076923
699	25,3076923
699	10,3076923
700	13,3076923
700	18,3076923
700	10,3076923
700	4,3076923
701	6,3076923
701	3,3076923
701	13,3076923
701	10,3076923
702	-7,6923077
702	20,3076923
702	23,3076923
702	6,3076923
703	20,3076923
703	36,3076923
703	8,3076923
703	11,3076923
704	-3,6923077
704	17,3076923
704	9,3076923
704	33,3076923
705	49,3076923
705	28,3076923
705	26,3076923
706	13,3076923
706	42,3076923
706	27,3076923
706	16,3076923
707	26,3076923
707	-0,6923077
707	34,3076923
707	35,3076923
708	5,3076923
708	16,3076923
708	0,3076923
708	26,3076923
709	2,3076923
709	-1,6923077
709	-17,6923077
709	-1,6923077
710	0,3076923
710	11,3076923
710	0,3076923
710	-10,6923077
711	-2,6923077
711	16,3076923
711	6,3076923
711	1,3076923
712	57,3076923
712	6,3076923
712	15,3076923
712	12,3076923
713	11,3076923
713	24,3076923
713	25,3076923
713	4,3076923
714	33,3076923
714	19,3076923
714	-17,6923077
714	4,3076923
715	6,3076923
715	-0,6923077
715	23,3076923
715	9,3076923
716	15,3076923
716	12,3076923
716	16,3076923
716	34,3076923
717	0,3076923
717	22,3076923
717	4,3076923
717	5,3076923
718	-3,6923077
718	-13,6923077
718	-9,6923077
718	28,3076923
719	33,3076923
719	-8,6923077
719	16,3076923
719	-13,6923077
720	8,3076923
720	-4,6923077
720	3,3076923
720	18,3076923
721	30,3076923
721	6,3076923
721	13,3076923
721	-23,6923077
722	26,3076923
722	19,3076923
722	-24,6923077
722	-8,6923077
723	25,3076923
723	22,3076923
723	13,3076923
723	28,3076923
724	15,3076923
724	25,3076923
724	11,3076923
724	-10,6923077
725	15,3076923
725	13,3076923
725	-6,6923077
725	4,3076923
726	-12,6923077
726	25,3076923
726	28,3076923
726	24,3076923
727	26,3076923
727	-6,6923077
727	33,3076923
727	7,3076923
728	-6,6923077
728	-11,6923077
728	11,3076923
728	21,3076923
729	6,3076923
729	14,3076923
729	23,3076923
729	20,3076923
730	48,3076923
730	-6,6923077
730	6,3076923
730	-1,6923077
731	11,3076923
731	12,3076923
731	2,3076923
731	34,3076923
732	-10,6923077
732	-8,6923077
732	9,3076923
732	13,3076923
733	30,3076923
733	23,3076923
733	22,3076923
733	27,3076923
734	-8,6923077
734	5,3076923
734	-6,6923077
734	14,3076923
735	14,3076923
735	10,3076923
735	31,3076923
735	23,3076923
736	-11,6923077
736	3,3076923
736	-2,6923077
736	13,3076923
737	28,3076923
737	-8,6923077
737	-13,6923077
737	3,3076923
738	6,3076923
738	-5,6923077
738	5,3076923
738	10,3076923
739	15,3076923
739	27,3076923
739	-16,6923077
739	25,3076923
740	28,3076923
740	6,3076923
740	-1,6923077
740	2,3076923
741	-0,6923077
741	11,3076923
741	22,3076923
741	16,3076923
742	26,3076923
742	31,3076923
742	20,3076923
742	-0,6923077
743	-35,6923077
743	29,3076923
743	5,3076923
743	22,3076923
744	25,3076923
744	15,3076923
744	10,3076923
744	-7,6923077
745	-14,6923077
745	2,3076923
745	21,3076923
745	-0,6923077
746	-4,6923077
746	20,3076923
746	19,3076923
746	25,3076923
747	27,3076923
747	21,3076923
747	14,3076923
747	1,3076923
748	4,3076923
748	23,3076923
748	3,3076923
748	29,3076923
749	17,3076923
749	14,3076923
749	-4,6923077
749	-18,6923077
750	6,3076923
750	23,3076923
750	8,3076923
750	-1,6923077
751	24,3076923
751	24,3076923
751	21,3076923
751	25,3076923
752	24,3076923
752	0,3076923
752	7,3076923
752	14,3076923
753	1,3076923
753	-5,6923077
753	8,3076923
753	12,3076923
754	6,3076923
754	-11,6923077
754	-6,6923077
754	9,3076923
755	2,3076923
755	-25,6923077
755	4,3076923
755	20,3076923
756	14,3076923
756	7,3076923
756	9,3076923
756	17,3076923
757	0,3076923
757	-0,6923077
757	9,3076923
757	13,3076923
758	-1,6923077
758	5,3076923
758	-9,6923077
758	22,3076923
759	17,3076923
759	34,3076923
759	0,3076923
759	24,3076923
760	1,3076923
760	7,3076923
760	16,3076923
760	16,3076923
761	20,3076923
761	32,3076923
761	0,3076923
761	0,3076923
762	28,3076923
762	3,3076923
762	29,3076923
762	-9,6923077
763	-7,6923077
763	29,3076923
763	20,3076923
763	-3,6923077
764	17,3076923
764	10,3076923
764	16,3076923
764	17,3076923
765	20,3076923
765	-11,6923077
765	9,3076923
765	16,3076923
766	-10,6923077
766	-1,6923077
766	7,3076923
766	15,3076923
767	14,3076923
767	10,3076923
767	6,3076923
767	11,3076923
768	2,3076923
768	0,3076923
768	14,3076923
768	40,3076923
769	8,3076923
769	26,3076923
769	3,3076923
769	-6,6923077
770	10,3076923
770	7,3076923
770	19,3076923
770	3,3076923
771	15,3076923
771	17,3076923
771	0,3076923
771	19,3076923
772	33,3076923
772	15,3076923
772	27,3076923
772	25,3076923
773	-0,6923077
773	1,3076923
773	9,3076923
773	7,3076923
774	19,3076923
774	6,3076923
774	-8,6923077
774	-11,6923077
775	9,3076923
775	0,3076923
775	16,3076923
775	10,3076923
776	-1,6923077
776	23,3076923
776	33,3076923
776	-3,6923077
777	20,3076923
777	3,3076923
777	19,3076923
777	8,3076923
778	15,3076923
778	0,3076923
778	20,3076923
778	-7,6923077
779	17,3076923
779	4,3076923
779	-6,6923077
779	13,3076923
780	39,3076923
780	-7,6923077
780	10,3076923
780	-1,6923077
781	18,3076923
781	7,3076923
781	34,3076923
781	27,3076923
782	40,3076923
782	10,3076923
782	-3,6923077
782	28,3076923
783	23,3076923
783	4,3076923
783	0,3076923
783	11,3076923
784	14,3076923
784	29,3076923
784	34,3076923
784	-10,6923077
785	-1,6923077
785	17,3076923
785	15,3076923
785	12,3076923
786	1,3076923
786	2,3076923
786	0,3076923
786	22,3076923
787	2,3076923
787	6,3076923
787	22,3076923
787	4,3076923
788	-5,6923077
788	-1,6923077
788	-4,6923077
788	4,3076923
789	18,3076923
789	5,3076923
789	-0,6923077
789	7,3076923
790	19,3076923
790	0,3076923
790	16,3076923
790	22,3076923
791	0,3076923
791	2,3076923
791	-10,6923077
791	-28,6923077
792	13,3076923
792	1,3076923
792	24,3076923
792	17,3076923
793	-13,6923077
793	31,3076923
793	-3,6923077
793	27,3076923
794	25,3076923
794	2,3076923
794	4,3076923
794	-17,6923077
795	-0,6923077
795	10,3076923
795	-12,6923077
795	8,3076923
796	8,3076923
796	28,3076923
796	-0,6923077
796	20,3076923
797	-9,6923077
797	5,3076923
797	15,3076923
797	12,3076923
798	-8,6923077
798	-11,6923077
798	25,3076923
798	48,3076923
799	-6,6923077
799	3,3076923
799	8,3076923
799	-25,6923077
800	-6,6923077
800	38,3076923
800	41,3076923
800	-10,6923077
801	33,3076923
801	16,3076923
801	30,3076923
801	5,3076923
802	17,3076923
802	10,3076923
802	6,3076923
802	12,3076923
803	-10,6923077
803	-20,6923077
803	3,3076923
803	14,3076923
804	9,3076923
804	-14,6923077
804	5,3076923
804	20,3076923
805	-6,6923077
805	-20,6923077
805	30,3076923
805	-3,6923077
806	-2,6923077
806	1,3076923
806	32,3076923
806	34,3076923
807	8,3076923
807	23,3076923
807	35,3076923
807	27,3076923
808	-3,6923077
808	3,3076923
808	10,3076923
808	-6,6923077
809	-10,6923077
809	35,3076923
809	16,3076923
809	-7,6923077
810	8,3076923
810	20,3076923
810	6,3076923
810	9,3076923
811	7,3076923
811	4,3076923
811	-7,6923077
811	8,3076923
812	8,3076923
812	17,3076923
812	13,3076923
812	1,3076923
813	-1,6923077
813	14,3076923
813	33,3076923
813	19,3076923
814	6,3076923
814	-5,6923077
814	-1,6923077
814	28,3076923
815	29,3076923
815	27,3076923
815	24,3076923
815	-9,6923077
816	42,3076923
816	32,3076923
816	-2,6923077
816	18,3076923
817	3,3076923
817	23,3076923
817	3,3076923
817	14,3076923
818	-4,6923077
818	24,3076923
818	-13,6923077
818	12,3076923
819	1,3076923
819	18,3076923
819	22,3076923
819	25,3076923
820	3,3076923
820	9,3076923
820	11,3076923
820	15,3076923
820	2,3076923
821	-18,6923077
821	-9,6923077
821	9,3076923
821	-6,6923077
822	25,3076923
822	11,3076923
822	-22,6923077
822	0,3076923
823	-1,6923077
823	-0,6923077
823	-8,6923077
823	-15,6923077
824	0,3076923
824	17,3076923
824	2,3076923
824	9,3076923
825	34,3076923
825	45,3076923
825	24,3076923
825	28,3076923
826	-1,6923077
826	27,3076923
826	6,3076923
826	22,3076923
827	4,3076923
827	8,3076923
827	-0,6923077
827	-9,6923077
828	-7,6923077
828	2,3076923
828	2,3076923
828	-6,6923077
829	29,3076923
829	30,3076923
829	28,3076923
829	16,3076923
830	16,3076923
830	30,3076923
830	-13,6923077
830	-6,6923077
831	32,3076923
831	31,3076923
831	6,3076923
831	13,3076923
832	18,3076923
832	6,3076923
832	6,3076923
832	16,3076923
833	42,3076923
833	2,3076923
833	-13,6923077
833	-6,6923077
834	28,3076923
834	12,3076923
834	-0,6923077
834	4,3076923
835	12,3076923
835	30,3076923
835	-11,6923077
835	30,3076923
836	17,3076923
836	-4,6923077
836	13,3076923
836	43,3076923
837	21,3076923
837	12,3076923
837	-16,6923077
837	1,3076923
838	-19,6923077
838	23,3076923
838	13,3076923
838	19,3076923
839	4,3076923
839	8,3076923
839	6,3076923
839	20,3076923
840	19,3076923
840	2,3076923
840	7,3076923
840	3,3076923
841	-1,6923077
841	27,3076923
841	18,3076923
841	13,3076923
842	10,3076923
842	48,3076923
842	3,3076923
842	18,3076923
843	9,3076923
843	16,3076923
843	-2,6923077
843	11,3076923
844	10,3076923
844	22,3076923
844	11,3076923
844	-8,6923077
845	-10,6923077
845	19,3076923
845	19,3076923
845	9,3076923
845	2,3076923
846	-14,6923077
846	5,3076923
846	11,3076923
846	5,3076923
847	4,3076923
847	-8,6923077
847	8,3076923
847	13,3076923
848	3,3076923
848	13,3076923
848	19,3076923
848	3,3076923
849	-3,6923077
849	1,3076923
849	19,3076923
849	10,3076923
850	20,3076923
850	9,3076923
850	27,3076923
850	46,3076923
851	8,3076923
851	-9,6923077
851	24,3076923
851	12,3076923
852	-17,6923077
852	-22,6923077
852	4,3076923
852	-5,6923077
853	21,3076923
853	2,3076923
853	-28,6923077
853	-2,6923077
854	10,3076923
854	7,3076923
854	1,3076923
854	27,3076923
855	1,3076923
855	25,3076923
855	8,3076923
855	8,3076923
856	4,3076923
856	21,3076923
856	4,3076923
856	1,3076923
857	-16,6923077
857	32,3076923
857	11,3076923
857	-17,6923077
858	21,3076923
858	1,3076923
858	6,3076923
858	7,3076923
859	13,3076923
859	-27,6923077
859	18,3076923
859	-2,6923077
860	14,3076923
860	-2,6923077
860	20,3076923
860	-2,6923077
861	-4,6923077
861	0,3076923
861	12,3076923
861	11,3076923
862	5,3076923
862	37,3076923
862	12,3076923
862	-6,6923077
863	20,3076923
863	4,3076923
863	14,3076923
863	20,3076923
864	22,3076923
864	-0,6923077
864	-2,6923077
864	2,3076923
864	7,3076923
865	10,3076923
865	8,3076923
865	-14,6923077
865	22,3076923
866	11,3076923
866	8,3076923
866	20,3076923
866	15,3076923
867	34,3076923
867	8,3076923
867	-0,6923077
867	26,3076923
868	-0,6923077
868	-14,6923077
868	13,3076923
868	10,3076923
869	13,3076923
869	26,3076923
869	1,3076923
869	-9,6923077
870	29,3076923
870	16,3076923
870	13,3076923
870	31,3076923
871	9,3076923
871	-5,6923077
871	7,3076923
871	-13,6923077
872	-16,6923077
872	-18,6923077
872	22,3076923
872	11,3076923
873	4,3076923
873	-0,6923077
873	-12,6923077
873	22,3076923
874	21,3076923
874	8,3076923
874	1,3076923
874	-3,6923077
875	-0,6923077
875	-18,6923077
875	-14,6923077
875	-7,6923077
876	-4,6923077
876	20,3076923
876	-4,6923077
876	-3,6923077
877	16,3076923
877	-5,6923077
877	5,3076923
877	25,3076923
878	18,3076923
878	-7,6923077
878	19,3076923
878	40,3076923
879	21,3076923
879	-27,6923077
879	-3,6923077
879	17,3076923
880	8,3076923
880	10,3076923
880	24,3076923
880	-1,6923077
880	6,3076923
881	21,3076923
881	20,3076923
881	-10,6923077
881	-17,6923077
882	4,3076923
882	12,3076923
882	14,3076923
882	-4,6923077
883	-4,6923077
883	-17,6923077
883	15,3076923
883	3,3076923
884	34,3076923
884	12,3076923
884	11,3076923
884	17,3076923
885	3,3076923
885	29,3076923
885	-5,6923077
885	16,3076923
886	-2,6923077
886	-2,6923077
886	17,3076923
886	1,3076923
887	17,3076923
887	25,3076923
887	-15,6923077
887	-14,6923077
888	9,3076923
888	-7,6923077
888	19,3076923
888	1,3076923
889	-5,6923077
889	30,3076923
889	-1,6923077
889	14,3076923
890	20,3076923
890	-25,6923077
890	31,3076923
890	5,3076923
891	-9,6923077
891	31,3076923
891	27,3076923
891	6,3076923
892	8,3076923
892	12,3076923
892	-3,6923077
892	41,3076923
893	30,3076923
893	-12,6923077
893	4,3076923
893	26,3076923
894	22,3076923
894	17,3076923
894	5,3076923
894	14,3076923
894	4,3076923
895	6,3076923
895	39,3076923
895	22,3076923
895	10,3076923
896	28,3076923
896	42,3076923
896	16,3076923
896	18,3076923
897	29,3076923
897	25,3076923
897	25,3076923
897	25,3076923
898	-3,6923077
898	29,3076923
898	-7,6923077
898	7,3076923
899	10,3076923
899	-10,6923077
899	0,3076923
899	7,3076923
900	20,3076923
900	32,3076923
900	11,3076923
900	19,3076923
901	40,3076923
901	16,3076923
901	15,3076923
901	-6,6923077
902	14,3076923
902	-16,6923077
902	0,3076923
902	-7,6923077
903	1,3076923
903	20,3076923
903	-5,6923077
903	13,3076923
904	7,3076923
904	14,3076923
904	9,3076923
904	19,3076923
905	-13,6923077
905	10,3076923
905	13,3076923
905	30,3076923
906	27,3076923
906	17,3076923
906	3,3076923
906	14,3076923
906	-12,6923077
907	16,3076923
907	33,3076923
907	0,3076923
907	11,3076923
908	10,3076923
908	20,3076923
908	30,3076923
908	-4,6923077
909	-5,6923077
909	-7,6923077
909	16,3076923
909	2,3076923
910	-6,6923077
910	14,3076923
910	14,3076923
910	12,3076923
911	7,3076923
911	0,3076923
911	0,3076923
911	4,3076923
912	-0,6923077
912	9,3076923
912	1,3076923
912	15,3076923
913	-0,6923077
913	-2,6923077
913	39,3076923
913	1,3076923
914	16,3076923
914	17,3076923
914	8,3076923
914	-2,6923077
915	-22,6923077
915	-20,6923077
915	20,3076923
915	17,3076923
916	18,3076923
916	12,3076923
916	36,3076923
916	22,3076923
917	4,3076923
917	26,3076923
917	17,3076923
917	1,3076923
917	-5,6923077
918	12,3076923
918	33,3076923
918	1,3076923
918	8,3076923
919	6,3076923
919	1,3076923
919	30,3076923
919	3,3076923
920	14,3076923
920	2,3076923
920	33,3076923
920	31,3076923
921	10,3076923
921	10,3076923
921	-17,6923077
921	-18,6923077
922	6,3076923
922	23,3076923
922	20,3076923
922	18,3076923
923	21,3076923
923	26,3076923
923	-2,6923077
923	17,3076923
924	21,3076923
924	-5,6923077
924	-5,6923077
924	-6,6923077
925	26,3076923
925	6,3076923
925	16,3076923
925	41,3076923
926	21,3076923
926	25,3076923
926	29,3076923
926	6,3076923
927	-0,6923077
927	4,3076923
927	4,3076923
927	32,3076923
928	-11,6923077
928	-2,6923077
928	-19,6923077
928	-2,6923077
928	19,3076923
929	34,3076923
929	2,3076923
929	28,3076923
929	1,3076923
930	-4,6923077
930	10,3076923
930	1,3076923
930	9,3076923
931	23,3076923
931	28,3076923
931	44,3076923
931	18,3076923
932	20,3076923
932	7,3076923
932	3,3076923
932	-18,6923077
933	19,3076923
933	2,3076923
933	11,3076923
933	2,3076923
934	5,3076923
934	34,3076923
934	24,3076923
934	2,3076923
935	24,3076923
935	13,3076923
935	-7,6923077
935	9,3076923
936	-15,6923077
936	31,3076923
936	-11,6923077
936	7,3076923
937	33,3076923
937	33,3076923
937	3,3076923
937	14,3076923
938	9,3076923
938	21,3076923
938	12,3076923
938	43,3076923
938	26,3076923
939	20,3076923
939	21,3076923
939	25,3076923
939	28,3076923
940	31,3076923
940	8,3076923
940	-25,6923077
940	-0,6923077
941	16,3076923
941	10,3076923
941	-6,6923077
941	-4,6923077
942	18,3076923
942	38,3076923
942	10,3076923
942	15,3076923
943	13,3076923
943	3,3076923
943	12,3076923
943	7,3076923
944	-15,6923077
944	17,3076923
944	-2,6923077
944	-5,6923077
945	2,3076923
945	0,3076923
945	-6,6923077
945	12,3076923
946	21,3076923
946	16,3076923
946	24,3076923
946	6,3076923
947	19,3076923
947	12,3076923
947	5,3076923
947	8,3076923
947	10,3076923
948	21,3076923
948	12,3076923
948	13,3076923
948	28,3076923
949	14,3076923
949	-14,6923077
949	10,3076923
949	25,3076923
950	23,3076923
950	17,3076923
950	8,3076923
950	1,3076923
951	-6,6923077
951	-6,6923077
951	26,3076923
951	-11,6923077
952	20,3076923
952	23,3076923
952	15,3076923
952	50,3076923
953	0,3076923
953	6,3076923
953	19,3076923
953	31,3076923
954	-16,6923077
954	10,3076923
954	13,3076923
954	1,3076923
955	0,3076923
955	8,3076923
955	-7,6923077
955	-9,6923077
956	6,3076923
956	18,3076923
956	15,3076923
956	-10,6923077
956	-2,6923077
957	52,3076923
957	21,3076923
957	-8,6923077
957	28,3076923
958	6,3076923
958	-2,6923077
958	6,3076923
958	31,3076923
959	-5,6923077
959	5,3076923
959	3,3076923
959	4,3076923
960	26,3076923
960	27,3076923
960	25,3076923
960	11,3076923
961	7,3076923
961	16,3076923
961	19,3076923
961	11,3076923
962	-0,6923077
962	-3,6923077
962	12,3076923
962	18,3076923
963	16,3076923
963	20,3076923
963	17,3076923
963	-16,6923077
964	1,3076923
964	36,3076923
964	12,3076923
964	-12,6923077
964	-19,6923077
965	4,3076923
965	2,3076923
965	11,3076923
965	-11,6923077
966	31,3076923
966	14,3076923
966	22,3076923
966	-1,6923077
967	-3,6923077
967	-15,6923077
967	33,3076923
967	7,3076923
968	2,3076923
968	18,3076923
968	-3,6923077
968	25,3076923
969	30,3076923
969	-14,6923077
969	11,3076923
969	0,3076923
970	-3,6923077
970	-28,6923077
970	8,3076923
970	19,3076923
971	23,3076923
971	2,3076923
971	12,3076923
971	17,3076923
972	13,3076923
972	-6,6923077
972	15,3076923
972	5,3076923
972	-14,6923077
973	-50,6923077
973	-23,6923077
973	6,3076923
973	3,3076923
974	-4,6923077
974	16,3076923
974	35,3076923
974	18,3076923
975	25,3076923
975	11,3076923
975	28,3076923
975	2,3076923
976	3,3076923
976	2,3076923
976	10,3076923
976	4,3076923
977	-14,6923077
977	-3,6923077
977	3,3076923
977	36,3076923
978	33,3076923
978	31,3076923
978	-15,6923077
978	36,3076923
979	20,3076923
979	23,3076923
979	34,3076923
979	29,3076923
980	-5,6923077
980	29,3076923
980	-0,6923077
980	-10,6923077
980	11,3076923
981	-8,6923077
981	29,3076923
981	40,3076923
981	-5,6923077
982	-26,6923077
982	-8,6923077
982	36,3076923
982	15,3076923
983	7,3076923
983	14,3076923
983	9,3076923
983	31,3076923
984	0,3076923
984	31,3076923
984	31,3076923
984	16,3076923
985	-4,6923077
985	4,3076923
985	4,3076923
985	30,3076923
986	7,3076923
986	-6,6923077
986	20,3076923
986	9,3076923
987	7,3076923
987	37,3076923
987	26,3076923
987	-9,6923077
988	11,3076923
988	18,3076923
988	-3,6923077
988	20,3076923
988	13,3076923
989	12,3076923
989	-5,6923077
989	9,3076923
989	19,3076923
990	12,3076923
990	-3,6923077
990	2,3076923
990	-14,6923077
991	-0,6923077
991	34,3076923
991	0,3076923
991	-3,6923077
992	15,3076923
992	7,3076923
992	21,3076923
992	7,3076923
993	1,3076923
993	-2,6923077
993	-17,6923077
993	15,3076923
994	11,3076923
994	-3,6923077
994	21,3076923
994	9,3076923
995	14,3076923
995	-1,6923077
995	16,3076923
995	43,3076923
995	23,3076923
996	13,3076923
996	26,3076923
996	49,3076923
996	24,3076923
997	10,3076923
997	-2,6923077
997	2,3076923
997	41,3076923
998	7,3076923
998	25,3076923
998	9,3076923
998	35,3076923
999	14,3076923
999	-6,6923077
999	19,3076923
999	-14,6923077
1000	-19,6923077
1000	14,3076923
1000	10,3076923
1000	-2,6923077
1001	27,3076923
1001	-7,6923077
1001	16,3076923
1001	16,3076923
1002	-1,6923077
1002	8,3076923
1002	20,3076923
1002	32,3076923
1002	10,3076923
1003	18,3076923
1003	18,3076923
1003	34,3076923
1003	14,3076923
1004	9,3076923
1004	10,3076923
1004	14,3076923
1004	40,3076923
1005	-3,6923077
1005	10,3076923
1005	33,3076923
1005	6,3076923
1006	-12,6923077
1006	17,3076923
1006	29,3076923
1006	8,3076923
1007	11,3076923
1007	2,3076923
1007	-26,6923077
1007	4,3076923
1008	-1,6923077
1008	33,3076923
1008	14,3076923
1008	6,3076923
1008	2,3076923
1009	20,3076923
1009	17,3076923
1009	29,3076923
1009	42,3076923
1010	22,3076923
1010	-13,6923077
1010	4,3076923
1010	11,3076923
1011	25,3076923
1011	6,3076923
1011	25,3076923
1011	26,3076923
1012	19,3076923
1012	6,3076923
1012	17,3076923
1012	14,3076923
1013	-3,6923077
1013	25,3076923
1013	35,3076923
1013	-1,6923077
1014	20,3076923
1014	-1,6923077
1014	-2,6923077
1014	7,3076923
1015	5,3076923
1015	7,3076923
1015	25,3076923
1015	10,3076923
1015	37,3076923
1016	44,3076923
1016	24,3076923
1016	14,3076923
1016	18,3076923
1017	7,3076923
1017	-4,6923077
1017	18,3076923
1017	17,3076923
1018	11,3076923
1018	25,3076923
1018	-7,6923077
1018	-11,6923077
1019	15,3076923
1019	23,3076923
1019	-2,6923077
1019	5,3076923
1020	-11,6923077
1020	5,3076923
1020	-9,6923077
1020	20,3076923
1021	13,3076923
1021	12,3076923
1021	2,3076923
1021	-15,6923077
1021	26,3076923
1022	8,3076923
1022	21,3076923
1022	26,3076923
1022	0,3076923
1023	-13,6923077
1023	14,3076923
1023	8,3076923
1023	20,3076923
1024	18,3076923
1024	-44,6923077
1024	7,3076923
1024	18,3076923
1025	28,3076923
1025	5,3076923
1025	-1,6923077
1025	28,3076923
1026	26,3076923
1026	19,3076923
1026	15,3076923
1026	15,3076923
1027	10,3076923
1027	-4,6923077
1027	38,3076923
1027	23,3076923
1027	3,3076923
1028	5,3076923
1028	-16,6923077
1028	7,3076923
1028	13,3076923
1029	-16,6923077
1029	4,3076923
1029	10,3076923
1029	3,3076923
1030	39,3076923
1030	17,3076923
1030	13,3076923
1030	11,3076923
1031	26,3076923
1031	-1,6923077
1031	22,3076923
1031	-2,6923077
1032	11,3076923
1032	30,3076923
1032	6,3076923
1032	11,3076923
1033	15,3076923
1033	33,3076923
1033	7,3076923
1033	17,3076923
1034	8,3076923
1034	-11,6923077
1034	3,3076923
1034	12,3076923
1034	-1,6923077
1035	24,3076923
1035	-4,6923077
1035	1,3076923
1035	10,3076923
1036	31,3076923
1036	24,3076923
1036	28,3076923
1036	3,3076923
1037	2,3076923
1037	9,3076923
1037	17,3076923
1037	36,3076923
1038	19,3076923
1038	-4,6923077
1038	11,3076923
1038	12,3076923
1039	-6,6923077
1039	10,3076923
1039	-3,6923077
1039	9,3076923
1039	-5,6923077
1040	-1,6923077
1040	-7,6923077
1040	7,3076923
1040	31,3076923
1041	10,3076923
1041	-0,6923077
1041	19,3076923
1041	34,3076923
1042	13,3076923
1042	15,3076923
1042	6,3076923
1042	14,3076923
1043	24,3076923
1043	65,3076923
1043	6,3076923
1043	3,3076923
1044	16,3076923
1044	-20,6923077
1044	21,3076923
1044	7,3076923
1045	7,3076923
1045	-0,6923077
1045	5,3076923
1045	-4,6923077
1045	-3,6923077
1046	-3,6923077
1046	-0,6923077
1046	-2,6923077
1046	13,3076923
1047	3,3076923
1047	38,3076923
1047	0,3076923
1047	31,3076923
1048	24,3076923
1048	16,3076923
1048	26,3076923
1048	6,3076923
1049	-22,6923077
1049	17,3076923
1049	7,3076923
1049	11,3076923
1050	-13,6923077
1050	15,3076923
1050	-4,6923077
1050	-5,6923077
1051	14,3076923
1051	12,3076923
1051	-8,6923077
1051	-8,6923077
1051	-2,6923077
1052	19,3076923
1052	20,3076923
1052	20,3076923
1052	-28,6923077
1053	-1,6923077
1053	2,3076923
1053	22,3076923
1053	14,3076923
1054	14,3076923
1054	20,3076923
1054	1,3076923
1054	2,3076923
1055	23,3076923
1055	2,3076923
1055	6,3076923
1055	12,3076923
1056	5,3076923
1056	2,3076923
1056	0,3076923
1056	3,3076923
1056	-1,6923077
1057	15,3076923
1057	6,3076923
1057	24,3076923
1057	21,3076923
1058	-7,6923077
1058	-3,6923077
1058	13,3076923
1058	39,3076923
1059	18,3076923
1059	9,3076923
1059	11,3076923
1059	-1,6923077
1060	28,3076923
1060	26,3076923
1060	14,3076923
1060	37,3076923
1061	13,3076923
1061	10,3076923
1061	12,3076923
1061	27,3076923
1062	23,3076923
1062	25,3076923
1062	1,3076923
1062	26,3076923
1062	29,3076923
1063	-5,6923077
1063	1,3076923
1063	6,3076923
1063	24,3076923
1064	11,3076923
1064	-5,6923077
1064	-6,6923077
1064	11,3076923
1065	12,3076923
1065	2,3076923
1065	-4,6923077
1065	37,3076923
1066	17,3076923
1066	27,3076923
1066	2,3076923
1066	14,3076923
1067	16,3076923
1067	19,3076923
1067	18,3076923
1067	11,3076923
1067	11,3076923
1068	-9,6923077
1068	42,3076923
1068	31,3076923
1068	26,3076923
1069	24,3076923
1069	3,3076923
1069	1,3076923
1069	19,3076923
1070	18,3076923
1070	-10,6923077
1070	12,3076923
1070	21,3076923
1071	2,3076923
1071	8,3076923
1071	29,3076923
1071	6,3076923
1072	9,3076923
1072	1,3076923
1072	-7,6923077
1072	-5,6923077
1072	44,3076923
1073	6,3076923
1073	14,3076923
1073	0,3076923
1073	-6,6923077
1074	2,3076923
1074	23,3076923
1074	20,3076923
1074	7,3076923
1075	19,3076923
1075	2,3076923
1075	31,3076923
1075	9,3076923
1076	19,3076923
1076	13,3076923
1076	12,3076923
1076	8,3076923
1077	12,3076923
1077	-18,6923077
1077	25,3076923
1077	16,3076923
1077	29,3076923
1078	18,3076923
1078	2,3076923
1078	21,3076923
1078	3,3076923
1079	30,3076923
1079	31,3076923
1079	-6,6923077
1079	40,3076923
1080	39,3076923
1080	1,3076923
1080	12,3076923
1080	11,3076923
1081	-6,6923077
1081	-2,6923077
1081	27,3076923
1081	26,3076923
1082	33,3076923
1082	5,3076923
1082	-8,6923077
1082	-6,6923077
1082	2,3076923
1083	20,3076923
1083	35,3076923
1083	30,3076923
1083	18,3076923
1084	29,3076923
1084	18,3076923
1084	25,3076923
1084	31,3076923
1085	35,3076923
1085	7,3076923
1085	21,3076923
1085	17,3076923
1086	-1,6923077
1086	-4,6923077
1086	12,3076923
1086	16,3076923
1087	20,3076923
1087	10,3076923
1087	-1,6923077
1087	16,3076923
1087	24,3076923
1088	-9,6923077
1088	12,3076923
1088	11,3076923
1088	3,3076923
1089	0,3076923
1089	11,3076923
1089	40,3076923
1089	27,3076923
1090	9,3076923
1090	19,3076923
1090	6,3076923
1090	22,3076923
1091	32,3076923
1091	23,3076923
1091	9,3076923
1091	24,3076923
1092	16,3076923
1092	7,3076923
1092	-3,6923077
1092	4,3076923
1092	-5,6923077
1093	-0,6923077
1093	9,3076923
1093	-5,6923077
1093	21,3076923
1094	15,3076923
1094	8,3076923
1094	0,3076923
1094	17,3076923
1095	15,3076923
1095	35,3076923
1095	-3,6923077
1095	23,3076923
1096	3,3076923
1096	-15,6923077
1096	-21,6923077
1096	14,3076923
1097	10,3076923
1097	4,3076923
1097	9,3076923
1097	35,3076923
1097	18,3076923
1098	41,3076923
1098	15,3076923
1098	10,3076923
1098	8,3076923
1099	32,3076923
1099	27,3076923
1099	13,3076923
1099	16,3076923
1100	-2,6923077
1100	5,3076923
1100	13,3076923
1100	-4,6923077
1101	16,3076923
1101	22,3076923
1101	45,3076923
1101	2,3076923
1101	9,3076923
1102	35,3076923
1102	29,3076923
1102	1,3076923
1102	5,3076923
1103	24,3076923
1103	0,3076923
1103	14,3076923
1103	27,3076923
1104	-2,6923077
1104	14,3076923
1104	1,3076923
1104	8,3076923
1105	22,3076923
1105	21,3076923
1105	23,3076923
1105	43,3076923
1106	34,3076923
1106	8,3076923
1106	-2,6923077
1106	-9,6923077
1106	-5,6923077
1107	10,3076923
1107	40,3076923
1107	16,3076923
1107	22,3076923
1108	-5,6923077
1108	17,3076923
1108	42,3076923
1108	18,3076923
1109	8,3076923
1109	24,3076923
1109	-11,6923077
1109	10,3076923
1110	19,3076923
1110	18,3076923
1110	14,3076923
1110	12,3076923
1110	19,3076923
1111	3,3076923
1111	31,3076923
1111	-12,6923077
1111	39,3076923
1112	20,3076923
1112	21,3076923
1112	36,3076923
1112	13,3076923
1113	-6,6923077
1113	0,3076923
1113	-1,6923077
1113	20,3076923
1114	21,3076923
1114	21,3076923
1114	12,3076923
1114	14,3076923
1115	13,3076923
1115	9,3076923
1115	1,3076923
1115	4,3076923
1115	15,3076923
1116	-4,6923077
1116	-3,6923077
1116	13,3076923
1116	-3,6923077
1117	15,3076923
1117	12,3076923
1117	3,3076923
1117	-8,6923077
1118	5,3076923
