196	-19,3846154
196	-19,3846154
196	-19,3846154
197	-26,3846154
197	5,6153846
197	19,6153846
197	14,6153846
198	13,6153846
198	1,6153846
198	-10,3846154
199	15,6153846
199	3,6153846
199	20,6153846
199	20,6153846
200	32,6153846
200	27,6153846
200	44,6153846
200	0,6153846
201	-8,3846154
201	10,6153846
201	8,6153846
201	-6,3846154
202	31,6153846
202	38,6153846
202	-38,3846154
203	1,6153846
203	15,6153846
203	40,6153846
203	0,6153846
204	5,6153846
204	22,6153846
204	-31,3846154
204	11,6153846
205	-0,3846154
205	-11,3846154
205	-4,3846154
205	25,6153846
206	-7,3846154
206	4,6153846
206	8,6153846
207	-5,3846154
207	-20,3846154
207	4,6153846
207	-12,3846154
208	-13,3846154
208	-20,3846154
208	2,6153846
208	-7,3846154
209	-4,3846154
209	3,6153846
209	-7,3846154
209	-23,3846154
210	13,6153846
210	-14,3846154
210	-5,3846154
211	-18,3846154
211	11,6153846
211	-17,3846154
211	-9,3846154
212	-11,3846154
212	-15,3846154
212	6,6153846
212	-5,3846154
213	26,6153846
213	-18,3846154
213	12,6153846
213	10,6153846
214	6,6153846
214	8,6153846
214	-2,3846154
215	6,6153846
215	-13,3846154
215	5,6153846
215	1,6153846
216	2,6153846
216	2,6153846
216	14,6153846
216	14,6153846
217	-10,3846154
217	-10,3846154
217	-11,3846154
217	18,6153846
218	-30,3846154
218	-22,3846154
218	-7,3846154
219	2,6153846
219	-18,3846154
219	31,6153846
219	6,6153846
220	4,6153846
220	-6,3846154
220	-2,3846154
220	-6,3846154
221	12,6153846
221	-3,3846154
221	1,6153846
221	-10,3846154
222	-8,3846154
222	13,6153846
222	7,6153846
223	29,6153846
223	-4,3846154
223	5,6153846
223	-22,3846154
224	5,6153846
224	-19,3846154
224	-13,3846154
224	-19,3846154
225	18,6153846
225	24,6153846
225	13,6153846
225	4,6153846
226	-8,3846154
226	-5,3846154
226	9,6153846
227	18,6153846
227	20,6153846
227	-3,3846154
227	17,6153846
228	-19,3846154
228	-8,3846154
228	14,6153846
228	8,6153846
229	-3,3846154
229	-11,3846154
229	-1,3846154
229	6,6153846
230	2,6153846
230	-11,3846154
230	-12,3846154
231	-16,3846154
231	9,6153846
231	-23,3846154
231	25,6153846
232	22,6153846
232	13,6153846
232	10,6153846
232	1,6153846
233	-20,3846154
233	6,6153846
233	-1,3846154
233	-15,3846154
234	-17,3846154
234	29,6153846
234	-0,3846154
235	34,6153846
235	23,6153846
235	8,6153846
235	28,6153846
236	-0,3846154
236	-1,3846154
236	-24,3846154
236	-25,3846154
237	12,6153846
237	-9,3846154
237	6,6153846
237	6,6153846
238	30,6153846
238	10,6153846
238	13,6153846
239	-10,3846154
239	-7,3846154
239	-17,3846154
239	0,6153846
240	7,6153846
240	-6,3846154
240	-10,3846154
240	11,6153846
241	9,6153846
241	13,6153846
241	20,6153846
241	32,6153846
242	-13,3846154
242	-22,3846154
242	-17,3846154
243	-2,3846154
243	10,6153846
243	-8,3846154
243	7,6153846
244	-14,3846154
244	-14,3846154
244	15,6153846
244	0,6153846
245	15,6153846
245	4,6153846
245	-5,3846154
245	-20,3846154
246	-27,3846154
246	18,6153846
246	-15,3846154
247	-14,3846154
247	-4,3846154
247	20,6153846
247	6,6153846
248	9,6153846
248	11,6153846
248	27,6153846
248	4,6153846
249	16,6153846
249	-14,3846154
249	-17,3846154
249	14,6153846
250	2,6153846
250	13,6153846
250	13,6153846
251	-18,3846154
251	3,6153846
251	17,6153846
251	-35,3846154
252	-9,3846154
252	7,6153846
252	32,6153846
252	-2,3846154
253	-11,3846154
253	3,6153846
253	-18,3846154
253	21,6153846
254	-6,3846154
254	-3,3846154
254	-2,3846154
254	-3,3846154
255	-27,3846154
255	7,6153846
255	-8,3846154
256	-18,3846154
256	-33,3846154
256	14,6153846
256	20,6153846
257	-0,3846154
257	-9,3846154
257	20,6153846
257	10,6153846
258	27,6153846
258	-1,3846154
258	8,6153846
258	-8,3846154
259	21,6153846
259	8,6153846
259	-4,3846154
260	-15,3846154
260	-25,3846154
260	-7,3846154
260	-13,3846154
261	-0,3846154
261	0,6153846
261	5,6153846
261	4,6153846
262	-14,3846154
262	8,6153846
262	-5,3846154
262	-19,3846154
263	23,6153846
263	18,6153846
263	10,6153846
264	11,6153846
264	13,6153846
264	-18,3846154
264	22,6153846
265	3,6153846
265	7,6153846
265	-11,3846154
265	-14,3846154
266	-6,3846154
266	-4,3846154
266	-23,3846154
266	-29,3846154
267	8,6153846
267	10,6153846
267	22,6153846
268	14,6153846
268	21,6153846
268	6,6153846
268	31,6153846
269	-2,3846154
269	24,6153846
269	-32,3846154
269	-5,3846154
270	-3,3846154
270	-12,3846154
270	-9,3846154
270	1,6153846
271	-8,3846154
271	8,6153846
271	5,6153846
271	-13,3846154
272	-7,3846154
272	12,6153846
272	-10,3846154
273	10,6153846
273	-8,3846154
273	-16,3846154
273	-17,3846154
274	-8,3846154
274	-18,3846154
274	4,6153846
274	1,6153846
275	29,6153846
275	6,6153846
275	-8,3846154
275	6,6153846
276	12,6153846
276	12,6153846
276	-13,3846154
277	-11,3846154
277	31,6153846
277	14,6153846
277	-3,3846154
278	-5,3846154
278	29,6153846
278	7,6153846
278	-0,3846154
279	0,6153846
279	-4,3846154
279	7,6153846
279	18,6153846
280	-4,3846154
280	7,6153846
280	-20,3846154
280	-21,3846154
281	-11,3846154
281	5,6153846
281	-8,3846154
282	-1,3846154
282	1,6153846
282	0,6153846
282	-17,3846154
283	-24,3846154
283	-33,3846154
283	-9,3846154
283	5,6153846
284	-14,3846154
284	-11,3846154
284	-18,3846154
284	-13,3846154
285	-14,3846154
285	-15,3846154
285	1,6153846
286	19,6153846
286	5,6153846
286	-15,3846154
286	-13,3846154
287	-12,3846154
287	-7,3846154
287	-12,3846154
287	0,6153846
288	-7,3846154
288	-7,3846154
288	4,6153846
288	-7,3846154
289	5,6153846
289	-8,3846154
289	11,6153846
290	7,6153846
290	-19,3846154
290	4,6153846
290	-6,3846154
291	16,6153846
291	7,6153846
291	-17,3846154
291	-7,3846154
292	12,6153846
292	-14,3846154
292	-10,3846154
292	21,6153846
293	18,6153846
293	0,6153846
293	31,6153846
293	32,6153846
294	9,6153846
294	-12,3846154
294	-4,3846154
295	15,6153846
295	20,6153846
295	0,6153846
295	2,6153846
296	-19,3846154
296	-16,3846154
296	1,6153846
296	-4,3846154
297	-37,3846154
297	8,6153846
297	-0,3846154
297	0,6153846
298	20,6153846
298	-4,3846154
298	13,6153846
299	-0,3846154
299	16,6153846
299	16,6153846
299	-11,3846154
300	-26,3846154
300	-15,3846154
300	-25,3846154
300	18,6153846
301	-22,3846154
301	-14,3846154
301	-38,3846154
301	-20,3846154
302	-26,3846154
302	-11,3846154
302	16,6153846
302	18,6153846
303	36,6153846
303	-3,3846154
303	3,6153846
304	-13,3846154
304	13,6153846
304	0,6153846
304	-8,3846154
305	12,6153846
305	27,6153846
305	9,6153846
305	-8,3846154
306	-4,3846154
306	-19,3846154
306	1,6153846
306	19,6153846
307	15,6153846
307	24,6153846
307	9,6153846
307	-9,3846154
308	-2,3846154
308	12,6153846
308	22,6153846
309	13,6153846
309	13,6153846
309	-0,3846154
309	3,6153846
310	8,6153846
310	-15,3846154
310	-1,3846154
310	-25,3846154
311	18,6153846
311	43,6153846
311	28,6153846
311	2,6153846
312	7,6153846
312	32,6153846
312	4,6153846
313	18,6153846
313	36,6153846
313	-7,3846154
313	-6,3846154
314	-0,3846154
314	1,6153846
314	4,6153846
314	20,6153846
315	22,6153846
315	16,6153846
315	14,6153846
315	20,6153846
316	21,6153846
316	19,6153846
316	24,6153846
316	-10,3846154
317	18,6153846
317	-20,3846154
317	-6,3846154
318	19,6153846
318	9,6153846
318	17,6153846
318	8,6153846
319	6,6153846
319	-3,3846154
319	4,6153846
319	30,6153846
320	27,6153846
320	14,6153846
320	8,6153846
320	1,6153846
321	4,6153846
321	-0,3846154
321	-5,3846154
321	12,6153846
322	4,6153846
322	-5,3846154
322	-14,3846154
323	-10,3846154
323	23,6153846
323	-5,3846154
323	-0,3846154
324	-4,3846154
324	6,6153846
324	-25,3846154
324	-15,3846154
325	-10,3846154
325	-11,3846154
325	-7,3846154
325	4,6153846
326	0,6153846
326	-39,3846154
326	3,6153846
327	-6,3846154
327	18,6153846
327	21,6153846
327	-20,3846154
328	15,6153846
328	-7,3846154
328	9,6153846
328	14,6153846
329	1,6153846
329	-14,3846154
329	-4,3846154
329	25,6153846
330	-0,3846154
330	0,6153846
330	12,6153846
330	10,6153846
331	-25,3846154
331	1,6153846
331	8,6153846
332	8,6153846
332	20,6153846
332	23,6153846
332	24,6153846
333	5,6153846
333	16,6153846
333	35,6153846
333	-1,3846154
334	1,6153846
334	26,6153846
334	28,6153846
334	10,6153846
335	11,6153846
335	2,6153846
335	7,6153846
335	24,6153846
336	22,6153846
336	48,6153846
336	33,6153846
337	4,6153846
337	54,6153846
337	16,6153846
337	0,6153846
338	13,6153846
338	15,6153846
338	19,6153846
338	21,6153846
339	26,6153846
339	20,6153846
339	34,6153846
339	41,6153846
340	10,6153846
340	24,6153846
340	0,6153846
340	3,6153846
341	0,6153846
341	-3,3846154
341	18,6153846
342	4,6153846
342	14,6153846
342	29,6153846
342	5,6153846
343	17,6153846
343	30,6153846
343	-7,3846154
343	15,6153846
344	18,6153846
344	12,6153846
344	24,6153846
344	15,6153846
345	-7,3846154
345	13,6153846
345	8,6153846
345	16,6153846
346	6,6153846
346	9,6153846
346	-3,3846154
347	27,6153846
347	0,6153846
347	-17,3846154
347	5,6153846
348	-10,3846154
348	6,6153846
348	32,6153846
348	-4,3846154
349	19,6153846
349	-11,3846154
349	16,6153846
349	16,6153846
350	3,6153846
350	3,6153846
350	30,6153846
350	22,6153846
351	6,6153846
351	-18,3846154
351	-6,3846154
352	-3,3846154
352	25,6153846
352	37,6153846
352	39,6153846
353	27,6153846
353	39,6153846
353	24,6153846
353	34,6153846
354	-0,3846154
354	27,6153846
354	37,6153846
354	29,6153846
355	24,6153846
355	16,6153846
355	11,6153846
355	-16,3846154
356	-6,3846154
356	20,6153846
356	26,6153846
357	18,6153846
357	4,6153846
357	20,6153846
357	16,6153846
358	29,6153846
358	32,6153846
358	38,6153846
358	28,6153846
359	4,6153846
359	1,6153846
359	5,6153846
359	34,6153846
360	12,6153846
360	23,6153846
360	23,6153846
360	17,6153846
361	17,6153846
361	-13,3846154
361	10,6153846
362	16,6153846
362	28,6153846
362	12,6153846
362	17,6153846
363	6,6153846
363	9,6153846
363	-1,3846154
363	-4,3846154
364	2,6153846
364	-6,3846154
364	4,6153846
364	26,6153846
365	30,6153846
365	17,6153846
365	-1,3846154
365	8,6153846
366	-5,3846154
366	-15,3846154
366	13,6153846
367	11,6153846
367	7,6153846
367	25,6153846
367	0,6153846
368	-20,3846154
368	-2,3846154
368	-8,3846154
368	-10,3846154
369	-10,3846154
369	-6,3846154
369	-15,3846154
369	6,6153846
370	9,6153846
370	-8,3846154
370	-2,3846154
370	15,6153846
371	-4,3846154
371	3,6153846
371	15,6153846
371	11,6153846
372	18,6153846
372	3,6153846
372	-1,3846154
373	21,6153846
373	26,6153846
373	1,6153846
373	1,6153846
374	13,6153846
374	16,6153846
374	13,6153846
374	3,6153846
375	19,6153846
375	17,6153846
375	1,6153846
375	31,6153846
376	29,6153846
376	8,6153846
376	22,6153846
376	26,6153846
377	7,6153846
377	-9,3846154
377	34,6153846
378	9,6153846
378	10,6153846
378	23,6153846
378	2,6153846
379	11,6153846
379	2,6153846
379	16,6153846
379	23,6153846
380	9,6153846
380	9,6153846
380	4,6153846
380	-1,3846154
381	9,6153846
381	-2,3846154
381	23,6153846
381	-3,3846154
382	17,6153846
382	-17,3846154
382	7,6153846
383	-8,3846154
383	-4,3846154
383	23,6153846
383	28,6153846
384	4,6153846
384	8,6153846
384	14,6153846
384	18,6153846
385	11,6153846
385	-7,3846154
385	-4,3846154
385	-1,3846154
386	11,6153846
386	15,6153846
386	-2,3846154
386	3,6153846
387	19,6153846
387	-25,3846154
387	-11,3846154
387	-11,3846154
388	-8,3846154
388	2,6153846
388	20,6153846
389	-13,3846154
389	-18,3846154
389	-15,3846154
389	19,6153846
390	11,6153846
390	-5,3846154
390	-9,3846154
390	-1,3846154
391	-4,3846154
391	15,6153846
391	2,6153846
391	-6,3846154
392	-0,3846154
392	-5,3846154
392	-18,3846154
392	13,6153846
393	-15,3846154
393	-0,3846154
393	24,6153846
394	18,6153846
394	11,6153846
394	8,6153846
394	31,6153846
395	1,6153846
395	12,6153846
395	11,6153846
395	1,6153846
396	-6,3846154
396	14,6153846
396	-23,3846154
396	21,6153846
397	6,6153846
397	12,6153846
397	2,6153846
397	1,6153846
398	21,6153846
398	2,6153846
398	-6,3846154
398	-3,3846154
399	-9,3846154
399	8,6153846
399	4,6153846
400	9,6153846
400	0,6153846
400	-1,3846154
400	8,6153846
401	2,6153846
401	21,6153846
401	-8,3846154
401	7,6153846
402	18,6153846
402	-11,3846154
402	18,6153846
402	-10,3846154
403	0,6153846
403	33,6153846
403	-14,3846154
403	-23,3846154
404	-11,3846154
404	17,6153846
404	11,6153846
405	0,6153846
405	18,6153846
405	25,6153846
405	9,6153846
406	-3,3846154
406	4,6153846
406	-9,3846154
406	-4,3846154
407	-4,3846154
407	-9,3846154
407	-2,3846154
407	3,6153846
408	-9,3846154
408	-2,3846154
408	-36,3846154
408	-8,3846154
409	10,6153846
409	-24,3846154
409	12,6153846
409	-2,3846154
410	14,6153846
410	-8,3846154
410	15,6153846
411	-13,3846154
411	5,6153846
411	1,6153846
411	-14,3846154
412	-4,3846154
412	16,6153846
412	5,6153846
412	8,6153846
413	-20,3846154
413	-18,3846154
413	-0,3846154
413	-5,3846154
414	-7,3846154
414	3,6153846
414	3,6153846
414	-10,3846154
415	16,6153846
415	17,6153846
415	7,6153846
415	6,6153846
416	-6,3846154
416	-7,3846154
416	2,6153846
417	25,6153846
417	-5,3846154
417	-21,3846154
417	-1,3846154
418	2,6153846
418	8,6153846
418	-7,3846154
418	-21,3846154
419	-4,3846154
419	9,6153846
419	9,6153846
419	-6,3846154
420	4,6153846
420	-4,3846154
420	14,6153846
420	11,6153846
421	22,6153846
421	0,6153846
421	6,6153846
421	-6,3846154
422	-2,3846154
422	-1,3846154
422	-7,3846154
423	21,6153846
423	-0,3846154
423	15,6153846
423	-3,3846154
424	17,6153846
424	-23,3846154
424	0,6153846
424	16,6153846
425	16,6153846
425	-16,3846154
425	-7,3846154
425	-1,3846154
426	-17,3846154
426	-7,3846154
426	19,6153846
426	16,6153846
427	8,6153846
427	6,6153846
427	-4,3846154
427	8,6153846
428	-4,3846154
428	29,6153846
428	-15,3846154
429	-0,3846154
429	2,6153846
429	-1,3846154
429	25,6153846
430	-9,3846154
430	-2,3846154
430	-9,3846154
430	-6,3846154
431	23,6153846
431	-17,3846154
431	0,6153846
431	10,6153846
432	2,6153846
432	-1,3846154
432	-4,3846154
432	18,6153846
433	-13,3846154
433	8,6153846
433	4,6153846
433	11,6153846
434	5,6153846
434	4,6153846
434	10,6153846
435	-16,3846154
435	-11,3846154
435	2,6153846
435	7,6153846
436	9,6153846
436	13,6153846
436	-4,3846154
436	-3,3846154
437	-0,3846154
437	5,6153846
437	-0,3846154
437	-8,3846154
438	-0,3846154
438	2,6153846
438	38,6153846
438	6,6153846
439	10,6153846
439	-25,3846154
439	5,6153846
439	14,6153846
440	0,6153846
440	-12,3846154
440	19,6153846
441	-9,3846154
441	-18,3846154
441	9,6153846
441	29,6153846
442	2,6153846
442	18,6153846
442	2,6153846
442	9,6153846
443	16,6153846
443	-0,3846154
443	-3,3846154
443	-17,3846154
444	-30,3846154
444	15,6153846
444	-10,3846154
444	4,6153846
445	-11,3846154
445	-14,3846154
445	18,6153846
445	10,6153846
446	-16,3846154
446	-21,3846154
446	5,6153846
447	12,6153846
447	-2,3846154
447	18,6153846
447	-2,3846154
448	9,6153846
448	-30,3846154
448	-22,3846154
448	1,6153846
449	14,6153846
449	-5,3846154
449	-7,3846154
449	17,6153846
450	7,6153846
450	-7,3846154
450	-3,3846154
450	-13,3846154
451	11,6153846
451	-11,3846154
451	-2,3846154
451	17,6153846
452	1,6153846
452	-24,3846154
452	0,6153846
452	6,6153846
453	-19,3846154
453	-7,3846154
453	-14,3846154
454	-5,3846154
454	6,6153846
454	9,6153846
454	23,6153846
455	6,6153846
455	9,6153846
455	-3,3846154
455	-16,3846154
456	4,6153846
456	6,6153846
456	-11,3846154
456	24,6153846
457	-12,3846154
457	7,6153846
457	14,6153846
457	0,6153846
458	-7,3846154
458	-3,3846154
458	2,6153846
458	20,6153846
459	-21,3846154
459	-10,3846154
459	20,6153846
460	23,6153846
460	-4,3846154
460	29,6153846
460	-12,3846154
461	-21,3846154
461	-11,3846154
461	2,6153846
461	13,6153846
462	-4,3846154
462	-26,3846154
462	-12,3846154
462	-0,3846154
463	6,6153846
463	-25,3846154
463	-2,3846154
463	1,6153846
464	-16,3846154
464	29,6153846
464	-12,3846154
464	-10,3846154
465	-11,3846154
465	20,6153846
465	5,6153846
465	4,6153846
466	8,6153846
466	10,6153846
466	6,6153846
467	1,6153846
467	4,6153846
467	7,6153846
467	-9,3846154
468	9,6153846
468	31,6153846
468	-5,3846154
468	-9,3846154
469	19,6153846
469	-3,3846154
469	-15,3846154
469	8,6153846
470	16,6153846
470	-1,3846154
470	12,6153846
470	-7,3846154
471	8,6153846
471	4,6153846
471	21,6153846
471	13,6153846
472	-6,3846154
472	24,6153846
472	10,6153846
472	19,6153846
473	-14,3846154
473	19,6153846
473	30,6153846
474	12,6153846
474	14,6153846
474	25,6153846
474	-5,3846154
475	-11,3846154
475	10,6153846
475	6,6153846
475	23,6153846
476	-5,3846154
476	27,6153846
476	-5,3846154
476	19,6153846
477	7,6153846
477	8,6153846
477	4,6153846
477	3,6153846
478	-18,3846154
478	-21,3846154
478	-6,3846154
478	9,6153846
479	-15,3846154
479	-4,3846154
479	1,6153846
479	-10,3846154
480	11,6153846
480	-13,3846154
480	5,6153846
481	3,6153846
481	19,6153846
481	11,6153846
481	-18,3846154
482	28,6153846
482	-8,3846154
482	-2,3846154
482	13,6153846
483	-24,3846154
483	7,6153846
483	7,6153846
483	3,6153846
484	1,6153846
484	27,6153846
484	24,6153846
484	-6,3846154
485	7,6153846
485	13,6153846
485	-5,3846154
485	-8,3846154
486	-21,3846154
486	2,6153846
486	5,6153846
486	-2,3846154
487	-22,3846154
487	16,6153846
487	9,6153846
488	-1,3846154
488	4,6153846
488	-18,3846154
488	3,6153846
489	-2,3846154
489	-2,3846154
489	3,6153846
489	17,6153846
490	19,6153846
490	-4,3846154
490	-7,3846154
490	5,6153846
491	-15,3846154
491	11,6153846
491	-29,3846154
491	-5,3846154
492	-13,3846154
492	-3,3846154
492	3,6153846
492	0,6153846
493	7,6153846
493	-14,3846154
493	-6,3846154
493	-15,3846154
494	-2,3846154
494	3,6153846
494	3,6153846
495	2,6153846
495	3,6153846
495	16,6153846
495	8,6153846
496	33,6153846
496	-11,3846154
496	2,6153846
496	-6,3846154
497	-11,3846154
497	15,6153846
497	11,6153846
497	9,6153846
498	18,6153846
498	0,6153846
498	-7,3846154
498	-13,3846154
499	4,6153846
499	4,6153846
499	6,6153846
499	39,6153846
500	40,6153846
500	12,6153846
500	-7,3846154
500	-3,3846154
501	-4,3846154
501	-7,3846154
501	-1,3846154
502	-2,3846154
502	-25,3846154
502	-9,3846154
502	-6,3846154
503	-3,3846154
503	-1,3846154
503	23,6153846
503	1,6153846
504	8,6153846
504	-1,3846154
504	-10,3846154
504	13,6153846
505	-7,3846154
505	-11,3846154
505	6,6153846
505	5,6153846
506	6,6153846
506	3,6153846
506	-18,3846154
506	3,6153846
507	-10,3846154
507	-6,3846154
507	14,6153846
507	-22,3846154
508	-5,3846154
508	16,6153846
508	14,6153846
508	16,6153846
509	6,6153846
509	18,6153846
509	-0,3846154
510	-6,3846154
510	10,6153846
510	-6,3846154
510	9,6153846
511	40,6153846
511	25,6153846
511	-13,3846154
511	-13,3846154
512	7,6153846
512	-4,3846154
512	4,6153846
512	-4,3846154
513	-31,3846154
513	-4,3846154
513	9,6153846
513	-25,3846154
514	-11,3846154
514	4,6153846
514	-5,3846154
514	2,6153846
515	-0,3846154
515	11,6153846
515	-15,3846154
515	17,6153846
516	0,6153846
516	26,6153846
516	15,6153846
516	-16,3846154
517	-7,3846154
517	-6,3846154
517	-16,3846154
518	2,6153846
518	-1,3846154
518	12,6153846
518	-2,3846154
519	29,6153846
519	11,6153846
519	1,6153846
519	36,6153846
520	-12,3846154
520	1,6153846
520	31,6153846
520	24,6153846
521	9,6153846
521	-4,3846154
521	14,6153846
521	24,6153846
522	15,6153846
522	8,6153846
522	11,6153846
522	17,6153846
523	28,6153846
523	13,6153846
523	5,6153846
523	-1,3846154
524	-7,3846154
524	-13,3846154
524	12,6153846
524	-4,3846154
525	16,6153846
525	2,6153846
525	22,6153846
526	6,6153846
526	29,6153846
526	15,6153846
526	13,6153846
527	-5,3846154
527	8,6153846
527	4,6153846
527	-5,3846154
528	14,6153846
528	-2,3846154
528	0,6153846
528	18,6153846
529	45,6153846
529	-26,3846154
529	-29,3846154
529	12,6153846
530	11,6153846
530	-12,3846154
530	6,6153846
530	2,6153846
531	11,6153846
531	16,6153846
531	24,6153846
531	-3,3846154
532	6,6153846
532	14,6153846
532	3,6153846
532	11,6153846
533	-26,3846154
533	0,6153846
533	11,6153846
534	10,6153846
534	18,6153846
534	18,6153846
534	14,6153846
535	-6,3846154
535	-12,3846154
535	18,6153846
535	7,6153846
536	20,6153846
536	38,6153846
536	-13,3846154
536	-16,3846154
537	-6,3846154
537	9,6153846
537	8,6153846
537	4,6153846
538	-19,3846154
538	-28,3846154
538	7,6153846
538	10,6153846
539	11,6153846
539	9,6153846
539	-12,3846154
539	7,6153846
540	0,6153846
540	3,6153846
540	14,6153846
540	-23,3846154
541	-11,3846154
541	-20,3846154
541	11,6153846
541	7,6153846
542	17,6153846
542	-14,3846154
542	12,6153846
543	-5,3846154
543	-6,3846154
543	-5,3846154
543	50,6153846
544	-11,3846154
544	-18,3846154
544	-18,3846154
544	12,6153846
545	-22,3846154
545	16,6153846
545	5,6153846
545	-10,3846154
546	-9,3846154
546	-5,3846154
546	-0,3846154
546	6,6153846
547	-2,3846154
547	5,6153846
547	2,6153846
547	-13,3846154
548	15,6153846
548	27,6153846
548	-1,3846154
548	7,6153846
549	14,6153846
549	50,6153846
549	9,6153846
549	-12,3846154
550	12,6153846
550	9,6153846
550	14,6153846
550	-14,3846154
551	-16,3846154
551	11,6153846
551	15,6153846
552	-6,3846154
552	10,6153846
552	3,6153846
552	-5,3846154
553	15,6153846
553	-6,3846154
553	-4,3846154
553	-8,3846154
554	11,6153846
554	-0,3846154
554	-9,3846154
554	-30,3846154
555	12,6153846
555	30,6153846
555	0,6153846
555	-3,3846154
556	0,6153846
556	16,6153846
556	6,6153846
556	17,6153846
557	37,6153846
557	20,6153846
557	-29,3846154
557	1,6153846
558	-16,3846154
558	-35,3846154
558	23,6153846
558	-9,3846154
559	10,6153846
559	-4,3846154
559	4,6153846
559	2,6153846
560	1,6153846
560	-6,3846154
560	3,6153846
561	19,6153846
561	2,6153846
561	-17,3846154
561	-10,3846154
562	-3,3846154
562	12,6153846
562	19,6153846
562	6,6153846
563	1,6153846
563	0,6153846
563	6,6153846
563	6,6153846
564	8,6153846
564	-6,3846154
564	-2,3846154
564	2,6153846
565	16,6153846
565	16,6153846
565	-1,3846154
565	0,6153846
566	17,6153846
566	-11,3846154
566	-7,3846154
566	8,6153846
567	-0,3846154
567	-28,3846154
567	-14,3846154
567	-21,3846154
568	-31,3846154
568	-2,3846154
568	-1,3846154
568	-9,3846154
569	-16,3846154
569	6,6153846
569	-5,3846154
569	2,6153846
570	-8,3846154
570	-14,3846154
570	14,6153846
571	-0,3846154
571	11,6153846
571	-15,3846154
571	19,6153846
572	-6,3846154
572	-4,3846154
572	3,6153846
572	4,6153846
573	7,6153846
573	-1,3846154
573	-4,3846154
573	-14,3846154
574	3,6153846
574	7,6153846
574	5,6153846
574	11,6153846
575	-1,3846154
575	-24,3846154
575	5,6153846
575	-15,3846154
576	9,6153846
576	-3,3846154
576	22,6153846
576	-13,3846154
577	-11,3846154
577	5,6153846
577	2,6153846
577	-6,3846154
578	-9,3846154
578	2,6153846
578	-17,3846154
578	-7,3846154
579	18,6153846
579	-12,3846154
579	-9,3846154
579	-13,3846154
580	19,6153846
580	12,6153846
580	-3,3846154
581	42,6153846
581	-2,3846154
581	14,6153846
581	-6,3846154
582	-29,3846154
582	12,6153846
582	23,6153846
582	-10,3846154
583	-23,3846154
583	0,6153846
583	-0,3846154
583	-0,3846154
584	1,6153846
584	1,6153846
584	5,6153846
584	29,6153846
585	20,6153846
585	-9,3846154
585	32,6153846
585	2,6153846
586	-6,3846154
586	-2,3846154
586	11,6153846
586	-6,3846154
587	12,6153846
587	-23,3846154
587	11,6153846
587	-17,3846154
588	5,6153846
588	-2,3846154
588	0,6153846
588	-8,3846154
589	11,6153846
589	-17,3846154
589	-11,3846154
589	-35,3846154
590	-1,3846154
590	5,6153846
590	-16,3846154
590	24,6153846
591	10,6153846
591	5,6153846
591	-24,3846154
592	-0,3846154
592	-0,3846154
592	4,6153846
592	13,6153846
593	22,6153846
593	-27,3846154
593	-22,3846154
593	4,6153846
594	35,6153846
594	5,6153846
594	-0,3846154
594	-6,3846154
595	-13,3846154
595	-32,3846154
595	12,6153846
595	0,6153846
596	15,6153846
596	4,6153846
596	-11,3846154
596	25,6153846
597	8,6153846
597	15,6153846
597	11,6153846
597	-0,3846154
598	-15,3846154
598	-13,3846154
598	-31,3846154
598	0,6153846
599	0,6153846
599	-5,3846154
599	-10,3846154
599	-15,3846154
600	6,6153846
600	1,6153846
600	-7,3846154
600	-2,3846154
601	-23,3846154
601	1,6153846
601	2,6153846
601	-13,3846154
602	-3,3846154
602	-34,3846154
602	13,6153846
603	11,6153846
603	7,6153846
603	34,6153846
603	10,6153846
604	7,6153846
604	-2,3846154
604	-15,3846154
604	-12,3846154
605	15,6153846
605	19,6153846
605	12,6153846
605	-4,3846154
606	-13,3846154
606	13,6153846
606	28,6153846
606	22,6153846
607	-3,3846154
607	-7,3846154
607	3,6153846
607	-0,3846154
608	-4,3846154
608	1,6153846
608	-2,3846154
608	10,6153846
609	-9,3846154
609	3,6153846
609	7,6153846
609	-24,3846154
610	-23,3846154
610	-9,3846154
610	-9,3846154
610	-4,3846154
611	-6,3846154
611	-2,3846154
611	-2,3846154
611	-6,3846154
612	4,6153846
612	1,6153846
612	24,6153846
612	17,6153846
613	22,6153846
613	12,6153846
613	7,6153846
613	-4,3846154
614	14,6153846
614	2,6153846
614	-4,3846154
614	5,6153846
615	-15,3846154
615	17,6153846
615	-1,3846154
616	-15,3846154
616	-6,3846154
616	3,6153846
616	-8,3846154
617	2,6153846
617	-1,3846154
617	1,6153846
617	-25,3846154
618	1,6153846
618	8,6153846
618	6,6153846
618	1,6153846
619	-3,3846154
619	21,6153846
619	-12,3846154
619	-3,3846154
620	11,6153846
620	6,6153846
620	-0,3846154
620	-7,3846154
621	-4,3846154
621	13,6153846
621	-6,3846154
621	4,6153846
622	4,6153846
622	-0,3846154
622	-12,3846154
622	1,6153846
623	-25,3846154
623	-7,3846154
623	0,6153846
623	15,6153846
624	-4,3846154
624	-5,3846154
624	1,6153846
624	-4,3846154
625	8,6153846
625	23,6153846
625	-14,3846154
625	-13,3846154
626	6,6153846
626	0,6153846
626	13,6153846
626	4,6153846
627	9,6153846
627	5,6153846
627	11,6153846
627	21,6153846
628	-4,3846154
628	3,6153846
628	4,6153846
629	-12,3846154
629	8,6153846
629	-9,3846154
629	-2,3846154
630	11,6153846
630	-13,3846154
630	5,6153846
630	-7,3846154
631	-7,3846154
631	-4,3846154
631	-7,3846154
631	5,6153846
632	3,6153846
632	-3,3846154
632	-0,3846154
632	-0,3846154
633	3,6153846
633	8,6153846
633	2,6153846
633	5,6153846
634	-17,3846154
634	-28,3846154
634	-15,3846154
634	-17,3846154
635	-10,3846154
635	-10,3846154
635	-31,3846154
635	19,6153846
636	4,6153846
636	-11,3846154
636	-0,3846154
636	-17,3846154
637	-6,3846154
637	14,6153846
637	1,6153846
637	-2,3846154
638	6,6153846
638	-11,3846154
638	3,6153846
638	-0,3846154
639	-2,3846154
639	-18,3846154
639	3,6153846
639	9,6153846
640	0,6153846
640	4,6153846
640	-22,3846154
640	14,6153846
641	-8,3846154
641	-16,3846154
641	17,6153846
641	-1,3846154
642	27,6153846
642	3,6153846
642	-19,3846154
642	-1,3846154
643	1,6153846
643	-4,3846154
643	3,6153846
644	7,6153846
644	-14,3846154
644	12,6153846
644	9,6153846
645	-0,3846154
645	-42,3846154
645	1,6153846
645	2,6153846
646	-12,3846154
646	-12,3846154
646	-0,3846154
646	5,6153846
647	11,6153846
647	23,6153846
647	4,6153846
647	4,6153846
648	14,6153846
648	-0,3846154
648	-26,3846154
648	15,6153846
649	26,6153846
649	15,6153846
649	-6,3846154
649	18,6153846
650	14,6153846
650	1,6153846
650	-6,3846154
650	-1,3846154
651	9,6153846
651	37,6153846
651	14,6153846
651	31,6153846
652	-16,3846154
652	3,6153846
652	13,6153846
652	-16,3846154
653	12,6153846
653	-2,3846154
653	-16,3846154
653	-7,3846154
654	-20,3846154
654	-2,3846154
654	7,6153846
654	10,6153846
655	-7,3846154
655	11,6153846
655	1,6153846
655	-4,3846154
656	5,6153846
656	4,6153846
656	-24,3846154
656	-4,3846154
657	11,6153846
657	-13,3846154
657	5,6153846
657	-13,3846154
658	-14,3846154
658	-6,3846154
658	11,6153846
658	-12,3846154
659	12,6153846
659	13,6153846
659	22,6153846
660	10,6153846
660	-3,3846154
660	2,6153846
660	14,6153846
661	0,6153846
661	15,6153846
661	9,6153846
661	-25,3846154
662	8,6153846
662	23,6153846
662	9,6153846
662	-2,3846154
663	-11,3846154
663	9,6153846
663	10,6153846
663	26,6153846
664	29,6153846
664	36,6153846
664	16,6153846
664	2,6153846
665	15,6153846
665	-3,3846154
665	-2,3846154
665	-9,3846154
666	-8,3846154
666	19,6153846
666	16,6153846
666	-28,3846154
667	31,6153846
667	4,6153846
667	-2,3846154
667	-24,3846154
668	-3,3846154
668	2,6153846
668	13,6153846
668	10,6153846
669	-6,3846154
669	-7,3846154
669	6,6153846
669	-9,3846154
670	-9,3846154
670	8,6153846
670	10,6153846
670	0,6153846
671	-0,3846154
671	15,6153846
671	19,6153846
671	-10,3846154
672	13,6153846
672	0,6153846
672	19,6153846
672	16,6153846
673	0,6153846
673	-20,3846154
673	-1,3846154
673	-7,3846154
674	-1,3846154
674	38,6153846
674	-8,3846154
674	1,6153846
675	-17,3846154
675	6,6153846
675	-17,3846154
675	-3,3846154
676	-14,3846154
676	-5,3846154
676	-10,3846154
676	17,6153846
677	-4,3846154
677	-5,3846154
677	7,6153846
677	-16,3846154
678	16,6153846
678	11,6153846
678	6,6153846
678	4,6153846
679	-1,3846154
679	-3,3846154
679	14,6153846
680	9,6153846
680	-9,3846154
680	3,6153846
680	17,6153846
681	5,6153846
681	-0,3846154
681	-6,3846154
681	-25,3846154
682	8,6153846
682	-6,3846154
682	6,6153846
682	29,6153846
683	-25,3846154
683	1,6153846
683	7,6153846
683	17,6153846
684	-10,3846154
684	-6,3846154
684	12,6153846
684	-1,3846154
685	12,6153846
685	20,6153846
685	3,6153846
685	-10,3846154
686	-12,3846154
686	12,6153846
686	16,6153846
686	9,6153846
687	16,6153846
687	12,6153846
687	-0,3846154
687	-10,3846154
688	-21,3846154
688	10,6153846
688	-26,3846154
688	-8,3846154
689	18,6153846
689	-6,3846154
689	1,6153846
689	-2,3846154
690	-2,3846154
690	7,6153846
690	-22,3846154
690	7,6153846
691	27,6153846
691	-25,3846154
691	8,6153846
691	19,6153846
692	5,6153846
692	-4,3846154
692	-2,3846154
692	-5,3846154
693	-8,3846154
693	-23,3846154
693	-19,3846154
693	-19,3846154
694	0,6153846
694	17,6153846
694	15,6153846
694	12,6153846
695	4,6153846
695	22,6153846
695	-7,3846154
695	-11,3846154
696	-17,3846154
696	-13,3846154
696	-19,3846154
696	0,6153846
697	-6,3846154
697	-14,3846154
697	-2,3846154
697	-1,3846154
698	-21,3846154
698	-21,3846154
698	-17,3846154
698	-8,3846154
699	-8,3846154
699	-17,3846154
699	7,6153846
699	21,6153846
700	-8,3846154
700	-16,3846154
700	6,6153846
700	-12,3846154
701	1,6153846
701	-18,3846154
701	20,6153846
701	12,6153846
702	-15,3846154
702	-5,3846154
702	-6,3846154
702	-25,3846154
703	2,6153846
703	-1,3846154
703	-5,3846154
703	2,6153846
704	-9,3846154
704	-17,3846154
704	5,6153846
704	17,6153846
705	10,6153846
705	7,6153846
705	8,6153846
706	17,6153846
706	13,6153846
706	5,6153846
706	-1,3846154
707	-8,3846154
707	-28,3846154
707	4,6153846
707	19,6153846
708	4,6153846
708	8,6153846
708	0,6153846
708	-4,3846154
709	-9,3846154
709	17,6153846
709	-7,3846154
709	-18,3846154
710	1,6153846
710	19,6153846
710	-2,3846154
710	10,6153846
711	-1,3846154
711	2,6153846
711	4,6153846
711	9,6153846
712	36,6153846
712	1,6153846
712	-11,3846154
712	14,6153846
713	-0,3846154
713	10,6153846
713	7,6153846
713	-13,3846154
714	23,6153846
714	18,6153846
714	3,6153846
714	-13,3846154
715	-18,3846154
715	-10,3846154
715	5,6153846
715	-6,3846154
716	0,6153846
716	2,6153846
716	7,6153846
716	-9,3846154
717	2,6153846
717	2,6153846
717	12,6153846
717	8,6153846
718	4,6153846
718	12,6153846
718	-1,3846154
718	-8,3846154
719	4,6153846
719	1,6153846
719	-9,3846154
719	-32,3846154
720	4,6153846
720	-20,3846154
720	-1,3846154
720	11,6153846
721	25,6153846
721	-8,3846154
721	-0,3846154
721	-12,3846154
722	18,6153846
722	2,6153846
722	-34,3846154
722	-20,3846154
723	9,6153846
723	4,6153846
723	-15,3846154
723	0,6153846
724	11,6153846
724	4,6153846
724	11,6153846
724	-26,3846154
725	-2,3846154
725	17,6153846
725	-1,3846154
725	-7,3846154
726	-6,3846154
726	9,6153846
726	0,6153846
726	-6,3846154
727	2,6153846
727	-19,3846154
727	22,6153846
727	9,6153846
728	-6,3846154
728	-14,3846154
728	7,6153846
728	-9,3846154
729	-4,3846154
729	12,6153846
729	10,6153846
729	7,6153846
730	30,6153846
730	-18,3846154
730	-31,3846154
730	-34,3846154
731	2,6153846
731	-25,3846154
731	-2,3846154
731	11,6153846
732	5,6153846
732	-16,3846154
732	0,6153846
732	35,6153846
733	29,6153846
733	-20,3846154
733	-0,3846154
733	13,6153846
734	11,6153846
734	-6,3846154
734	-11,3846154
734	10,6153846
735	-34,3846154
735	-8,3846154
735	16,6153846
735	-2,3846154
736	-23,3846154
736	-10,3846154
736	-10,3846154
736	1,6153846
737	1,6153846
737	-4,3846154
737	-9,3846154
737	8,6153846
738	16,6153846
738	20,6153846
738	-6,3846154
738	0,6153846
739	1,6153846
739	26,6153846
739	-3,3846154
739	5,6153846
740	-8,3846154
740	-19,3846154
740	-3,3846154
740	-14,3846154
741	-17,3846154
741	-19,3846154
741	-23,3846154
741	-17,3846154
742	-4,3846154
742	16,6153846
742	-19,3846154
742	-20,3846154
743	-28,3846154
743	24,6153846
743	5,6153846
743	-6,3846154
744	5,6153846
744	9,6153846
744	9,6153846
744	-20,3846154
745	-18,3846154
745	-7,3846154
745	-7,3846154
745	-39,3846154
746	-8,3846154
746	13,6153846
746	-10,3846154
746	21,6153846
747	9,6153846
747	14,6153846
747	-0,3846154
747	-7,3846154
748	10,6153846
748	-0,3846154
748	-3,3846154
748	-5,3846154
749	-24,3846154
749	4,6153846
749	-0,3846154
749	-34,3846154
750	-4,3846154
750	1,6153846
750	15,6153846
750	-4,3846154
751	12,6153846
751	5,6153846
751	-5,3846154
751	17,6153846
752	6,6153846
752	-9,3846154
752	1,6153846
752	2,6153846
753	-12,3846154
753	-4,3846154
753	-16,3846154
753	3,6153846
754	1,6153846
754	-15,3846154
754	-21,3846154
754	20,6153846
755	-15,3846154
755	-21,3846154
755	-0,3846154
755	-11,3846154
756	-26,3846154
756	9,6153846
756	-17,3846154
756	-1,3846154
757	-19,3846154
757	-19,3846154
757	-24,3846154
757	0,6153846
758	9,6153846
758	5,6153846
758	-22,3846154
758	17,6153846
759	19,6153846
759	4,6153846
759	8,6153846
759	7,6153846
760	13,6153846
760	-0,3846154
760	1,6153846
760	-8,3846154
761	22,6153846
761	8,6153846
761	-24,3846154
761	-3,3846154
762	8,6153846
762	23,6153846
762	-0,3846154
762	-28,3846154
763	-6,3846154
763	10,6153846
763	16,6153846
763	20,6153846
764	-0,3846154
764	-2,3846154
764	12,6153846
764	5,6153846
765	-1,3846154
765	0,6153846
765	11,6153846
765	26,6153846
766	-9,3846154
766	-4,3846154
766	0,6153846
766	1,6153846
767	-23,3846154
767	-0,3846154
767	-3,3846154
767	7,6153846
768	0,6153846
768	-2,3846154
768	-9,3846154
768	19,6153846
769	-15,3846154
769	3,6153846
769	-22,3846154
769	-18,3846154
770	13,6153846
770	-13,3846154
770	-1,3846154
770	-0,3846154
771	-14,3846154
771	-9,3846154
771	7,6153846
771	9,6153846
772	18,6153846
772	-10,3846154
772	15,6153846
772	11,6153846
773	-36,3846154
773	0,6153846
773	7,6153846
773	-4,3846154
774	5,6153846
774	15,6153846
774	-30,3846154
774	-10,3846154
775	-20,3846154
775	-23,3846154
775	-5,3846154
775	-6,3846154
776	-16,3846154
776	-13,3846154
776	12,6153846
776	-23,3846154
777	22,6153846
777	10,6153846
777	11,6153846
777	1,6153846
778	6,6153846
778	0,6153846
778	4,6153846
778	-3,3846154
779	-2,3846154
779	-9,3846154
779	6,6153846
779	23,6153846
780	38,6153846
780	-3,3846154
780	-9,3846154
780	-6,3846154
781	2,6153846
781	-7,3846154
781	-4,3846154
781	-7,3846154
782	5,6153846
782	-3,3846154
782	4,6153846
782	23,6153846
783	12,6153846
783	-6,3846154
783	-4,3846154
783	4,6153846
784	10,6153846
784	4,6153846
784	4,6153846
784	-5,3846154
785	-7,3846154
785	10,6153846
785	-19,3846154
785	-9,3846154
786	-3,3846154
786	-3,3846154
786	-1,3846154
786	31,6153846
787	-4,3846154
787	-8,3846154
787	5,6153846
787	-27,3846154
788	-27,3846154
788	-4,3846154
788	2,6153846
788	-6,3846154
789	-9,3846154
789	5,6153846
789	-4,3846154
789	-12,3846154
790	-13,3846154
790	-17,3846154
790	-0,3846154
790	19,6153846
791	-14,3846154
791	-4,3846154
791	-6,3846154
791	-24,3846154
792	11,6153846
792	-9,3846154
792	40,6153846
792	8,6153846
793	0,6153846
793	9,6153846
793	-20,3846154
793	8,6153846
794	-0,3846154
794	-12,3846154
794	0,6153846
794	-20,3846154
795	5,6153846
795	25,6153846
795	9,6153846
795	6,6153846
796	-0,3846154
796	6,6153846
796	1,6153846
796	-10,3846154
797	-18,3846154
797	-17,3846154
797	11,6153846
797	-11,3846154
798	0,6153846
798	2,6153846
798	15,6153846
798	27,6153846
799	-14,3846154
799	3,6153846
799	1,6153846
799	-17,3846154
800	-15,3846154
800	27,6153846
800	16,6153846
800	-1,3846154
801	13,6153846
801	-10,3846154
801	14,6153846
801	-11,3846154
802	2,6153846
802	-9,3846154
802	-15,3846154
802	-2,3846154
803	-25,3846154
803	-31,3846154
803	-1,3846154
803	-13,3846154
804	-9,3846154
804	-12,3846154
804	-6,3846154
804	27,6153846
805	-0,3846154
805	-52,3846154
805	7,6153846
805	-30,3846154
806	-8,3846154
806	5,6153846
806	42,6153846
806	23,6153846
807	2,6153846
807	16,6153846
807	-1,3846154
807	17,6153846
808	-15,3846154
808	1,6153846
808	4,6153846
808	12,6153846
809	-15,3846154
809	16,6153846
809	0,6153846
809	-12,3846154
810	0,6153846
810	8,6153846
810	-5,3846154
810	-1,3846154
811	13,6153846
811	2,6153846
811	-16,3846154
811	-13,3846154
812	5,6153846
812	6,6153846
812	-1,3846154
812	-16,3846154
813	-15,3846154
813	18,6153846
813	15,6153846
813	-6,3846154
814	10,6153846
814	-7,3846154
814	-9,3846154
814	4,6153846
815	19,6153846
815	-3,3846154
815	13,6153846
815	-12,3846154
816	25,6153846
816	20,6153846
816	6,6153846
816	-2,3846154
817	20,6153846
817	25,6153846
817	0,6153846
817	7,6153846
818	7,6153846
818	13,6153846
818	-9,3846154
818	10,6153846
819	-2,3846154
819	18,6153846
819	21,6153846
819	15,6153846
820	-6,3846154
820	-7,3846154
820	-15,3846154
820	12,6153846
820	-10,3846154
821	-10,3846154
821	-1,3846154
821	-13,3846154
821	2,6153846
822	15,6153846
822	0,6153846
822	-38,3846154
822	-11,3846154
823	-6,3846154
823	9,6153846
823	-17,3846154
823	-20,3846154
824	-9,3846154
824	-6,3846154
824	-8,3846154
824	10,6153846
825	15,6153846
825	6,6153846
825	-4,3846154
825	26,6153846
826	-13,3846154
826	-3,3846154
826	12,6153846
826	10,6153846
827	17,6153846
827	-6,3846154
827	-11,3846154
827	-19,3846154
828	6,6153846
828	-19,3846154
828	7,6153846
828	18,6153846
829	18,6153846
829	4,6153846
829	20,6153846
829	1,6153846
830	1,6153846
830	31,6153846
830	6,6153846
830	4,6153846
831	16,6153846
831	14,6153846
831	-6,3846154
831	4,6153846
832	24,6153846
832	15,6153846
832	17,6153846
832	10,6153846
833	5,6153846
833	-12,3846154
833	-47,3846154
833	-26,3846154
834	33,6153846
834	8,6153846
834	0,6153846
834	-1,3846154
835	-19,3846154
835	7,6153846
835	9,6153846
835	11,6153846
836	-0,3846154
836	-12,3846154
836	0,6153846
836	29,6153846
837	18,6153846
837	-15,3846154
837	-4,3846154
837	-0,3846154
838	-8,3846154
838	16,6153846
838	15,6153846
838	0,6153846
839	17,6153846
839	-10,3846154
839	-12,3846154
839	16,6153846
840	-6,3846154
840	13,6153846
840	-8,3846154
840	-10,3846154
841	-20,3846154
841	8,6153846
841	17,6153846
841	-8,3846154
842	-6,3846154
842	28,6153846
842	-24,3846154
842	24,6153846
843	-2,3846154
843	13,6153846
843	7,6153846
843	21,6153846
844	-4,3846154
844	10,6153846
844	20,6153846
844	-20,3846154
845	12,6153846
845	22,6153846
845	-11,3846154
845	-2,3846154
845	-11,3846154
846	-24,3846154
846	29,6153846
846	2,6153846
846	-3,3846154
847	13,6153846
847	-0,3846154
847	18,6153846
847	-12,3846154
848	-7,3846154
848	9,6153846
848	16,6153846
848	17,6153846
849	-7,3846154
849	-15,3846154
849	-0,3846154
849	13,6153846
850	8,6153846
850	2,6153846
850	21,6153846
850	44,6153846
851	1,6153846
851	-12,3846154
851	6,6153846
851	0,6153846
852	-22,3846154
852	-9,3846154
852	2,6153846
852	-14,3846154
853	-3,3846154
853	-3,3846154
853	-42,3846154
853	-4,3846154
854	-2,3846154
854	-21,3846154
854	-13,3846154
854	12,6153846
855	-6,3846154
855	16,6153846
855	-5,3846154
855	-12,3846154
856	-17,3846154
856	4,6153846
856	7,6153846
856	5,6153846
857	-3,3846154
857	34,6153846
857	1,6153846
857	-0,3846154
858	15,6153846
858	9,6153846
858	-1,3846154
858	17,6153846
859	4,6153846
859	-16,3846154
859	23,6153846
859	-12,3846154
860	-13,3846154
860	-10,3846154
860	12,6153846
860	-1,3846154
861	26,6153846
861	-12,3846154
861	-24,3846154
861	20,6153846
862	1,6153846
862	0,6153846
862	-3,3846154
862	1,6153846
863	23,6153846
863	0,6153846
863	-8,3846154
863	3,6153846
864	-1,3846154
864	-29,3846154
864	-25,3846154
864	-8,3846154
864	-2,3846154
865	14,6153846
865	-1,3846154
865	-24,3846154
865	0,6153846
866	7,6153846
866	-8,3846154
866	2,6153846
866	7,6153846
867	4,6153846
867	-5,3846154
867	-10,3846154
867	1,6153846
868	10,6153846
868	-41,3846154
868	-12,3846154
868	10,6153846
869	22,6153846
869	6,6153846
869	0,6153846
869	-9,3846154
870	7,6153846
870	-16,3846154
870	-1,3846154
870	19,6153846
871	-4,3846154
871	-4,3846154
871	-5,3846154
871	-15,3846154
872	21,6153846
872	-13,3846154
872	-8,3846154
872	4,6153846
873	-21,3846154
873	-27,3846154
873	-30,3846154
873	0,6153846
874	13,6153846
874	-6,3846154
874	0,6153846
874	-22,3846154
875	-1,3846154
875	-6,3846154
875	-13,3846154
875	2,6153846
876	-28,3846154
876	-5,3846154
876	-9,3846154
876	-4,3846154
877	-4,3846154
877	-24,3846154
877	7,6153846
877	-3,3846154
878	-7,3846154
878	-16,3846154
878	9,6153846
878	20,6153846
879	9,6153846
879	-32,3846154
879	-10,3846154
879	12,6153846
880	-8,3846154
880	-8,3846154
880	18,6153846
880	10,6153846
880	-6,3846154
881	5,6153846
881	-3,3846154
881	10,6153846
881	-10,3846154
882	5,6153846
882	-2,3846154
882	-1,3846154
882	-9,3846154
883	5,6153846
883	-19,3846154
883	-10,3846154
883	-9,3846154
884	9,6153846
884	0,6153846
884	-9,3846154
884	0,6153846
885	-2,3846154
885	1,6153846
885	-0,3846154
885	4,6153846
886	-0,3846154
886	-8,3846154
886	-11,3846154
886	-7,3846154
887	1,6153846
887	11,6153846
887	-10,3846154
887	-9,3846154
888	2,6153846
888	-29,3846154
888	-2,3846154
888	-17,3846154
889	-31,3846154
889	16,6153846
889	-14,3846154
889	6,6153846
890	13,6153846
890	-34,3846154
890	17,6153846
890	-7,3846154
891	-3,3846154
891	9,6153846
891	-5,3846154
891	10,6153846
892	-17,3846154
892	-3,3846154
892	-30,3846154
892	20,6153846
893	4,6153846
893	-13,3846154
893	-2,3846154
893	-3,3846154
894	23,6153846
894	-6,3846154
894	9,6153846
894	-14,3846154
894	-8,3846154
895	11,6153846
895	14,6153846
895	20,6153846
895	0,6153846
896	27,6153846
896	11,6153846
896	16,6153846
896	29,6153846
897	13,6153846
897	14,6153846
897	16,6153846
897	12,6153846
898	-2,3846154
898	1,6153846
898	-11,3846154
898	-19,3846154
899	-15,3846154
899	-3,3846154
899	-0,3846154
899	-4,3846154
900	-19,3846154
900	-4,3846154
900	-8,3846154
900	22,6153846
901	35,6153846
901	10,6153846
901	-0,3846154
901	-6,3846154
902	5,6153846
902	-16,3846154
902	-14,3846154
902	-13,3846154
903	-8,3846154
903	6,6153846
903	-10,3846154
903	21,6153846
904	-9,3846154
904	-7,3846154
904	13,6153846
904	-1,3846154
905	-1,3846154
905	10,6153846
905	13,6153846
905	13,6153846
906	29,6153846
906	5,6153846
906	-10,3846154
906	13,6153846
906	-6,3846154
907	7,6153846
907	15,6153846
907	-5,3846154
907	22,6153846
908	-12,3846154
908	6,6153846
908	29,6153846
908	-0,3846154
909	0,6153846
909	-5,3846154
909	2,6153846
909	5,6153846
910	2,6153846
910	-5,3846154
910	3,6153846
910	-2,3846154
911	-25,3846154
911	-22,3846154
911	-14,3846154
911	2,6153846
912	-9,3846154
912	3,6153846
912	19,6153846
912	10,6153846
913	-7,3846154
913	14,6153846
913	3,6153846
913	-7,3846154
914	14,6153846
914	-0,3846154
914	-1,3846154
914	-12,3846154
915	-26,3846154
915	-15,3846154
915	17,6153846
915	7,6153846
916	11,6153846
916	9,6153846
916	34,6153846
916	-7,3846154
917	-4,3846154
917	18,6153846
917	-16,3846154
917	-0,3846154
917	-32,3846154
918	-16,3846154
918	8,6153846
918	-16,3846154
918	-12,3846154
919	-6,3846154
919	-14,3846154
919	14,6153846
919	-22,3846154
920	-2,3846154
920	1,6153846
920	27,6153846
920	23,6153846
921	0,6153846
921	1,6153846
921	-29,3846154
921	-8,3846154
922	-2,3846154
922	4,6153846
922	-3,3846154
922	-20,3846154
923	-2,3846154
923	19,6153846
923	-12,3846154
923	-3,3846154
924	-4,3846154
924	7,6153846
924	-28,3846154
924	-4,3846154
925	9,6153846
925	-5,3846154
925	18,6153846
925	9,6153846
926	-7,3846154
926	8,6153846
926	8,6153846
926	-5,3846154
927	1,6153846
927	-4,3846154
927	3,6153846
927	-1,3846154
928	-29,3846154
928	-31,3846154
928	-23,3846154
928	13,6153846
928	22,6153846
929	28,6153846
929	0,6153846
929	-6,3846154
929	-12,3846154
930	-4,3846154
930	-1,3846154
930	-20,3846154
930	-24,3846154
931	-3,3846154
931	-2,3846154
931	20,6153846
931	22,6153846
932	1,6153846
932	0,6153846
932	-12,3846154
932	-22,3846154
933	18,6153846
933	-4,3846154
933	27,6153846
933	3,6153846
934	3,6153846
934	15,6153846
934	19,6153846
934	17,6153846
935	21,6153846
935	-7,3846154
935	-21,3846154
935	7,6153846
936	-3,3846154
936	11,6153846
936	-15,3846154
936	-23,3846154
937	2,6153846
937	24,6153846
937	26,6153846
937	1,6153846
938	3,6153846
938	15,6153846
938	18,6153846
938	21,6153846
938	1,6153846
939	13,6153846
939	-12,3846154
939	17,6153846
939	7,6153846
940	-23,3846154
940	0,6153846
940	-25,3846154
940	-22,3846154
941	-24,3846154
941	-4,3846154
941	-14,3846154
941	8,6153846
942	3,6153846
942	11,6153846
942	-10,3846154
942	18,6153846
943	9,6153846
943	-23,3846154
943	4,6153846
943	9,6153846
944	9,6153846
944	-5,3846154
944	-3,3846154
944	19,6153846
945	9,6153846
945	4,6153846
945	-6,3846154
945	-4,3846154
946	30,6153846
946	6,6153846
946	-7,3846154
946	-13,3846154
947	12,6153846
947	4,6153846
947	-8,3846154
947	5,6153846
947	29,6153846
948	1,6153846
948	6,6153846
948	-11,3846154
948	8,6153846
949	3,6153846
949	-7,3846154
949	8,6153846
949	-3,3846154
950	5,6153846
950	-4,3846154
950	-5,3846154
950	-1,3846154
951	3,6153846
951	4,6153846
951	-0,3846154
951	-7,3846154
952	-19,3846154
952	22,6153846
952	1,6153846
952	48,6153846
953	-1,3846154
953	19,6153846
953	8,6153846
953	-6,3846154
954	-17,3846154
954	-3,3846154
954	1,6153846
954	6,6153846
955	-14,3846154
955	15,6153846
955	-16,3846154
955	-22,3846154
956	10,6153846
956	-1,3846154
956	-11,3846154
956	3,6153846
956	-8,3846154
957	28,6153846
957	12,6153846
957	4,6153846
957	-13,3846154
958	11,6153846
958	-16,3846154
958	-14,3846154
958	1,6153846
959	-6,3846154
959	-19,3846154
959	-25,3846154
959	9,6153846
960	43,6153846
960	22,6153846
960	-1,3846154
960	-10,3846154
961	7,6153846
961	4,6153846
961	-0,3846154
961	-7,3846154
962	-6,3846154
962	-3,3846154
962	-18,3846154
962	-1,3846154
963	-11,3846154
963	39,6153846
963	-4,3846154
963	-35,3846154
964	-27,3846154
964	15,6153846
964	2,6153846
964	10,6153846
964	-8,3846154
965	-2,3846154
965	-26,3846154
965	2,6153846
965	-9,3846154
966	20,6153846
966	15,6153846
966	-5,3846154
966	17,6153846
967	-1,3846154
967	-9,3846154
967	-8,3846154
967	-23,3846154
968	-5,3846154
968	6,6153846
968	19,6153846
968	7,6153846
969	12,6153846
969	6,6153846
969	-9,3846154
969	-16,3846154
970	7,6153846
970	-25,3846154
970	-24,3846154
970	-2,3846154
971	-24,3846154
971	-5,3846154
971	5,6153846
971	16,6153846
972	-7,3846154
972	-6,3846154
972	-7,3846154
972	7,6153846
972	-16,3846154
973	-33,3846154
973	-10,3846154
973	5,6153846
973	-14,3846154
974	6,6153846
974	16,6153846
974	13,6153846
974	-1,3846154
975	13,6153846
975	-12,3846154
975	16,6153846
975	10,6153846
976	-15,3846154
976	-31,3846154
976	-8,3846154
976	-9,3846154
977	-6,3846154
977	3,6153846
977	-2,3846154
977	18,6153846
978	24,6153846
978	29,6153846
978	-7,3846154
978	7,6153846
979	-6,3846154
979	25,6153846
979	11,6153846
979	19,6153846
980	10,6153846
980	20,6153846
980	-0,3846154
980	-15,3846154
980	-6,3846154
981	-11,3846154
981	17,6153846
981	9,6153846
981	-10,3846154
982	-14,3846154
982	-10,3846154
982	12,6153846
982	-13,3846154
983	-18,3846154
983	12,6153846
983	0,6153846
983	-17,3846154
984	3,6153846
984	26,6153846
984	11,6153846
984	1,6153846
985	4,6153846
985	23,6153846
985	9,6153846
985	1,6153846
986	-4,3846154
986	-9,3846154
986	6,6153846
986	-5,3846154
987	-21,3846154
987	4,6153846
987	3,6153846
987	-31,3846154
988	-7,3846154
988	-3,3846154
988	-20,3846154
988	30,6153846
988	20,6153846
989	-14,3846154
989	-0,3846154
989	-3,3846154
989	-0,3846154
990	-8,3846154
990	-7,3846154
990	15,6153846
990	-5,3846154
991	6,6153846
991	-4,3846154
991	-15,3846154
991	9,6153846
992	13,6153846
992	13,6153846
992	0,6153846
992	1,6153846
993	-6,3846154
993	-2,3846154
993	-0,3846154
993	24,6153846
994	-1,3846154
994	3,6153846
994	3,6153846
994	3,6153846
995	-5,3846154
995	-11,3846154
995	4,6153846
995	28,6153846
995	8,6153846
996	14,6153846
996	5,6153846
996	-14,3846154
996	6,6153846
997	32,6153846
997	-14,3846154
997	-1,3846154
997	40,6153846
998	-28,3846154
998	-9,3846154
998	3,6153846
998	11,6153846
999	29,6153846
999	-27,3846154
999	-12,3846154
999	-3,3846154
1000	12,6153846
1000	20,6153846
1000	-8,3846154
1000	-21,3846154
1001	11,6153846
1001	8,6153846
1001	15,6153846
1001	-6,3846154
1002	2,6153846
1002	2,6153846
1002	19,6153846
1002	24,6153846
1002	-11,3846154
1003	-2,3846154
1003	5,6153846
1003	4,6153846
1003	7,6153846
1004	4,6153846
1004	-12,3846154
1004	10,6153846
1004	4,6153846
1005	-16,3846154
1005	-5,3846154
1005	15,6153846
1005	-2,3846154
1006	-13,3846154
1006	-3,3846154
1006	20,6153846
1006	12,6153846
1007	17,6153846
1007	8,6153846
1007	-13,3846154
1007	-28,3846154
1008	-10,3846154
1008	8,6153846
1008	12,6153846
1008	2,6153846
1008	13,6153846
1009	-4,3846154
1009	-8,3846154
1009	19,6153846
1009	5,6153846
1010	-3,3846154
1010	-4,3846154
1010	-15,3846154
1010	-24,3846154
1011	-14,3846154
1011	10,6153846
1011	-16,3846154
1011	12,6153846
1012	11,6153846
1012	-5,3846154
1012	11,6153846
1012	-1,3846154
1013	-13,3846154
1013	4,6153846
1013	11,6153846
1013	3,6153846
1014	3,6153846
1014	8,6153846
1014	10,6153846
1014	12,6153846
1015	-2,3846154
1015	-8,3846154
1015	-16,3846154
1015	-4,3846154
1015	8,6153846
1016	33,6153846
1016	5,6153846
1016	-9,3846154
1016	-8,3846154
1017	9,6153846
1017	-3,3846154
1017	-12,3846154
1017	-12,3846154
1018	2,6153846
1018	25,6153846
1018	3,6153846
1018	-6,3846154
1019	-16,3846154
1019	14,6153846
1019	-16,3846154
1019	1,6153846
1020	-4,3846154
1020	-9,3846154
1020	2,6153846
1020	-10,3846154
1021	-7,3846154
1021	6,6153846
1021	7,6153846
1021	-4,3846154
1021	6,6153846
1022	13,6153846
1022	4,6153846
1022	-14,3846154
1022	16,6153846
1023	-28,3846154
1023	1,6153846
1023	-14,3846154
1023	0,6153846
1024	-3,3846154
1024	-11,3846154
1024	18,6153846
1024	3,6153846
1025	0,6153846
1025	-18,3846154
1025	-10,3846154
1025	-5,3846154
1026	-15,3846154
1026	12,6153846
1026	8,6153846
1026	11,6153846
1027	5,6153846
1027	-4,3846154
1027	32,6153846
1027	4,6153846
1027	-5,3846154
1028	-3,3846154
1028	10,6153846
1028	-3,3846154
1028	23,6153846
1029	-19,3846154
1029	-1,3846154
1029	15,6153846
1029	0,6153846
1030	31,6153846
1030	-11,3846154
1030	-1,3846154
1030	-19,3846154
1031	30,6153846
1031	-4,3846154
1031	-10,3846154
1031	-11,3846154
1032	4,6153846
1032	11,6153846
1032	3,6153846
1032	19,6153846
1033	13,6153846
1033	12,6153846
1033	7,6153846
1033	6,6153846
1034	19,6153846
1034	-0,3846154
1034	-4,3846154
1034	-4,3846154
1034	-14,3846154
1035	4,6153846
1035	-18,3846154
1035	-5,3846154
1035	18,6153846
1036	4,6153846
1036	3,6153846
1036	-3,3846154
1036	-3,3846154
1037	8,6153846
1037	-6,3846154
1037	-16,3846154
1037	18,6153846
1038	11,6153846
1038	0,6153846
1038	-0,3846154
1038	19,6153846
1039	-1,3846154
1039	-4,3846154
1039	-2,3846154
1039	-15,3846154
1039	8,6153846
1040	1,6153846
1040	19,6153846
1040	15,6153846
1040	6,6153846
1041	-17,3846154
1041	-14,3846154
1041	6,6153846
1041	13,6153846
1042	14,6153846
1042	13,6153846
1042	12,6153846
1042	17,6153846
1043	14,6153846
1043	36,6153846
1043	21,6153846
1043	-0,3846154
1044	-15,3846154
1044	-16,3846154
1044	17,6153846
1044	-5,3846154
1045	-18,3846154
1045	-30,3846154
1045	4,6153846
1045	-7,3846154
1045	-2,3846154
1046	8,6153846
1046	-11,3846154
1046	8,6153846
1046	14,6153846
1047	0,6153846
1047	12,6153846
1047	1,6153846
1047	16,6153846
1048	15,6153846
1048	30,6153846
1048	-0,3846154
1048	-5,3846154
1049	-23,3846154
1049	-6,3846154
1049	10,6153846
1049	8,6153846
1050	-23,3846154
1050	4,6153846
1050	-10,3846154
1050	32,6153846
1051	20,6153846
1051	17,6153846
1051	-13,3846154
1051	-23,3846154
1051	-5,3846154
1052	-2,3846154
1052	8,6153846
1052	1,6153846
1052	-4,3846154
1053	-1,3846154
1053	19,6153846
1053	11,6153846
1053	-10,3846154
1054	-9,3846154
1054	-17,3846154
1054	-14,3846154
1054	-15,3846154
1055	10,6153846
1055	-7,3846154
1055	-23,3846154
1055	6,6153846
1056	2,6153846
1056	1,6153846
1056	-26,3846154
1056	-1,3846154
1056	-3,3846154
1057	11,6153846
1057	15,6153846
1057	26,6153846
1057	22,6153846
1058	-17,3846154
1058	0,6153846
1058	-5,3846154
1058	18,6153846
1059	13,6153846
1059	-11,3846154
1059	-8,3846154
1059	-8,3846154
1060	29,6153846
1060	2,6153846
1060	1,6153846
1060	6,6153846
1061	16,6153846
1061	22,6153846
1061	4,6153846
1061	18,6153846
1062	-2,3846154
1062	2,6153846
1062	0,6153846
1062	6,6153846
1062	17,6153846
1063	-17,3846154
1063	-0,3846154
1063	19,6153846
1063	13,6153846
1064	-15,3846154
1064	-11,3846154
1064	2,6153846
1064	-11,3846154
1065	-9,3846154
1065	-10,3846154
1065	-16,3846154
1065	-6,3846154
1066	9,6153846
1066	-1,3846154
1066	-5,3846154
1066	1,6153846
1067	-0,3846154
1067	38,6153846
1067	19,6153846
1067	8,6153846
1067	-13,3846154
1068	11,6153846
1068	-1,3846154
1068	1,6153846
1068	14,6153846
1069	-2,3846154
1069	10,6153846
1069	-23,3846154
1069	14,6153846
1070	15,6153846
1070	-6,3846154
1070	-10,3846154
1070	-3,3846154
1071	-0,3846154
1071	18,6153846
1071	19,6153846
1071	9,6153846
1072	6,6153846
1072	15,6153846
1072	10,6153846
1072	-19,3846154
1072	1,6153846
1073	5,6153846
1073	1,6153846
1073	-11,3846154
1073	12,6153846
1074	-4,3846154
1074	-1,3846154
1074	-6,3846154
1074	-10,3846154
1075	29,6153846
1075	30,6153846
1075	10,6153846
1075	-0,3846154
1076	1,6153846
1076	-3,3846154
1076	-1,3846154
1076	-1,3846154
1077	-7,3846154
1077	-17,3846154
1077	-3,3846154
1077	-18,3846154
1077	7,6153846
1078	-16,3846154
1078	20,6153846
1078	-2,3846154
1078	-16,3846154
1079	-1,3846154
1079	14,6153846
1079	-0,3846154
1079	19,6153846
1080	17,6153846
1080	-15,3846154
1080	3,6153846
1080	2,6153846
1081	-22,3846154
1081	2,6153846
1081	12,6153846
1081	-0,3846154
1082	7,6153846
1082	-1,3846154
1082	14,6153846
1082	6,6153846
1082	-2,3846154
1083	26,6153846
1083	21,6153846
1083	-6,3846154
1083	-3,3846154
1084	-6,3846154
1084	6,6153846
1084	12,6153846
1084	5,6153846
1085	2,6153846
1085	3,6153846
1085	7,6153846
1085	-6,3846154
1086	-17,3846154
1086	1,6153846
1086	-3,3846154
1086	5,6153846
1087	-18,3846154
1087	6,6153846
1087	4,6153846
1087	-13,3846154
1087	23,6153846
1088	7,6153846
1088	-13,3846154
1088	-14,3846154
1088	-11,3846154
1089	17,6153846
1089	11,6153846
1089	-14,3846154
1089	8,6153846
1090	10,6153846
1090	7,6153846
1090	11,6153846
1090	-0,3846154
1091	-4,3846154
1091	-6,3846154
1091	2,6153846
1091	6,6153846
1092	32,6153846
1092	19,6153846
1092	-34,3846154
1092	-4,3846154
1092	0,6153846
1093	-10,3846154
1093	3,6153846
1093	-13,3846154
1093	3,6153846
1094	6,6153846
1094	-12,3846154
1094	-8,3846154
1094	3,6153846
1095	-6,3846154
1095	13,6153846
1095	19,6153846
1095	21,6153846
1096	3,6153846
1096	-28,3846154
1096	-25,3846154
1096	16,6153846
1097	-9,3846154
1097	7,6153846
1097	0,6153846
1097	11,6153846
1097	13,6153846
1098	22,6153846
1098	27,6153846
1098	8,6153846
1098	-7,3846154
1099	20,6153846
1099	-5,3846154
1099	-10,3846154
1099	5,6153846
1100	13,6153846
1100	-3,3846154
1100	8,6153846
1100	-1,3846154
1101	2,6153846
1101	12,6153846
1101	31,6153846
1101	-6,3846154
1101	-1,3846154
1102	9,6153846
1102	3,6153846
1102	-0,3846154
1102	-8,3846154
1103	-0,3846154
1103	0,6153846
1103	19,6153846
1103	8,6153846
1104	3,6153846
1104	29,6153846
1104	-12,3846154
1104	25,6153846
1105	13,6153846
1105	6,6153846
1105	3,6153846
1105	29,6153846
1106	17,6153846
1106	-3,3846154
1106	-10,3846154
1106	-26,3846154
1106	-18,3846154
1107	-9,3846154
1107	24,6153846
1107	14,6153846
1107	-20,3846154
1108	-22,3846154
1108	-0,3846154
1108	12,6153846
1108	0,6153846
1109	12,6153846
1109	11,6153846
1109	-14,3846154
1109	-17,3846154
1110	11,6153846
1110	10,6153846
1110	-7,3846154
1110	-6,3846154
1110	-3,3846154
1111	-4,3846154
1111	28,6153846
1111	-22,3846154
1111	16,6153846
1112	10,6153846
1112	2,6153846
1112	27,6153846
1112	6,6153846
1113	-31,3846154
1113	-44,3846154
1113	-9,3846154
1113	35,6153846
1114	5,6153846
1114	2,6153846
1114	23,6153846
1114	4,6153846
1115	2,6153846
1115	0,6153846
1115	-9,3846154
1115	-10,3846154
1115	-5,3846154
1116	2,6153846
1116	-9,3846154
1116	3,6153846
1116	-1,3846154
1117	-3,3846154
1117	-10,3846154
1117	12,6153846
1117	13,6153846
1118	7,6153846
