196	-1,8461538
196	-1,8461538
196	-1,8461538
197	-15,8461538
197	-5,8461538
197	13,1538462
197	-9,8461538
198	-4,8461538
198	-3,8461538
198	-5,8461538
199	5,1538462
199	10,1538462
199	23,1538462
199	-10,8461538
200	18,1538462
200	15,1538462
200	26,1538462
200	-45,8461538
201	-20,8461538
201	-10,8461538
201	11,1538462
201	-0,8461538
202	20,1538462
202	16,1538462
202	-45,8461538
203	5,1538462
203	-13,8461538
203	5,1538462
203	18,1538462
204	13,1538462
204	20,1538462
204	-36,8461538
204	3,1538462
205	-19,8461538
205	-16,8461538
205	-17,8461538
205	14,1538462
206	4,1538462
206	5,1538462
206	18,1538462
207	-16,8461538
207	-14,8461538
207	-2,8461538
207	-15,8461538
208	-3,8461538
208	2,1538462
208	-20,8461538
208	-23,8461538
209	-1,8461538
209	-5,8461538
209	0,1538462
209	-6,8461538
210	8,1538462
210	-13,8461538
210	10,1538462
211	-14,8461538
211	32,1538462
211	-16,8461538
211	-19,8461538
212	-11,8461538
212	-17,8461538
212	-11,8461538
212	-3,8461538
213	-14,8461538
213	-27,8461538
213	-10,8461538
213	1,1538462
214	-10,8461538
214	-16,8461538
214	-2,8461538
215	-11,8461538
215	-21,8461538
215	-4,8461538
215	11,1538462
216	14,1538462
216	-28,8461538
216	12,1538462
216	3,1538462
217	-37,8461538
217	-11,8461538
217	-9,8461538
217	-6,8461538
218	-9,8461538
218	-20,8461538
218	-13,8461538
219	-5,8461538
219	-20,8461538
219	26,1538462
219	-3,8461538
220	0,1538462
220	6,1538462
220	-20,8461538
220	-7,8461538
221	-23,8461538
221	-11,8461538
221	-5,8461538
221	-15,8461538
222	5,1538462
222	-1,8461538
222	3,1538462
223	19,1538462
223	2,1538462
223	-3,8461538
223	-46,8461538
224	10,1538462
224	-25,8461538
224	-27,8461538
224	-23,8461538
225	8,1538462
225	-6,8461538
225	-1,8461538
225	13,1538462
226	7,1538462
226	-8,8461538
226	12,1538462
227	26,1538462
227	13,1538462
227	-17,8461538
227	15,1538462
228	-10,8461538
228	-1,8461538
228	1,1538462
228	11,1538462
229	12,1538462
229	1,1538462
229	-2,8461538
229	8,1538462
230	29,1538462
230	-8,8461538
230	4,1538462
231	-27,8461538
231	-2,8461538
231	-27,8461538
231	15,1538462
232	11,1538462
232	10,1538462
232	19,1538462
232	1,1538462
233	-17,8461538
233	7,1538462
233	-8,8461538
233	2,1538462
234	-23,8461538
234	7,1538462
234	-11,8461538
235	-0,8461538
235	22,1538462
235	-3,8461538
235	3,1538462
236	13,1538462
236	-3,8461538
236	-7,8461538
236	-13,8461538
237	11,1538462
237	-4,8461538
237	-6,8461538
237	7,1538462
238	2,1538462
238	-9,8461538
238	-13,8461538
239	-4,8461538
239	-16,8461538
239	-23,8461538
239	-3,8461538
240	-24,8461538
240	-18,8461538
240	-6,8461538
240	10,1538462
241	-7,8461538
241	4,1538462
241	-10,8461538
241	13,1538462
242	-0,8461538
242	-29,8461538
242	-6,8461538
243	3,1538462
243	22,1538462
243	-24,8461538
243	1,1538462
244	-30,8461538
244	-6,8461538
244	-0,8461538
244	-9,8461538
245	-1,8461538
245	-13,8461538
245	-8,8461538
245	-3,8461538
246	-37,8461538
246	11,1538462
246	-39,8461538
247	-15,8461538
247	-14,8461538
247	-19,8461538
247	-5,8461538
248	18,1538462
248	-7,8461538
248	-11,8461538
248	6,1538462
249	-1,8461538
249	2,1538462
249	-0,8461538
249	-5,8461538
250	5,1538462
250	21,1538462
250	5,1538462
251	-6,8461538
251	6,1538462
251	5,1538462
251	-14,8461538
252	-14,8461538
252	13,1538462
252	26,1538462
252	19,1538462
253	12,1538462
253	2,1538462
253	-20,8461538
253	13,1538462
254	-6,8461538
254	0,1538462
254	0,1538462
254	6,1538462
255	-25,8461538
255	-8,8461538
255	-2,8461538
256	-24,8461538
256	-34,8461538
256	-25,8461538
256	1,1538462
257	18,1538462
257	1,1538462
257	-0,8461538
257	-12,8461538
258	6,1538462
258	-17,8461538
258	-11,8461538
258	-27,8461538
259	-21,8461538
259	11,1538462
259	-4,8461538
260	-2,8461538
260	-21,8461538
260	-7,8461538
260	-17,8461538
261	-2,8461538
261	-3,8461538
261	4,1538462
261	-0,8461538
262	-13,8461538
262	7,1538462
262	-10,8461538
262	-15,8461538
263	-2,8461538
263	1,1538462
263	-3,8461538
264	26,1538462
264	15,1538462
264	-1,8461538
264	-17,8461538
265	-25,8461538
265	-10,8461538
265	-18,8461538
265	-22,8461538
266	-3,8461538
266	2,1538462
266	-28,8461538
266	-57,8461538
267	7,1538462
267	-1,8461538
267	29,1538462
268	13,1538462
268	15,1538462
268	15,1538462
268	46,1538462
269	-2,8461538
269	14,1538462
269	4,1538462
269	-1,8461538
270	-1,8461538
270	2,1538462
270	4,1538462
270	-1,8461538
271	-14,8461538
271	-0,8461538
271	26,1538462
271	-26,8461538
272	-8,8461538
272	-2,8461538
272	-19,8461538
273	15,1538462
273	4,1538462
273	-10,8461538
273	4,1538462
274	5,1538462
274	-17,8461538
274	-17,8461538
274	-10,8461538
275	9,1538462
275	-22,8461538
275	-12,8461538
275	-18,8461538
276	1,1538462
276	5,1538462
276	-18,8461538
277	-5,8461538
277	37,1538462
277	25,1538462
277	-21,8461538
278	-6,8461538
278	18,1538462
278	-25,8461538
278	-6,8461538
279	-6,8461538
279	-10,8461538
279	-3,8461538
279	4,1538462
280	-22,8461538
280	-21,8461538
280	-15,8461538
280	-23,8461538
281	-15,8461538
281	29,1538462
281	-17,8461538
282	-12,8461538
282	-13,8461538
282	-18,8461538
282	-16,8461538
283	-20,8461538
283	-36,8461538
283	-17,8461538
283	-2,8461538
284	16,1538462
284	-21,8461538
284	-28,8461538
284	-10,8461538
285	-7,8461538
285	6,1538462
285	-7,8461538
286	16,1538462
286	2,1538462
286	2,1538462
286	-1,8461538
287	5,1538462
287	14,1538462
287	11,1538462
287	11,1538462
288	9,1538462
288	23,1538462
288	-4,8461538
288	-2,8461538
289	31,1538462
289	-3,8461538
289	-0,8461538
290	-4,8461538
290	-25,8461538
290	20,1538462
290	4,1538462
291	23,1538462
291	-6,8461538
291	-6,8461538
291	-10,8461538
292	13,1538462
292	4,1538462
292	-4,8461538
292	13,1538462
293	5,1538462
293	12,1538462
293	20,1538462
293	-1,8461538
294	-10,8461538
294	-5,8461538
294	4,1538462
295	21,1538462
295	4,1538462
295	-3,8461538
295	6,1538462
296	-5,8461538
296	-5,8461538
296	-10,8461538
296	-2,8461538
297	-27,8461538
297	11,1538462
297	-0,8461538
297	-21,8461538
298	17,1538462
298	-14,8461538
298	-2,8461538
299	-18,8461538
299	27,1538462
299	14,1538462
299	3,1538462
300	-24,8461538
300	11,1538462
300	-4,8461538
300	2,1538462
301	-21,8461538
301	-17,8461538
301	-47,8461538
301	-29,8461538
302	-22,8461538
302	-7,8461538
302	19,1538462
302	26,1538462
303	17,1538462
303	-22,8461538
303	-17,8461538
304	-12,8461538
304	18,1538462
304	-6,8461538
304	-12,8461538
305	1,1538462
305	26,1538462
305	4,1538462
305	-16,8461538
306	2,1538462
306	-2,8461538
306	4,1538462
306	25,1538462
307	34,1538462
307	26,1538462
307	17,1538462
307	-1,8461538
308	-7,8461538
308	22,1538462
308	12,1538462
309	5,1538462
309	-0,8461538
309	14,1538462
309	8,1538462
310	8,1538462
310	-19,8461538
310	-5,8461538
310	-5,8461538
311	17,1538462
311	48,1538462
311	31,1538462
311	13,1538462
312	13,1538462
312	53,1538462
312	32,1538462
313	30,1538462
313	34,1538462
313	14,1538462
313	18,1538462
314	-0,8461538
314	10,1538462
314	5,1538462
314	5,1538462
315	16,1538462
315	30,1538462
315	17,1538462
315	-2,8461538
316	20,1538462
316	13,1538462
316	12,1538462
316	-6,8461538
317	21,1538462
317	-6,8461538
317	-9,8461538
318	-0,8461538
318	-7,8461538
318	11,1538462
318	7,1538462
319	7,1538462
319	5,1538462
319	12,1538462
319	10,1538462
320	2,1538462
320	-5,8461538
320	-9,8461538
320	9,1538462
321	1,1538462
321	5,1538462
321	-8,8461538
321	-8,8461538
322	-8,8461538
322	-5,8461538
322	-12,8461538
323	-17,8461538
323	9,1538462
323	-26,8461538
323	-4,8461538
324	-10,8461538
324	-3,8461538
324	-37,8461538
324	3,1538462
325	-15,8461538
325	-48,8461538
325	-21,8461538
325	5,1538462
326	-17,8461538
326	-19,8461538
326	4,1538462
327	-4,8461538
327	15,1538462
327	-3,8461538
327	-28,8461538
328	-9,8461538
328	-1,8461538
328	1,1538462
328	7,1538462
329	-23,8461538
329	-34,8461538
329	-26,8461538
329	-2,8461538
330	-5,8461538
330	7,1538462
330	9,1538462
330	10,1538462
331	-21,8461538
331	-6,8461538
331	18,1538462
332	19,1538462
332	29,1538462
332	53,1538462
332	30,1538462
333	7,1538462
333	24,1538462
333	37,1538462
333	19,1538462
334	10,1538462
334	33,1538462
334	37,1538462
334	9,1538462
335	11,1538462
335	29,1538462
335	30,1538462
335	35,1538462
336	43,1538462
336	70,1538462
336	35,1538462
337	27,1538462
337	45,1538462
337	36,1538462
337	18,1538462
338	29,1538462
338	10,1538462
338	23,1538462
338	39,1538462
339	27,1538462
339	33,1538462
339	45,1538462
339	35,1538462
340	18,1538462
340	26,1538462
340	-4,8461538
340	-2,8461538
341	17,1538462
341	24,1538462
341	-4,8461538
342	-1,8461538
342	-0,8461538
342	19,1538462
342	11,1538462
343	10,1538462
343	27,1538462
343	-23,8461538
343	2,1538462
344	2,1538462
344	10,1538462
344	16,1538462
344	-0,8461538
345	-39,8461538
345	-4,8461538
345	3,1538462
345	23,1538462
346	16,1538462
346	17,1538462
346	-1,8461538
347	-4,8461538
347	2,1538462
347	4,1538462
347	-21,8461538
348	-13,8461538
348	6,1538462
348	20,1538462
348	12,1538462
349	10,1538462
349	-7,8461538
349	4,1538462
349	-10,8461538
350	-1,8461538
350	4,1538462
350	24,1538462
350	18,1538462
351	16,1538462
351	5,1538462
351	-3,8461538
352	-12,8461538
352	23,1538462
352	38,1538462
352	48,1538462
353	27,1538462
353	43,1538462
353	18,1538462
353	29,1538462
354	14,1538462
354	37,1538462
354	55,1538462
354	33,1538462
355	11,1538462
355	34,1538462
355	14,1538462
355	6,1538462
356	-3,8461538
356	-10,8461538
356	41,1538462
357	11,1538462
357	27,1538462
357	49,1538462
357	33,1538462
358	46,1538462
358	20,1538462
358	22,1538462
358	23,1538462
359	-5,8461538
359	4,1538462
359	-23,8461538
359	34,1538462
360	36,1538462
360	32,1538462
360	37,1538462
360	7,1538462
361	-8,8461538
361	-0,8461538
361	9,1538462
362	40,1538462
362	49,1538462
362	13,1538462
362	21,1538462
363	12,1538462
363	18,1538462
363	-15,8461538
363	3,1538462
364	11,1538462
364	-3,8461538
364	-14,8461538
364	10,1538462
365	13,1538462
365	4,1538462
365	-7,8461538
365	2,1538462
366	-9,8461538
366	-10,8461538
366	-4,8461538
367	-0,8461538
367	12,1538462
367	15,1538462
367	-6,8461538
368	-19,8461538
368	-14,8461538
368	10,1538462
368	15,1538462
369	-28,8461538
369	-23,8461538
369	-4,8461538
369	-0,8461538
370	27,1538462
370	-17,8461538
370	-35,8461538
370	-0,8461538
371	12,1538462
371	3,1538462
371	2,1538462
371	-4,8461538
372	6,1538462
372	-4,8461538
372	-1,8461538
373	15,1538462
373	-1,8461538
373	-12,8461538
373	-4,8461538
374	8,1538462
374	11,1538462
374	-7,8461538
374	9,1538462
375	15,1538462
375	32,1538462
375	34,1538462
375	14,1538462
376	35,1538462
376	29,1538462
376	13,1538462
376	18,1538462
377	7,1538462
377	12,1538462
377	25,1538462
378	16,1538462
378	0,1538462
378	20,1538462
378	-0,8461538
379	1,1538462
379	4,1538462
379	14,1538462
379	30,1538462
380	13,1538462
380	8,1538462
380	7,1538462
380	-5,8461538
381	12,1538462
381	15,1538462
381	23,1538462
381	-2,8461538
382	8,1538462
382	-13,8461538
382	27,1538462
383	16,1538462
383	-3,8461538
383	-7,8461538
383	-3,8461538
384	3,1538462
384	0,1538462
384	1,1538462
384	4,1538462
385	-25,8461538
385	-10,8461538
385	0,1538462
385	13,1538462
386	9,1538462
386	-2,8461538
386	-2,8461538
386	-10,8461538
387	-4,8461538
387	-2,8461538
387	-8,8461538
387	-34,8461538
388	-6,8461538
388	14,1538462
388	17,1538462
389	-10,8461538
389	-17,8461538
389	-14,8461538
389	-16,8461538
390	-1,8461538
390	0,1538462
390	0,1538462
390	-21,8461538
391	-28,8461538
391	6,1538462
391	0,1538462
391	-20,8461538
392	-7,8461538
392	0,1538462
392	-5,8461538
392	-9,8461538
393	2,1538462
393	-12,8461538
393	16,1538462
394	14,1538462
394	13,1538462
394	4,1538462
394	14,1538462
395	-2,8461538
395	9,1538462
395	-13,8461538
395	-2,8461538
396	-21,8461538
396	-13,8461538
396	-24,8461538
396	20,1538462
397	-21,8461538
397	11,1538462
397	-0,8461538
397	12,1538462
398	29,1538462
398	26,1538462
398	-11,8461538
398	5,1538462
399	3,1538462
399	17,1538462
399	6,1538462
400	11,1538462
400	-4,8461538
400	-8,8461538
400	18,1538462
401	22,1538462
401	27,1538462
401	1,1538462
401	-2,8461538
402	29,1538462
402	-0,8461538
402	7,1538462
402	0,1538462
403	-1,8461538
403	29,1538462
403	9,1538462
403	8,1538462
404	17,1538462
404	8,1538462
404	3,1538462
405	-22,8461538
405	14,1538462
405	2,1538462
405	25,1538462
406	24,1538462
406	10,1538462
406	13,1538462
406	5,1538462
407	8,1538462
407	12,1538462
407	2,1538462
407	-13,8461538
408	-1,8461538
408	5,1538462
408	-20,8461538
408	-21,8461538
409	0,1538462
409	-10,8461538
409	-5,8461538
409	14,1538462
410	6,1538462
410	-8,8461538
410	19,1538462
411	11,1538462
411	-5,8461538
411	17,1538462
411	-7,8461538
412	16,1538462
412	13,1538462
412	-4,8461538
412	-5,8461538
413	-7,8461538
413	-14,8461538
413	-13,8461538
413	-2,8461538
414	-4,8461538
414	-0,8461538
414	-23,8461538
414	3,1538462
415	16,1538462
415	22,1538462
415	-9,8461538
415	4,1538462
416	2,1538462
416	-16,8461538
416	-15,8461538
417	5,1538462
417	15,1538462
417	6,1538462
417	4,1538462
418	-2,8461538
418	12,1538462
418	-13,8461538
418	-11,8461538
419	14,1538462
419	-1,8461538
419	17,1538462
419	4,1538462
420	11,1538462
420	-6,8461538
420	3,1538462
420	0,1538462
421	5,1538462
421	-6,8461538
421	11,1538462
421	3,1538462
422	-5,8461538
422	-3,8461538
422	-7,8461538
423	-1,8461538
423	4,1538462
423	15,1538462
423	7,1538462
424	-21,8461538
424	-28,8461538
424	-6,8461538
424	0,1538462
425	45,1538462
425	-26,8461538
425	-8,8461538
425	-1,8461538
426	-32,8461538
426	-22,8461538
426	-3,8461538
426	5,1538462
427	-0,8461538
427	-14,8461538
427	-12,8461538
427	10,1538462
428	20,1538462
428	20,1538462
428	-3,8461538
429	24,1538462
429	10,1538462
429	3,1538462
429	35,1538462
430	21,1538462
430	-1,8461538
430	-0,8461538
430	-15,8461538
431	17,1538462
431	-27,8461538
431	-15,8461538
431	-11,8461538
432	27,1538462
432	10,1538462
432	10,1538462
432	40,1538462
433	2,1538462
433	5,1538462
433	2,1538462
433	-32,8461538
434	18,1538462
434	6,1538462
434	5,1538462
435	3,1538462
435	-16,8461538
435	-5,8461538
435	3,1538462
436	-2,8461538
436	29,1538462
436	-4,8461538
436	-6,8461538
437	4,1538462
437	8,1538462
437	-4,8461538
437	-0,8461538
438	0,1538462
438	26,1538462
438	30,1538462
438	8,1538462
439	10,1538462
439	-8,8461538
439	13,1538462
439	24,1538462
440	-2,8461538
440	-4,8461538
440	5,1538462
441	-17,8461538
441	-24,8461538
441	-6,8461538
441	1,1538462
442	-9,8461538
442	-16,8461538
442	10,1538462
442	-5,8461538
443	8,1538462
443	10,1538462
443	0,1538462
443	-19,8461538
444	-7,8461538
444	-4,8461538
444	8,1538462
444	3,1538462
445	-2,8461538
445	-20,8461538
445	18,1538462
445	11,1538462
446	-18,8461538
446	9,1538462
446	9,1538462
447	-0,8461538
447	10,1538462
447	6,1538462
447	-0,8461538
448	29,1538462
448	0,1538462
448	-8,8461538
448	-23,8461538
449	-4,8461538
449	-18,8461538
449	-16,8461538
449	5,1538462
450	-6,8461538
450	-8,8461538
450	-15,8461538
450	-8,8461538
451	-11,8461538
451	-1,8461538
451	-0,8461538
451	4,1538462
452	1,1538462
452	-14,8461538
452	-21,8461538
452	-4,8461538
453	-25,8461538
453	2,1538462
453	-14,8461538
454	4,1538462
454	2,1538462
454	3,1538462
454	6,1538462
455	-11,8461538
455	-3,8461538
455	-7,8461538
455	-29,8461538
456	8,1538462
456	0,1538462
456	1,1538462
456	7,1538462
457	4,1538462
457	1,1538462
457	0,1538462
457	-6,8461538
458	8,1538462
458	-12,8461538
458	-23,8461538
458	-0,8461538
459	-8,8461538
459	-14,8461538
459	9,1538462
460	25,1538462
460	-0,8461538
460	22,1538462
460	-0,8461538
461	-16,8461538
461	-12,8461538
461	5,1538462
461	19,1538462
462	3,1538462
462	-26,8461538
462	-0,8461538
462	16,1538462
463	-13,8461538
463	-12,8461538
463	-25,8461538
463	-24,8461538
464	12,1538462
464	2,1538462
464	-19,8461538
464	-2,8461538
465	7,1538462
465	2,1538462
465	19,1538462
465	-1,8461538
466	-32,8461538
466	-19,8461538
466	-10,8461538
467	2,1538462
467	-11,8461538
467	2,1538462
467	-2,8461538
468	3,1538462
468	19,1538462
468	-16,8461538
468	-23,8461538
469	11,1538462
469	9,1538462
469	-31,8461538
469	4,1538462
470	3,1538462
470	-12,8461538
470	-19,8461538
470	-7,8461538
471	15,1538462
471	-20,8461538
471	10,1538462
471	-5,8461538
472	35,1538462
472	12,1538462
472	10,1538462
472	17,1538462
473	-22,8461538
473	24,1538462
473	-19,8461538
474	3,1538462
474	-21,8461538
474	25,1538462
474	-20,8461538
475	-12,8461538
475	3,1538462
475	-3,8461538
475	6,1538462
476	8,1538462
476	-6,8461538
476	-0,8461538
476	27,1538462
477	12,1538462
477	-2,8461538
477	-20,8461538
477	2,1538462
478	-0,8461538
478	-18,8461538
478	-39,8461538
478	-20,8461538
479	-16,8461538
479	-1,8461538
479	-9,8461538
479	4,1538462
480	15,1538462
480	0,1538462
480	-12,8461538
481	-11,8461538
481	4,1538462
481	6,1538462
481	15,1538462
482	24,1538462
482	-2,8461538
482	-20,8461538
482	0,1538462
483	-28,8461538
483	6,1538462
483	12,1538462
483	7,1538462
484	-5,8461538
484	12,1538462
484	1,1538462
484	1,1538462
485	-6,8461538
485	-6,8461538
485	6,1538462
485	-15,8461538
486	14,1538462
486	11,1538462
486	0,1538462
486	-4,8461538
487	-4,8461538
487	15,1538462
487	3,1538462
488	-21,8461538
488	-25,8461538
488	-42,8461538
488	-17,8461538
489	2,1538462
489	7,1538462
489	-9,8461538
489	1,1538462
490	4,1538462
490	0,1538462
490	-6,8461538
490	-1,8461538
491	-17,8461538
491	-5,8461538
491	-23,8461538
491	2,1538462
492	-12,8461538
492	3,1538462
492	18,1538462
492	-2,8461538
493	-7,8461538
493	-18,8461538
493	-6,8461538
493	-23,8461538
494	-18,8461538
494	-6,8461538
494	5,1538462
495	-25,8461538
495	-16,8461538
495	-9,8461538
495	-8,8461538
496	2,1538462
496	-12,8461538
496	-5,8461538
496	-9,8461538
497	-10,8461538
497	-3,8461538
497	-5,8461538
497	1,1538462
498	-6,8461538
498	-12,8461538
498	-1,8461538
498	-30,8461538
499	5,1538462
499	0,1538462
499	-10,8461538
499	20,1538462
500	39,1538462
500	5,1538462
500	-11,8461538
500	-12,8461538
501	-23,8461538
501	5,1538462
501	17,1538462
502	-9,8461538
502	-15,8461538
502	16,1538462
502	-20,8461538
503	-1,8461538
503	-9,8461538
503	0,1538462
503	-7,8461538
504	-14,8461538
504	-21,8461538
504	-2,8461538
504	9,1538462
505	-6,8461538
505	-30,8461538
505	-15,8461538
505	-16,8461538
506	0,1538462
506	-14,8461538
506	-27,8461538
506	-17,8461538
507	-3,8461538
507	-5,8461538
507	-1,8461538
507	-6,8461538
508	3,1538462
508	-14,8461538
508	-4,8461538
508	30,1538462
509	-8,8461538
509	-4,8461538
509	-15,8461538
510	-0,8461538
510	12,1538462
510	-17,8461538
510	-8,8461538
511	12,1538462
511	1,1538462
511	-7,8461538
511	-18,8461538
512	-19,8461538
512	-20,8461538
512	15,1538462
512	12,1538462
513	-21,8461538
513	13,1538462
513	22,1538462
513	-23,8461538
514	4,1538462
514	23,1538462
514	-10,8461538
514	9,1538462
515	-12,8461538
515	-14,8461538
515	-14,8461538
515	7,1538462
516	17,1538462
516	-4,8461538
516	4,1538462
516	-31,8461538
517	-22,8461538
517	-14,8461538
517	-6,8461538
518	-29,8461538
518	9,1538462
518	-5,8461538
518	-8,8461538
519	22,1538462
519	17,1538462
519	-5,8461538
519	6,1538462
520	-15,8461538
520	-6,8461538
520	13,1538462
520	-5,8461538
521	-15,8461538
521	16,1538462
521	8,1538462
521	21,1538462
522	21,1538462
522	19,1538462
522	-10,8461538
522	0,1538462
523	13,1538462
523	18,1538462
523	-10,8461538
523	-25,8461538
524	-8,8461538
524	-27,8461538
524	8,1538462
524	4,1538462
525	2,1538462
525	-20,8461538
525	-4,8461538
526	14,1538462
526	20,1538462
526	29,1538462
526	-5,8461538
527	-8,8461538
527	-14,8461538
527	-7,8461538
527	10,1538462
528	7,1538462
528	-17,8461538
528	7,1538462
528	12,1538462
529	18,1538462
529	-31,8461538
529	-36,8461538
529	-0,8461538
530	4,1538462
530	-13,8461538
530	5,1538462
530	0,1538462
531	15,1538462
531	-8,8461538
531	26,1538462
531	6,1538462
532	5,1538462
532	-7,8461538
532	15,1538462
532	-15,8461538
533	-17,8461538
533	-23,8461538
533	-18,8461538
534	-27,8461538
534	13,1538462
534	-22,8461538
534	-8,8461538
535	-4,8461538
535	-1,8461538
535	21,1538462
535	2,1538462
536	11,1538462
536	2,1538462
536	-38,8461538
536	-29,8461538
537	-11,8461538
537	-17,8461538
537	14,1538462
537	-50,8461538
538	-22,8461538
538	-26,8461538
538	-0,8461538
538	-13,8461538
539	3,1538462
539	-16,8461538
539	-25,8461538
539	-0,8461538
540	1,1538462
540	-23,8461538
540	-2,8461538
540	-20,8461538
541	-1,8461538
541	-23,8461538
541	-15,8461538
541	-0,8461538
542	16,1538462
542	-28,8461538
542	10,1538462
543	0,1538462
543	-27,8461538
543	-11,8461538
543	30,1538462
544	-14,8461538
544	-13,8461538
544	-15,8461538
544	-5,8461538
545	-26,8461538
545	6,1538462
545	0,1538462
545	1,1538462
546	4,1538462
546	-24,8461538
546	-19,8461538
546	-9,8461538
547	-2,8461538
547	6,1538462
547	16,1538462
547	-18,8461538
548	13,1538462
548	-1,8461538
548	-11,8461538
548	-7,8461538
549	-8,8461538
549	12,1538462
549	-16,8461538
549	-8,8461538
550	-1,8461538
550	0,1538462
550	-3,8461538
550	-26,8461538
551	-24,8461538
551	-21,8461538
551	7,1538462
552	-6,8461538
552	-14,8461538
552	6,1538462
552	-6,8461538
553	-9,8461538
553	-5,8461538
553	-12,8461538
553	21,1538462
554	8,1538462
554	4,1538462
554	1,1538462
554	-37,8461538
555	-5,8461538
555	22,1538462
555	7,1538462
555	-10,8461538
556	11,1538462
556	-3,8461538
556	-8,8461538
556	3,1538462
557	30,1538462
557	0,1538462
557	-19,8461538
557	-18,8461538
558	-29,8461538
558	-30,8461538
558	-3,8461538
558	-0,8461538
559	-2,8461538
559	-20,8461538
559	-11,8461538
559	-28,8461538
560	-0,8461538
560	-5,8461538
560	-34,8461538
561	-12,8461538
561	3,1538462
561	-22,8461538
561	3,1538462
562	-0,8461538
562	-5,8461538
562	13,1538462
562	-6,8461538
563	8,1538462
563	2,1538462
563	-22,8461538
563	-4,8461538
564	-15,8461538
564	-13,8461538
564	-23,8461538
564	7,1538462
565	16,1538462
565	5,1538462
565	-1,8461538
565	-3,8461538
566	6,1538462
566	-20,8461538
566	-14,8461538
566	26,1538462
567	-4,8461538
567	-22,8461538
567	-9,8461538
567	-25,8461538
568	-28,8461538
568	2,1538462
568	15,1538462
568	-7,8461538
569	-24,8461538
569	0,1538462
569	-22,8461538
569	-25,8461538
570	-18,8461538
570	-3,8461538
570	-10,8461538
571	-16,8461538
571	-9,8461538
571	-29,8461538
571	14,1538462
572	-9,8461538
572	5,1538462
572	-9,8461538
572	5,1538462
573	-8,8461538
573	6,1538462
573	-1,8461538
573	-20,8461538
574	-3,8461538
574	-13,8461538
574	-17,8461538
574	7,1538462
575	-16,8461538
575	-0,8461538
575	-5,8461538
575	-8,8461538
576	-21,8461538
576	-22,8461538
576	7,1538462
576	-24,8461538
577	2,1538462
577	-4,8461538
577	-19,8461538
577	11,1538462
578	15,1538462
578	-16,8461538
578	-15,8461538
578	-21,8461538
579	7,1538462
579	-0,8461538
579	-19,8461538
579	-23,8461538
580	-4,8461538
580	-15,8461538
580	-11,8461538
581	12,1538462
581	-11,8461538
581	21,1538462
581	-25,8461538
582	-20,8461538
582	-20,8461538
582	24,1538462
582	21,1538462
583	-36,8461538
583	-13,8461538
583	-8,8461538
583	-10,8461538
584	12,1538462
584	5,1538462
584	9,1538462
584	8,1538462
585	1,1538462
585	-6,8461538
585	11,1538462
585	-5,8461538
586	-11,8461538
586	-6,8461538
586	-1,8461538
586	1,1538462
587	-9,8461538
587	-43,8461538
587	-31,8461538
587	-5,8461538
588	-12,8461538
588	0,1538462
588	15,1538462
588	-7,8461538
589	20,1538462
589	-10,8461538
589	4,1538462
589	-21,8461538
590	-12,8461538
590	5,1538462
590	-17,8461538
590	2,1538462
591	-24,8461538
591	11,1538462
591	-23,8461538
592	-0,8461538
592	-22,8461538
592	-2,8461538
592	-14,8461538
593	8,1538462
593	-10,8461538
593	-4,8461538
593	-14,8461538
594	34,1538462
594	-16,8461538
594	-16,8461538
594	-3,8461538
595	7,1538462
595	-20,8461538
595	-10,8461538
595	2,1538462
596	11,1538462
596	8,1538462
596	-39,8461538
596	21,1538462
597	11,1538462
597	2,1538462
597	-3,8461538
597	-225,8461538
598	-25,8461538
598	-31,8461538
598	-24,8461538
598	-7,8461538
599	-9,8461538
599	-17,8461538
599	-34,8461538
599	-11,8461538
600	15,1538462
600	6,1538462
600	-0,8461538
600	-7,8461538
601	-11,8461538
601	4,1538462
601	-6,8461538
601	-3,8461538
602	-2,8461538
602	-20,8461538
602	-4,8461538
603	10,1538462
603	1,1538462
603	24,1538462
603	6,1538462
604	8,1538462
604	12,1538462
604	-2,8461538
604	-0,8461538
605	-3,8461538
605	-11,8461538
605	-4,8461538
605	-3,8461538
606	2,1538462
606	10,1538462
606	9,1538462
606	7,1538462
607	-22,8461538
607	-10,8461538
607	2,1538462
607	-1,8461538
608	-17,8461538
608	-4,8461538
608	-16,8461538
608	-7,8461538
609	4,1538462
609	2,1538462
609	0,1538462
609	-16,8461538
610	-19,8461538
610	-7,8461538
610	0,1538462
610	4,1538462
611	-4,8461538
611	-10,8461538
611	-10,8461538
611	-2,8461538
612	-17,8461538
612	0,1538462
612	12,1538462
612	7,1538462
613	-0,8461538
613	6,1538462
613	-0,8461538
613	-10,8461538
614	16,1538462
614	-16,8461538
614	-12,8461538
614	-0,8461538
615	1,1538462
615	10,1538462
615	6,1538462
616	-27,8461538
616	-32,8461538
616	18,1538462
616	-44,8461538
617	-11,8461538
617	-3,8461538
617	4,1538462
617	-8,8461538
618	-15,8461538
618	4,1538462
618	-14,8461538
618	8,1538462
619	-2,8461538
619	9,1538462
619	-6,8461538
619	-8,8461538
620	-5,8461538
620	2,1538462
620	-16,8461538
620	-14,8461538
621	1,1538462
621	5,1538462
621	-5,8461538
621	-12,8461538
622	-9,8461538
622	-15,8461538
622	5,1538462
622	3,1538462
623	-30,8461538
623	-7,8461538
623	-1,8461538
623	-10,8461538
624	-17,8461538
624	23,1538462
624	1,1538462
624	-11,8461538
625	10,1538462
625	-0,8461538
625	-12,8461538
625	-18,8461538
626	11,1538462
626	-3,8461538
626	-5,8461538
626	0,1538462
627	-14,8461538
627	-8,8461538
627	3,1538462
627	-3,8461538
628	-23,8461538
628	0,1538462
628	-14,8461538
629	-30,8461538
629	17,1538462
629	-31,8461538
629	0,1538462
630	-27,8461538
630	-15,8461538
630	-23,8461538
630	0,1538462
631	-20,8461538
631	-1,8461538
631	-30,8461538
631	-9,8461538
632	-15,8461538
632	12,1538462
632	-4,8461538
632	-19,8461538
633	-0,8461538
633	6,1538462
633	-14,8461538
633	-5,8461538
634	-25,8461538
634	-29,8461538
634	-40,8461538
634	-14,8461538
635	-10,8461538
635	-18,8461538
635	-20,8461538
635	3,1538462
636	9,1538462
636	0,1538462
636	-0,8461538
636	6,1538462
637	-22,8461538
637	-18,8461538
637	-4,8461538
637	-8,8461538
638	5,1538462
638	12,1538462
638	-1,8461538
638	-26,8461538
639	-20,8461538
639	-39,8461538
639	7,1538462
639	23,1538462
640	-35,8461538
640	1,1538462
640	-1,8461538
640	8,1538462
641	-25,8461538
641	-5,8461538
641	2,1538462
641	-14,8461538
642	-24,8461538
642	1,1538462
642	-4,8461538
642	-19,8461538
643	-3,8461538
643	3,1538462
643	5,1538462
644	24,1538462
644	4,1538462
644	0,1538462
644	15,1538462
645	-12,8461538
645	-8,8461538
645	6,1538462
645	17,1538462
646	4,1538462
646	-5,8461538
646	-12,8461538
646	-1,8461538
647	-6,8461538
647	32,1538462
647	-5,8461538
647	15,1538462
648	22,1538462
648	-24,8461538
648	-17,8461538
648	11,1538462
649	5,1538462
649	15,1538462
649	12,1538462
649	-8,8461538
650	0,1538462
650	-7,8461538
650	-1,8461538
650	7,1538462
651	6,1538462
651	7,1538462
651	11,1538462
651	3,1538462
652	9,1538462
652	4,1538462
652	7,1538462
652	-21,8461538
653	0,1538462
653	2,1538462
653	2,1538462
653	5,1538462
654	-24,8461538
654	-0,8461538
654	9,1538462
654	-3,8461538
655	8,1538462
655	16,1538462
655	25,1538462
655	4,1538462
656	1,1538462
656	-20,8461538
656	-12,8461538
656	4,1538462
657	17,1538462
657	-7,8461538
657	-16,8461538
657	-0,8461538
658	-15,8461538
658	-5,8461538
658	5,1538462
658	-15,8461538
659	1,1538462
659	31,1538462
659	-7,8461538
660	7,1538462
660	-6,8461538
660	17,1538462
660	6,1538462
661	-2,8461538
661	32,1538462
661	9,1538462
661	-2,8461538
662	20,1538462
662	30,1538462
662	-10,8461538
662	10,1538462
663	-14,8461538
663	7,1538462
663	9,1538462
663	27,1538462
664	1,1538462
664	-11,8461538
664	-1,8461538
664	-6,8461538
665	11,1538462
665	-8,8461538
665	7,1538462
665	-19,8461538
666	0,1538462
666	-8,8461538
666	14,1538462
666	-2,8461538
667	7,1538462
667	-6,8461538
667	4,1538462
667	-25,8461538
668	-23,8461538
668	10,1538462
668	15,1538462
668	-2,8461538
669	2,1538462
669	-24,8461538
669	-7,8461538
669	-26,8461538
670	-15,8461538
670	12,1538462
670	-10,8461538
670	9,1538462
671	0,1538462
671	0,1538462
671	7,1538462
671	5,1538462
672	2,1538462
672	4,1538462
672	13,1538462
672	-2,8461538
673	-11,8461538
673	-11,8461538
673	12,1538462
673	17,1538462
674	5,1538462
674	1,1538462
674	-17,8461538
674	11,1538462
675	-34,8461538
675	-17,8461538
675	-30,8461538
675	-12,8461538
676	-9,8461538
676	-11,8461538
676	-3,8461538
676	9,1538462
677	-10,8461538
677	-9,8461538
677	-11,8461538
677	-9,8461538
678	17,1538462
678	16,1538462
678	-3,8461538
678	-2,8461538
679	-6,8461538
679	16,1538462
679	10,1538462
680	14,1538462
680	-11,8461538
680	-1,8461538
680	-6,8461538
681	9,1538462
681	1,1538462
681	-0,8461538
681	-4,8461538
682	-16,8461538
682	-2,8461538
682	11,1538462
682	-3,8461538
683	-32,8461538
683	4,1538462
683	16,1538462
683	4,1538462
684	-7,8461538
684	0,1538462
684	7,1538462
684	8,1538462
685	4,1538462
685	-18,8461538
685	-25,8461538
685	-46,8461538
686	-22,8461538
686	6,1538462
686	-4,8461538
686	-13,8461538
687	11,1538462
687	6,1538462
687	-2,8461538
687	12,1538462
688	2,1538462
688	16,1538462
688	-29,8461538
688	-40,8461538
689	-5,8461538
689	0,1538462
689	6,1538462
689	5,1538462
690	-20,8461538
690	-11,8461538
690	-14,8461538
690	-6,8461538
691	-1,8461538
691	-7,8461538
691	11,1538462
691	16,1538462
692	-4,8461538
692	6,1538462
692	2,1538462
692	7,1538462
693	-10,8461538
693	-33,8461538
693	-11,8461538
693	-26,8461538
694	-0,8461538
694	8,1538462
694	3,1538462
694	3,1538462
695	-3,8461538
695	21,1538462
695	-2,8461538
695	-19,8461538
696	-14,8461538
696	-7,8461538
696	9,1538462
696	-14,8461538
697	-18,8461538
697	-2,8461538
697	-13,8461538
697	20,1538462
698	-28,8461538
698	-10,8461538
698	-17,8461538
698	14,1538462
699	-27,8461538
699	-10,8461538
699	15,1538462
699	-5,8461538
700	-2,8461538
700	-3,8461538
700	-12,8461538
700	-17,8461538
701	-12,8461538
701	-21,8461538
701	22,1538462
701	9,1538462
702	-5,8461538
702	1,1538462
702	20,1538462
702	-29,8461538
703	-23,8461538
703	8,1538462
703	-5,8461538
703	-34,8461538
704	-9,8461538
704	-0,8461538
704	9,1538462
704	19,1538462
705	17,1538462
705	-16,8461538
705	13,1538462
706	1,1538462
706	21,1538462
706	-15,8461538
706	-11,8461538
707	2,1538462
707	-9,8461538
707	11,1538462
707	-2,8461538
708	1,1538462
708	-13,8461538
708	-3,8461538
708	10,1538462
709	-10,8461538
709	-11,8461538
709	-13,8461538
709	6,1538462
710	-2,8461538
710	-3,8461538
710	-4,8461538
710	-0,8461538
711	-4,8461538
711	-2,8461538
711	10,1538462
711	-18,8461538
712	16,1538462
712	-36,8461538
712	9,1538462
712	-15,8461538
713	-14,8461538
713	6,1538462
713	0,1538462
713	-22,8461538
714	-1,8461538
714	11,1538462
714	-31,8461538
714	-16,8461538
715	-10,8461538
715	-20,8461538
715	-6,8461538
715	-15,8461538
716	10,1538462
716	5,1538462
716	-24,8461538
716	-15,8461538
717	-8,8461538
717	-1,8461538
717	8,1538462
717	-13,8461538
718	-4,8461538
718	-13,8461538
718	-27,8461538
718	12,1538462
719	1,1538462
719	-14,8461538
719	0,1538462
719	-0,8461538
720	13,1538462
720	-27,8461538
720	-12,8461538
720	18,1538462
721	7,1538462
721	6,1538462
721	2,1538462
721	-11,8461538
722	22,1538462
722	-1,8461538
722	-23,8461538
722	-27,8461538
723	18,1538462
723	-4,8461538
723	-11,8461538
723	4,1538462
724	-0,8461538
724	10,1538462
724	-18,8461538
724	-28,8461538
725	-8,8461538
725	19,1538462
725	2,1538462
725	18,1538462
726	-18,8461538
726	4,1538462
726	12,1538462
726	2,1538462
727	-8,8461538
727	-31,8461538
727	9,1538462
727	-9,8461538
728	0,1538462
728	-26,8461538
728	-15,8461538
728	-5,8461538
729	-36,8461538
729	4,1538462
729	-6,8461538
729	-1,8461538
730	20,1538462
730	-25,8461538
730	-8,8461538
730	4,1538462
731	9,1538462
731	-21,8461538
731	-4,8461538
731	25,1538462
732	2,1538462
732	4,1538462
732	-10,8461538
732	17,1538462
733	0,1538462
733	-9,8461538
733	0,1538462
733	-17,8461538
734	-12,8461538
734	-13,8461538
734	-5,8461538
734	-8,8461538
735	-19,8461538
735	-14,8461538
735	20,1538462
735	12,1538462
736	-21,8461538
736	-7,8461538
736	-4,8461538
736	15,1538462
737	-16,8461538
737	-19,8461538
737	-10,8461538
737	7,1538462
738	17,1538462
738	-6,8461538
738	-4,8461538
738	-1,8461538
739	8,1538462
739	13,1538462
739	-19,8461538
739	0,1538462
740	-7,8461538
740	-18,8461538
740	-0,8461538
740	-20,8461538
741	-20,8461538
741	-1,8461538
741	-26,8461538
741	4,1538462
742	-8,8461538
742	0,1538462
742	-8,8461538
742	-43,8461538
743	-25,8461538
743	24,1538462
743	0,1538462
743	-5,8461538
744	6,1538462
744	-2,8461538
744	-1,8461538
744	-5,8461538
745	-21,8461538
745	-8,8461538
745	-14,8461538
745	-31,8461538
746	-21,8461538
746	-22,8461538
746	-28,8461538
746	15,1538462
747	6,1538462
747	-3,8461538
747	-10,8461538
747	4,1538462
748	9,1538462
748	8,1538462
748	-20,8461538
748	14,1538462
749	-8,8461538
749	-1,8461538
749	-25,8461538
749	-26,8461538
750	1,1538462
750	-5,8461538
750	12,1538462
750	-2,8461538
751	0,1538462
751	-10,8461538
751	-0,8461538
751	-3,8461538
752	5,1538462
752	6,1538462
752	12,1538462
752	-1,8461538
753	-17,8461538
753	-18,8461538
753	-33,8461538
753	-1,8461538
754	5,1538462
754	-10,8461538
754	-40,8461538
754	-16,8461538
755	-7,8461538
755	-15,8461538
755	8,1538462
755	-0,8461538
756	-20,8461538
756	-0,8461538
756	-13,8461538
756	6,1538462
757	-23,8461538
757	-1,8461538
757	-0,8461538
757	5,1538462
758	4,1538462
758	7,1538462
758	0,1538462
758	10,1538462
759	15,1538462
759	25,1538462
759	-14,8461538
759	-19,8461538
760	9,1538462
760	-3,8461538
760	-13,8461538
760	-18,8461538
761	-2,8461538
761	12,1538462
761	-8,8461538
761	4,1538462
762	-5,8461538
762	9,1538462
762	10,1538462
762	-20,8461538
763	-16,8461538
763	-2,8461538
763	-2,8461538
763	-11,8461538
764	14,1538462
764	-17,8461538
764	7,1538462
764	-0,8461538
765	-22,8461538
765	-4,8461538
765	-8,8461538
765	7,1538462
766	-9,8461538
766	-7,8461538
766	6,1538462
766	1,1538462
767	-12,8461538
767	11,1538462
767	-4,8461538
767	-2,8461538
768	-16,8461538
768	-17,8461538
768	3,1538462
768	21,1538462
769	9,1538462
769	15,1538462
769	-12,8461538
769	-12,8461538
770	3,1538462
770	-9,8461538
770	4,1538462
770	0,1538462
771	-15,8461538
771	-16,8461538
771	-0,8461538
771	15,1538462
772	13,1538462
772	5,1538462
772	21,1538462
772	2,1538462
773	-39,8461538
773	-23,8461538
773	-30,8461538
773	-15,8461538
774	-1,8461538
774	-6,8461538
774	-5,8461538
774	-12,8461538
775	-7,8461538
775	-9,8461538
775	-17,8461538
775	-16,8461538
776	-21,8461538
776	7,1538462
776	25,1538462
776	-36,8461538
777	5,1538462
777	10,1538462
777	1,1538462
777	-8,8461538
778	-20,8461538
778	-14,8461538
778	-5,8461538
778	7,1538462
779	14,1538462
779	-5,8461538
779	-1,8461538
779	-4,8461538
780	17,1538462
780	-7,8461538
780	11,1538462
780	17,1538462
781	-13,8461538
781	-23,8461538
781	27,1538462
781	-10,8461538
782	22,1538462
782	-8,8461538
782	-3,8461538
782	11,1538462
783	-8,8461538
783	-21,8461538
783	-15,8461538
783	-10,8461538
784	-6,8461538
784	12,1538462
784	4,1538462
784	-18,8461538
785	-18,8461538
785	4,1538462
785	-16,8461538
785	-24,8461538
786	-13,8461538
786	-32,8461538
786	11,1538462
786	22,1538462
787	-10,8461538
787	-9,8461538
787	-19,8461538
787	-5,8461538
788	-40,8461538
788	-21,8461538
788	-3,8461538
788	-9,8461538
789	11,1538462
789	-7,8461538
789	-11,8461538
789	-23,8461538
790	-27,8461538
790	-17,8461538
790	-18,8461538
790	-18,8461538
791	-4,8461538
791	-15,8461538
791	-19,8461538
791	-28,8461538
792	1,1538462
792	3,1538462
792	30,1538462
792	4,1538462
793	0,1538462
793	-9,8461538
793	-4,8461538
793	4,1538462
794	-1,8461538
794	-1,8461538
794	-14,8461538
794	-24,8461538
795	-5,8461538
795	2,1538462
795	-4,8461538
795	-1,8461538
796	1,1538462
796	7,1538462
796	-25,8461538
796	-21,8461538
797	-0,8461538
797	-16,8461538
797	9,1538462
797	-16,8461538
798	2,1538462
798	-20,8461538
798	-2,8461538
798	24,1538462
799	-12,8461538
799	-12,8461538
799	-10,8461538
799	-32,8461538
800	11,1538462
800	25,1538462
800	21,1538462
800	-10,8461538
801	14,1538462
801	-13,8461538
801	14,1538462
801	-40,8461538
802	-10,8461538
802	-4,8461538
802	-4,8461538
802	-17,8461538
803	-6,8461538
803	-12,8461538
803	-3,8461538
803	9,1538462
804	-5,8461538
804	-13,8461538
804	-26,8461538
804	18,1538462
805	-25,8461538
805	-46,8461538
805	-4,8461538
805	-26,8461538
806	-16,8461538
806	-6,8461538
806	37,1538462
806	24,1538462
807	-20,8461538
807	15,1538462
807	9,1538462
807	25,1538462
808	-0,8461538
808	-8,8461538
808	-2,8461538
808	-15,8461538
809	2,1538462
809	1,1538462
809	-6,8461538
809	-35,8461538
810	-7,8461538
810	1,1538462
810	-35,8461538
810	4,1538462
811	-6,8461538
811	11,1538462
811	-38,8461538
811	-2,8461538
812	-6,8461538
812	36,1538462
812	9,1538462
812	-32,8461538
813	-28,8461538
813	7,1538462
813	27,1538462
813	0,1538462
814	-6,8461538
814	-11,8461538
814	-17,8461538
814	0,1538462
815	8,1538462
815	12,1538462
815	-0,8461538
815	-0,8461538
816	23,1538462
816	-1,8461538
816	-16,8461538
816	-8,8461538
817	7,1538462
817	9,1538462
817	3,1538462
817	-13,8461538
818	-34,8461538
818	-6,8461538
818	-21,8461538
818	-5,8461538
819	-5,8461538
819	23,1538462
819	12,1538462
819	8,1538462
820	-21,8461538
820	-13,8461538
820	-4,8461538
820	-7,8461538
820	-16,8461538
821	-24,8461538
821	-23,8461538
821	-11,8461538
821	-6,8461538
822	-0,8461538
822	-8,8461538
822	-27,8461538
822	-20,8461538
823	-9,8461538
823	-28,8461538
823	-15,8461538
823	3,1538462
824	-7,8461538
824	20,1538462
824	-13,8461538
824	-5,8461538
825	-4,8461538
825	8,1538462
825	-19,8461538
825	27,1538462
826	4,1538462
826	-10,8461538
826	-10,8461538
826	-23,8461538
827	-7,8461538
827	-20,8461538
827	-2,8461538
827	-20,8461538
828	3,1538462
828	-17,8461538
828	15,1538462
828	-6,8461538
829	-0,8461538
829	11,1538462
829	29,1538462
829	5,1538462
830	3,1538462
830	-1,8461538
830	-25,8461538
830	-3,8461538
831	23,1538462
831	16,1538462
831	2,1538462
831	-2,8461538
832	-5,8461538
832	-4,8461538
832	17,1538462
832	-5,8461538
833	3,1538462
833	-13,8461538
833	-25,8461538
833	1,1538462
834	40,1538462
834	17,1538462
834	14,1538462
834	2,1538462
835	-17,8461538
835	33,1538462
835	-14,8461538
835	-2,8461538
836	7,1538462
836	-4,8461538
836	-4,8461538
836	23,1538462
837	-10,8461538
837	1,1538462
837	4,1538462
837	-4,8461538
838	-9,8461538
838	19,1538462
838	13,1538462
838	16,1538462
839	23,1538462
839	-7,8461538
839	-3,8461538
839	30,1538462
840	9,1538462
840	3,1538462
840	-20,8461538
840	-25,8461538
841	-28,8461538
841	11,1538462
841	-16,8461538
841	5,1538462
842	-16,8461538
842	1,1538462
842	-19,8461538
842	6,1538462
843	-9,8461538
843	0,1538462
843	4,1538462
843	6,1538462
844	-14,8461538
844	13,1538462
844	1,1538462
844	-16,8461538
845	-27,8461538
845	-16,8461538
845	-0,8461538
845	5,1538462
845	-3,8461538
846	-26,8461538
846	1,1538462
846	0,1538462
846	-1,8461538
847	-1,8461538
847	-16,8461538
847	19,1538462
847	7,1538462
848	-10,8461538
848	-6,8461538
848	11,1538462
848	-29,8461538
849	-10,8461538
849	-14,8461538
849	9,1538462
849	12,1538462
850	20,1538462
850	16,1538462
850	11,1538462
850	27,1538462
851	-1,8461538
851	-13,8461538
851	13,1538462
851	-17,8461538
852	-29,8461538
852	-7,8461538
852	1,1538462
852	-18,8461538
853	-20,8461538
853	-8,8461538
853	-42,8461538
853	-6,8461538
854	6,1538462
854	-2,8461538
854	-10,8461538
854	-6,8461538
855	-23,8461538
855	7,1538462
855	-22,8461538
855	-6,8461538
856	-5,8461538
856	14,1538462
856	-2,8461538
856	9,1538462
857	5,1538462
857	11,1538462
857	-9,8461538
857	-5,8461538
858	24,1538462
858	14,1538462
858	6,1538462
858	4,1538462
859	6,1538462
859	-14,8461538
859	-0,8461538
859	-2,8461538
860	-9,8461538
860	-5,8461538
860	33,1538462
860	-17,8461538
861	-14,8461538
861	-27,8461538
861	-3,8461538
861	6,1538462
862	15,1538462
862	-7,8461538
862	-1,8461538
862	-3,8461538
863	7,1538462
863	1,1538462
863	-20,8461538
863	-6,8461538
864	-0,8461538
864	-30,8461538
864	-22,8461538
864	20,1538462
864	-1,8461538
865	12,1538462
865	-9,8461538
865	-27,8461538
865	-9,8461538
866	-15,8461538
866	-13,8461538
866	-8,8461538
866	3,1538462
867	9,1538462
867	-21,8461538
867	-2,8461538
867	15,1538462
868	1,1538462
868	-30,8461538
868	4,1538462
868	13,1538462
869	-6,8461538
869	10,1538462
869	-18,8461538
869	-40,8461538
870	20,1538462
870	-25,8461538
870	-25,8461538
870	15,1538462
871	8,1538462
871	-21,8461538
871	-23,8461538
871	-32,8461538
872	22,1538462
872	-4,8461538
872	-14,8461538
872	1,1538462
873	-31,8461538
873	-49,8461538
873	-19,8461538
873	27,1538462
874	-9,8461538
874	5,1538462
874	-15,8461538
874	-11,8461538
875	-2,8461538
875	-28,8461538
875	-28,8461538
875	18,1538462
876	-1,8461538
876	5,1538462
876	-3,8461538
876	-13,8461538
877	5,1538462
877	-15,8461538
877	-1,8461538
877	7,1538462
878	0,1538462
878	-18,8461538
878	16,1538462
878	23,1538462
879	28,1538462
879	-22,8461538
879	2,1538462
879	-2,8461538
880	-31,8461538
880	-40,8461538
880	0,1538462
880	-2,8461538
880	2,1538462
881	6,1538462
881	8,1538462
881	-1,8461538
881	-3,8461538
882	-26,8461538
882	-9,8461538
882	8,1538462
882	-15,8461538
883	0,1538462
883	-17,8461538
883	-3,8461538
883	-35,8461538
884	14,1538462
884	-1,8461538
884	4,1538462
884	-2,8461538
885	-19,8461538
885	1,1538462
885	-2,8461538
885	3,1538462
886	-21,8461538
886	-24,8461538
886	-22,8461538
886	-5,8461538
887	1,1538462
887	0,1538462
887	-34,8461538
887	-21,8461538
888	0,1538462
888	-19,8461538
888	-10,8461538
888	-30,8461538
889	-33,8461538
889	10,1538462
889	-19,8461538
889	-6,8461538
890	13,1538462
890	-49,8461538
890	-1,8461538
890	-3,8461538
891	-17,8461538
891	-8,8461538
891	-13,8461538
891	-8,8461538
892	-33,8461538
892	13,1538462
892	0,1538462
892	39,1538462
893	-3,8461538
893	-10,8461538
893	-10,8461538
893	8,1538462
894	18,1538462
894	-9,8461538
894	-0,8461538
894	3,1538462
894	-18,8461538
895	-20,8461538
895	-16,8461538
895	11,1538462
895	12,1538462
896	21,1538462
896	-0,8461538
896	-11,8461538
896	-4,8461538
897	32,1538462
897	13,1538462
897	36,1538462
897	22,1538462
898	0,1538462
898	2,1538462
898	-24,8461538
898	-12,8461538
899	6,1538462
899	-9,8461538
899	-1,8461538
899	-2,8461538
900	-15,8461538
900	-11,8461538
900	-25,8461538
900	15,1538462
901	21,1538462
901	1,1538462
901	-13,8461538
901	-1,8461538
902	6,1538462
902	-13,8461538
902	-4,8461538
902	-9,8461538
903	-17,8461538
903	1,1538462
903	-32,8461538
903	-12,8461538
904	5,1538462
904	1,1538462
904	-27,8461538
904	-2,8461538
905	1,1538462
905	7,1538462
905	-7,8461538
905	8,1538462
906	0,1538462
906	0,1538462
906	-4,8461538
906	-7,8461538
906	1,1538462
907	-3,8461538
907	-13,8461538
907	-7,8461538
907	17,1538462
908	-11,8461538
908	18,1538462
908	24,1538462
908	-20,8461538
909	-9,8461538
909	-19,8461538
909	2,1538462
909	9,1538462
910	-15,8461538
910	-43,8461538
910	3,1538462
910	-2,8461538
911	-17,8461538
911	-13,8461538
911	-10,8461538
911	0,1538462
912	-11,8461538
912	-6,8461538
912	-0,8461538
912	0,1538462
913	-14,8461538
913	-14,8461538
913	-14,8461538
913	5,1538462
914	7,1538462
914	-12,8461538
914	13,1538462
914	-8,8461538
915	-8,8461538
915	-16,8461538
915	-9,8461538
915	21,1538462
916	10,1538462
916	-7,8461538
916	9,1538462
916	19,1538462
917	-12,8461538
917	15,1538462
917	-13,8461538
917	-2,8461538
917	-19,8461538
918	-7,8461538
918	13,1538462
918	-39,8461538
918	-9,8461538
919	-21,8461538
919	-20,8461538
919	26,1538462
919	-12,8461538
920	-8,8461538
920	-3,8461538
920	-1,8461538
920	13,1538462
921	-7,8461538
921	15,1538462
921	-5,8461538
921	-9,8461538
922	-24,8461538
922	-22,8461538
922	9,1538462
922	-23,8461538
923	-6,8461538
923	-2,8461538
923	-29,8461538
923	-9,8461538
924	-31,8461538
924	-8,8461538
924	-18,8461538
924	4,1538462
925	-21,8461538
925	1,1538462
925	12,1538462
925	25,1538462
926	-16,8461538
926	9,1538462
926	-5,8461538
926	-29,8461538
927	-18,8461538
927	8,1538462
927	0,1538462
927	-7,8461538
928	-14,8461538
928	-30,8461538
928	-12,8461538
928	-0,8461538
928	12,1538462
929	16,1538462
929	-20,8461538
929	6,1538462
929	-22,8461538
930	-5,8461538
930	-2,8461538
930	-21,8461538
930	-2,8461538
931	-8,8461538
931	-29,8461538
931	14,1538462
931	1,1538462
932	2,1538462
932	-30,8461538
932	-10,8461538
932	-28,8461538
933	-9,8461538
933	-19,8461538
933	-11,8461538
933	-26,8461538
934	-20,8461538
934	6,1538462
934	0,1538462
934	39,1538462
935	10,1538462
935	-5,8461538
935	-25,8461538
935	23,1538462
936	-2,8461538
936	-0,8461538
936	-30,8461538
936	-19,8461538
937	-6,8461538
937	5,1538462
937	0,1538462
937	13,1538462
938	-0,8461538
938	20,1538462
938	17,1538462
938	15,1538462
938	12,1538462
939	-8,8461538
939	-4,8461538
939	21,1538462
939	6,1538462
940	-21,8461538
940	5,1538462
940	-3,8461538
940	-6,8461538
941	-19,8461538
941	-17,8461538
941	-29,8461538
941	-2,8461538
942	-9,8461538
942	-5,8461538
942	-22,8461538
942	17,1538462
943	-2,8461538
943	-31,8461538
943	-26,8461538
943	-5,8461538
944	-14,8461538
944	23,1538462
944	19,1538462
944	-1,8461538
945	5,1538462
945	3,1538462
945	-21,8461538
945	1,1538462
946	-15,8461538
946	-17,8461538
946	-13,8461538
946	-26,8461538
947	14,1538462
947	4,1538462
947	-6,8461538
947	-7,8461538
947	-2,8461538
948	-9,8461538
948	-29,8461538
948	-15,8461538
948	-20,8461538
949	17,1538462
949	-15,8461538
949	7,1538462
949	-12,8461538
950	-3,8461538
950	-22,8461538
950	4,1538462
950	-13,8461538
951	9,1538462
951	-12,8461538
951	5,1538462
951	-2,8461538
952	19,1538462
952	16,1538462
952	-15,8461538
952	25,1538462
953	-22,8461538
953	-11,8461538
953	-4,8461538
953	-19,8461538
954	-27,8461538
954	1,1538462
954	-12,8461538
954	-10,8461538
955	-2,8461538
955	-4,8461538
955	-17,8461538
955	-16,8461538
956	18,1538462
956	1,1538462
956	-21,8461538
956	-0,8461538
956	-27,8461538
957	-0,8461538
957	-7,8461538
957	13,1538462
957	-8,8461538
958	-0,8461538
958	-11,8461538
958	-23,8461538
958	2,1538462
959	-5,8461538
959	3,1538462
959	-30,8461538
959	-8,8461538
960	27,1538462
960	7,1538462
960	9,1538462
960	-8,8461538
961	-11,8461538
961	-2,8461538
961	-13,8461538
961	-22,8461538
962	-7,8461538
962	-26,8461538
962	-14,8461538
962	-5,8461538
963	3,1538462
963	0,1538462
963	4,1538462
963	-18,8461538
964	-20,8461538
964	4,1538462
964	-2,8461538
964	-11,8461538
964	-2,8461538
965	5,1538462
965	-27,8461538
965	1,1538462
965	6,1538462
966	28,1538462
966	14,1538462
966	-28,8461538
966	-6,8461538
967	-5,8461538
967	-5,8461538
967	-9,8461538
967	-8,8461538
968	-12,8461538
968	-9,8461538
968	1,1538462
968	18,1538462
969	25,1538462
969	-16,8461538
969	-9,8461538
969	2,1538462
970	-1,8461538
970	-38,8461538
970	4,1538462
970	9,1538462
971	6,1538462
971	-24,8461538
971	0,1538462
971	17,1538462
972	20,1538462
972	-8,8461538
972	4,1538462
972	-3,8461538
972	-9,8461538
973	-53,8461538
973	-8,8461538
973	-2,8461538
973	4,1538462
974	-14,8461538
974	-12,8461538
974	25,1538462
974	-7,8461538
975	0,1538462
975	-11,8461538
975	15,1538462
975	2,1538462
976	-27,8461538
976	-18,8461538
976	-4,8461538
976	-7,8461538
977	-9,8461538
977	-19,8461538
977	-4,8461538
977	15,1538462
978	25,1538462
978	5,1538462
978	-15,8461538
978	7,1538462
979	2,1538462
979	8,1538462
979	4,1538462
979	18,1538462
980	-7,8461538
980	24,1538462
980	7,1538462
980	-5,8461538
980	-23,8461538
981	-23,8461538
981	-1,8461538
981	7,1538462
981	-17,8461538
982	-32,8461538
982	8,1538462
982	14,1538462
982	-1,8461538
983	0,1538462
983	-1,8461538
983	-4,8461538
983	0,1538462
984	16,1538462
984	10,1538462
984	18,1538462
984	-34,8461538
985	-24,8461538
985	19,1538462
985	12,1538462
985	-2,8461538
986	-18,8461538
986	-7,8461538
986	14,1538462
986	0,1538462
987	-6,8461538
987	-0,8461538
987	-2,8461538
987	-15,8461538
988	-11,8461538
988	-4,8461538
988	-1,8461538
988	19,1538462
988	15,1538462
989	-8,8461538
989	-1,8461538
989	-6,8461538
989	-3,8461538
990	14,1538462
990	-7,8461538
990	-1,8461538
990	-4,8461538
991	5,1538462
991	3,1538462
991	-2,8461538
991	0,1538462
992	-22,8461538
992	-6,8461538
992	-7,8461538
992	2,1538462
993	-21,8461538
993	-4,8461538
993	-19,8461538
993	7,1538462
994	-3,8461538
994	5,1538462
994	2,1538462
994	-4,8461538
995	-10,8461538
995	-11,8461538
995	-1,8461538
995	28,1538462
995	6,1538462
996	-4,8461538
996	9,1538462
996	-4,8461538
996	-3,8461538
997	21,1538462
997	-40,8461538
997	-7,8461538
997	23,1538462
998	-23,8461538
998	-9,8461538
998	0,1538462
998	4,1538462
999	-9,8461538
999	4,1538462
999	-2,8461538
999	-22,8461538
1000	-24,8461538
1000	9,1538462
1000	5,1538462
1000	-1,8461538
1001	17,1538462
1001	-22,8461538
1001	-10,8461538
1001	-11,8461538
1002	-10,8461538
1002	32,1538462
1002	16,1538462
1002	13,1538462
1002	-4,8461538
1003	-8,8461538
1003	-0,8461538
1003	1,1538462
1003	-2,8461538
1004	-3,8461538
1004	5,1538462
1004	6,1538462
1004	29,1538462
1005	-20,8461538
1005	-4,8461538
1005	2,1538462
1005	14,1538462
1006	-28,8461538
1006	-1,8461538
1006	5,1538462
1006	-1,8461538
1007	-8,8461538
1007	-24,8461538
1007	-25,8461538
1007	-19,8461538
1008	-37,8461538
1008	20,1538462
1008	3,1538462
1008	14,1538462
1008	-5,8461538
1009	7,1538462
1009	-4,8461538
1009	8,1538462
1009	7,1538462
1010	9,1538462
1010	-9,8461538
1010	-13,8461538
1010	-17,8461538
1011	-9,8461538
1011	15,1538462
1011	-0,8461538
1011	4,1538462
1012	5,1538462
1012	-1,8461538
1012	-1,8461538
1012	-9,8461538
1013	-15,8461538
1013	12,1538462
1013	0,1538462
1013	1,1538462
1014	19,1538462
1014	-23,8461538
1014	-1,8461538
1014	10,1538462
1015	-8,8461538
1015	-12,8461538
1015	15,1538462
1015	-0,8461538
1015	9,1538462
1016	27,1538462
1016	16,1538462
1016	-4,8461538
1016	-13,8461538
1017	27,1538462
1017	-4,8461538
1017	-10,8461538
1017	-22,8461538
1018	-5,8461538
1018	-6,8461538
1018	-21,8461538
1018	-31,8461538
1019	-17,8461538
1019	22,1538462
1019	-10,8461538
1019	-7,8461538
1020	-20,8461538
1020	-8,8461538
1020	-1,8461538
1020	-16,8461538
1021	-6,8461538
1021	3,1538462
1021	10,1538462
1021	-25,8461538
1021	-16,8461538
1022	11,1538462
1022	25,1538462
1022	-11,8461538
1022	-4,8461538
1023	-15,8461538
1023	-5,8461538
1023	-0,8461538
1023	7,1538462
1024	-10,8461538
1024	-30,8461538
1024	-9,8461538
1024	7,1538462
1025	7,1538462
1025	-27,8461538
1025	-26,8461538
1025	-1,8461538
1026	-11,8461538
1026	0,1538462
1026	-3,8461538
1026	-2,8461538
1027	0,1538462
1027	4,1538462
1027	12,1538462
1027	13,1538462
1027	-5,8461538
1028	-7,8461538
1028	-28,8461538
1028	-12,8461538
1028	-1,8461538
1029	-31,8461538
1029	-11,8461538
1029	16,1538462
1029	3,1538462
1030	14,1538462
1030	-10,8461538
1030	-4,8461538
1030	-17,8461538
1031	-2,8461538
1031	12,1538462
1031	14,1538462
1031	-16,8461538
1032	-15,8461538
1032	2,1538462
1032	-19,8461538
1032	6,1538462
1033	20,1538462
1033	14,1538462
1033	1,1538462
1033	8,1538462
1034	-0,8461538
1034	-0,8461538
1034	-25,8461538
1034	-5,8461538
1034	-42,8461538
1035	7,1538462
1035	-22,8461538
1035	-0,8461538
1035	0,1538462
1036	10,1538462
1036	8,1538462
1036	0,1538462
1036	-28,8461538
1037	-5,8461538
1037	-1,8461538
1037	-12,8461538
1037	16,1538462
1038	-8,8461538
1038	-18,8461538
1038	-14,8461538
1038	-6,8461538
1039	-13,8461538
1039	-7,8461538
1039	-21,8461538
1039	-6,8461538
1039	-30,8461538
1040	-12,8461538
1040	34,1538462
1040	5,1538462
1040	7,1538462
1041	-20,8461538
1041	-25,8461538
1041	0,1538462
1041	3,1538462
1042	21,1538462
1042	25,1538462
1042	11,1538462
1042	1,1538462
1043	10,1538462
1043	21,1538462
1043	-2,8461538
1043	0,1538462
1044	-19,8461538
1044	-22,8461538
1044	-4,8461538
1044	4,1538462
1045	0,1538462
1045	-28,8461538
1045	-1,8461538
1045	-19,8461538
1045	1,1538462
1046	0,1538462
1046	-25,8461538
1046	-5,8461538
1046	-14,8461538
1047	-13,8461538
1047	3,1538462
1047	-0,8461538
1047	9,1538462
1048	6,1538462
1048	-9,8461538
1048	8,1538462
1048	1,1538462
1049	-22,8461538
1049	-21,8461538
1049	-5,8461538
1049	5,1538462
1050	-25,8461538
1050	-9,8461538
1050	-20,8461538
1050	-11,8461538
1051	27,1538462
1051	23,1538462
1051	-15,8461538
1051	-26,8461538
1051	-21,8461538
1052	-15,8461538
1052	14,1538462
1052	-13,8461538
1052	-35,8461538
1053	-27,8461538
1053	-9,8461538
1053	-2,8461538
1053	-16,8461538
1054	9,1538462
1054	-10,8461538
1054	7,1538462
1054	-8,8461538
1055	4,1538462
1055	-13,8461538
1055	-8,8461538
1055	5,1538462
1056	-5,8461538
1056	14,1538462
1056	-20,8461538
1056	-15,8461538
1056	-8,8461538
1057	6,1538462
1057	-19,8461538
1057	1,1538462
1057	3,1538462
1058	-13,8461538
1058	-0,8461538
1058	-15,8461538
1058	13,1538462
1059	0,1538462
1059	-9,8461538
1059	-11,8461538
1059	-5,8461538
1060	5,1538462
1060	-9,8461538
1060	-20,8461538
1060	30,1538462
1061	15,1538462
1061	-0,8461538
1061	6,1538462
1061	-6,8461538
1062	7,1538462
1062	9,1538462
1062	-5,8461538
1062	16,1538462
1062	15,1538462
1063	-4,8461538
1063	-7,8461538
1063	17,1538462
1063	5,1538462
1064	-16,8461538
1064	0,1538462
1064	2,1538462
1064	-21,8461538
1065	6,1538462
1065	-12,8461538
1065	-25,8461538
1065	-22,8461538
1066	-10,8461538
1066	-20,8461538
1066	-24,8461538
1066	10,1538462
1067	-11,8461538
1067	15,1538462
1067	-2,8461538
1067	-3,8461538
1067	-6,8461538
1068	16,1538462
1068	8,1538462
1068	-1,8461538
1068	2,1538462
1069	4,1538462
1069	3,1538462
1069	4,1538462
1069	-7,8461538
1070	4,1538462
1070	-27,8461538
1070	-8,8461538
1070	8,1538462
1071	7,1538462
1071	-16,8461538
1071	-14,8461538
1071	-21,8461538
1072	0,1538462
1072	25,1538462
1072	-13,8461538
1072	-7,8461538
1072	25,1538462
1073	-9,8461538
1073	1,1538462
1073	-28,8461538
1073	-12,8461538
1074	-17,8461538
1074	-15,8461538
1074	-16,8461538
1074	-5,8461538
1075	4,1538462
1075	8,1538462
1075	-2,8461538
1075	0,1538462
1076	-1,8461538
1076	-2,8461538
1076	-8,8461538
1076	-5,8461538
1077	5,1538462
1077	-20,8461538
1077	-5,8461538
1077	-23,8461538
1077	-2,8461538
1078	-20,8461538
1078	9,1538462
1078	-5,8461538
1078	-25,8461538
1079	-4,8461538
1079	-14,8461538
1079	-12,8461538
1079	3,1538462
1080	1,1538462
1080	-17,8461538
1080	1,1538462
1080	4,1538462
1081	-24,8461538
1081	-5,8461538
1081	14,1538462
1081	34,1538462
1082	10,1538462
1082	-6,8461538
1082	-8,8461538
1082	-10,8461538
1082	0,1538462
1083	-2,8461538
1083	4,1538462
1083	2,1538462
1083	-6,8461538
1084	-3,8461538
1084	3,1538462
1084	4,1538462
1084	-4,8461538
1085	16,1538462
1085	3,1538462
1085	5,1538462
1085	7,1538462
1086	8,1538462
1086	3,1538462
1086	-6,8461538
1086	-5,8461538
1087	3,1538462
1087	2,1538462
1087	0,1538462
1087	-16,8461538
1087	-3,8461538
1088	-12,8461538
1088	-15,8461538
1088	-6,8461538
1088	-11,8461538
1089	-4,8461538
1089	-14,8461538
1089	-30,8461538
1089	4,1538462
1090	-1,8461538
1090	16,1538462
1090	10,1538462
1090	-10,8461538
1091	1,1538462
1091	-6,8461538
1091	-1,8461538
1091	6,1538462
1092	16,1538462
1092	-12,8461538
1092	-43,8461538
1092	-5,8461538
1092	-14,8461538
1093	-19,8461538
1093	-15,8461538
1093	-26,8461538
1093	-15,8461538
1094	-7,8461538
1094	-14,8461538
1094	-2,8461538
1094	2,1538462
1095	-1,8461538
1095	31,1538462
1095	-1,8461538
1095	17,1538462
1096	6,1538462
1096	-14,8461538
1096	-28,8461538
1096	2,1538462
1097	9,1538462
1097	-6,8461538
1097	-7,8461538
1097	20,1538462
1097	-3,8461538
1098	27,1538462
1098	18,1538462
1098	-24,8461538
1098	-31,8461538
1099	-13,8461538
1099	-18,8461538
1099	-13,8461538
1099	-9,8461538
1100	2,1538462
1100	-10,8461538
1100	16,1538462
1100	-1,8461538
1101	6,1538462
1101	-12,8461538
1101	17,1538462
1101	-21,8461538
1101	-7,8461538
1102	-6,8461538
1102	8,1538462
1102	-5,8461538
1102	-8,8461538
1103	8,1538462
1103	13,1538462
1103	4,1538462
1103	12,1538462
1104	-13,8461538
1104	-1,8461538
1104	-3,8461538
1104	9,1538462
1105	2,1538462
1105	-18,8461538
1105	6,1538462
1105	26,1538462
1106	19,1538462
1106	0,1538462
1106	1,1538462
1106	-10,8461538
1106	-12,8461538
1107	-6,8461538
1107	6,1538462
1107	18,1538462
1107	6,1538462
1108	-21,8461538
1108	-14,8461538
1108	-2,8461538
1108	-14,8461538
1109	-25,8461538
1109	-1,8461538
1109	-17,8461538
1109	2,1538462
1110	-16,8461538
1110	13,1538462
1110	-2,8461538
1110	-15,8461538
1110	-18,8461538
1111	2,1538462
1111	4,1538462
1111	-25,8461538
1111	5,1538462
1112	4,1538462
1112	-9,8461538
1112	-7,8461538
1112	1,1538462
1113	2,1538462
1113	-38,8461538
1113	-10,8461538
1113	10,1538462
1114	-2,8461538
1114	4,1538462
1114	22,1538462
1114	-28,8461538
1115	-0,8461538
1115	0,1538462
1115	-5,8461538
1115	-0,8461538
1115	-1,8461538
1116	-3,8461538
1116	-14,8461538
1116	-20,8461538
1116	-6,8461538
1117	-6,8461538
1117	-18,8461538
1117	0,1538462
1117	11,1538462
1118	-4,8461538
