196	-2,1538462
196	-2,1538462
196	-2,1538462
197	-10,1538462
197	-12,1538462
197	37,8461538
197	8,8461538
198	0,8461538
198	4,8461538
198	-16,1538462
199	-16,1538462
199	3,8461538
199	4,8461538
199	12,8461538
200	22,8461538
200	7,8461538
200	8,8461538
200	-14,1538462
201	-20,1538462
201	-14,1538462
201	14,8461538
201	-6,1538462
202	5,8461538
202	1,8461538
202	-10,1538462
203	5,8461538
203	-12,1538462
203	-3,1538462
203	-9,1538462
204	11,8461538
204	17,8461538
204	-10,1538462
204	-5,1538462
205	-20,1538462
205	-28,1538462
205	-16,1538462
205	11,8461538
206	4,8461538
206	15,8461538
206	28,8461538
207	-13,1538462
207	-16,1538462
207	-3,1538462
207	-11,1538462
208	5,8461538
208	9,8461538
208	7,8461538
208	13,8461538
209	-10,1538462
209	-5,1538462
209	9,8461538
209	-15,1538462
210	10,8461538
210	12,8461538
210	5,8461538
211	-3,1538462
211	0,8461538
211	-16,1538462
211	-19,1538462
212	-27,1538462
212	-20,1538462
212	13,8461538
212	1,8461538
213	5,8461538
213	-26,1538462
213	3,8461538
213	2,8461538
214	6,8461538
214	-14,1538462
214	-15,1538462
215	-0,1538462
215	3,8461538
215	-15,1538462
215	8,8461538
216	13,8461538
216	-8,1538462
216	42,8461538
216	32,8461538
217	5,8461538
217	-14,1538462
217	-8,1538462
217	-3,1538462
218	-23,1538462
218	-23,1538462
218	-6,1538462
219	2,8461538
219	-18,1538462
219	-4,1538462
219	25,8461538
220	2,8461538
220	-15,1538462
220	-11,1538462
220	-19,1538462
221	-8,1538462
221	-20,1538462
221	13,8461538
221	-9,1538462
222	5,8461538
222	4,8461538
222	8,8461538
223	31,8461538
223	-15,1538462
223	6,8461538
223	-41,1538462
224	19,8461538
224	-10,1538462
224	10,8461538
224	-0,1538462
225	38,8461538
225	22,8461538
225	16,8461538
225	19,8461538
226	16,8461538
226	-4,1538462
226	30,8461538
227	14,8461538
227	15,8461538
227	6,8461538
227	15,8461538
228	-8,1538462
228	14,8461538
228	9,8461538
228	13,8461538
229	-6,1538462
229	-13,1538462
229	-11,1538462
229	-1,1538462
230	25,8461538
230	-1,1538462
230	-13,1538462
231	-10,1538462
231	2,8461538
231	-6,1538462
231	16,8461538
232	12,8461538
232	10,8461538
232	4,8461538
232	-13,1538462
233	11,8461538
233	31,8461538
233	14,8461538
233	17,8461538
234	-5,1538462
234	26,8461538
234	-7,1538462
235	10,8461538
235	15,8461538
235	36,8461538
235	22,8461538
236	18,8461538
236	3,8461538
236	7,8461538
236	17,8461538
237	24,8461538
237	11,8461538
237	18,8461538
237	4,8461538
238	14,8461538
238	12,8461538
238	11,8461538
239	6,8461538
239	-7,1538462
239	2,8461538
239	15,8461538
240	5,8461538
240	0,8461538
240	26,8461538
240	18,8461538
241	-3,1538462
241	27,8461538
241	14,8461538
241	21,8461538
242	-0,1538462
242	-15,1538462
242	8,8461538
243	-8,1538462
243	29,8461538
243	14,8461538
243	-4,1538462
244	-9,1538462
244	-2,1538462
244	14,8461538
244	14,8461538
245	14,8461538
245	17,8461538
245	2,8461538
245	0,8461538
246	0,8461538
246	37,8461538
246	-0,1538462
247	1,8461538
247	5,8461538
247	4,8461538
247	30,8461538
248	12,8461538
248	34,8461538
248	10,8461538
248	23,8461538
249	28,8461538
249	4,8461538
249	-9,1538462
249	15,8461538
250	32,8461538
250	34,8461538
250	-3,1538462
251	8,8461538
251	15,8461538
251	32,8461538
251	-18,1538462
252	-20,1538462
252	15,8461538
252	31,8461538
252	0,8461538
253	5,8461538
253	29,8461538
253	-5,1538462
253	14,8461538
254	12,8461538
254	15,8461538
254	-18,1538462
254	18,8461538
255	-33,1538462
255	5,8461538
255	-0,1538462
256	-19,1538462
256	-16,1538462
256	4,8461538
256	34,8461538
257	25,8461538
257	4,8461538
257	35,8461538
257	5,8461538
258	43,8461538
258	7,8461538
258	14,8461538
258	15,8461538
259	25,8461538
259	25,8461538
259	19,8461538
260	20,8461538
260	5,8461538
260	-5,1538462
260	-1,1538462
261	-2,1538462
261	25,8461538
261	19,8461538
261	8,8461538
262	12,8461538
262	6,8461538
262	2,8461538
262	-20,1538462
263	44,8461538
263	7,8461538
263	1,8461538
264	14,8461538
264	17,8461538
264	1,8461538
264	-1,1538462
265	-12,1538462
265	-7,1538462
265	-9,1538462
265	-6,1538462
266	-15,1538462
266	1,8461538
266	2,8461538
266	-26,1538462
267	17,8461538
267	6,8461538
267	-0,1538462
268	24,8461538
268	30,8461538
268	-4,1538462
268	32,8461538
269	18,8461538
269	33,8461538
269	13,8461538
269	13,8461538
270	-0,1538462
270	5,8461538
270	7,8461538
270	15,8461538
271	4,8461538
271	7,8461538
271	31,8461538
271	2,8461538
272	6,8461538
272	16,8461538
272	-21,1538462
273	31,8461538
273	18,8461538
273	14,8461538
273	14,8461538
274	8,8461538
274	-7,1538462
274	2,8461538
274	-5,1538462
275	19,8461538
275	12,8461538
275	11,8461538
275	25,8461538
276	40,8461538
276	20,8461538
276	-16,1538462
277	24,8461538
277	36,8461538
277	9,8461538
277	5,8461538
278	-4,1538462
278	56,8461538
278	27,8461538
278	-9,1538462
279	23,8461538
279	53,8461538
279	31,8461538
279	45,8461538
280	4,8461538
280	5,8461538
280	2,8461538
280	11,8461538
281	43,8461538
281	47,8461538
281	27,8461538
282	11,8461538
282	46,8461538
282	13,8461538
282	22,8461538
283	4,8461538
283	-5,1538462
283	-3,1538462
283	29,8461538
284	40,8461538
284	0,8461538
284	17,8461538
284	21,8461538
285	3,8461538
285	4,8461538
285	17,8461538
286	35,8461538
286	28,8461538
286	12,8461538
286	6,8461538
287	29,8461538
287	10,8461538
287	5,8461538
287	33,8461538
288	18,8461538
288	19,8461538
288	24,8461538
288	17,8461538
289	32,8461538
289	15,8461538
289	53,8461538
290	27,8461538
290	7,8461538
290	66,8461538
290	32,8461538
291	105,8461538
291	80,8461538
291	62,8461538
291	67,8461538
292	86,8461538
292	96,8461538
292	125,8461538
292	164,8461538
293	188,8461538
293	183,8461538
293	225,8461538
293	254,8461538
294	222,8461538
294	268,8461538
294	299,8461538
295	298,8461538
295	311,8461538
295	285,8461538
295	280,8461538
296	329,8461538
296	306,8461538
296	320,8461538
296	334,8461538
297	317,8461538
297	314,8461538
297	292,8461538
297	300,8461538
298	373,8461538
298	302,8461538
298	273,8461538
299	228,8461538
299	252,8461538
299	205,8461538
299	203,8461538
300	158,8461538
300	183,8461538
300	139,8461538
300	141,8461538
301	118,8461538
301	110,8461538
301	66,8461538
301	75,8461538
302	46,8461538
302	76,8461538
302	87,8461538
302	88,8461538
303	81,8461538
303	27,8461538
303	21,8461538
304	41,8461538
304	60,8461538
304	83,8461538
304	87,8461538
305	106,8461538
305	134,8461538
305	138,8461538
305	101,8461538
306	169,8461538
306	149,8461538
306	166,8461538
306	199,8461538
307	256,8461538
307	292,8461538
307	340,8461538
307	383,8461538
308	381,8461538
308	432,8461538
308	506,8461538
309	546,8461538
309	589,8461538
309	739,8461538
309	760,8461538
310	851,8461538
310	944,8461538
310	978,8461538
310	1064,8461538
311	1175,8461538
311	1325,8461538
311	1503,8461538
311	1633,8461538
312	1704,8461538
312	1765,8461538
312	1834,8461538
313	1862,8461538
313	1903,8461538
313	1906,8461538
313	2038,8461538
314	2022,8461538
314	2040,8461538
314	1952,8461538
314	1908,8461538
315	1857,8461538
315	1865,8461538
315	1920,8461538
315	1982,8461538
316	2083,8461538
316	2139,8461538
316	2051,8461538
316	1821,8461538
317	1655,8461538
317	1589,8461538
317	1488,8461538
318	1470,8461538
318	1386,8461538
318	1253,8461538
318	1033,8461538
319	876,8461538
319	753,8461538
319	696,8461538
319	649,8461538
320	612,8461538
320	631,8461538
320	578,8461538
320	435,8461538
321	304,8461538
321	213,8461538
321	174,8461538
321	176,8461538
322	149,8461538
322	124,8461538
322	123,8461538
323	108,8461538
323	105,8461538
323	82,8461538
323	90,8461538
324	83,8461538
324	113,8461538
324	55,8461538
324	108,8461538
325	63,8461538
325	72,8461538
325	60,8461538
325	115,8461538
326	90,8461538
326	112,8461538
326	94,8461538
327	93,8461538
327	164,8461538
327	133,8461538
327	154,8461538
328	189,8461538
328	181,8461538
328	246,8461538
328	269,8461538
329	280,8461538
329	320,8461538
329	375,8461538
329	458,8461538
330	514,8461538
330	604,8461538
330	713,8461538
330	813,8461538
331	984,8461538
331	1174,8461538
331	1433,8461538
332	1706,8461538
332	1921,8461538
332	2161,8461538
332	2384,8461538
333	2524,8461538
333	2705,8461538
333	2757,8461538
333	2875,8461538
334	2897,8461538
334	3031,8461538
334	3008,8461538
334	3061,8461538
335	3071,8461538
335	3124,8461538
335	3198,8461538
335	3225,8461538
336	3227,8461538
336	3460,8461538
336	3476,8461538
337	3470,8461538
337	3717,8461538
337	3969,8461538
337	4188,8461538
338	3941,8461538
338	3556,8461538
338	3258,8461538
338	3076,8461538
339	2983,8461538
339	2761,8461538
339	2575,8461538
339	2276,8461538
340	1970,8461538
340	1752,8461538
340	1545,8461538
340	1471,8461538
341	1490,8461538
341	1506,8461538
341	1710,8461538
342	1780,8461538
342	1593,8461538
342	1221,8461538
342	850,8461538
343	692,8461538
343	588,8461538
343	465,8461538
343	391,8461538
344	284,8461538
344	237,8461538
344	209,8461538
344	161,8461538
345	97,8461538
345	156,8461538
345	161,8461538
345	173,8461538
346	188,8461538
346	181,8461538
346	106,8461538
347	177,8461538
347	220,8461538
347	236,8461538
347	258,8461538
348	278,8461538
348	338,8461538
348	424,8461538
348	443,8461538
349	515,8461538
349	577,8461538
349	652,8461538
349	732,8461538
350	808,8461538
350	834,8461538
350	960,8461538
350	1034,8461538
351	1115,8461538
351	1219,8461538
351	1371,8461538
352	1545,8461538
352	1701,8461538
352	1835,8461538
352	1946,8461538
353	2098,8461538
353	2221,8461538
353	2136,8461538
353	2271,8461538
354	2370,8461538
354	2567,8461538
354	2654,8461538
354	2718,8461538
355	2611,8461538
355	2567,8461538
355	2548,8461538
355	2608,8461538
356	2686,8461538
356	2726,8461538
356	2823,8461538
357	2782,8461538
357	2784,8461538
357	2941,8461538
357	3089,8461538
358	3366,8461538
358	3420,8461538
358	3280,8461538
358	2884,8461538
359	2551,8461538
359	2420,8461538
359	2316,8461538
359	2149,8461538
360	2015,8461538
360	1767,8461538
360	1583,8461538
360	1473,8461538
361	1432,8461538
361	1366,8461538
361	1476,8461538
362	1709,8461538
362	1825,8461538
362	1702,8461538
362	1376,8461538
363	1043,8461538
363	858,8461538
363	684,8461538
363	607,8461538
364	509,8461538
364	454,8461538
364	386,8461538
364	341,8461538
365	234,8461538
365	229,8461538
365	211,8461538
365	235,8461538
366	241,8461538
366	217,8461538
366	204,8461538
367	207,8461538
367	263,8461538
367	261,8461538
367	233,8461538
368	236,8461538
368	293,8461538
368	341,8461538
368	332,8461538
369	338,8461538
369	342,8461538
369	426,8461538
369	519,8461538
370	517,8461538
370	508,8461538
370	563,8461538
370	587,8461538
371	645,8461538
371	635,8461538
371	703,8461538
371	716,8461538
372	717,8461538
372	736,8461538
372	771,8461538
373	834,8461538
373	900,8461538
373	869,8461538
373	915,8461538
374	964,8461538
374	1053,8461538
374	1086,8461538
374	1181,8461538
375	1172,8461538
375	1340,8461538
375	1449,8461538
375	1476,8461538
376	1443,8461538
376	1411,8461538
376	1388,8461538
376	1332,8461538
377	1308,8461538
377	1344,8461538
377	1360,8461538
378	1351,8461538
378	1272,8461538
378	1218,8461538
378	1258,8461538
379	1286,8461538
379	1240,8461538
379	1333,8461538
379	1393,8461538
380	1446,8461538
380	1451,8461538
380	1503,8461538
380	1430,8461538
381	1354,8461538
381	1251,8461538
381	1115,8461538
381	1026,8461538
382	997,8461538
382	964,8461538
382	890,8461538
383	780,8461538
383	716,8461538
383	722,8461538
383	655,8461538
384	680,8461538
384	712,8461538
384	771,8461538
384	921,8461538
385	942,8461538
385	915,8461538
385	791,8461538
385	673,8461538
386	567,8461538
386	477,8461538
386	433,8461538
386	404,8461538
387	339,8461538
387	312,8461538
387	275,8461538
387	249,8461538
388	233,8461538
388	205,8461538
388	272,8461538
389	214,8461538
389	215,8461538
389	254,8461538
389	248,8461538
390	258,8461538
390	268,8461538
390	271,8461538
390	270,8461538
391	253,8461538
391	255,8461538
391	315,8461538
391	280,8461538
392	279,8461538
392	301,8461538
392	291,8461538
392	327,8461538
393	305,8461538
393	323,8461538
393	378,8461538
394	410,8461538
394	416,8461538
394	434,8461538
394	446,8461538
395	431,8461538
395	448,8461538
395	423,8461538
395	448,8461538
396	415,8461538
396	448,8461538
396	418,8461538
396	439,8461538
397	413,8461538
397	482,8461538
397	452,8461538
397	468,8461538
398	492,8461538
398	494,8461538
398	518,8461538
398	545,8461538
399	571,8461538
399	553,8461538
399	542,8461538
400	619,8461538
400	624,8461538
400	593,8461538
400	577,8461538
401	521,8461538
401	590,8461538
401	518,8461538
401	552,8461538
402	530,8461538
402	532,8461538
402	492,8461538
402	467,8461538
403	514,8461538
403	551,8461538
403	544,8461538
403	588,8461538
404	650,8461538
404	701,8461538
404	675,8461538
405	572,8461538
405	553,8461538
405	549,8461538
405	486,8461538
406	517,8461538
406	526,8461538
406	466,8461538
406	451,8461538
407	405,8461538
407	369,8461538
407	323,8461538
407	346,8461538
408	322,8461538
408	298,8461538
408	276,8461538
408	256,8461538
409	278,8461538
409	271,8461538
409	323,8461538
409	357,8461538
410	383,8461538
410	416,8461538
410	439,8461538
411	378,8461538
411	299,8461538
411	281,8461538
411	195,8461538
412	210,8461538
412	182,8461538
412	155,8461538
412	144,8461538
413	101,8461538
413	136,8461538
413	90,8461538
413	105,8461538
414	131,8461538
414	125,8461538
414	139,8461538
414	91,8461538
415	118,8461538
415	108,8461538
415	73,8461538
415	93,8461538
416	89,8461538
416	125,8461538
416	129,8461538
417	137,8461538
417	109,8461538
417	116,8461538
417	140,8461538
418	144,8461538
418	169,8461538
418	141,8461538
418	129,8461538
419	127,8461538
419	126,8461538
419	141,8461538
419	128,8461538
420	163,8461538
420	146,8461538
420	163,8461538
420	151,8461538
421	163,8461538
421	182,8461538
421	157,8461538
421	198,8461538
422	198,8461538
422	193,8461538
422	168,8461538
423	184,8461538
423	172,8461538
423	220,8461538
423	190,8461538
424	216,8461538
424	218,8461538
424	279,8461538
424	265,8461538
425	256,8461538
425	197,8461538
425	227,8461538
425	183,8461538
426	174,8461538
426	173,8461538
426	213,8461538
426	196,8461538
427	217,8461538
427	192,8461538
427	193,8461538
427	195,8461538
428	194,8461538
428	227,8461538
428	183,8461538
429	199,8461538
429	195,8461538
429	184,8461538
429	239,8461538
430	211,8461538
430	197,8461538
430	213,8461538
430	228,8461538
431	236,8461538
431	262,8461538
431	266,8461538
431	252,8461538
432	235,8461538
432	191,8461538
432	212,8461538
432	245,8461538
433	188,8461538
433	161,8461538
433	157,8461538
433	110,8461538
434	115,8461538
434	142,8461538
434	104,8461538
435	150,8461538
435	114,8461538
435	109,8461538
435	72,8461538
436	112,8461538
436	96,8461538
436	90,8461538
436	98,8461538
437	83,8461538
437	71,8461538
437	70,8461538
437	98,8461538
438	77,8461538
438	119,8461538
438	175,8461538
438	144,8461538
439	157,8461538
439	119,8461538
439	78,8461538
439	91,8461538
440	88,8461538
440	81,8461538
440	77,8461538
441	67,8461538
441	41,8461538
441	69,8461538
441	74,8461538
442	52,8461538
442	46,8461538
442	58,8461538
442	39,8461538
443	69,8461538
443	46,8461538
443	42,8461538
443	54,8461538
444	5,8461538
444	50,8461538
444	42,8461538
444	35,8461538
445	33,8461538
445	27,8461538
445	69,8461538
445	70,8461538
446	24,8461538
446	35,8461538
446	32,8461538
447	64,8461538
447	40,8461538
447	44,8461538
447	45,8461538
448	44,8461538
448	26,8461538
448	30,8461538
448	57,8461538
449	48,8461538
449	62,8461538
449	32,8461538
449	54,8461538
450	41,8461538
450	28,8461538
450	21,8461538
450	29,8461538
451	33,8461538
451	14,8461538
451	35,8461538
451	62,8461538
452	41,8461538
452	13,8461538
452	51,8461538
452	51,8461538
453	76,8461538
453	67,8461538
453	37,8461538
454	75,8461538
454	67,8461538
454	47,8461538
454	49,8461538
455	16,8461538
455	40,8461538
455	26,8461538
455	25,8461538
456	63,8461538
456	66,8461538
456	48,8461538
456	68,8461538
457	43,8461538
457	50,8461538
457	54,8461538
457	50,8461538
458	45,8461538
458	52,8461538
458	24,8461538
458	36,8461538
459	11,8461538
459	61,8461538
459	48,8461538
460	63,8461538
460	51,8461538
460	42,8461538
460	32,8461538
461	22,8461538
461	59,8461538
461	70,8461538
461	74,8461538
462	49,8461538
462	32,8461538
462	58,8461538
462	54,8461538
463	38,8461538
463	21,8461538
463	37,8461538
463	48,8461538
464	43,8461538
464	37,8461538
464	24,8461538
464	4,8461538
465	17,8461538
465	57,8461538
465	50,8461538
465	12,8461538
466	22,8461538
466	69,8461538
466	31,8461538
467	48,8461538
467	32,8461538
467	46,8461538
467	13,8461538
468	45,8461538
468	59,8461538
468	39,8461538
468	26,8461538
469	49,8461538
469	35,8461538
469	31,8461538
469	68,8461538
470	74,8461538
470	39,8461538
470	39,8461538
470	42,8461538
471	47,8461538
471	47,8461538
471	50,8461538
471	36,8461538
472	43,8461538
472	64,8461538
472	45,8461538
472	49,8461538
473	25,8461538
473	50,8461538
473	38,8461538
474	40,8461538
474	9,8461538
474	52,8461538
474	16,8461538
475	16,8461538
475	35,8461538
475	33,8461538
475	22,8461538
476	40,8461538
476	20,8461538
476	1,8461538
476	39,8461538
477	44,8461538
477	12,8461538
477	-14,1538462
477	23,8461538
478	27,8461538
478	7,8461538
478	12,8461538
478	38,8461538
479	15,8461538
479	14,8461538
479	23,8461538
479	12,8461538
480	17,8461538
480	12,8461538
480	-7,1538462
481	28,8461538
481	26,8461538
481	23,8461538
481	26,8461538
482	78,8461538
482	24,8461538
482	6,8461538
482	24,8461538
483	16,8461538
483	32,8461538
483	22,8461538
483	18,8461538
484	26,8461538
484	44,8461538
484	23,8461538
484	35,8461538
485	30,8461538
485	27,8461538
485	51,8461538
485	42,8461538
486	26,8461538
486	48,8461538
486	22,8461538
486	26,8461538
487	41,8461538
487	43,8461538
487	23,8461538
488	20,8461538
488	46,8461538
488	12,8461538
488	35,8461538
489	20,8461538
489	44,8461538
489	50,8461538
489	50,8461538
490	42,8461538
490	39,8461538
490	27,8461538
490	39,8461538
491	37,8461538
491	42,8461538
491	4,8461538
491	50,8461538
492	22,8461538
492	47,8461538
492	48,8461538
492	-6,1538462
493	5,8461538
493	28,8461538
493	15,8461538
493	23,8461538
494	1,8461538
494	33,8461538
494	47,8461538
495	39,8461538
495	26,8461538
495	51,8461538
495	17,8461538
496	52,8461538
496	13,8461538
496	48,8461538
496	41,8461538
497	24,8461538
497	38,8461538
497	33,8461538
497	44,8461538
498	47,8461538
498	10,8461538
498	25,8461538
498	12,8461538
499	27,8461538
499	53,8461538
499	21,8461538
499	64,8461538
500	28,8461538
500	23,8461538
500	9,8461538
500	26,8461538
501	34,8461538
501	24,8461538
501	46,8461538
502	47,8461538
502	44,8461538
502	17,8461538
502	8,8461538
503	12,8461538
503	21,8461538
503	32,8461538
503	17,8461538
504	11,8461538
504	8,8461538
504	33,8461538
504	16,8461538
505	22,8461538
505	19,8461538
505	31,8461538
505	11,8461538
506	17,8461538
506	27,8461538
506	8,8461538
506	28,8461538
507	22,8461538
507	37,8461538
507	40,8461538
507	11,8461538
508	44,8461538
508	10,8461538
508	46,8461538
508	59,8461538
509	15,8461538
509	55,8461538
509	49,8461538
510	31,8461538
510	16,8461538
510	4,8461538
510	20,8461538
511	34,8461538
511	30,8461538
511	5,8461538
511	18,8461538
512	52,8461538
512	21,8461538
512	26,8461538
512	6,8461538
513	-13,1538462
513	33,8461538
513	34,8461538
513	-6,1538462
514	-1,1538462
514	20,8461538
514	14,8461538
514	22,8461538
515	19,8461538
515	7,8461538
515	30,8461538
515	32,8461538
516	51,8461538
516	50,8461538
516	22,8461538
516	6,8461538
517	-7,1538462
517	18,8461538
517	26,8461538
518	36,8461538
518	22,8461538
518	31,8461538
518	35,8461538
519	51,8461538
519	38,8461538
519	10,8461538
519	28,8461538
520	17,8461538
520	22,8461538
520	46,8461538
520	23,8461538
521	-4,1538462
521	28,8461538
521	32,8461538
521	35,8461538
522	49,8461538
522	44,8461538
522	29,8461538
522	46,8461538
523	40,8461538
523	26,8461538
523	6,8461538
523	-11,1538462
524	10,8461538
524	-6,1538462
524	46,8461538
524	10,8461538
525	35,8461538
525	17,8461538
525	55,8461538
526	25,8461538
526	59,8461538
526	47,8461538
526	13,8461538
527	21,8461538
527	54,8461538
527	50,8461538
527	44,8461538
528	50,8461538
528	52,8461538
528	18,8461538
528	24,8461538
529	41,8461538
529	37,8461538
529	3,8461538
529	43,8461538
530	33,8461538
530	1,8461538
530	13,8461538
530	17,8461538
531	57,8461538
531	23,8461538
531	61,8461538
531	33,8461538
532	29,8461538
532	17,8461538
532	16,8461538
532	23,8461538
533	6,8461538
533	-11,1538462
533	-1,1538462
534	36,8461538
534	24,8461538
534	37,8461538
534	25,8461538
535	31,8461538
535	26,8461538
535	48,8461538
535	48,8461538
536	36,8461538
536	28,8461538
536	-1,1538462
536	17,8461538
537	29,8461538
537	16,8461538
537	34,8461538
537	30,8461538
538	9,8461538
538	-27,1538462
538	32,8461538
538	30,8461538
539	27,8461538
539	20,8461538
539	26,8461538
539	45,8461538
540	28,8461538
540	2,8461538
540	37,8461538
540	50,8461538
541	36,8461538
541	7,8461538
541	1,8461538
541	4,8461538
542	17,8461538
542	21,8461538
542	36,8461538
543	44,8461538
543	18,8461538
543	29,8461538
543	82,8461538
544	4,8461538
544	24,8461538
544	39,8461538
544	28,8461538
545	-9,1538462
545	41,8461538
545	16,8461538
545	-9,1538462
546	58,8461538
546	36,8461538
546	47,8461538
546	16,8461538
547	27,8461538
547	41,8461538
547	25,8461538
547	13,8461538
548	9,8461538
548	21,8461538
548	37,8461538
548	12,8461538
549	22,8461538
549	60,8461538
549	44,8461538
549	18,8461538
550	64,8461538
550	23,8461538
550	24,8461538
550	7,8461538
551	1,8461538
551	15,8461538
551	31,8461538
552	1,8461538
552	12,8461538
552	4,8461538
552	42,8461538
553	26,8461538
553	10,8461538
553	27,8461538
553	28,8461538
554	21,8461538
554	13,8461538
554	26,8461538
554	9,8461538
555	20,8461538
555	24,8461538
555	12,8461538
555	3,8461538
556	52,8461538
556	21,8461538
556	27,8461538
556	27,8461538
557	43,8461538
557	45,8461538
557	-3,1538462
557	6,8461538
558	24,8461538
558	-19,1538462
558	18,8461538
558	29,8461538
559	35,8461538
559	29,8461538
559	37,8461538
559	-0,1538462
560	39,8461538
560	53,8461538
560	16,8461538
561	-1,1538462
561	20,8461538
561	28,8461538
561	40,8461538
562	35,8461538
562	18,8461538
562	55,8461538
562	44,8461538
563	25,8461538
563	16,8461538
563	49,8461538
563	27,8461538
564	6,8461538
564	15,8461538
564	22,8461538
564	47,8461538
565	56,8461538
565	31,8461538
565	47,8461538
565	34,8461538
566	29,8461538
566	21,8461538
566	3,8461538
566	19,8461538
567	5,8461538
567	2,8461538
567	24,8461538
567	-9,1538462
568	6,8461538
568	46,8461538
568	23,8461538
568	16,8461538
569	8,8461538
569	22,8461538
569	31,8461538
569	-0,1538462
570	24,8461538
570	15,8461538
570	15,8461538
571	18,8461538
571	9,8461538
571	13,8461538
571	27,8461538
572	11,8461538
572	44,8461538
572	22,8461538
572	22,8461538
573	33,8461538
573	18,8461538
573	16,8461538
573	6,8461538
574	47,8461538
574	33,8461538
574	-1,1538462
574	60,8461538
575	38,8461538
575	17,8461538
575	46,8461538
575	25,8461538
576	21,8461538
576	15,8461538
576	61,8461538
576	10,8461538
577	28,8461538
577	47,8461538
577	22,8461538
577	29,8461538
578	40,8461538
578	35,8461538
578	27,8461538
578	19,8461538
579	42,8461538
579	30,8461538
579	44,8461538
579	26,8461538
580	43,8461538
580	50,8461538
580	62,8461538
581	71,8461538
581	41,8461538
581	53,8461538
581	42,8461538
582	7,8461538
582	26,8461538
582	39,8461538
582	30,8461538
583	40,8461538
583	26,8461538
583	25,8461538
583	29,8461538
584	45,8461538
584	52,8461538
584	62,8461538
584	79,8461538
585	56,8461538
585	36,8461538
585	47,8461538
585	33,8461538
586	17,8461538
586	43,8461538
586	60,8461538
586	68,8461538
587	42,8461538
587	30,8461538
587	45,8461538
587	32,8461538
588	40,8461538
588	56,8461538
588	43,8461538
588	20,8461538
589	37,8461538
589	45,8461538
589	68,8461538
589	23,8461538
590	40,8461538
590	50,8461538
590	25,8461538
590	56,8461538
591	47,8461538
591	62,8461538
591	13,8461538
592	18,8461538
592	44,8461538
592	52,8461538
592	54,8461538
593	39,8461538
593	32,8461538
593	39,8461538
593	50,8461538
594	104,8461538
594	49,8461538
594	39,8461538
594	46,8461538
595	60,8461538
595	35,8461538
595	40,8461538
595	39,8461538
596	38,8461538
596	51,8461538
596	22,8461538
596	73,8461538
597	64,8461538
597	31,8461538
597	47,8461538
597	83,8461538
598	43,8461538
598	35,8461538
598	34,8461538
598	73,8461538
599	41,8461538
599	44,8461538
599	23,8461538
599	33,8461538
600	43,8461538
600	68,8461538
600	36,8461538
600	44,8461538
601	19,8461538
601	32,8461538
601	49,8461538
601	40,8461538
602	39,8461538
602	40,8461538
602	68,8461538
603	66,8461538
603	70,8461538
603	71,8461538
603	48,8461538
604	38,8461538
604	50,8461538
604	43,8461538
604	34,8461538
605	45,8461538
605	33,8461538
605	44,8461538
605	29,8461538
606	19,8461538
606	29,8461538
606	63,8461538
606	53,8461538
607	15,8461538
607	11,8461538
607	47,8461538
607	38,8461538
608	35,8461538
608	61,8461538
608	32,8461538
608	35,8461538
609	45,8461538
609	59,8461538
609	31,8461538
609	24,8461538
610	16,8461538
610	19,8461538
610	41,8461538
610	41,8461538
611	33,8461538
611	33,8461538
611	27,8461538
611	40,8461538
612	23,8461538
612	12,8461538
612	61,8461538
612	58,8461538
613	22,8461538
613	28,8461538
613	33,8461538
613	23,8461538
614	41,8461538
614	33,8461538
614	34,8461538
614	27,8461538
615	13,8461538
615	34,8461538
615	19,8461538
616	4,8461538
616	9,8461538
616	35,8461538
616	7,8461538
617	19,8461538
617	29,8461538
617	22,8461538
617	-12,1538462
618	7,8461538
618	23,8461538
618	-11,1538462
618	22,8461538
619	20,8461538
619	29,8461538
619	24,8461538
619	16,8461538
620	22,8461538
620	20,8461538
620	4,8461538
620	24,8461538
621	10,8461538
621	27,8461538
621	16,8461538
621	-5,1538462
622	17,8461538
622	29,8461538
622	40,8461538
622	15,8461538
623	8,8461538
623	1,8461538
623	14,8461538
623	13,8461538
624	-2,1538462
624	9,8461538
624	40,8461538
624	11,8461538
625	33,8461538
625	24,8461538
625	19,8461538
625	20,8461538
626	30,8461538
626	3,8461538
626	1,8461538
626	14,8461538
627	26,8461538
627	15,8461538
627	44,8461538
627	20,8461538
628	8,8461538
628	-2,1538462
628	8,8461538
629	28,8461538
629	15,8461538
629	23,8461538
629	15,8461538
630	14,8461538
630	23,8461538
630	16,8461538
630	35,8461538
631	-4,1538462
631	24,8461538
631	-3,1538462
631	25,8461538
632	29,8461538
632	34,8461538
632	4,8461538
632	23,8461538
633	22,8461538
633	32,8461538
633	5,8461538
633	41,8461538
634	21,8461538
634	11,8461538
634	2,8461538
634	9,8461538
635	33,8461538
635	34,8461538
635	29,8461538
635	37,8461538
636	25,8461538
636	41,8461538
636	49,8461538
636	24,8461538
637	40,8461538
637	32,8461538
637	34,8461538
637	18,8461538
638	27,8461538
638	29,8461538
638	33,8461538
638	24,8461538
639	8,8461538
639	1,8461538
639	38,8461538
639	35,8461538
640	25,8461538
640	68,8461538
640	14,8461538
640	69,8461538
641	19,8461538
641	39,8461538
641	44,8461538
641	38,8461538
642	64,8461538
642	48,8461538
642	60,8461538
642	51,8461538
643	39,8461538
643	35,8461538
643	49,8461538
644	29,8461538
644	56,8461538
644	54,8461538
644	56,8461538
645	42,8461538
645	28,8461538
645	39,8461538
645	56,8461538
646	35,8461538
646	48,8461538
646	32,8461538
646	76,8461538
647	49,8461538
647	63,8461538
647	39,8461538
647	44,8461538
648	48,8461538
648	78,8461538
648	49,8461538
648	46,8461538
649	43,8461538
649	56,8461538
649	68,8461538
649	71,8461538
650	81,8461538
650	72,8461538
650	87,8461538
650	74,8461538
651	74,8461538
651	99,8461538
651	67,8461538
651	87,8461538
652	39,8461538
652	62,8461538
652	77,8461538
652	89,8461538
653	86,8461538
653	66,8461538
653	58,8461538
653	56,8461538
654	59,8461538
654	88,8461538
654	103,8461538
654	96,8461538
655	95,8461538
655	107,8461538
655	73,8461538
655	64,8461538
656	97,8461538
656	118,8461538
656	67,8461538
656	113,8461538
657	104,8461538
657	69,8461538
657	101,8461538
657	89,8461538
658	85,8461538
658	102,8461538
658	84,8461538
658	70,8461538
659	82,8461538
659	138,8461538
659	138,8461538
660	110,8461538
660	93,8461538
660	91,8461538
660	75,8461538
661	77,8461538
661	116,8461538
661	101,8461538
661	79,8461538
662	109,8461538
662	118,8461538
662	110,8461538
662	91,8461538
663	106,8461538
663	98,8461538
663	104,8461538
663	115,8461538
664	119,8461538
664	129,8461538
664	121,8461538
664	145,8461538
665	129,8461538
665	156,8461538
665	144,8461538
665	111,8461538
666	118,8461538
666	146,8461538
666	130,8461538
666	107,8461538
667	146,8461538
667	147,8461538
667	103,8461538
667	76,8461538
668	83,8461538
668	73,8461538
668	107,8461538
668	127,8461538
669	112,8461538
669	84,8461538
669	62,8461538
669	78,8461538
670	86,8461538
670	108,8461538
670	88,8461538
670	78,8461538
671	89,8461538
671	89,8461538
671	110,8461538
671	98,8461538
672	123,8461538
672	95,8461538
672	132,8461538
672	116,8461538
673	115,8461538
673	75,8461538
673	102,8461538
673	118,8461538
674	124,8461538
674	142,8461538
674	115,8461538
674	124,8461538
675	99,8461538
675	114,8461538
675	92,8461538
675	88,8461538
676	83,8461538
676	60,8461538
676	66,8461538
676	94,8461538
677	49,8461538
677	49,8461538
677	46,8461538
677	69,8461538
678	73,8461538
678	83,8461538
678	61,8461538
678	51,8461538
679	51,8461538
679	75,8461538
679	84,8461538
680	72,8461538
680	59,8461538
680	85,8461538
680	49,8461538
681	83,8461538
681	50,8461538
681	56,8461538
681	70,8461538
682	66,8461538
682	66,8461538
682	51,8461538
682	76,8461538
683	64,8461538
683	75,8461538
683	80,8461538
683	50,8461538
684	46,8461538
684	42,8461538
684	56,8461538
684	21,8461538
685	57,8461538
685	22,8461538
685	20,8461538
685	-3,1538462
686	22,8461538
686	40,8461538
686	28,8461538
686	27,8461538
687	34,8461538
687	40,8461538
687	10,8461538
687	33,8461538
688	9,8461538
688	41,8461538
688	9,8461538
688	25,8461538
689	50,8461538
689	24,8461538
689	32,8461538
689	16,8461538
690	23,8461538
690	13,8461538
690	7,8461538
690	26,8461538
691	46,8461538
691	11,8461538
691	13,8461538
691	34,8461538
692	35,8461538
692	3,8461538
692	12,8461538
692	18,8461538
693	0,8461538
693	-10,1538462
693	-13,1538462
693	-36,1538462
694	-4,1538462
694	12,8461538
694	8,8461538
694	12,8461538
695	4,8461538
695	28,8461538
695	-14,1538462
695	-15,1538462
696	-2,1538462
696	-6,1538462
696	3,8461538
696	16,8461538
697	18,8461538
697	-17,1538462
697	-16,1538462
697	2,8461538
698	-13,1538462
698	6,8461538
698	-2,1538462
698	0,8461538
699	7,8461538
699	-10,1538462
699	14,8461538
699	5,8461538
700	12,8461538
700	5,8461538
700	-0,1538462
700	-2,1538462
701	-3,1538462
701	-11,1538462
701	12,8461538
701	24,8461538
702	0,8461538
702	-7,1538462
702	-2,1538462
702	3,8461538
703	3,8461538
703	27,8461538
703	11,8461538
703	-19,1538462
704	-7,1538462
704	0,8461538
704	-7,1538462
704	49,8461538
705	37,8461538
705	0,8461538
705	15,8461538
706	34,8461538
706	35,8461538
706	-2,1538462
706	-1,1538462
707	11,8461538
707	-20,1538462
707	18,8461538
707	8,8461538
708	3,8461538
708	21,8461538
708	2,8461538
708	2,8461538
709	-7,1538462
709	-20,1538462
709	-21,1538462
709	-26,1538462
710	7,8461538
710	-0,1538462
710	-20,1538462
710	15,8461538
711	9,8461538
711	11,8461538
711	5,8461538
711	0,8461538
712	20,8461538
712	-11,1538462
712	0,8461538
712	3,8461538
713	2,8461538
713	18,8461538
713	-2,1538462
713	4,8461538
714	16,8461538
714	18,8461538
714	4,8461538
714	19,8461538
715	3,8461538
715	-12,1538462
715	24,8461538
715	26,8461538
716	6,8461538
716	2,8461538
716	18,8461538
716	20,8461538
717	23,8461538
717	5,8461538
717	8,8461538
717	4,8461538
718	2,8461538
718	-0,1538462
718	-1,1538462
718	23,8461538
719	25,8461538
719	-2,1538462
719	15,8461538
719	-0,1538462
720	9,8461538
720	15,8461538
720	-3,1538462
720	10,8461538
721	28,8461538
721	10,8461538
721	7,8461538
721	-1,1538462
722	26,8461538
722	34,8461538
722	-2,1538462
722	-18,1538462
723	43,8461538
723	9,8461538
723	6,8461538
723	27,8461538
724	12,8461538
724	33,8461538
724	11,8461538
724	3,8461538
725	17,8461538
725	36,8461538
725	14,8461538
725	7,8461538
726	10,8461538
726	35,8461538
726	31,8461538
726	38,8461538
727	36,8461538
727	-5,1538462
727	43,8461538
727	37,8461538
728	31,8461538
728	12,8461538
728	24,8461538
728	35,8461538
729	12,8461538
729	48,8461538
729	33,8461538
729	11,8461538
730	60,8461538
730	-19,1538462
730	23,8461538
730	2,8461538
731	32,8461538
731	33,8461538
731	20,8461538
731	38,8461538
732	19,8461538
732	20,8461538
732	17,8461538
732	41,8461538
733	34,8461538
733	25,8461538
733	38,8461538
733	41,8461538
734	23,8461538
734	16,8461538
734	19,8461538
734	39,8461538
735	21,8461538
735	34,8461538
735	56,8461538
735	37,8461538
736	6,8461538
736	28,8461538
736	17,8461538
736	22,8461538
737	41,8461538
737	26,8461538
737	25,8461538
737	49,8461538
738	27,8461538
738	61,8461538
738	37,8461538
738	42,8461538
739	56,8461538
739	96,8461538
739	49,8461538
739	27,8461538
740	46,8461538
740	54,8461538
740	44,8461538
740	50,8461538
741	33,8461538
741	30,8461538
741	56,8461538
741	51,8461538
742	55,8461538
742	91,8461538
742	47,8461538
742	37,8461538
743	28,8461538
743	94,8461538
743	69,8461538
743	52,8461538
744	51,8461538
744	25,8461538
744	58,8461538
744	41,8461538
745	32,8461538
745	50,8461538
745	32,8461538
745	23,8461538
746	54,8461538
746	80,8461538
746	37,8461538
746	37,8461538
747	34,8461538
747	32,8461538
747	34,8461538
747	33,8461538
748	69,8461538
748	69,8461538
748	70,8461538
748	60,8461538
749	40,8461538
749	78,8461538
749	49,8461538
749	62,8461538
750	93,8461538
750	79,8461538
750	50,8461538
750	68,8461538
751	70,8461538
751	76,8461538
751	65,8461538
751	82,8461538
752	62,8461538
752	60,8461538
752	83,8461538
752	106,8461538
753	72,8461538
753	56,8461538
753	50,8461538
753	95,8461538
754	89,8461538
754	54,8461538
754	46,8461538
754	98,8461538
755	74,8461538
755	55,8461538
755	72,8461538
755	47,8461538
756	37,8461538
756	53,8461538
756	75,8461538
756	62,8461538
757	45,8461538
757	46,8461538
757	17,8461538
757	44,8461538
758	53,8461538
758	55,8461538
758	45,8461538
758	51,8461538
759	50,8461538
759	55,8461538
759	38,8461538
759	22,8461538
760	60,8461538
760	56,8461538
760	47,8461538
760	47,8461538
761	60,8461538
761	64,8461538
761	50,8461538
761	77,8461538
762	100,8461538
762	95,8461538
762	82,8461538
762	47,8461538
763	69,8461538
763	89,8461538
763	68,8461538
763	60,8461538
764	89,8461538
764	49,8461538
764	67,8461538
764	85,8461538
765	89,8461538
765	64,8461538
765	88,8461538
765	92,8461538
766	65,8461538
766	80,8461538
766	61,8461538
766	73,8461538
767	62,8461538
767	70,8461538
767	61,8461538
767	35,8461538
768	53,8461538
768	51,8461538
768	64,8461538
768	64,8461538
769	34,8461538
769	73,8461538
769	42,8461538
769	37,8461538
770	64,8461538
770	54,8461538
770	49,8461538
770	47,8461538
771	41,8461538
771	68,8461538
771	62,8461538
771	43,8461538
772	49,8461538
772	29,8461538
772	81,8461538
772	61,8461538
773	39,8461538
773	53,8461538
773	55,8461538
773	39,8461538
774	74,8461538
774	95,8461538
774	90,8461538
774	70,8461538
775	60,8461538
775	57,8461538
775	85,8461538
775	69,8461538
776	41,8461538
776	64,8461538
776	98,8461538
776	45,8461538
777	66,8461538
777	71,8461538
777	73,8461538
777	91,8461538
778	53,8461538
778	72,8461538
778	66,8461538
778	55,8461538
779	55,8461538
779	59,8461538
779	49,8461538
779	61,8461538
780	88,8461538
780	46,8461538
780	31,8461538
780	21,8461538
781	18,8461538
781	36,8461538
781	61,8461538
781	30,8461538
782	57,8461538
782	28,8461538
782	9,8461538
782	49,8461538
783	27,8461538
783	3,8461538
783	7,8461538
783	10,8461538
784	5,8461538
784	25,8461538
784	2,8461538
784	-11,1538462
785	-24,1538462
785	15,8461538
785	-15,1538462
785	-2,1538462
786	11,8461538
786	-1,1538462
786	-3,1538462
786	15,8461538
787	3,8461538
787	-12,1538462
787	-12,1538462
787	-14,1538462
788	-18,1538462
788	5,8461538
788	-20,1538462
788	-10,1538462
789	-2,1538462
789	9,8461538
789	-10,1538462
789	-4,1538462
790	-18,1538462
790	-7,1538462
790	4,8461538
790	2,8461538
791	5,8461538
791	-6,1538462
791	-13,1538462
791	-26,1538462
792	2,8461538
792	-14,1538462
792	33,8461538
792	-23,1538462
793	-8,1538462
793	21,8461538
793	-7,1538462
793	1,8461538
794	0,8461538
794	-31,1538462
794	-5,1538462
794	-49,1538462
795	13,8461538
795	12,8461538
795	17,8461538
795	7,8461538
796	3,8461538
796	10,8461538
796	-14,1538462
796	-9,1538462
797	-6,1538462
797	-32,1538462
797	-3,1538462
797	-26,1538462
798	-4,1538462
798	-7,1538462
798	31,8461538
798	39,8461538
799	-23,1538462
799	-0,1538462
799	-25,1538462
799	-29,1538462
800	6,8461538
800	27,8461538
800	0,8461538
800	7,8461538
801	6,8461538
801	2,8461538
801	-1,1538462
801	-24,1538462
802	6,8461538
802	-1,1538462
802	-18,1538462
802	-13,1538462
803	-5,1538462
803	-8,1538462
803	5,8461538
803	7,8461538
804	12,8461538
804	-33,1538462
804	-21,1538462
804	6,8461538
805	-27,1538462
805	-32,1538462
805	-5,1538462
805	-9,1538462
806	-7,1538462
806	-4,1538462
806	34,8461538
806	47,8461538
807	-2,1538462
807	26,8461538
807	2,8461538
807	9,8461538
808	2,8461538
808	-12,1538462
808	3,8461538
808	-1,1538462
809	-22,1538462
809	22,8461538
809	-15,1538462
809	-8,1538462
810	-3,1538462
810	-13,1538462
810	-43,1538462
810	-13,1538462
811	-5,1538462
811	-6,1538462
811	0,8461538
811	5,8461538
812	-10,1538462
812	21,8461538
812	36,8461538
812	-1,1538462
813	-10,1538462
813	3,8461538
813	5,8461538
813	-15,1538462
814	-3,1538462
814	-12,1538462
814	-26,1538462
814	-16,1538462
815	16,8461538
815	40,8461538
815	10,8461538
815	-5,1538462
816	40,8461538
816	27,8461538
816	-28,1538462
816	15,8461538
817	-5,1538462
817	3,8461538
817	-5,1538462
817	6,8461538
818	-11,1538462
818	3,8461538
818	-2,1538462
818	-1,1538462
819	2,8461538
819	18,8461538
819	11,8461538
819	-10,1538462
820	-1,1538462
820	-11,1538462
820	3,8461538
820	21,8461538
820	2,8461538
821	-20,1538462
821	-5,1538462
821	-7,1538462
821	-6,1538462
822	12,8461538
822	1,8461538
822	-32,1538462
822	-8,1538462
823	-8,1538462
823	1,8461538
823	-12,1538462
823	-13,1538462
824	-21,1538462
824	26,8461538
824	1,8461538
824	10,8461538
825	8,8461538
825	19,8461538
825	-6,1538462
825	7,8461538
826	10,8461538
826	-3,1538462
826	8,8461538
826	-13,1538462
827	8,8461538
827	-16,1538462
827	-9,1538462
827	-25,1538462
828	-15,1538462
828	-14,1538462
828	-14,1538462
828	-12,1538462
829	-3,1538462
829	-10,1538462
829	29,8461538
829	19,8461538
830	5,8461538
830	18,8461538
830	-5,1538462
830	-10,1538462
831	3,8461538
831	19,8461538
831	-5,1538462
831	4,8461538
832	-10,1538462
832	-12,1538462
832	12,8461538
832	-16,1538462
833	-10,1538462
833	-9,1538462
833	-13,1538462
833	-9,1538462
834	30,8461538
834	7,8461538
834	-35,1538462
834	-13,1538462
835	-20,1538462
835	36,8461538
835	-3,1538462
835	2,8461538
836	-13,1538462
836	-11,1538462
836	-2,1538462
836	29,8461538
837	4,8461538
837	-6,1538462
837	4,8461538
837	-11,1538462
838	-6,1538462
838	4,8461538
838	-6,1538462
838	-22,1538462
839	-7,1538462
839	-16,1538462
839	-6,1538462
839	29,8461538
840	20,8461538
840	-0,1538462
840	-12,1538462
840	-19,1538462
841	-12,1538462
841	7,8461538
841	7,8461538
841	-5,1538462
842	14,8461538
842	19,8461538
842	-6,1538462
842	20,8461538
843	2,8461538
843	11,8461538
843	3,8461538
843	13,8461538
844	-19,1538462
844	17,8461538
844	21,8461538
844	-17,1538462
845	-35,1538462
845	4,8461538
845	1,8461538
845	4,8461538
845	-9,1538462
846	-11,1538462
846	11,8461538
846	-10,1538462
846	7,8461538
847	0,8461538
847	-3,1538462
847	2,8461538
847	-5,1538462
848	-7,1538462
848	-6,1538462
848	-8,1538462
848	-13,1538462
849	-5,1538462
849	12,8461538
849	19,8461538
849	22,8461538
850	10,8461538
850	11,8461538
850	-4,1538462
850	1,8461538
851	10,8461538
851	-5,1538462
851	10,8461538
851	0,8461538
852	-17,1538462
852	-19,1538462
852	14,8461538
852	-5,1538462
853	-12,1538462
853	-2,1538462
853	-22,1538462
853	-13,1538462
854	-14,1538462
854	-12,1538462
854	-11,1538462
854	16,8461538
855	20,8461538
855	4,8461538
855	-1,1538462
855	-0,1538462
856	-18,1538462
856	-2,1538462
856	-6,1538462
856	-6,1538462
857	6,8461538
857	28,8461538
857	-3,1538462
857	-5,1538462
858	22,8461538
858	16,8461538
858	-4,1538462
858	-2,1538462
859	6,8461538
859	-23,1538462
859	12,8461538
859	-13,1538462
860	10,8461538
860	-5,1538462
860	10,8461538
860	-10,1538462
861	11,8461538
861	9,8461538
861	2,8461538
861	7,8461538
862	1,8461538
862	-4,1538462
862	-3,1538462
862	2,8461538
863	4,8461538
863	-4,1538462
863	12,8461538
863	17,8461538
864	23,8461538
864	8,8461538
864	-10,1538462
864	3,8461538
864	6,8461538
865	-6,1538462
865	-4,1538462
865	15,8461538
865	16,8461538
866	7,8461538
866	-8,1538462
866	15,8461538
866	15,8461538
867	24,8461538
867	-0,1538462
867	11,8461538
867	24,8461538
868	6,8461538
868	-15,1538462
868	11,8461538
868	22,8461538
869	35,8461538
869	41,8461538
869	-1,1538462
869	15,8461538
870	41,8461538
870	16,8461538
870	-1,1538462
870	39,8461538
871	23,8461538
871	-3,1538462
871	9,8461538
871	-14,1538462
872	0,8461538
872	27,8461538
872	11,8461538
872	18,8461538
873	-5,1538462
873	-1,1538462
873	-1,1538462
873	28,8461538
874	11,8461538
874	7,8461538
874	-8,1538462
874	-20,1538462
875	8,8461538
875	-2,1538462
875	-1,1538462
875	18,8461538
876	-14,1538462
876	30,8461538
876	20,8461538
876	1,8461538
877	15,8461538
877	-28,1538462
877	6,8461538
877	2,8461538
878	4,8461538
878	-6,1538462
878	26,8461538
878	56,8461538
879	39,8461538
879	-34,1538462
879	6,8461538
879	9,8461538
880	3,8461538
880	5,8461538
880	8,8461538
880	16,8461538
880	8,8461538
881	50,8461538
881	34,8461538
881	9,8461538
881	21,8461538
882	-11,1538462
882	7,8461538
882	8,8461538
882	0,8461538
883	-5,1538462
883	-14,1538462
883	13,8461538
883	-12,1538462
884	14,8461538
884	11,8461538
884	9,8461538
884	6,8461538
885	15,8461538
885	1,8461538
885	12,8461538
885	-10,1538462
886	-2,1538462
886	-22,1538462
886	-0,1538462
886	-3,1538462
887	23,8461538
887	17,8461538
887	1,8461538
887	23,8461538
888	38,8461538
888	-5,1538462
888	-16,1538462
888	-17,1538462
889	2,8461538
889	17,8461538
889	4,8461538
889	32,8461538
890	50,8461538
890	-9,1538462
890	24,8461538
890	17,8461538
891	-17,1538462
891	9,8461538
891	4,8461538
891	30,8461538
892	-14,1538462
892	7,8461538
892	-29,1538462
892	29,8461538
893	22,8461538
893	9,8461538
893	-0,1538462
893	3,8461538
894	35,8461538
894	14,8461538
894	0,8461538
894	10,8461538
894	0,8461538
895	-1,1538462
895	25,8461538
895	17,8461538
895	6,8461538
896	11,8461538
896	21,8461538
896	0,8461538
896	9,8461538
897	-2,1538462
897	13,8461538
897	18,8461538
897	10,8461538
898	-9,1538462
898	8,8461538
898	-24,1538462
898	-0,1538462
899	-18,1538462
899	-38,1538462
899	-1,1538462
899	-0,1538462
900	-13,1538462
900	29,8461538
900	-21,1538462
900	-10,1538462
901	16,8461538
901	-3,1538462
901	4,8461538
901	-2,1538462
902	1,8461538
902	-8,1538462
902	0,8461538
902	-6,1538462
903	-12,1538462
903	-1,1538462
903	-32,1538462
903	20,8461538
904	-5,1538462
904	0,8461538
904	4,8461538
904	-5,1538462
905	0,8461538
905	15,8461538
905	-14,1538462
905	2,8461538
906	-1,1538462
906	-0,1538462
906	16,8461538
906	8,8461538
906	-9,1538462
907	12,8461538
907	-10,1538462
907	-20,1538462
907	2,8461538
908	4,8461538
908	9,8461538
908	17,8461538
908	-3,1538462
909	-17,1538462
909	-25,1538462
909	-20,1538462
909	-8,1538462
910	-24,1538462
910	-20,1538462
910	4,8461538
910	-30,1538462
911	-18,1538462
911	-1,1538462
911	1,8461538
911	-5,1538462
912	2,8461538
912	2,8461538
912	-4,1538462
912	20,8461538
913	-3,1538462
913	-21,1538462
913	-29,1538462
913	-25,1538462
914	5,8461538
914	-13,1538462
914	17,8461538
914	-4,1538462
915	-32,1538462
915	-24,1538462
915	8,8461538
915	18,8461538
916	-7,1538462
916	1,8461538
916	3,8461538
916	8,8461538
917	5,8461538
917	-10,1538462
917	-6,1538462
917	2,8461538
917	-24,1538462
918	-5,1538462
918	21,8461538
918	-37,1538462
918	-13,1538462
919	-5,1538462
919	8,8461538
919	9,8461538
919	-24,1538462
920	-9,1538462
920	1,8461538
920	-0,1538462
920	21,8461538
921	6,8461538
921	-2,1538462
921	-16,1538462
921	-11,1538462
922	-5,1538462
922	-21,1538462
922	-28,1538462
922	-21,1538462
923	11,8461538
923	2,8461538
923	-26,1538462
923	-2,1538462
924	0,8461538
924	-18,1538462
924	-30,1538462
924	-9,1538462
925	-7,1538462
925	-1,1538462
925	11,8461538
925	18,8461538
926	9,8461538
926	-0,1538462
926	22,8461538
926	13,8461538
927	-10,1538462
927	6,8461538
927	-15,1538462
927	2,8461538
928	-20,1538462
928	-36,1538462
928	-11,1538462
928	-16,1538462
928	10,8461538
929	16,8461538
929	13,8461538
929	-1,1538462
929	-26,1538462
930	-1,1538462
930	10,8461538
930	-3,1538462
930	-1,1538462
931	-7,1538462
931	-21,1538462
931	-8,1538462
931	-13,1538462
932	-4,1538462
932	-0,1538462
932	3,8461538
932	-1,1538462
933	10,8461538
933	-13,1538462
933	10,8461538
933	4,8461538
934	-17,1538462
934	10,8461538
934	-2,1538462
934	-0,1538462
935	25,8461538
935	-15,1538462
935	-26,1538462
935	18,8461538
936	-9,1538462
936	12,8461538
936	-15,1538462
936	-9,1538462
937	-6,1538462
937	-1,1538462
937	6,8461538
937	-11,1538462
938	-21,1538462
938	-10,1538462
938	19,8461538
938	14,8461538
938	21,8461538
939	25,8461538
939	-6,1538462
939	11,8461538
939	-2,1538462
940	-21,1538462
940	1,8461538
940	-27,1538462
940	-15,1538462
941	-27,1538462
941	-14,1538462
941	-14,1538462
941	-11,1538462
942	-5,1538462
942	7,8461538
942	1,8461538
942	9,8461538
943	0,8461538
943	-14,1538462
943	-6,1538462
943	-1,1538462
944	-4,1538462
944	-12,1538462
944	-11,1538462
944	-10,1538462
945	-1,1538462
945	-14,1538462
945	-31,1538462
945	2,8461538
946	-0,1538462
946	2,8461538
946	-5,1538462
946	-14,1538462
947	4,8461538
947	9,8461538
947	-5,1538462
947	-12,1538462
947	-9,1538462
948	-12,1538462
948	-5,1538462
948	-6,1538462
948	-10,1538462
949	9,8461538
949	-12,1538462
949	26,8461538
949	-9,1538462
950	22,8461538
950	-1,1538462
950	6,8461538
950	-7,1538462
951	3,8461538
951	16,8461538
951	-5,1538462
951	9,8461538
952	-1,1538462
952	27,8461538
952	8,8461538
952	33,8461538
953	-18,1538462
953	-5,1538462
953	-2,1538462
953	-29,1538462
954	-33,1538462
954	6,8461538
954	4,8461538
954	-25,1538462
955	-21,1538462
955	-8,1538462
955	-7,1538462
955	-37,1538462
956	6,8461538
956	-8,1538462
956	-7,1538462
956	-19,1538462
956	-12,1538462
957	23,8461538
957	16,8461538
957	8,8461538
957	-17,1538462
958	13,8461538
958	-6,1538462
958	-3,1538462
958	4,8461538
959	2,8461538
959	-4,1538462
959	-13,1538462
959	-12,1538462
960	12,8461538
960	15,8461538
960	-3,1538462
960	-3,1538462
961	21,8461538
961	8,8461538
961	-22,1538462
961	-15,1538462
962	7,8461538
962	-15,1538462
962	-11,1538462
962	4,8461538
963	-7,1538462
963	16,8461538
963	29,8461538
963	-25,1538462
964	-1,1538462
964	18,8461538
964	11,8461538
964	-18,1538462
964	-11,1538462
965	-5,1538462
965	-33,1538462
965	-0,1538462
965	3,8461538
966	14,8461538
966	-1,1538462
966	-13,1538462
966	1,8461538
967	-4,1538462
967	-38,1538462
967	-8,1538462
967	11,8461538
968	4,8461538
968	-28,1538462
968	-0,1538462
968	-1,1538462
969	3,8461538
969	-19,1538462
969	-15,1538462
969	-31,1538462
970	-16,1538462
970	-5,1538462
970	-13,1538462
970	-25,1538462
971	-32,1538462
971	-23,1538462
971	-6,1538462
971	-9,1538462
972	-7,1538462
972	-8,1538462
972	0,8461538
972	4,8461538
972	-14,1538462
973	-34,1538462
973	-10,1538462
973	-15,1538462
973	-10,1538462
974	-15,1538462
974	-0,1538462
974	-6,1538462
974	-24,1538462
975	5,8461538
975	3,8461538
975	-0,1538462
975	2,8461538
976	-38,1538462
976	-9,1538462
976	-4,1538462
976	-6,1538462
977	-8,1538462
977	0,8461538
977	-3,1538462
977	4,8461538
978	6,8461538
978	21,8461538
978	-17,1538462
978	4,8461538
979	3,8461538
979	16,8461538
979	21,8461538
979	1,8461538
980	-23,1538462
980	3,8461538
980	-20,1538462
980	-7,1538462
980	-25,1538462
981	-23,1538462
981	-5,1538462
981	-1,1538462
981	-7,1538462
982	-21,1538462
982	-14,1538462
982	5,8461538
982	4,8461538
983	1,8461538
983	-2,1538462
983	-6,1538462
983	2,8461538
984	-0,1538462
984	-11,1538462
984	-12,1538462
984	-16,1538462
985	-22,1538462
985	11,8461538
985	7,8461538
985	1,8461538
986	2,8461538
986	-38,1538462
986	1,8461538
986	-8,1538462
987	-5,1538462
987	3,8461538
987	7,8461538
987	-2,1538462
988	-0,1538462
988	9,8461538
988	-28,1538462
988	16,8461538
988	16,8461538
989	-15,1538462
989	-22,1538462
989	-23,1538462
989	-6,1538462
990	-16,1538462
990	-21,1538462
990	-2,1538462
990	-21,1538462
991	-8,1538462
991	-4,1538462
991	7,8461538
991	-9,1538462
992	7,8461538
992	5,8461538
992	-22,1538462
992	-20,1538462
993	-16,1538462
993	-9,1538462
993	-1,1538462
993	-5,1538462
994	-10,1538462
994	-11,1538462
994	-0,1538462
994	-15,1538462
995	6,8461538
995	1,8461538
995	-11,1538462
995	16,8461538
995	15,8461538
996	-25,1538462
996	9,8461538
996	12,8461538
996	5,8461538
997	18,8461538
997	-29,1538462
997	3,8461538
997	39,8461538
998	-7,1538462
998	-15,1538462
998	-14,1538462
998	14,8461538
999	8,8461538
999	-33,1538462
999	8,8461538
999	-14,1538462
1000	-6,1538462
1000	16,8461538
1000	4,8461538
1000	-15,1538462
1001	-11,1538462
1001	-5,1538462
1001	14,8461538
1001	7,8461538
1002	-19,1538462
1002	19,8461538
1002	14,8461538
1002	10,8461538
1002	-8,1538462
1003	-5,1538462
1003	-18,1538462
1003	1,8461538
1003	4,8461538
1004	-6,1538462
1004	-5,1538462
1004	10,8461538
1004	12,8461538
1005	-35,1538462
1005	-31,1538462
1005	-9,1538462
1005	-28,1538462
1006	-28,1538462
1006	5,8461538
1006	-9,1538462
1006	2,8461538
1007	9,8461538
1007	8,8461538
1007	-14,1538462
1007	-28,1538462
1008	-21,1538462
1008	0,8461538
1008	-6,1538462
1008	-9,1538462
1008	1,8461538
1009	-22,1538462
1009	-28,1538462
1009	6,8461538
1009	11,8461538
1010	-2,1538462
1010	-19,1538462
1010	-27,1538462
1010	11,8461538
1011	-10,1538462
1011	3,8461538
1011	-5,1538462
1011	2,8461538
1012	7,8461538
1012	-3,1538462
1012	0,8461538
1012	-6,1538462
1013	-17,1538462
1013	-15,1538462
1013	-2,1538462
1013	-4,1538462
1014	13,8461538
1014	8,8461538
1014	15,8461538
1014	-3,1538462
1015	-36,1538462
1015	-10,1538462
1015	-9,1538462
1015	1,8461538
1015	25,8461538
1016	10,8461538
1016	-7,1538462
1016	-4,1538462
1016	-4,1538462
1017	-10,1538462
1017	-12,1538462
1017	-21,1538462
1017	-6,1538462
1018	26,8461538
1018	10,8461538
1018	-15,1538462
1018	5,8461538
1019	-14,1538462
1019	18,8461538
1019	-15,1538462
1019	-5,1538462
1020	-27,1538462
1020	2,8461538
1020	10,8461538
1020	-7,1538462
1021	-3,1538462
1021	-3,1538462
1021	-13,1538462
1021	2,8461538
1021	-8,1538462
1022	-19,1538462
1022	8,8461538
1022	6,8461538
1022	-1,1538462
1023	-26,1538462
1023	-31,1538462
1023	-7,1538462
1023	20,8461538
1024	16,8461538
1024	-38,1538462
1024	-23,1538462
1024	-4,1538462
1025	16,8461538
1025	-12,1538462
1025	-5,1538462
1025	9,8461538
1026	31,8461538
1026	45,8461538
1026	2,8461538
1026	-3,1538462
1027	24,8461538
1027	-20,1538462
1027	18,8461538
1027	4,8461538
1027	-25,1538462
1028	-8,1538462
1028	-10,1538462
1028	-16,1538462
1028	-7,1538462
1029	-19,1538462
1029	15,8461538
1029	13,8461538
1029	15,8461538
1030	21,8461538
1030	-7,1538462
1030	-22,1538462
1030	-9,1538462
1031	-2,1538462
1031	1,8461538
1031	4,8461538
1031	-33,1538462
1032	-21,1538462
1032	-4,1538462
1032	-5,1538462
1032	-4,1538462
1033	-5,1538462
1033	3,8461538
1033	-5,1538462
1033	-13,1538462
1034	-6,1538462
1034	1,8461538
1034	-8,1538462
1034	-3,1538462
1034	-10,1538462
1035	-1,1538462
1035	-22,1538462
1035	-10,1538462
1035	7,8461538
1036	8,8461538
1036	14,8461538
1036	7,8461538
1036	-13,1538462
1037	-10,1538462
1037	-32,1538462
1037	0,8461538
1037	6,8461538
1038	-0,1538462
1038	-13,1538462
1038	-14,1538462
1038	-0,1538462
1039	7,8461538
1039	-8,1538462
1039	-10,1538462
1039	16,8461538
1039	-3,1538462
1040	15,8461538
1040	16,8461538
1040	4,8461538
1040	19,8461538
1041	-0,1538462
1041	-28,1538462
1041	-16,1538462
1041	17,8461538
1042	0,8461538
1042	1,8461538
1042	14,8461538
1042	-3,1538462
1043	17,8461538
1043	44,8461538
1043	6,8461538
1043	-8,1538462
1044	3,8461538
1044	-31,1538462
1044	12,8461538
1044	-18,1538462
1045	-1,1538462
1045	-7,1538462
1045	8,8461538
1045	-19,1538462
1045	-20,1538462
1046	-25,1538462
1046	-14,1538462
1046	1,8461538
1046	-14,1538462
1047	-8,1538462
1047	14,8461538
1047	-4,1538462
1047	10,8461538
1048	-2,1538462
1048	21,8461538
1048	25,8461538
1048	-6,1538462
1049	-18,1538462
1049	-12,1538462
1049	-8,1538462
1049	17,8461538
1050	-5,1538462
1050	-14,1538462
1050	-20,1538462
1050	13,8461538
1051	12,8461538
1051	8,8461538
1051	-4,1538462
1051	-9,1538462
1051	-10,1538462
1052	-26,1538462
1052	-8,1538462
1052	-0,1538462
1052	-23,1538462
1053	-5,1538462
1053	-0,1538462
1053	-11,1538462
1053	0,8461538
1054	2,8461538
1054	-17,1538462
1054	-14,1538462
1054	0,8461538
1055	8,8461538
1055	-12,1538462
1055	-16,1538462
1055	-17,1538462
1056	4,8461538
1056	11,8461538
1056	-13,1538462
1056	-9,1538462
1056	-22,1538462
1057	2,8461538
1057	1,8461538
1057	12,8461538
1057	18,8461538
1058	-15,1538462
1058	-12,1538462
1058	0,8461538
1058	8,8461538
1059	3,8461538
1059	-18,1538462
1059	-36,1538462
1059	-3,1538462
1060	22,8461538
1060	4,8461538
1060	-20,1538462
1060	22,8461538
1061	10,8461538
1061	13,8461538
1061	3,8461538
1061	12,8461538
1062	6,8461538
1062	3,8461538
1062	-29,1538462
1062	6,8461538
1062	15,8461538
1063	-16,1538462
1063	-2,1538462
1063	-1,1538462
1063	0,8461538
1064	-11,1538462
1064	-1,1538462
1064	-2,1538462
1064	-6,1538462
1065	-0,1538462
1065	-3,1538462
1065	-26,1538462
1065	-8,1538462
1066	11,8461538
1066	-16,1538462
1066	-20,1538462
1066	-3,1538462
1067	-10,1538462
1067	-23,1538462
1067	-4,1538462
1067	18,8461538
1067	3,8461538
1068	-7,1538462
1068	6,8461538
1068	-4,1538462
1068	8,8461538
1069	0,8461538
1069	-11,1538462
1069	-28,1538462
1069	-12,1538462
1070	-4,1538462
1070	0,8461538
1070	12,8461538
1070	-0,1538462
1071	1,8461538
1071	-14,1538462
1071	14,8461538
1071	-10,1538462
1072	-17,1538462
1072	-7,1538462
1072	-23,1538462
1072	-25,1538462
1072	17,8461538
1073	-3,1538462
1073	-1,1538462
1073	-41,1538462
1073	-17,1538462
1074	-24,1538462
1074	-10,1538462
1074	-1,1538462
1074	-2,1538462
1075	4,8461538
1075	0,8461538
1075	3,8461538
1075	-0,1538462
1076	5,8461538
1076	-9,1538462
1076	7,8461538
1076	-4,1538462
1077	-5,1538462
1077	-2,1538462
1077	6,8461538
1077	-1,1538462
1077	-0,1538462
1078	-19,1538462
1078	-17,1538462
1078	-2,1538462
1078	-0,1538462
1079	8,8461538
1079	3,8461538
1079	-5,1538462
1079	23,8461538
1080	25,8461538
1080	-10,1538462
1080	-29,1538462
1080	-4,1538462
1081	-20,1538462
1081	2,8461538
1081	20,8461538
1081	21,8461538
1082	15,8461538
1082	-14,1538462
1082	-13,1538462
1082	-8,1538462
1082	-8,1538462
1083	-11,1538462
1083	24,8461538
1083	-3,1538462
1083	-12,1538462
1084	-24,1538462
1084	-8,1538462
1084	7,8461538
1084	-4,1538462
1085	2,8461538
1085	-5,1538462
1085	4,8461538
1085	3,8461538
1086	12,8461538
1086	-4,1538462
1086	-23,1538462
1086	15,8461538
1087	-7,1538462
1087	-15,1538462
1087	-2,1538462
1087	-25,1538462
1087	2,8461538
1088	2,8461538
1088	-12,1538462
1088	-11,1538462
1088	-21,1538462
1089	-27,1538462
1089	-29,1538462
1089	-37,1538462
1089	-6,1538462
1090	-3,1538462
1090	-6,1538462
1090	-9,1538462
1090	-1,1538462
1091	-15,1538462
1091	2,8461538
1091	-5,1538462
1091	-17,1538462
1092	13,8461538
1092	-15,1538462
1092	-20,1538462
1092	3,8461538
1092	-50,1538462
1093	-13,1538462
1093	-26,1538462
1093	-15,1538462
1093	-12,1538462
1094	-8,1538462
1094	-4,1538462
1094	9,8461538
1094	22,8461538
1095	-16,1538462
1095	26,8461538
1095	5,8461538
1095	6,8461538
1096	10,8461538
1096	-35,1538462
1096	-33,1538462
1096	-1,1538462
1097	-18,1538462
1097	-14,1538462
1097	-14,1538462
1097	-1,1538462
1097	-15,1538462
1098	2,8461538
1098	5,8461538
1098	-17,1538462
1098	-11,1538462
1099	-21,1538462
1099	-7,1538462
1099	-20,1538462
1099	-28,1538462
1100	-12,1538462
1100	-12,1538462
1100	8,8461538
1100	-5,1538462
1101	1,8461538
1101	0,8461538
1101	15,8461538
1101	-43,1538462
1101	-22,1538462
1102	-17,1538462
1102	10,8461538
1102	-1,1538462
1102	-13,1538462
1103	-8,1538462
1103	-12,1538462
1103	1,8461538
1103	3,8461538
1104	-17,1538462
1104	-20,1538462
1104	-14,1538462
1104	4,8461538
1105	-24,1538462
1105	-8,1538462
1105	19,8461538
1105	42,8461538
1106	29,8461538
1106	-8,1538462
1106	-17,1538462
1106	-21,1538462
1106	-32,1538462
1107	-16,1538462
1107	13,8461538
1107	23,8461538
1107	-18,1538462
1108	-8,1538462
1108	15,8461538
1108	35,8461538
1108	4,8461538
1109	-7,1538462
1109	-6,1538462
1109	-23,1538462
1109	-6,1538462
1110	-22,1538462
1110	3,8461538
1110	-15,1538462
1110	8,8461538
1110	-17,1538462
1111	-13,1538462
1111	20,8461538
1111	-0,1538462
1111	1,8461538
1112	-11,1538462
1112	-4,1538462
1112	4,8461538
1112	16,8461538
1113	-14,1538462
1113	-39,1538462
1113	-11,1538462
1113	16,8461538
1114	35,8461538
1114	3,8461538
1114	18,8461538
1114	-8,1538462
1115	-17,1538462
1115	-4,1538462
1115	0,8461538
1115	-23,1538462
1115	6,8461538
1116	0,8461538
1116	-9,1538462
1116	5,8461538
1116	-11,1538462
1117	21,8461538
1117	-12,1538462
1117	-12,1538462
1117	3,8461538
1118	11,8461538
