196	-3,8461538
196	-3,8461538
196	-3,8461538
197	-9,8461538
197	-18,8461538
197	29,1538462
197	16,1538462
198	1,1538462
198	6,1538462
198	-11,8461538
199	-9,8461538
199	6,1538462
199	3,1538462
199	-6,8461538
200	37,1538462
200	-6,8461538
200	17,1538462
200	-25,8461538
201	-17,8461538
201	-4,8461538
201	7,1538462
201	-4,8461538
202	22,1538462
202	-2,8461538
202	-35,8461538
203	0,1538462
203	11,1538462
203	42,1538462
203	9,1538462
204	25,1538462
204	18,1538462
204	-17,8461538
204	-7,8461538
205	-7,8461538
205	-6,8461538
205	-13,8461538
205	2,1538462
206	-15,8461538
206	-4,8461538
206	22,1538462
207	-17,8461538
207	-10,8461538
207	-32,8461538
207	-14,8461538
208	-3,8461538
208	-15,8461538
208	-5,8461538
208	-10,8461538
209	-8,8461538
209	-2,8461538
209	3,1538462
209	-13,8461538
210	-2,8461538
210	-1,8461538
210	-2,8461538
211	-12,8461538
211	3,1538462
211	-6,8461538
211	5,1538462
212	-19,8461538
212	-23,8461538
212	1,1538462
212	-4,8461538
213	3,1538462
213	-22,8461538
213	-3,8461538
213	12,1538462
214	-24,8461538
214	-13,8461538
214	-8,8461538
215	-7,8461538
215	-28,8461538
215	-34,8461538
215	-23,8461538
216	2,1538462
216	-12,8461538
216	20,1538462
216	3,1538462
217	-36,8461538
217	1,1538462
217	-4,8461538
217	-28,8461538
218	-19,8461538
218	-40,8461538
218	-11,8461538
219	12,1538462
219	-31,8461538
219	1,1538462
219	3,1538462
220	-19,8461538
220	-16,8461538
220	7,1538462
220	-10,8461538
221	-13,8461538
221	-24,8461538
221	1,1538462
221	-16,8461538
222	-6,8461538
222	16,1538462
222	12,1538462
223	2,1538462
223	-2,8461538
223	-16,8461538
223	-45,8461538
224	10,1538462
224	-22,8461538
224	16,1538462
224	-4,8461538
225	21,1538462
225	0,1538462
225	-3,8461538
225	10,1538462
226	-4,8461538
226	-25,8461538
226	18,1538462
227	16,1538462
227	-16,8461538
227	4,1538462
227	8,1538462
228	-1,8461538
228	-3,8461538
228	16,1538462
228	9,1538462
229	-1,8461538
229	-7,8461538
229	-30,8461538
229	-7,8461538
230	8,1538462
230	-3,8461538
230	-17,8461538
231	-10,8461538
231	-6,8461538
231	-39,8461538
231	25,1538462
232	8,1538462
232	4,1538462
232	15,1538462
232	-5,8461538
233	-8,8461538
233	5,1538462
233	-17,8461538
233	-16,8461538
234	-21,8461538
234	2,1538462
234	-26,8461538
235	1,1538462
235	18,1538462
235	-14,8461538
235	-6,8461538
236	-3,8461538
236	-12,8461538
236	7,1538462
236	1,1538462
237	12,1538462
237	-17,8461538
237	7,1538462
237	-8,8461538
238	21,1538462
238	-15,8461538
238	-21,8461538
239	7,1538462
239	-7,8461538
239	-26,8461538
239	2,1538462
240	-13,8461538
240	-24,8461538
240	-24,8461538
240	19,1538462
241	3,1538462
241	7,1538462
241	-6,8461538
241	-15,8461538
242	-19,8461538
242	-15,8461538
242	-8,8461538
243	-8,8461538
243	3,1538462
243	-50,8461538
243	2,1538462
244	-16,8461538
244	-9,8461538
244	-6,8461538
244	-4,8461538
245	11,1538462
245	14,1538462
245	-19,8461538
245	-4,8461538
246	-16,8461538
246	-3,8461538
246	-4,8461538
247	-3,8461538
247	-0,8461538
247	-4,8461538
247	1,1538462
248	-22,8461538
248	-4,8461538
248	-8,8461538
248	10,1538462
249	8,1538462
249	-25,8461538
249	-11,8461538
249	4,1538462
250	-3,8461538
250	29,1538462
250	-6,8461538
251	-9,8461538
251	1,1538462
251	7,1538462
251	-15,8461538
252	3,1538462
252	14,1538462
252	27,1538462
252	9,1538462
253	19,1538462
253	-10,8461538
253	-10,8461538
253	7,1538462
254	-4,8461538
254	10,1538462
254	24,1538462
254	2,1538462
255	-36,8461538
255	-20,8461538
255	-9,8461538
256	-25,8461538
256	-21,8461538
256	-11,8461538
256	11,1538462
257	13,1538462
257	-9,8461538
257	-1,8461538
257	-1,8461538
258	1,1538462
258	-20,8461538
258	-9,8461538
258	-26,8461538
259	-0,8461538
259	2,1538462
259	9,1538462
260	-3,8461538
260	-3,8461538
260	-23,8461538
260	-19,8461538
261	-12,8461538
261	10,1538462
261	7,1538462
261	-25,8461538
262	16,1538462
262	8,1538462
262	-0,8461538
262	-33,8461538
263	16,1538462
263	4,1538462
263	-3,8461538
264	7,1538462
264	3,1538462
264	-6,8461538
264	1,1538462
265	5,1538462
265	-9,8461538
265	-16,8461538
265	-16,8461538
266	-8,8461538
266	-5,8461538
266	-6,8461538
266	-28,8461538
267	24,1538462
267	5,1538462
267	26,1538462
268	3,1538462
268	10,1538462
268	2,1538462
268	4,1538462
269	-17,8461538
269	14,1538462
269	-2,8461538
269	-24,8461538
270	7,1538462
270	-4,8461538
270	-14,8461538
270	11,1538462
271	-12,8461538
271	4,1538462
271	15,1538462
271	-21,8461538
272	-9,8461538
272	-13,8461538
272	-26,8461538
273	-8,8461538
273	-19,8461538
273	-13,8461538
273	-2,8461538
274	-2,8461538
274	-7,8461538
274	0,1538462
274	6,1538462
275	21,1538462
275	1,1538462
275	-3,8461538
275	9,1538462
276	2,1538462
276	4,1538462
276	-34,8461538
277	15,1538462
277	52,1538462
277	32,1538462
277	-5,8461538
278	12,1538462
278	20,1538462
278	-30,8461538
278	-4,8461538
279	3,1538462
279	-13,8461538
279	-7,8461538
279	12,1538462
280	-20,8461538
280	-12,8461538
280	-26,8461538
280	-26,8461538
281	-6,8461538
281	0,1538462
281	-22,8461538
282	-4,8461538
282	17,1538462
282	1,1538462
282	-16,8461538
283	-40,8461538
283	-21,8461538
283	-20,8461538
283	4,1538462
284	5,1538462
284	-20,8461538
284	-24,8461538
284	-2,8461538
285	11,1538462
285	-5,8461538
285	-12,8461538
286	14,1538462
286	-10,8461538
286	-22,8461538
286	-25,8461538
287	-20,8461538
287	-4,8461538
287	-13,8461538
287	10,1538462
288	-5,8461538
288	-7,8461538
288	-0,8461538
288	-9,8461538
289	5,1538462
289	-8,8461538
289	3,1538462
290	-5,8461538
290	-19,8461538
290	10,1538462
290	-10,8461538
291	-16,8461538
291	-11,8461538
291	-32,8461538
291	-28,8461538
292	10,1538462
292	-14,8461538
292	-17,8461538
292	-7,8461538
293	-0,8461538
293	13,1538462
293	24,1538462
293	23,1538462
294	-2,8461538
294	-9,8461538
294	-3,8461538
295	14,1538462
295	16,1538462
295	15,1538462
295	5,1538462
296	1,1538462
296	-9,8461538
296	-2,8461538
296	-24,8461538
297	-6,8461538
297	-0,8461538
297	12,1538462
297	15,1538462
298	20,1538462
298	-16,8461538
298	3,1538462
299	-7,8461538
299	18,1538462
299	15,1538462
299	11,1538462
300	-19,8461538
300	2,1538462
300	-18,8461538
300	19,1538462
301	-15,8461538
301	2,1538462
301	-20,8461538
301	-25,8461538
302	-17,8461538
302	-21,8461538
302	27,1538462
302	19,1538462
303	6,1538462
303	-3,8461538
303	-27,8461538
304	-0,8461538
304	3,1538462
304	6,1538462
304	-5,8461538
305	24,1538462
305	10,1538462
305	-4,8461538
305	-13,8461538
306	-3,8461538
306	-32,8461538
306	4,1538462
306	2,1538462
307	3,1538462
307	24,1538462
307	-0,8461538
307	3,1538462
308	-1,8461538
308	19,1538462
308	11,1538462
309	32,1538462
309	24,1538462
309	22,1538462
309	27,1538462
310	3,1538462
310	20,1538462
310	-0,8461538
310	11,1538462
311	29,1538462
311	44,1538462
311	36,1538462
311	17,1538462
312	42,1538462
312	45,1538462
312	32,1538462
313	49,1538462
313	41,1538462
313	41,1538462
313	29,1538462
314	30,1538462
314	33,1538462
314	29,1538462
314	17,1538462
315	40,1538462
315	34,1538462
315	27,1538462
315	24,1538462
316	22,1538462
316	36,1538462
316	38,1538462
316	27,1538462
317	33,1538462
317	18,1538462
317	10,1538462
318	51,1538462
318	10,1538462
318	10,1538462
318	15,1538462
319	26,1538462
319	13,1538462
319	27,1538462
319	27,1538462
320	27,1538462
320	33,1538462
320	3,1538462
320	-2,8461538
321	12,1538462
321	-7,8461538
321	-30,8461538
321	-11,8461538
322	12,1538462
322	13,1538462
322	-9,8461538
323	-15,8461538
323	-20,8461538
323	-10,8461538
323	11,1538462
324	-15,8461538
324	-20,8461538
324	-42,8461538
324	-14,8461538
325	-25,8461538
325	-29,8461538
325	-21,8461538
325	-24,8461538
326	-17,8461538
326	-15,8461538
326	-5,8461538
327	-3,8461538
327	22,1538462
327	14,1538462
327	-38,8461538
328	22,1538462
328	10,1538462
328	3,1538462
328	-0,8461538
329	-9,8461538
329	-20,8461538
329	-12,8461538
329	-2,8461538
330	-6,8461538
330	-6,8461538
330	13,1538462
330	18,1538462
331	-10,8461538
331	24,1538462
331	19,1538462
332	30,1538462
332	41,1538462
332	38,1538462
332	37,1538462
333	36,1538462
333	46,1538462
333	73,1538462
333	38,1538462
334	53,1538462
334	51,1538462
334	52,1538462
334	44,1538462
335	46,1538462
335	21,1538462
335	38,1538462
335	39,1538462
336	57,1538462
336	87,1538462
336	93,1538462
337	46,1538462
337	58,1538462
337	63,1538462
337	51,1538462
338	56,1538462
338	44,1538462
338	67,1538462
338	67,1538462
339	57,1538462
339	57,1538462
339	47,1538462
339	37,1538462
340	39,1538462
340	50,1538462
340	19,1538462
340	49,1538462
341	17,1538462
341	22,1538462
341	23,1538462
342	3,1538462
342	2,1538462
342	31,1538462
342	8,1538462
343	5,1538462
343	-1,8461538
343	13,1538462
343	32,1538462
344	26,1538462
344	20,1538462
344	7,1538462
344	-22,8461538
345	-18,8461538
345	-0,8461538
345	-9,8461538
345	20,1538462
346	-0,8461538
346	10,1538462
346	-8,8461538
347	23,1538462
347	-0,8461538
347	-8,8461538
347	-11,8461538
348	-4,8461538
348	3,1538462
348	4,1538462
348	-0,8461538
349	12,1538462
349	29,1538462
349	37,1538462
349	21,1538462
350	8,1538462
350	13,1538462
350	31,1538462
350	23,1538462
351	32,1538462
351	22,1538462
351	25,1538462
352	4,1538462
352	45,1538462
352	47,1538462
352	48,1538462
353	47,1538462
353	50,1538462
353	24,1538462
353	35,1538462
354	21,1538462
354	53,1538462
354	54,1538462
354	60,1538462
355	45,1538462
355	66,1538462
355	51,1538462
355	43,1538462
356	48,1538462
356	36,1538462
356	50,1538462
357	51,1538462
357	41,1538462
357	49,1538462
357	70,1538462
358	86,1538462
358	84,1538462
358	61,1538462
358	58,1538462
359	6,1538462
359	39,1538462
359	29,1538462
359	60,1538462
360	63,1538462
360	32,1538462
360	28,1538462
360	29,1538462
361	32,1538462
361	12,1538462
361	38,1538462
362	50,1538462
362	59,1538462
362	47,1538462
362	36,1538462
363	9,1538462
363	22,1538462
363	4,1538462
363	15,1538462
364	14,1538462
364	2,1538462
364	-20,8461538
364	7,1538462
365	12,1538462
365	-0,8461538
365	-2,8461538
365	5,1538462
366	5,1538462
366	4,1538462
366	1,1538462
367	-18,8461538
367	2,1538462
367	1,1538462
367	23,1538462
368	-32,8461538
368	-17,8461538
368	5,1538462
368	3,1538462
369	-28,8461538
369	-18,8461538
369	-26,8461538
369	-11,8461538
370	12,1538462
370	-2,8461538
370	-4,8461538
370	8,1538462
371	15,1538462
371	6,1538462
371	7,1538462
371	-8,8461538
372	18,1538462
372	2,1538462
372	15,1538462
373	35,1538462
373	-1,8461538
373	-8,8461538
373	11,1538462
374	15,1538462
374	18,1538462
374	22,1538462
374	36,1538462
375	24,1538462
375	27,1538462
375	38,1538462
375	36,1538462
376	63,1538462
376	38,1538462
376	44,1538462
376	46,1538462
377	21,1538462
377	27,1538462
377	57,1538462
378	31,1538462
378	17,1538462
378	43,1538462
378	38,1538462
379	49,1538462
379	3,1538462
379	13,1538462
379	25,1538462
380	29,1538462
380	18,1538462
380	47,1538462
380	34,1538462
381	40,1538462
381	21,1538462
381	44,1538462
381	22,1538462
382	16,1538462
382	5,1538462
382	23,1538462
383	15,1538462
383	7,1538462
383	34,1538462
383	3,1538462
384	-8,8461538
384	18,1538462
384	24,1538462
384	28,1538462
385	8,1538462
385	17,1538462
385	12,1538462
385	25,1538462
386	28,1538462
386	3,1538462
386	11,1538462
386	10,1538462
387	21,1538462
387	5,1538462
387	-14,8461538
387	-6,8461538
388	12,1538462
388	2,1538462
388	21,1538462
389	-29,8461538
389	-24,8461538
389	-5,8461538
389	-14,8461538
390	-10,8461538
390	5,1538462
390	15,1538462
390	5,1538462
391	-0,8461538
391	13,1538462
391	-3,8461538
391	2,1538462
392	10,1538462
392	-18,8461538
392	-0,8461538
392	4,1538462
393	-2,8461538
393	9,1538462
393	31,1538462
394	10,1538462
394	2,1538462
394	-13,8461538
394	27,1538462
395	-21,8461538
395	14,1538462
395	-16,8461538
395	-1,8461538
396	4,1538462
396	4,1538462
396	-6,8461538
396	30,1538462
397	-27,8461538
397	18,1538462
397	12,1538462
397	8,1538462
398	8,1538462
398	23,1538462
398	-1,8461538
398	17,1538462
399	-0,8461538
399	0,1538462
399	32,1538462
400	24,1538462
400	9,1538462
400	20,1538462
400	42,1538462
401	16,1538462
401	27,1538462
401	10,1538462
401	4,1538462
402	31,1538462
402	-11,8461538
402	6,1538462
402	-13,8461538
403	21,1538462
403	38,1538462
403	3,1538462
403	-12,8461538
404	1,1538462
404	27,1538462
404	19,1538462
405	20,1538462
405	5,1538462
405	25,1538462
405	13,1538462
406	29,1538462
406	26,1538462
406	3,1538462
406	7,1538462
407	1,1538462
407	9,1538462
407	4,1538462
407	13,1538462
408	7,1538462
408	-4,8461538
408	-36,8461538
408	7,1538462
409	-9,8461538
409	2,1538462
409	13,1538462
409	30,1538462
410	-4,8461538
410	3,1538462
410	18,1538462
411	13,1538462
411	14,1538462
411	15,1538462
411	-6,8461538
412	16,1538462
412	2,1538462
412	29,1538462
412	7,1538462
413	-7,8461538
413	11,1538462
413	8,1538462
413	-2,8461538
414	22,1538462
414	-6,8461538
414	-9,8461538
414	-9,8461538
415	25,1538462
415	-8,8461538
415	12,1538462
415	-2,8461538
416	-13,8461538
416	-11,8461538
416	-17,8461538
417	10,1538462
417	-6,8461538
417	-2,8461538
417	8,1538462
418	17,1538462
418	5,1538462
418	-10,8461538
418	-17,8461538
419	1,1538462
419	-15,8461538
419	1,1538462
419	-7,8461538
420	11,1538462
420	-0,8461538
420	0,1538462
420	-14,8461538
421	8,1538462
421	7,1538462
421	16,1538462
421	-16,8461538
422	-2,8461538
422	6,1538462
422	-18,8461538
423	7,1538462
423	-5,8461538
423	20,1538462
423	-2,8461538
424	-8,8461538
424	-32,8461538
424	-27,8461538
424	3,1538462
425	24,1538462
425	-29,8461538
425	2,1538462
425	19,1538462
426	-23,8461538
426	-5,8461538
426	3,1538462
426	9,1538462
427	6,1538462
427	-28,8461538
427	-13,8461538
427	20,1538462
428	2,1538462
428	13,1538462
428	-8,8461538
429	16,1538462
429	2,1538462
429	-3,8461538
429	18,1538462
430	24,1538462
430	9,1538462
430	-3,8461538
430	-15,8461538
431	24,1538462
431	-2,8461538
431	-3,8461538
431	-9,8461538
432	5,1538462
432	-8,8461538
432	1,1538462
432	8,1538462
433	4,1538462
433	25,1538462
433	13,1538462
433	-3,8461538
434	5,1538462
434	5,1538462
434	-4,8461538
435	-12,8461538
435	15,1538462
435	-9,8461538
435	-21,8461538
436	0,1538462
436	30,1538462
436	15,1538462
436	-5,8461538
437	16,1538462
437	-11,8461538
437	-0,8461538
437	-37,8461538
438	3,1538462
438	17,1538462
438	12,1538462
438	-4,8461538
439	15,1538462
439	-22,8461538
439	-0,8461538
439	4,1538462
440	6,1538462
440	-13,8461538
440	3,1538462
441	-3,8461538
441	-23,8461538
441	17,1538462
441	10,1538462
442	-28,8461538
442	-10,8461538
442	4,1538462
442	-6,8461538
443	-18,8461538
443	10,1538462
443	-10,8461538
443	-17,8461538
444	-36,8461538
444	-0,8461538
444	-16,8461538
444	9,1538462
445	-15,8461538
445	-11,8461538
445	-13,8461538
445	8,1538462
446	-31,8461538
446	0,1538462
446	-1,8461538
447	2,1538462
447	-12,8461538
447	9,1538462
447	9,1538462
448	22,1538462
448	-13,8461538
448	-14,8461538
448	-7,8461538
449	-6,8461538
449	-4,8461538
449	-1,8461538
449	-22,8461538
450	-17,8461538
450	-13,8461538
450	4,1538462
450	4,1538462
451	-7,8461538
451	0,1538462
451	-31,8461538
451	-3,8461538
452	-22,8461538
452	-39,8461538
452	-20,8461538
452	-16,8461538
453	1,1538462
453	3,1538462
453	-13,8461538
454	9,1538462
454	4,1538462
454	-5,8461538
454	6,1538462
455	-26,8461538
455	-12,8461538
455	-12,8461538
455	-24,8461538
456	0,1538462
456	-4,8461538
456	-10,8461538
456	9,1538462
457	-20,8461538
457	-9,8461538
457	-14,8461538
457	-11,8461538
458	1,1538462
458	-4,8461538
458	-17,8461538
458	-2,8461538
459	-18,8461538
459	-14,8461538
459	19,1538462
460	8,1538462
460	-7,8461538
460	26,1538462
460	-13,8461538
461	1,1538462
461	3,1538462
461	8,1538462
461	9,1538462
462	5,1538462
462	-26,8461538
462	-11,8461538
462	15,1538462
463	-20,8461538
463	-19,8461538
463	-15,8461538
463	-16,8461538
464	-3,8461538
464	-3,8461538
464	-2,8461538
464	-2,8461538
465	8,1538462
465	26,1538462
465	-0,8461538
465	-0,8461538
466	-15,8461538
466	1,1538462
466	-23,8461538
467	6,1538462
467	-4,8461538
467	-3,8461538
467	-6,8461538
468	1,1538462
468	11,1538462
468	-10,8461538
468	-11,8461538
469	0,1538462
469	-10,8461538
469	-32,8461538
469	-3,8461538
470	17,1538462
470	11,1538462
470	-10,8461538
470	-13,8461538
471	1,1538462
471	-15,8461538
471	16,1538462
471	-18,8461538
472	6,1538462
472	21,1538462
472	-9,8461538
472	28,1538462
473	-18,8461538
473	33,1538462
473	-2,8461538
474	5,1538462
474	-5,8461538
474	22,1538462
474	7,1538462
475	-7,8461538
475	1,1538462
475	24,1538462
475	10,1538462
476	17,1538462
476	0,1538462
476	-8,8461538
476	5,1538462
477	14,1538462
477	-10,8461538
477	-25,8461538
477	-0,8461538
478	-7,8461538
478	-17,8461538
478	-14,8461538
478	-17,8461538
479	-18,8461538
479	3,1538462
479	3,1538462
479	-15,8461538
480	5,1538462
480	-6,8461538
480	-1,8461538
481	10,1538462
481	-18,8461538
481	7,1538462
481	0,1538462
482	25,1538462
482	-21,8461538
482	-32,8461538
482	-18,8461538
483	-12,8461538
483	-8,8461538
483	-16,8461538
483	-9,8461538
484	-14,8461538
484	4,1538462
484	6,1538462
484	-15,8461538
485	-9,8461538
485	11,1538462
485	-13,8461538
485	-1,8461538
486	-26,8461538
486	-7,8461538
486	3,1538462
486	-5,8461538
487	-21,8461538
487	16,1538462
487	2,1538462
488	7,1538462
488	19,1538462
488	-4,8461538
488	2,1538462
489	-2,8461538
489	21,1538462
489	27,1538462
489	-5,8461538
490	-3,8461538
490	-0,8461538
490	-21,8461538
490	27,1538462
491	-14,8461538
491	-6,8461538
491	-17,8461538
491	8,1538462
492	-5,8461538
492	-3,8461538
492	20,1538462
492	-5,8461538
493	19,1538462
493	7,1538462
493	-15,8461538
493	-37,8461538
494	-22,8461538
494	0,1538462
494	-0,8461538
495	-19,8461538
495	-25,8461538
495	-8,8461538
495	4,1538462
496	16,1538462
496	-16,8461538
496	-9,8461538
496	-2,8461538
497	-1,8461538
497	7,1538462
497	9,1538462
497	-1,8461538
498	14,1538462
498	-24,8461538
498	5,1538462
498	-35,8461538
499	8,1538462
499	-11,8461538
499	-7,8461538
499	28,1538462
500	10,1538462
500	-4,8461538
500	4,1538462
500	1,1538462
501	-6,8461538
501	-17,8461538
501	4,1538462
502	-12,8461538
502	15,1538462
502	12,1538462
502	-18,8461538
503	3,1538462
503	1,1538462
503	-4,8461538
503	-12,8461538
504	-18,8461538
504	-9,8461538
504	8,1538462
504	4,1538462
505	-10,8461538
505	2,1538462
505	7,1538462
505	-0,8461538
506	-5,8461538
506	-7,8461538
506	-6,8461538
506	-2,8461538
507	-23,8461538
507	-11,8461538
507	24,1538462
507	-18,8461538
508	9,1538462
508	4,1538462
508	-7,8461538
508	19,1538462
509	-6,8461538
509	10,1538462
509	2,1538462
510	-11,8461538
510	-2,8461538
510	-19,8461538
510	-14,8461538
511	15,1538462
511	22,1538462
511	-8,8461538
511	-20,8461538
512	10,1538462
512	0,1538462
512	1,1538462
512	-17,8461538
513	-38,8461538
513	2,1538462
513	11,1538462
513	-14,8461538
514	-16,8461538
514	0,1538462
514	-14,8461538
514	-13,8461538
515	0,1538462
515	-19,8461538
515	-24,8461538
515	12,1538462
516	9,1538462
516	24,1538462
516	-13,8461538
516	-22,8461538
517	-34,8461538
517	-24,8461538
517	-8,8461538
518	-22,8461538
518	-2,8461538
518	10,1538462
518	-6,8461538
519	34,1538462
519	20,1538462
519	-4,8461538
519	10,1538462
520	-21,8461538
520	-6,8461538
520	28,1538462
520	-7,8461538
521	-3,8461538
521	17,1538462
521	-2,8461538
521	3,1538462
522	17,1538462
522	-4,8461538
522	4,1538462
522	13,1538462
523	12,1538462
523	9,1538462
523	-13,8461538
523	-15,8461538
524	-9,8461538
524	-21,8461538
524	-5,8461538
524	22,1538462
525	2,1538462
525	-17,8461538
525	-22,8461538
526	-8,8461538
526	20,1538462
526	17,1538462
526	8,1538462
527	-2,8461538
527	10,1538462
527	5,1538462
527	1,1538462
528	8,1538462
528	12,1538462
528	-1,8461538
528	34,1538462
529	18,1538462
529	2,1538462
529	-20,8461538
529	3,1538462
530	-5,8461538
530	-18,8461538
530	9,1538462
530	0,1538462
531	7,1538462
531	-1,8461538
531	4,1538462
531	-14,8461538
532	-2,8461538
532	-4,8461538
532	-2,8461538
532	-15,8461538
533	-18,8461538
533	-23,8461538
533	-3,8461538
534	-1,8461538
534	12,1538462
534	24,1538462
534	-2,8461538
535	-16,8461538
535	-18,8461538
535	-0,8461538
535	17,1538462
536	19,1538462
536	-4,8461538
536	-6,8461538
536	6,1538462
537	3,1538462
537	-2,8461538
537	8,1538462
537	0,1538462
538	-17,8461538
538	-29,8461538
538	22,1538462
538	-14,8461538
539	6,1538462
539	-0,8461538
539	-15,8461538
539	11,1538462
540	-5,8461538
540	-14,8461538
540	19,1538462
540	-26,8461538
541	11,1538462
541	-25,8461538
541	-4,8461538
541	-24,8461538
542	-5,8461538
542	-0,8461538
542	-3,8461538
543	-12,8461538
543	-14,8461538
543	-10,8461538
543	34,1538462
544	-17,8461538
544	-9,8461538
544	1,1538462
544	-8,8461538
545	-23,8461538
545	8,1538462
545	10,1538462
545	-28,8461538
546	3,1538462
546	-9,8461538
546	8,1538462
546	5,1538462
547	-9,8461538
547	2,1538462
547	-10,8461538
547	-38,8461538
548	5,1538462
548	-2,8461538
548	8,1538462
548	4,1538462
549	-11,8461538
549	26,1538462
549	-4,8461538
549	-4,8461538
550	-4,8461538
550	5,1538462
550	26,1538462
550	-16,8461538
551	-11,8461538
551	-4,8461538
551	1,1538462
552	-27,8461538
552	-16,8461538
552	-10,8461538
552	2,1538462
553	-4,8461538
553	-1,8461538
553	-4,8461538
553	5,1538462
554	-24,8461538
554	4,1538462
554	-15,8461538
554	-40,8461538
555	10,1538462
555	19,1538462
555	-5,8461538
555	-13,8461538
556	3,1538462
556	-1,8461538
556	-16,8461538
556	13,1538462
557	30,1538462
557	19,1538462
557	-15,8461538
557	-15,8461538
558	-25,8461538
558	-41,8461538
558	-11,8461538
558	0,1538462
559	31,1538462
559	13,1538462
559	-7,8461538
559	-20,8461538
560	-4,8461538
560	31,1538462
560	-0,8461538
561	-4,8461538
561	1,1538462
561	-17,8461538
561	-8,8461538
562	16,1538462
562	1,1538462
562	11,1538462
562	-4,8461538
563	-0,8461538
563	5,1538462
563	6,1538462
563	6,1538462
564	-7,8461538
564	-14,8461538
564	19,1538462
564	12,1538462
565	0,1538462
565	-4,8461538
565	-11,8461538
565	-3,8461538
566	1,1538462
566	-7,8461538
566	-28,8461538
566	6,1538462
567	-5,8461538
567	-24,8461538
567	-9,8461538
567	-24,8461538
568	-16,8461538
568	2,1538462
568	-5,8461538
568	3,1538462
569	-16,8461538
569	-0,8461538
569	-5,8461538
569	-14,8461538
570	-11,8461538
570	-0,8461538
570	-10,8461538
571	3,1538462
571	-6,8461538
571	-5,8461538
571	12,1538462
572	-4,8461538
572	1,1538462
572	3,1538462
572	-12,8461538
573	13,1538462
573	8,1538462
573	-21,8461538
573	-8,8461538
574	-4,8461538
574	-6,8461538
574	-26,8461538
574	-9,8461538
575	2,1538462
575	-37,8461538
575	15,1538462
575	-3,8461538
576	5,1538462
576	-1,8461538
576	42,1538462
576	-12,8461538
577	-32,8461538
577	14,1538462
577	1,1538462
577	2,1538462
578	-2,8461538
578	-2,8461538
578	-16,8461538
578	1,1538462
579	0,1538462
579	-16,8461538
579	-17,8461538
579	-18,8461538
580	-14,8461538
580	-5,8461538
580	-9,8461538
581	12,1538462
581	-4,8461538
581	4,1538462
581	-13,8461538
582	-38,8461538
582	-30,8461538
582	20,1538462
582	6,1538462
583	-14,8461538
583	-33,8461538
583	1,1538462
583	-9,8461538
584	17,1538462
584	9,1538462
584	-4,8461538
584	19,1538462
585	1,1538462
585	-16,8461538
585	22,1538462
585	-1,8461538
586	-14,8461538
586	0,1538462
586	14,1538462
586	26,1538462
587	10,1538462
587	-31,8461538
587	4,1538462
587	-10,8461538
588	11,1538462
588	-5,8461538
588	2,1538462
588	-19,8461538
589	1,1538462
589	-15,8461538
589	10,1538462
589	-11,8461538
590	-6,8461538
590	0,1538462
590	-19,8461538
590	2,1538462
591	7,1538462
591	21,1538462
591	-15,8461538
592	-6,8461538
592	-22,8461538
592	-5,8461538
592	-11,8461538
593	9,1538462
593	-10,8461538
593	-25,8461538
593	-1,8461538
594	19,1538462
594	-14,8461538
594	-7,8461538
594	-18,8461538
595	-7,8461538
595	-26,8461538
595	-1,8461538
595	2,1538462
596	-1,8461538
596	-1,8461538
596	-23,8461538
596	11,1538462
597	-8,8461538
597	-5,8461538
597	-6,8461538
597	-248,8461538
598	-41,8461538
598	-27,8461538
598	-28,8461538
598	-11,8461538
599	-19,8461538
599	-8,8461538
599	-12,8461538
599	1,1538462
600	-17,8461538
600	-9,8461538
600	4,1538462
600	-8,8461538
601	-25,8461538
601	9,1538462
601	0,1538462
601	-15,8461538
602	-3,8461538
602	-3,8461538
602	-5,8461538
603	0,1538462
603	-1,8461538
603	23,1538462
603	8,1538462
604	-3,8461538
604	5,1538462
604	-22,8461538
604	-12,8461538
605	15,1538462
605	-19,8461538
605	-6,8461538
605	12,1538462
606	-2,8461538
606	-21,8461538
606	4,1538462
606	15,1538462
607	-9,8461538
607	-0,8461538
607	5,1538462
607	3,1538462
608	-8,8461538
608	12,1538462
608	0,1538462
608	-1,8461538
609	-10,8461538
609	0,1538462
609	15,1538462
609	-13,8461538
610	-14,8461538
610	-13,8461538
610	-12,8461538
610	-6,8461538
611	-2,8461538
611	1,1538462
611	-28,8461538
611	-11,8461538
612	-0,8461538
612	-11,8461538
612	4,1538462
612	8,1538462
613	12,1538462
613	20,1538462
613	-8,8461538
613	-7,8461538
614	1,1538462
614	1,1538462
614	-14,8461538
614	-12,8461538
615	-15,8461538
615	-16,8461538
615	-4,8461538
616	-34,8461538
616	-17,8461538
616	-19,8461538
616	-13,8461538
617	-14,8461538
617	6,1538462
617	-14,8461538
617	-10,8461538
618	-12,8461538
618	6,1538462
618	-21,8461538
618	5,1538462
619	9,1538462
619	6,1538462
619	-20,8461538
619	-12,8461538
620	5,1538462
620	13,1538462
620	-27,8461538
620	4,1538462
621	-8,8461538
621	13,1538462
621	-11,8461538
621	-3,8461538
622	-12,8461538
622	-0,8461538
622	6,1538462
622	3,1538462
623	-29,8461538
623	-9,8461538
623	5,1538462
623	0,1538462
624	-6,8461538
624	8,1538462
624	11,1538462
624	-24,8461538
625	3,1538462
625	5,1538462
625	-18,8461538
625	-7,8461538
626	-5,8461538
626	-4,8461538
626	1,1538462
626	-0,8461538
627	-3,8461538
627	2,1538462
627	-1,8461538
627	8,1538462
628	10,1538462
628	-7,8461538
628	-4,8461538
629	-25,8461538
629	4,1538462
629	-8,8461538
629	-20,8461538
630	-14,8461538
630	-14,8461538
630	-5,8461538
630	14,1538462
631	-4,8461538
631	-2,8461538
631	-34,8461538
631	-6,8461538
632	-6,8461538
632	3,1538462
632	-21,8461538
632	3,1538462
633	6,1538462
633	3,1538462
633	-16,8461538
633	-20,8461538
634	3,1538462
634	-8,8461538
634	-3,8461538
634	-19,8461538
635	3,1538462
635	-1,8461538
635	-27,8461538
635	4,1538462
636	-6,8461538
636	4,1538462
636	-7,8461538
636	1,1538462
637	-23,8461538
637	5,1538462
637	8,1538462
637	13,1538462
638	2,1538462
638	-11,8461538
638	-20,8461538
638	1,1538462
639	-26,8461538
639	-1,8461538
639	-13,8461538
639	16,1538462
640	-20,8461538
640	13,1538462
640	-24,8461538
640	14,1538462
641	-16,8461538
641	4,1538462
641	-8,8461538
641	-30,8461538
642	5,1538462
642	4,1538462
642	1,1538462
642	2,1538462
643	-9,8461538
643	-18,8461538
643	0,1538462
644	2,1538462
644	-22,8461538
644	-12,8461538
644	-2,8461538
645	-3,8461538
645	-14,8461538
645	-5,8461538
645	-2,8461538
646	-10,8461538
646	11,1538462
646	-15,8461538
646	0,1538462
647	7,1538462
647	-3,8461538
647	-0,8461538
647	1,1538462
648	20,1538462
648	13,1538462
648	-14,8461538
648	-7,8461538
649	10,1538462
649	1,1538462
649	18,1538462
649	12,1538462
650	8,1538462
650	2,1538462
650	-1,8461538
650	-13,8461538
651	14,1538462
651	25,1538462
651	-1,8461538
651	4,1538462
652	-2,8461538
652	-12,8461538
652	-5,8461538
652	7,1538462
653	39,1538462
653	19,1538462
653	6,1538462
653	-27,8461538
654	-13,8461538
654	7,1538462
654	0,1538462
654	3,1538462
655	-4,8461538
655	22,1538462
655	9,1538462
655	29,1538462
656	-3,8461538
656	8,1538462
656	-30,8461538
656	-8,8461538
657	11,1538462
657	1,1538462
657	-11,8461538
657	-0,8461538
658	-15,8461538
658	-12,8461538
658	-4,8461538
658	-25,8461538
659	-3,8461538
659	2,1538462
659	13,1538462
660	-7,8461538
660	0,1538462
660	8,1538462
660	16,1538462
661	-12,8461538
661	-0,8461538
661	-0,8461538
661	-9,8461538
662	12,1538462
662	26,1538462
662	-1,8461538
662	-2,8461538
663	-6,8461538
663	-14,8461538
663	16,1538462
663	16,1538462
664	15,1538462
664	2,1538462
664	16,1538462
664	-5,8461538
665	15,1538462
665	-19,8461538
665	-4,8461538
665	-12,8461538
666	-9,8461538
666	7,1538462
666	5,1538462
666	3,1538462
667	25,1538462
667	0,1538462
667	8,1538462
667	-7,8461538
668	-17,8461538
668	0,1538462
668	-1,8461538
668	-2,8461538
669	-3,8461538
669	-11,8461538
669	0,1538462
669	-2,8461538
670	-12,8461538
670	13,1538462
670	5,1538462
670	-7,8461538
671	3,1538462
671	19,1538462
671	4,1538462
671	8,1538462
672	13,1538462
672	14,1538462
672	34,1538462
672	1,1538462
673	-3,8461538
673	-0,8461538
673	-2,8461538
673	-23,8461538
674	-17,8461538
674	-20,8461538
674	-8,8461538
674	0,1538462
675	-47,8461538
675	-4,8461538
675	-24,8461538
675	15,1538462
676	-20,8461538
676	4,1538462
676	-15,8461538
676	13,1538462
677	-7,8461538
677	-29,8461538
677	-25,8461538
677	-10,8461538
678	39,1538462
678	4,1538462
678	0,1538462
678	8,1538462
679	-14,8461538
679	-1,8461538
679	5,1538462
680	23,1538462
680	-18,8461538
680	15,1538462
680	9,1538462
681	-9,8461538
681	-17,8461538
681	8,1538462
681	-14,8461538
682	-4,8461538
682	-14,8461538
682	7,1538462
682	10,1538462
683	-20,8461538
683	2,1538462
683	4,1538462
683	13,1538462
684	-12,8461538
684	-2,8461538
684	6,1538462
684	7,1538462
685	8,1538462
685	-16,8461538
685	-6,8461538
685	-39,8461538
686	-2,8461538
686	-13,8461538
686	10,1538462
686	1,1538462
687	23,1538462
687	22,1538462
687	-2,8461538
687	15,1538462
688	-16,8461538
688	-6,8461538
688	-8,8461538
688	1,1538462
689	-0,8461538
689	2,1538462
689	31,1538462
689	0,1538462
690	-18,8461538
690	-6,8461538
690	-8,8461538
690	-12,8461538
691	19,1538462
691	-21,8461538
691	-9,8461538
691	-10,8461538
692	-2,8461538
692	14,1538462
692	8,1538462
692	-23,8461538
693	-13,8461538
693	-17,8461538
693	-17,8461538
693	-32,8461538
694	-19,8461538
694	8,1538462
694	15,1538462
694	9,1538462
695	-6,8461538
695	-6,8461538
695	-16,8461538
695	-14,8461538
696	-32,8461538
696	-25,8461538
696	-21,8461538
696	-7,8461538
697	4,1538462
697	-37,8461538
697	-23,8461538
697	8,1538462
698	-21,8461538
698	-12,8461538
698	2,1538462
698	3,1538462
699	-10,8461538
699	-15,8461538
699	-16,8461538
699	-8,8461538
700	20,1538462
700	-17,8461538
700	-22,8461538
700	-16,8461538
701	-7,8461538
701	-30,8461538
701	19,1538462
701	8,1538462
702	-30,8461538
702	-30,8461538
702	-7,8461538
702	-18,8461538
703	-16,8461538
703	-2,8461538
703	-18,8461538
703	-9,8461538
704	2,1538462
704	-9,8461538
704	-20,8461538
704	4,1538462
705	-3,8461538
705	7,1538462
705	-0,8461538
706	2,1538462
706	-10,8461538
706	-7,8461538
706	4,1538462
707	-9,8461538
707	-26,8461538
707	27,1538462
707	-13,8461538
708	-8,8461538
708	0,1538462
708	-1,8461538
708	-1,8461538
709	-19,8461538
709	-14,8461538
709	-32,8461538
709	-31,8461538
710	-0,8461538
710	-10,8461538
710	6,1538462
710	0,1538462
711	-14,8461538
711	-5,8461538
711	-0,8461538
711	-12,8461538
712	26,1538462
712	-4,8461538
712	-0,8461538
712	-14,8461538
713	-10,8461538
713	8,1538462
713	-13,8461538
713	2,1538462
714	17,1538462
714	9,1538462
714	-13,8461538
714	-4,8461538
715	0,1538462
715	-1,8461538
715	-3,8461538
715	-4,8461538
716	-9,8461538
716	7,1538462
716	-5,8461538
716	-0,8461538
717	-6,8461538
717	0,1538462
717	9,1538462
717	10,1538462
718	-0,8461538
718	-13,8461538
718	-17,8461538
718	-12,8461538
719	6,1538462
719	-11,8461538
719	-1,8461538
719	-18,8461538
720	-12,8461538
720	-28,8461538
720	-15,8461538
720	14,1538462
721	18,1538462
721	-5,8461538
721	-10,8461538
721	-34,8461538
722	26,1538462
722	-8,8461538
722	-8,8461538
722	-27,8461538
723	13,1538462
723	-3,8461538
723	-11,8461538
723	-4,8461538
724	-0,8461538
724	11,1538462
724	-5,8461538
724	-18,8461538
725	-8,8461538
725	3,1538462
725	-4,8461538
725	8,1538462
726	-10,8461538
726	1,1538462
726	13,1538462
726	4,1538462
727	2,1538462
727	-30,8461538
727	-0,8461538
727	-11,8461538
728	-28,8461538
728	-42,8461538
728	-16,8461538
728	-14,8461538
729	-15,8461538
729	25,1538462
729	26,1538462
729	7,1538462
730	7,1538462
730	-24,8461538
730	-18,8461538
730	16,1538462
731	22,1538462
731	-17,8461538
731	-5,8461538
731	7,1538462
732	-24,8461538
732	-27,8461538
732	4,1538462
732	6,1538462
733	-5,8461538
733	-22,8461538
733	2,1538462
733	7,1538462
734	-8,8461538
734	-23,8461538
734	-11,8461538
734	2,1538462
735	-39,8461538
735	-3,8461538
735	13,1538462
735	0,1538462
736	-25,8461538
736	-12,8461538
736	-21,8461538
736	16,1538462
737	-17,8461538
737	-19,8461538
737	-26,8461538
737	6,1538462
738	-18,8461538
738	0,1538462
738	-8,8461538
738	-2,8461538
739	-4,8461538
739	9,1538462
739	-5,8461538
739	-14,8461538
740	-20,8461538
740	-9,8461538
740	0,1538462
740	-2,8461538
741	-19,8461538
741	-15,8461538
741	-12,8461538
741	-0,8461538
742	12,1538462
742	14,1538462
742	-5,8461538
742	-21,8461538
743	-12,8461538
743	32,1538462
743	-16,8461538
743	20,1538462
744	6,1538462
744	-18,8461538
744	-10,8461538
744	-9,8461538
745	1,1538462
745	3,1538462
745	15,1538462
745	-27,8461538
746	-1,8461538
746	-11,8461538
746	-16,8461538
746	-2,8461538
747	10,1538462
747	0,1538462
747	5,1538462
747	-8,8461538
748	15,1538462
748	10,1538462
748	-7,8461538
748	-7,8461538
749	-7,8461538
749	-9,8461538
749	-7,8461538
749	-33,8461538
750	-2,8461538
750	5,1538462
750	22,1538462
750	-3,8461538
751	2,1538462
751	-11,8461538
751	-23,8461538
751	-6,8461538
752	5,1538462
752	-14,8461538
752	14,1538462
752	0,1538462
753	-23,8461538
753	-21,8461538
753	-22,8461538
753	-4,8461538
754	-18,8461538
754	-11,8461538
754	-41,8461538
754	11,1538462
755	-8,8461538
755	-35,8461538
755	7,1538462
755	8,1538462
756	-18,8461538
756	-2,8461538
756	-0,8461538
756	13,1538462
757	-4,8461538
757	3,1538462
757	-3,8461538
757	-19,8461538
758	-10,8461538
758	-15,8461538
758	-7,8461538
758	19,1538462
759	18,1538462
759	9,1538462
759	0,1538462
759	-5,8461538
760	0,1538462
760	4,1538462
760	-21,8461538
760	-20,8461538
761	3,1538462
761	-21,8461538
761	-26,8461538
761	-12,8461538
762	33,1538462
762	-8,8461538
762	-15,8461538
762	-7,8461538
763	-20,8461538
763	0,1538462
763	4,1538462
763	-5,8461538
764	3,1538462
764	-29,8461538
764	-1,8461538
764	8,1538462
765	17,1538462
765	-25,8461538
765	-0,8461538
765	6,1538462
766	-5,8461538
766	-18,8461538
766	-4,8461538
766	-13,8461538
767	-19,8461538
767	-0,8461538
767	-7,8461538
767	-0,8461538
768	-1,8461538
768	-3,8461538
768	-13,8461538
768	13,1538462
769	-15,8461538
769	12,1538462
769	-49,8461538
769	-29,8461538
770	11,1538462
770	-29,8461538
770	3,1538462
770	-9,8461538
771	6,1538462
771	-26,8461538
771	-7,8461538
771	-11,8461538
772	9,1538462
772	-16,8461538
772	12,1538462
772	-21,8461538
773	-16,8461538
773	-1,8461538
773	-18,8461538
773	2,1538462
774	-3,8461538
774	9,1538462
774	-9,8461538
774	-11,8461538
775	-20,8461538
775	-9,8461538
775	-16,8461538
775	-0,8461538
776	-15,8461538
776	2,1538462
776	-3,8461538
776	-16,8461538
777	12,1538462
777	-16,8461538
777	14,1538462
777	9,1538462
778	-2,8461538
778	-7,8461538
778	9,1538462
778	9,1538462
779	15,1538462
779	6,1538462
779	-11,8461538
779	-1,8461538
780	18,1538462
780	-13,8461538
780	-2,8461538
780	-20,8461538
781	-13,8461538
781	-16,8461538
781	-0,8461538
781	-14,8461538
782	3,1538462
782	-14,8461538
782	-12,8461538
782	10,1538462
783	-7,8461538
783	-10,8461538
783	25,1538462
783	26,1538462
784	-0,8461538
784	-1,8461538
784	9,1538462
784	-20,8461538
785	-18,8461538
785	12,1538462
785	-28,8461538
785	-13,8461538
786	1,1538462
786	-7,8461538
786	3,1538462
786	19,1538462
787	-7,8461538
787	-10,8461538
787	-16,8461538
787	-39,8461538
788	-29,8461538
788	-12,8461538
788	-12,8461538
788	-8,8461538
789	8,1538462
789	3,1538462
789	-7,8461538
789	0,1538462
790	9,1538462
790	-7,8461538
790	3,1538462
790	22,1538462
791	2,1538462
791	-24,8461538
791	-19,8461538
791	-4,8461538
792	-7,8461538
792	-24,8461538
792	21,1538462
792	-2,8461538
793	1,1538462
793	15,1538462
793	-17,8461538
793	-2,8461538
794	4,1538462
794	-17,8461538
794	20,1538462
794	-25,8461538
795	3,1538462
795	16,1538462
795	10,1538462
795	1,1538462
796	-4,8461538
796	-1,8461538
796	-1,8461538
796	-3,8461538
797	-15,8461538
797	-22,8461538
797	1,1538462
797	10,1538462
798	-4,8461538
798	-11,8461538
798	16,1538462
798	25,1538462
799	-9,8461538
799	-17,8461538
799	-17,8461538
799	-37,8461538
800	-37,8461538
800	-1,8461538
800	13,1538462
800	-15,8461538
801	34,1538462
801	1,1538462
801	-11,8461538
801	-22,8461538
802	11,1538462
802	3,1538462
802	-5,8461538
802	-3,8461538
803	-21,8461538
803	-17,8461538
803	-5,8461538
803	-7,8461538
804	-6,8461538
804	-19,8461538
804	-38,8461538
804	10,1538462
805	-30,8461538
805	-32,8461538
805	-3,8461538
805	-30,8461538
806	-21,8461538
806	-13,8461538
806	19,1538462
806	12,1538462
807	-19,8461538
807	-18,8461538
807	-10,8461538
807	-6,8461538
808	-8,8461538
808	-15,8461538
808	-2,8461538
808	9,1538462
809	-6,8461538
809	-10,8461538
809	-2,8461538
809	-20,8461538
810	-12,8461538
810	-8,8461538
810	-34,8461538
810	-16,8461538
811	15,1538462
811	-2,8461538
811	-41,8461538
811	-7,8461538
812	-9,8461538
812	8,1538462
812	-13,8461538
812	-15,8461538
813	-28,8461538
813	-1,8461538
813	15,1538462
813	-10,8461538
814	-9,8461538
814	-20,8461538
814	-14,8461538
814	3,1538462
815	12,1538462
815	-0,8461538
815	29,1538462
815	1,1538462
816	13,1538462
816	12,1538462
816	-31,8461538
816	4,1538462
817	-19,8461538
817	6,1538462
817	-3,8461538
817	-6,8461538
818	-21,8461538
818	-1,8461538
818	-14,8461538
818	-18,8461538
819	-16,8461538
819	18,1538462
819	7,1538462
819	-7,8461538
820	-5,8461538
820	0,1538462
820	-6,8461538
820	3,1538462
820	-32,8461538
821	-44,8461538
821	-6,8461538
821	-12,8461538
821	-14,8461538
822	0,1538462
822	-2,8461538
822	-47,8461538
822	-27,8461538
823	-35,8461538
823	-15,8461538
823	-11,8461538
823	-10,8461538
824	-14,8461538
824	8,1538462
824	-23,8461538
824	5,1538462
825	6,1538462
825	4,1538462
825	-2,8461538
825	32,1538462
826	9,1538462
826	7,1538462
826	-1,8461538
826	8,1538462
827	17,1538462
827	-15,8461538
827	-20,8461538
827	-24,8461538
828	3,1538462
828	-3,8461538
828	-12,8461538
828	-14,8461538
829	4,1538462
829	-6,8461538
829	-2,8461538
829	-7,8461538
830	-2,8461538
830	31,1538462
830	-8,8461538
830	-14,8461538
831	23,1538462
831	16,1538462
831	-18,8461538
831	0,1538462
832	-1,8461538
832	-7,8461538
832	-6,8461538
832	-8,8461538
833	5,1538462
833	0,1538462
833	-29,8461538
833	-5,8461538
834	37,1538462
834	13,1538462
834	20,1538462
834	-5,8461538
835	-16,8461538
835	18,1538462
835	-6,8461538
835	1,1538462
836	-8,8461538
836	-8,8461538
836	2,1538462
836	47,1538462
837	20,1538462
837	-23,8461538
837	-21,8461538
837	-20,8461538
838	-8,8461538
838	-4,8461538
838	15,1538462
838	15,1538462
839	12,1538462
839	0,1538462
839	7,1538462
839	26,1538462
840	15,1538462
840	-15,8461538
840	-10,8461538
840	-12,8461538
841	-27,8461538
841	-10,8461538
841	7,1538462
841	-7,8461538
842	-14,8461538
842	9,1538462
842	6,1538462
842	31,1538462
843	-1,8461538
843	2,1538462
843	-9,8461538
843	-3,8461538
844	-0,8461538
844	11,1538462
844	15,1538462
844	-14,8461538
845	15,1538462
845	10,1538462
845	-1,8461538
845	-13,8461538
845	6,1538462
846	-39,8461538
846	-15,8461538
846	-16,8461538
846	-1,8461538
847	-4,8461538
847	-6,8461538
847	-10,8461538
847	12,1538462
848	-12,8461538
848	-16,8461538
848	10,1538462
848	-16,8461538
849	0,1538462
849	6,1538462
849	15,1538462
849	-4,8461538
850	18,1538462
850	-2,8461538
850	6,1538462
850	15,1538462
851	3,1538462
851	-3,8461538
851	19,1538462
851	2,1538462
852	-44,8461538
852	-40,8461538
852	-5,8461538
852	-32,8461538
853	-2,8461538
853	-13,8461538
853	-25,8461538
853	-6,8461538
854	-12,8461538
854	-15,8461538
854	-24,8461538
854	-14,8461538
855	-17,8461538
855	11,1538462
855	2,1538462
855	-10,8461538
856	-3,8461538
856	10,1538462
856	6,1538462
856	-17,8461538
857	-20,8461538
857	-9,8461538
857	-6,8461538
857	-4,8461538
858	24,1538462
858	4,1538462
858	17,1538462
858	1,1538462
859	22,1538462
859	-23,8461538
859	9,1538462
859	1,1538462
860	-1,8461538
860	-10,8461538
860	14,1538462
860	-4,8461538
861	6,1538462
861	-18,8461538
861	2,1538462
861	-14,8461538
862	-17,8461538
862	-3,8461538
862	-4,8461538
862	-10,8461538
863	8,1538462
863	2,1538462
863	-22,8461538
863	-6,8461538
864	5,1538462
864	-25,8461538
864	-32,8461538
864	2,1538462
864	-18,8461538
865	3,1538462
865	-7,8461538
865	8,1538462
865	0,1538462
866	-8,8461538
866	-2,8461538
866	2,1538462
866	1,1538462
867	-8,8461538
867	-12,8461538
867	-17,8461538
867	11,1538462
868	-5,8461538
868	-28,8461538
868	-6,8461538
868	12,1538462
869	2,1538462
869	-0,8461538
869	-2,8461538
869	-5,8461538
870	2,1538462
870	7,1538462
870	-6,8461538
870	17,1538462
871	21,1538462
871	-25,8461538
871	-21,8461538
871	-41,8461538
872	4,1538462
872	-18,8461538
872	-13,8461538
872	8,1538462
873	-11,8461538
873	-22,8461538
873	-37,8461538
873	1,1538462
874	-9,8461538
874	-19,8461538
874	-22,8461538
874	5,1538462
875	6,1538462
875	-32,8461538
875	-29,8461538
875	5,1538462
876	6,1538462
876	-3,8461538
876	-23,8461538
876	-20,8461538
877	-6,8461538
877	-2,8461538
877	-19,8461538
877	15,1538462
878	-6,8461538
878	-11,8461538
878	1,1538462
878	24,1538462
879	32,1538462
879	-22,8461538
879	-4,8461538
879	-1,8461538
880	-5,8461538
880	-4,8461538
880	21,1538462
880	16,1538462
880	20,1538462
881	9,1538462
881	10,1538462
881	-0,8461538
881	-9,8461538
882	-20,8461538
882	-30,8461538
882	8,1538462
882	-0,8461538
883	0,1538462
883	-46,8461538
883	-26,8461538
883	-22,8461538
884	2,1538462
884	-23,8461538
884	-14,8461538
884	7,1538462
885	-5,8461538
885	-4,8461538
885	-31,8461538
885	-11,8461538
886	2,1538462
886	-23,8461538
886	-14,8461538
886	-5,8461538
887	-0,8461538
887	-14,8461538
887	-30,8461538
887	-26,8461538
888	0,1538462
888	-5,8461538
888	-1,8461538
888	-18,8461538
889	-11,8461538
889	11,1538462
889	-20,8461538
889	-8,8461538
890	-0,8461538
890	-31,8461538
890	13,1538462
890	-21,8461538
891	-7,8461538
891	4,1538462
891	6,1538462
891	2,1538462
892	-14,8461538
892	8,1538462
892	-25,8461538
892	24,1538462
893	12,1538462
893	-10,8461538
893	-6,8461538
893	-7,8461538
894	-5,8461538
894	5,1538462
894	8,1538462
894	1,1538462
894	-5,8461538
895	-4,8461538
895	-1,8461538
895	0,1538462
895	-9,8461538
896	11,1538462
896	20,1538462
896	-20,8461538
896	4,1538462
897	12,1538462
897	5,1538462
897	28,1538462
897	17,1538462
898	4,1538462
898	-8,8461538
898	-14,8461538
898	-22,8461538
899	-22,8461538
899	-36,8461538
899	-18,8461538
899	-36,8461538
900	-2,8461538
900	-7,8461538
900	-6,8461538
900	6,1538462
901	34,1538462
901	-6,8461538
901	-4,8461538
901	-6,8461538
902	0,1538462
902	7,1538462
902	-9,8461538
902	-15,8461538
903	-18,8461538
903	4,1538462
903	-39,8461538
903	-3,8461538
904	-18,8461538
904	-0,8461538
904	-5,8461538
904	11,1538462
905	-4,8461538
905	9,1538462
905	-0,8461538
905	-3,8461538
906	16,1538462
906	5,1538462
906	-2,8461538
906	-4,8461538
906	-13,8461538
907	10,1538462
907	26,1538462
907	-7,8461538
907	17,1538462
908	8,1538462
908	23,1538462
908	8,1538462
908	-15,8461538
909	-0,8461538
909	-13,8461538
909	-15,8461538
909	2,1538462
910	-7,8461538
910	-8,8461538
910	12,1538462
910	-14,8461538
911	-3,8461538
911	2,1538462
911	-1,8461538
911	2,1538462
912	-26,8461538
912	-7,8461538
912	-18,8461538
912	1,1538462
913	-3,8461538
913	-18,8461538
913	1,1538462
913	-8,8461538
914	16,1538462
914	-8,8461538
914	6,1538462
914	-1,8461538
915	-4,8461538
915	-11,8461538
915	6,1538462
915	3,1538462
916	7,1538462
916	-11,8461538
916	6,1538462
916	3,1538462
917	-2,8461538
917	-12,8461538
917	-2,8461538
917	-30,8461538
917	-25,8461538
918	3,1538462
918	4,1538462
918	-23,8461538
918	3,1538462
919	-9,8461538
919	-11,8461538
919	22,1538462
919	-7,8461538
920	-17,8461538
920	-4,8461538
920	17,1538462
920	11,1538462
921	4,1538462
921	3,1538462
921	-9,8461538
921	-0,8461538
922	-16,8461538
922	-9,8461538
922	4,1538462
922	-25,8461538
923	7,1538462
923	8,1538462
923	-31,8461538
923	-4,8461538
924	-2,8461538
924	-24,8461538
924	-19,8461538
924	-18,8461538
925	-3,8461538
925	-4,8461538
925	21,1538462
925	15,1538462
926	2,1538462
926	15,1538462
926	8,1538462
926	-8,8461538
927	-20,8461538
927	9,1538462
927	-2,8461538
927	6,1538462
928	-32,8461538
928	-43,8461538
928	-13,8461538
928	-6,8461538
928	15,1538462
929	23,1538462
929	11,1538462
929	-15,8461538
929	-24,8461538
930	-9,8461538
930	3,1538462
930	-20,8461538
930	-8,8461538
931	-1,8461538
931	6,1538462
931	-4,8461538
931	5,1538462
932	6,1538462
932	10,1538462
932	-10,8461538
932	-14,8461538
933	0,1538462
933	-25,8461538
933	-8,8461538
933	-22,8461538
934	2,1538462
934	13,1538462
934	-4,8461538
934	6,1538462
935	12,1538462
935	0,1538462
935	-12,8461538
935	-0,8461538
936	1,1538462
936	14,1538462
936	-9,8461538
936	-14,8461538
937	3,1538462
937	4,1538462
937	-6,8461538
937	-18,8461538
938	-11,8461538
938	-5,8461538
938	1,1538462
938	12,1538462
938	27,1538462
939	10,1538462
939	4,1538462
939	1,1538462
939	-3,8461538
940	2,1538462
940	-2,8461538
940	-26,8461538
940	-9,8461538
941	3,1538462
941	-3,8461538
941	-24,8461538
941	4,1538462
942	10,1538462
942	0,1538462
942	-13,8461538
942	-16,8461538
943	-12,8461538
943	-0,8461538
943	-1,8461538
943	-24,8461538
944	-18,8461538
944	7,1538462
944	5,1538462
944	-11,8461538
945	8,1538462
945	20,1538462
945	2,1538462
945	2,1538462
946	-12,8461538
946	8,1538462
946	21,1538462
946	-18,8461538
947	8,1538462
947	-3,8461538
947	-6,8461538
947	-0,8461538
947	3,1538462
948	18,1538462
948	-6,8461538
948	-18,8461538
948	-15,8461538
949	0,1538462
949	-16,8461538
949	7,1538462
949	0,1538462
950	18,1538462
950	-17,8461538
950	-18,8461538
950	-26,8461538
951	-9,8461538
951	-10,8461538
951	-0,8461538
951	-13,8461538
952	-17,8461538
952	4,1538462
952	12,1538462
952	31,1538462
953	-6,8461538
953	2,1538462
953	-8,8461538
953	-31,8461538
954	-21,8461538
954	-1,8461538
954	-8,8461538
954	-5,8461538
955	-13,8461538
955	9,1538462
955	-7,8461538
955	-28,8461538
956	-2,8461538
956	0,1538462
956	5,1538462
956	-10,8461538
956	-28,8461538
957	-2,8461538
957	-5,8461538
957	-3,8461538
957	-23,8461538
958	-15,8461538
958	-20,8461538
958	-3,8461538
958	16,1538462
959	-0,8461538
959	8,1538462
959	-21,8461538
959	-18,8461538
960	26,1538462
960	13,1538462
960	-15,8461538
960	3,1538462
961	-7,8461538
961	-14,8461538
961	4,1538462
961	-14,8461538
962	-14,8461538
962	7,1538462
962	-9,8461538
962	4,1538462
963	-8,8461538
963	3,1538462
963	-19,8461538
963	-17,8461538
964	-16,8461538
964	-6,8461538
964	-2,8461538
964	-18,8461538
964	-6,8461538
965	-11,8461538
965	-29,8461538
965	11,1538462
965	0,1538462
966	34,1538462
966	-6,8461538
966	-2,8461538
966	5,1538462
967	-23,8461538
967	-18,8461538
967	-19,8461538
967	-24,8461538
968	-0,8461538
968	-13,8461538
968	0,1538462
968	13,1538462
969	2,1538462
969	-36,8461538
969	-11,8461538
969	-16,8461538
970	10,1538462
970	-1,8461538
970	6,1538462
970	-3,8461538
971	4,1538462
971	-20,8461538
971	4,1538462
971	25,1538462
972	19,1538462
972	-11,8461538
972	0,1538462
972	-16,8461538
972	-12,8461538
973	-47,8461538
973	-0,8461538
973	4,1538462
973	-15,8461538
974	-16,8461538
974	6,1538462
974	4,1538462
974	-13,8461538
975	5,1538462
975	-11,8461538
975	7,1538462
975	-3,8461538
976	-24,8461538
976	-21,8461538
976	-24,8461538
976	-14,8461538
977	-11,8461538
977	-27,8461538
977	-22,8461538
977	-10,8461538
978	19,1538462
978	11,1538462
978	-7,8461538
978	6,1538462
979	0,1538462
979	12,1538462
979	19,1538462
979	-0,8461538
980	-16,8461538
980	8,1538462
980	-1,8461538
980	1,1538462
980	-9,8461538
981	-30,8461538
981	-6,8461538
981	-13,8461538
981	-33,8461538
982	-24,8461538
982	-16,8461538
982	7,1538462
982	-7,8461538
983	-17,8461538
983	15,1538462
983	-15,8461538
983	-10,8461538
984	4,1538462
984	6,1538462
984	-13,8461538
984	-9,8461538
985	5,1538462
985	11,1538462
985	5,1538462
985	10,1538462
986	2,1538462
986	-21,8461538
986	-4,8461538
986	-4,8461538
987	-15,8461538
987	-1,8461538
987	-5,8461538
987	-7,8461538
988	-3,8461538
988	1,1538462
988	-4,8461538
988	6,1538462
988	-0,8461538
989	4,1538462
989	-18,8461538
989	-9,8461538
989	-2,8461538
990	5,1538462
990	-6,8461538
990	-6,8461538
990	-12,8461538
991	-0,8461538
991	7,1538462
991	-18,8461538
991	-5,8461538
992	-1,8461538
992	-3,8461538
992	2,1538462
992	-16,8461538
993	-23,8461538
993	6,1538462
993	-24,8461538
993	-24,8461538
994	-22,8461538
994	2,1538462
994	-2,8461538
994	8,1538462
995	-10,8461538
995	-15,8461538
995	2,1538462
995	13,1538462
995	1,1538462
996	-27,8461538
996	21,1538462
996	6,1538462
996	2,1538462
997	6,1538462
997	-25,8461538
997	10,1538462
997	34,1538462
998	4,1538462
998	0,1538462
998	-5,8461538
998	7,1538462
999	2,1538462
999	-24,8461538
999	-3,8461538
999	-13,8461538
1000	-27,8461538
1000	2,1538462
1000	-15,8461538
1000	-6,8461538
1001	8,1538462
1001	-20,8461538
1001	-2,8461538
1001	1,1538462
1002	-23,8461538
1002	14,1538462
1002	10,1538462
1002	15,1538462
1002	2,1538462
1003	-26,8461538
1003	17,1538462
1003	14,1538462
1003	8,1538462
1004	-11,8461538
1004	-1,8461538
1004	-4,8461538
1004	10,1538462
1005	-20,8461538
1005	-38,8461538
1005	-15,8461538
1005	-14,8461538
1006	-24,8461538
1006	-15,8461538
1006	16,1538462
1006	-4,8461538
1007	4,1538462
1007	2,1538462
1007	-15,8461538
1007	-22,8461538
1008	-16,8461538
1008	-4,8461538
1008	2,1538462
1008	-7,8461538
1008	-6,8461538
1009	4,1538462
1009	-9,8461538
1009	-2,8461538
1009	17,1538462
1010	-10,8461538
1010	-4,8461538
1010	-14,8461538
1010	1,1538462
1011	5,1538462
1011	-11,8461538
1011	-6,8461538
1011	12,1538462
1012	16,1538462
1012	-24,8461538
1012	4,1538462
1012	-13,8461538
1013	-29,8461538
1013	-5,8461538
1013	25,1538462
1013	0,1538462
1014	16,1538462
1014	5,1538462
1014	7,1538462
1014	-12,8461538
1015	-5,8461538
1015	-0,8461538
1015	-5,8461538
1015	-21,8461538
1015	27,1538462
1016	12,1538462
1016	1,1538462
1016	-20,8461538
1016	-14,8461538
1017	5,1538462
1017	-0,8461538
1017	-4,8461538
1017	-2,8461538
1018	-6,8461538
1018	-0,8461538
1018	-0,8461538
1018	-1,8461538
1019	-14,8461538
1019	3,1538462
1019	-19,8461538
1019	2,1538462
1020	-33,8461538
1020	-25,8461538
1020	-7,8461538
1020	8,1538462
1021	6,1538462
1021	-16,8461538
1021	0,1538462
1021	-18,8461538
1021	-22,8461538
1022	-4,8461538
1022	-2,8461538
1022	-10,8461538
1022	17,1538462
1023	-14,8461538
1023	-15,8461538
1023	-8,8461538
1023	3,1538462
1024	2,1538462
1024	-20,8461538
1024	-6,8461538
1024	-4,8461538
1025	-8,8461538
1025	-9,8461538
1025	-16,8461538
1025	-9,8461538
1026	-19,8461538
1026	14,1538462
1026	-1,8461538
1026	-8,8461538
1027	14,1538462
1027	-12,8461538
1027	-2,8461538
1027	8,1538462
1027	-14,8461538
1028	-22,8461538
1028	-25,8461538
1028	-23,8461538
1028	9,1538462
1029	-32,8461538
1029	-4,8461538
1029	6,1538462
1029	-3,8461538
1030	17,1538462
1030	-12,8461538
1030	6,1538462
1030	-4,8461538
1031	15,1538462
1031	4,1538462
1031	13,1538462
1031	-19,8461538
1032	-24,8461538
1032	-0,8461538
1032	2,1538462
1032	10,1538462
1033	2,1538462
1033	7,1538462
1033	1,1538462
1033	-8,8461538
1034	-3,8461538
1034	-14,8461538
1034	-46,8461538
1034	-9,8461538
1034	-21,8461538
1035	-1,8461538
1035	-7,8461538
1035	1,1538462
1035	-4,8461538
1036	15,1538462
1036	-9,8461538
1036	9,1538462
1036	-12,8461538
1037	14,1538462
1037	-5,8461538
1037	0,1538462
1037	30,1538462
1038	7,1538462
1038	-1,8461538
1038	4,1538462
1038	8,1538462
1039	-8,8461538
1039	-9,8461538
1039	-1,8461538
1039	-1,8461538
1039	-18,8461538
1040	-23,8461538
1040	10,1538462
1040	12,1538462
1040	-7,8461538
1041	0,1538462
1041	-8,8461538
1041	-11,8461538
1041	19,1538462
1042	11,1538462
1042	4,1538462
1042	5,1538462
1042	4,1538462
1043	-5,8461538
1043	11,1538462
1043	-12,8461538
1043	18,1538462
1044	12,1538462
1044	-49,8461538
1044	-16,8461538
1044	-16,8461538
1045	-10,8461538
1045	-27,8461538
1045	-9,8461538
1045	-25,8461538
1045	-16,8461538
1046	-16,8461538
1046	-7,8461538
1046	-12,8461538
1046	-0,8461538
1047	-13,8461538
1047	9,1538462
1047	-21,8461538
1047	-12,8461538
1048	2,1538462
1048	-3,8461538
1048	-5,8461538
1048	11,1538462
1049	-13,8461538
1049	-13,8461538
1049	-12,8461538
1049	1,1538462
1050	-3,8461538
1050	-0,8461538
1050	-4,8461538
1050	-10,8461538
1051	-6,8461538
1051	-5,8461538
1051	-18,8461538
1051	-18,8461538
1051	-23,8461538
1052	-12,8461538
1052	6,1538462
1052	-7,8461538
1052	-37,8461538
1053	-7,8461538
1053	-6,8461538
1053	-26,8461538
1053	0,1538462
1054	-1,8461538
1054	-6,8461538
1054	-8,8461538
1054	10,1538462
1055	-7,8461538
1055	-16,8461538
1055	-13,8461538
1055	-0,8461538
1056	-2,8461538
1056	-14,8461538
1056	-12,8461538
1056	-5,8461538
1056	-25,8461538
1057	-2,8461538
1057	-6,8461538
1057	-11,8461538
1057	19,1538462
1058	-8,8461538
1058	1,1538462
1058	-9,8461538
1058	-2,8461538
1059	-5,8461538
1059	-19,8461538
1059	-11,8461538
1059	-11,8461538
1060	-0,8461538
1060	-20,8461538
1060	3,1538462
1060	12,1538462
1061	31,1538462
1061	-0,8461538
1061	-8,8461538
1061	1,1538462
1062	6,1538462
1062	-1,8461538
1062	-14,8461538
1062	3,1538462
1062	-2,8461538
1063	-17,8461538
1063	-16,8461538
1063	7,1538462
1063	10,1538462
1064	-4,8461538
1064	5,1538462
1064	11,1538462
1064	-5,8461538
1065	12,1538462
1065	2,1538462
1065	-17,8461538
1065	-13,8461538
1066	5,1538462
1066	-2,8461538
1066	-16,8461538
1066	8,1538462
1067	-11,8461538
1067	14,1538462
1067	22,1538462
1067	0,1538462
1067	-10,8461538
1068	11,1538462
1068	1,1538462
1068	-14,8461538
1068	-1,8461538
1069	22,1538462
1069	-12,8461538
1069	1,1538462
1069	10,1538462
1070	-8,8461538
1070	-20,8461538
1070	-10,8461538
1070	7,1538462
1071	0,1538462
1071	-0,8461538
1071	2,1538462
1071	-11,8461538
1072	-9,8461538
1072	-3,8461538
1072	-13,8461538
1072	1,1538462
1072	-13,8461538
1073	-19,8461538
1073	-6,8461538
1073	-20,8461538
1073	-8,8461538
1074	7,1538462
1074	-2,8461538
1074	-7,8461538
1074	0,1538462
1075	-5,8461538
1075	7,1538462
1075	14,1538462
1075	-3,8461538
1076	-7,8461538
1076	-5,8461538
1076	-5,8461538
1076	-11,8461538
1077	-0,8461538
1077	-31,8461538
1077	-4,8461538
1077	-9,8461538
1077	22,1538462
1078	-13,8461538
1078	-16,8461538
1078	-15,8461538
1078	-4,8461538
1079	12,1538462
1079	20,1538462
1079	-4,8461538
1079	30,1538462
1080	25,1538462
1080	-39,8461538
1080	-7,8461538
1080	-5,8461538
1081	-18,8461538
1081	-11,8461538
1081	5,1538462
1081	-0,8461538
1082	-5,8461538
1082	-22,8461538
1082	7,1538462
1082	-2,8461538
1082	-2,8461538
1083	8,1538462
1083	22,1538462
1083	15,1538462
1083	4,1538462
1084	11,1538462
1084	-26,8461538
1084	-6,8461538
1084	-6,8461538
1085	-1,8461538
1085	-3,8461538
1085	14,1538462
1085	-3,8461538
1086	-12,8461538
1086	0,1538462
1086	6,1538462
1086	6,1538462
1087	-12,8461538
1087	-12,8461538
1087	0,1538462
1087	-21,8461538
1087	20,1538462
1088	-22,8461538
1088	-3,8461538
1088	-8,8461538
1088	-11,8461538
1089	5,1538462
1089	1,1538462
1089	-31,8461538
1089	10,1538462
1090	4,1538462
1090	6,1538462
1090	-14,8461538
1090	-9,8461538
1091	-20,8461538
1091	8,1538462
1091	-16,8461538
1091	-7,8461538
1092	8,1538462
1092	-2,8461538
1092	-13,8461538
1092	-5,8461538
1092	-6,8461538
1093	11,1538462
1093	11,1538462
1093	2,1538462
1093	-4,8461538
1094	19,1538462
1094	-23,8461538
1094	0,1538462
1094	6,1538462
1095	-10,8461538
1095	30,1538462
1095	-2,8461538
1095	-6,8461538
1096	7,1538462
1096	-45,8461538
1096	-50,8461538
1096	-1,8461538
1097	6,1538462
1097	-10,8461538
1097	-0,8461538
1097	12,1538462
1097	18,1538462
1098	2,1538462
1098	24,1538462
1098	-3,8461538
1098	-2,8461538
1099	2,1538462
1099	3,1538462
1099	-21,8461538
1099	-8,8461538
1100	-7,8461538
1100	-24,8461538
1100	-9,8461538
1100	-1,8461538
1101	-0,8461538
1101	-37,8461538
1101	29,1538462
1101	0,1538462
1101	20,1538462
1102	-3,8461538
1102	10,1538462
1102	-8,8461538
1102	-11,8461538
1103	-16,8461538
1103	-14,8461538
1103	-10,8461538
1103	6,1538462
1104	-6,8461538
1104	0,1538462
1104	-10,8461538
1104	6,1538462
1105	6,1538462
1105	11,1538462
1105	9,1538462
1105	33,1538462
1106	29,1538462
1106	-8,8461538
1106	-21,8461538
1106	-17,8461538
1106	-11,8461538
1107	-13,8461538
1107	32,1538462
1107	36,1538462
1107	-26,8461538
1108	-26,8461538
1108	3,1538462
1108	30,1538462
1108	-7,8461538
1109	5,1538462
1109	-13,8461538
1109	-20,8461538
1109	-5,8461538
1110	2,1538462
1110	-6,8461538
1110	-27,8461538
1110	-6,8461538
1110	-13,8461538
1111	8,1538462
1111	6,1538462
1111	-4,8461538
1111	16,1538462
1112	-4,8461538
1112	-10,8461538
1112	-5,8461538
1112	-12,8461538
1113	-4,8461538
1113	-31,8461538
1113	-12,8461538
1113	1,1538462
1114	24,1538462
1114	-3,8461538
1114	5,1538462
1114	-4,8461538
1115	-16,8461538
1115	-6,8461538
1115	-13,8461538
1115	-9,8461538
1115	3,1538462
1116	-2,8461538
1116	-4,8461538
1116	-23,8461538
1116	-5,8461538
1117	-6,8461538
1117	-23,8461538
1117	-13,8461538
1117	-24,8461538
1118	-3,8461538
