196	-18,6153846
196	-18,6153846
196	-18,6153846
197	4,3846154
197	-3,6153846
197	20,3846154
197	-3,6153846
198	6,3846154
198	12,3846154
198	-18,6153846
199	10,3846154
199	23,3846154
199	4,3846154
199	4,3846154
200	23,3846154
200	5,3846154
200	22,3846154
200	-10,6153846
201	12,3846154
201	22,3846154
201	6,3846154
201	2,3846154
202	24,3846154
202	5,3846154
202	-12,6153846
203	5,3846154
203	-5,6153846
203	-6,6153846
203	12,3846154
204	26,3846154
204	22,3846154
204	-6,6153846
204	2,3846154
205	1,3846154
205	-18,6153846
205	-15,6153846
205	17,3846154
206	-10,6153846
206	4,3846154
206	22,3846154
207	8,3846154
207	-3,6153846
207	-0,6153846
207	-5,6153846
208	-4,6153846
208	22,3846154
208	4,3846154
208	4,3846154
209	15,3846154
209	18,3846154
209	12,3846154
209	2,3846154
210	15,3846154
210	-8,6153846
210	5,3846154
211	-11,6153846
211	16,3846154
211	-2,6153846
211	-5,6153846
212	10,3846154
212	-9,6153846
212	10,3846154
212	5,3846154
213	0,3846154
213	-21,6153846
213	-2,6153846
213	-2,6153846
214	17,3846154
214	-2,6153846
214	-7,6153846
215	-3,6153846
215	-5,6153846
215	4,3846154
215	11,3846154
216	10,3846154
216	2,3846154
216	33,3846154
216	8,3846154
217	-4,6153846
217	20,3846154
217	8,3846154
217	15,3846154
218	8,3846154
218	-13,6153846
218	2,3846154
219	0,3846154
219	-14,6153846
219	26,3846154
219	0,3846154
220	6,3846154
220	-1,6153846
220	6,3846154
220	-18,6153846
221	-4,6153846
221	-6,6153846
221	14,3846154
221	-2,6153846
222	21,3846154
222	13,3846154
222	5,3846154
223	10,3846154
223	7,3846154
223	3,3846154
223	-19,6153846
224	11,3846154
224	-3,6153846
224	-12,6153846
224	-11,6153846
225	8,3846154
225	7,3846154
225	4,3846154
225	8,3846154
226	28,3846154
226	-9,6153846
226	27,3846154
227	6,3846154
227	16,3846154
227	0,3846154
227	3,3846154
228	11,3846154
228	-3,6153846
228	10,3846154
228	11,3846154
229	16,3846154
229	-13,6153846
229	1,3846154
229	0,3846154
230	19,3846154
230	1,3846154
230	-2,6153846
231	-6,6153846
231	9,3846154
231	-24,6153846
231	15,3846154
232	7,3846154
232	21,3846154
232	2,3846154
232	-0,6153846
233	-4,6153846
233	6,3846154
233	9,3846154
233	-1,6153846
234	4,3846154
234	10,3846154
234	-10,6153846
235	26,3846154
235	18,3846154
235	8,3846154
235	10,3846154
236	5,3846154
236	30,3846154
236	-16,6153846
236	-18,6153846
237	13,3846154
237	-4,6153846
237	-0,6153846
237	3,3846154
238	19,3846154
238	3,3846154
238	10,3846154
239	0,3846154
239	-18,6153846
239	-2,6153846
239	-4,6153846
240	-2,6153846
240	0,3846154
240	-22,6153846
240	3,3846154
241	29,3846154
241	18,3846154
241	1,3846154
241	19,3846154
242	-9,6153846
242	-9,6153846
242	-2,6153846
243	16,3846154
243	15,3846154
243	-13,6153846
243	-0,6153846
244	-12,6153846
244	-27,6153846
244	1,3846154
244	-12,6153846
245	5,3846154
245	9,3846154
245	-12,6153846
245	-10,6153846
246	-20,6153846
246	1,3846154
246	-20,6153846
247	-7,6153846
247	-0,6153846
247	1,3846154
247	17,3846154
248	3,3846154
248	12,3846154
248	12,3846154
248	-1,6153846
249	20,3846154
249	-13,6153846
249	-20,6153846
249	-0,6153846
250	26,3846154
250	31,3846154
250	1,3846154
251	-5,6153846
251	-1,6153846
251	10,3846154
251	-24,6153846
252	-27,6153846
252	-5,6153846
252	18,3846154
252	-0,6153846
253	-13,6153846
253	15,3846154
253	-8,6153846
253	20,3846154
254	3,3846154
254	-9,6153846
254	3,3846154
254	1,3846154
255	-20,6153846
255	-18,6153846
255	-20,6153846
256	-18,6153846
256	-12,6153846
256	3,3846154
256	25,3846154
257	6,3846154
257	-10,6153846
257	5,3846154
257	2,3846154
258	21,3846154
258	-3,6153846
258	-6,6153846
258	-6,6153846
259	5,3846154
259	15,3846154
259	-15,6153846
260	-11,6153846
260	-15,6153846
260	-14,6153846
260	3,3846154
261	22,3846154
261	3,3846154
261	14,3846154
261	4,3846154
262	19,3846154
262	14,3846154
262	17,3846154
262	-36,6153846
263	18,3846154
263	-0,6153846
263	4,3846154
264	13,3846154
264	11,3846154
264	4,3846154
264	5,3846154
265	-9,6153846
265	11,3846154
265	-6,6153846
265	-10,6153846
266	-11,6153846
266	10,3846154
266	11,3846154
266	-28,6153846
267	11,3846154
267	-4,6153846
267	35,3846154
268	3,3846154
268	21,3846154
268	12,3846154
268	46,3846154
269	-1,6153846
269	21,3846154
269	-31,6153846
269	-4,6153846
270	-8,6153846
270	3,3846154
270	-7,6153846
270	24,3846154
271	3,3846154
271	9,3846154
271	12,3846154
271	-15,6153846
272	8,3846154
272	4,3846154
272	-37,6153846
273	-5,6153846
273	-2,6153846
273	-1,6153846
273	10,3846154
274	-18,6153846
274	11,3846154
274	-9,6153846
274	1,3846154
275	17,3846154
275	5,3846154
275	7,3846154
275	-3,6153846
276	22,3846154
276	8,3846154
276	-10,6153846
277	19,3846154
277	16,3846154
277	8,3846154
277	-0,6153846
278	-0,6153846
278	25,3846154
278	-3,6153846
278	-12,6153846
279	-12,6153846
279	12,3846154
279	16,3846154
279	10,3846154
280	13,3846154
280	7,3846154
280	-5,6153846
280	-2,6153846
281	-2,6153846
281	8,3846154
281	-9,6153846
282	-1,6153846
282	15,3846154
282	-1,6153846
282	-20,6153846
283	-12,6153846
283	-32,6153846
283	-2,6153846
283	17,3846154
284	36,3846154
284	-4,6153846
284	-25,6153846
284	-6,6153846
285	-1,6153846
285	6,3846154
285	-1,6153846
286	12,3846154
286	-13,6153846
286	-15,6153846
286	10,3846154
287	23,3846154
287	-7,6153846
287	8,3846154
287	19,3846154
288	20,3846154
288	8,3846154
288	-10,6153846
288	11,3846154
289	12,3846154
289	4,3846154
289	4,3846154
290	17,3846154
290	2,3846154
290	14,3846154
290	-9,6153846
291	15,3846154
291	24,3846154
291	5,3846154
291	0,3846154
292	9,3846154
292	-16,6153846
292	5,3846154
292	18,3846154
293	11,3846154
293	16,3846154
293	27,3846154
293	28,3846154
294	-9,6153846
294	-4,6153846
294	-0,6153846
295	14,3846154
295	7,3846154
295	-3,6153846
295	18,3846154
296	1,3846154
296	8,3846154
296	19,3846154
296	-0,6153846
297	-10,6153846
297	15,3846154
297	-8,6153846
297	0,3846154
298	26,3846154
298	-8,6153846
298	9,3846154
299	-8,6153846
299	24,3846154
299	-0,6153846
299	18,3846154
300	-21,6153846
300	14,3846154
300	5,3846154
300	23,3846154
301	-14,6153846
301	-3,6153846
301	-32,6153846
301	2,3846154
302	-7,6153846
302	-2,6153846
302	7,3846154
302	29,3846154
303	29,3846154
303	-4,6153846
303	5,3846154
304	-7,6153846
304	4,3846154
304	3,3846154
304	-1,6153846
305	4,3846154
305	30,3846154
305	-2,6153846
305	-37,6153846
306	10,3846154
306	-8,6153846
306	-3,6153846
306	8,3846154
307	9,3846154
307	26,3846154
307	14,3846154
307	-8,6153846
308	-12,6153846
308	16,3846154
308	9,3846154
309	16,3846154
309	15,3846154
309	21,3846154
309	14,3846154
310	16,3846154
310	29,3846154
310	0,3846154
310	7,3846154
311	50,3846154
311	39,3846154
311	59,3846154
311	40,3846154
312	35,3846154
312	61,3846154
312	37,3846154
313	44,3846154
313	66,3846154
313	23,3846154
313	21,3846154
314	33,3846154
314	37,3846154
314	26,3846154
314	33,3846154
315	43,3846154
315	55,3846154
315	36,3846154
315	37,3846154
316	69,3846154
316	55,3846154
316	57,3846154
316	28,3846154
317	26,3846154
317	2,3846154
317	-0,6153846
318	30,3846154
318	22,3846154
318	47,3846154
318	41,3846154
319	33,3846154
319	5,3846154
319	17,3846154
319	14,3846154
320	6,3846154
320	24,3846154
320	26,3846154
320	0,3846154
321	4,3846154
321	-2,6153846
321	-16,6153846
321	-10,6153846
322	-9,6153846
322	13,3846154
322	-14,6153846
323	12,3846154
323	25,3846154
323	-0,6153846
323	9,3846154
324	12,3846154
324	11,3846154
324	-39,6153846
324	6,3846154
325	-10,6153846
325	-10,6153846
325	4,3846154
325	16,3846154
326	-9,6153846
326	-7,6153846
326	3,3846154
327	-19,6153846
327	32,3846154
327	14,3846154
327	-34,6153846
328	7,3846154
328	-5,6153846
328	-0,6153846
328	-8,6153846
329	5,3846154
329	-18,6153846
329	12,3846154
329	-7,6153846
330	13,3846154
330	24,3846154
330	16,3846154
330	17,3846154
331	9,3846154
331	25,3846154
331	37,3846154
332	43,3846154
332	21,3846154
332	76,3846154
332	61,3846154
333	52,3846154
333	48,3846154
333	52,3846154
333	39,3846154
334	44,3846154
334	72,3846154
334	75,3846154
334	85,3846154
335	72,3846154
335	55,3846154
335	71,3846154
335	90,3846154
336	83,3846154
336	107,3846154
336	68,3846154
337	48,3846154
337	73,3846154
337	88,3846154
337	69,3846154
338	84,3846154
338	86,3846154
338	60,3846154
338	94,3846154
339	77,3846154
339	66,3846154
339	68,3846154
339	61,3846154
340	61,3846154
340	50,3846154
340	29,3846154
340	27,3846154
341	23,3846154
341	32,3846154
341	29,3846154
342	21,3846154
342	20,3846154
342	33,3846154
342	22,3846154
343	24,3846154
343	17,3846154
343	-13,6153846
343	8,3846154
344	23,3846154
344	-3,6153846
344	13,3846154
344	-8,6153846
345	4,3846154
345	18,3846154
345	6,3846154
345	16,3846154
346	16,3846154
346	21,3846154
346	5,3846154
347	18,3846154
347	15,3846154
347	17,3846154
347	12,3846154
348	17,3846154
348	17,3846154
348	19,3846154
348	-1,6153846
349	13,3846154
349	-9,6153846
349	16,3846154
349	13,3846154
350	20,3846154
350	25,3846154
350	17,3846154
350	36,3846154
351	34,3846154
351	16,3846154
351	30,3846154
352	24,3846154
352	73,3846154
352	55,3846154
352	73,3846154
353	67,3846154
353	59,3846154
353	42,3846154
353	59,3846154
354	32,3846154
354	67,3846154
354	108,3846154
354	65,3846154
355	55,3846154
355	60,3846154
355	67,3846154
355	69,3846154
356	58,3846154
356	64,3846154
356	73,3846154
357	57,3846154
357	47,3846154
357	75,3846154
357	66,3846154
358	88,3846154
358	80,3846154
358	58,3846154
358	51,3846154
359	36,3846154
359	34,3846154
359	29,3846154
359	40,3846154
360	49,3846154
360	46,3846154
360	37,3846154
360	48,3846154
361	35,3846154
361	19,3846154
361	47,3846154
362	63,3846154
362	74,3846154
362	59,3846154
362	30,3846154
363	21,3846154
363	21,3846154
363	-9,6153846
363	1,3846154
364	26,3846154
364	28,3846154
364	0,3846154
364	5,3846154
365	4,3846154
365	12,3846154
365	10,3846154
365	-4,6153846
366	6,3846154
366	15,3846154
366	-6,6153846
367	4,3846154
367	21,3846154
367	30,3846154
367	6,3846154
368	-18,6153846
368	1,3846154
368	-1,6153846
368	-7,6153846
369	-13,6153846
369	-8,6153846
369	20,3846154
369	15,3846154
370	1,3846154
370	2,3846154
370	-14,6153846
370	30,3846154
371	24,3846154
371	11,3846154
371	21,3846154
371	20,3846154
372	-4,6153846
372	6,3846154
372	5,3846154
373	11,3846154
373	34,3846154
373	29,3846154
373	15,3846154
374	39,3846154
374	29,3846154
374	10,3846154
374	36,3846154
375	29,3846154
375	39,3846154
375	27,3846154
375	45,3846154
376	44,3846154
376	28,3846154
376	51,3846154
376	40,3846154
377	33,3846154
377	31,3846154
377	46,3846154
378	42,3846154
378	24,3846154
378	51,3846154
378	33,3846154
379	50,3846154
379	19,3846154
379	41,3846154
379	25,3846154
380	21,3846154
380	31,3846154
380	41,3846154
380	19,3846154
381	48,3846154
381	15,3846154
381	40,3846154
381	28,3846154
382	16,3846154
382	-0,6153846
382	47,3846154
383	9,3846154
383	-1,6153846
383	36,3846154
383	14,3846154
384	9,3846154
384	22,3846154
384	34,3846154
384	30,3846154
385	5,3846154
385	47,3846154
385	23,3846154
385	36,3846154
386	34,3846154
386	11,3846154
386	25,3846154
386	17,3846154
387	32,3846154
387	4,3846154
387	-10,6153846
387	0,3846154
388	13,3846154
388	29,3846154
388	10,3846154
389	2,3846154
389	-11,6153846
389	25,3846154
389	5,3846154
390	0,3846154
390	4,3846154
390	27,3846154
390	10,3846154
391	2,3846154
391	4,3846154
391	4,3846154
391	-13,6153846
392	18,3846154
392	-16,6153846
392	11,3846154
392	8,3846154
393	9,3846154
393	11,3846154
393	22,3846154
394	26,3846154
394	18,3846154
394	8,3846154
394	17,3846154
395	18,3846154
395	6,3846154
395	8,3846154
395	31,3846154
396	-7,6153846
396	13,3846154
396	12,3846154
396	30,3846154
397	-7,6153846
397	6,3846154
397	-10,6153846
397	7,3846154
398	43,3846154
398	-1,6153846
398	11,3846154
398	2,3846154
399	17,3846154
399	29,3846154
399	24,3846154
400	29,3846154
400	3,3846154
400	22,3846154
400	30,3846154
401	17,3846154
401	38,3846154
401	29,3846154
401	27,3846154
402	39,3846154
402	25,3846154
402	24,3846154
402	5,3846154
403	14,3846154
403	31,3846154
403	15,3846154
403	-9,6153846
404	-0,6153846
404	27,3846154
404	14,3846154
405	18,3846154
405	15,3846154
405	30,3846154
405	15,3846154
406	33,3846154
406	21,3846154
406	28,3846154
406	8,3846154
407	21,3846154
407	-5,6153846
407	-6,6153846
407	31,3846154
408	26,3846154
408	15,3846154
408	-19,6153846
408	0,3846154
409	13,3846154
409	-18,6153846
409	21,3846154
409	2,3846154
410	13,3846154
410	3,3846154
410	26,3846154
411	15,3846154
411	6,3846154
411	4,3846154
411	6,3846154
412	12,3846154
412	5,3846154
412	2,3846154
412	11,3846154
413	-21,6153846
413	-3,6153846
413	-4,6153846
413	0,3846154
414	-3,6153846
414	-2,6153846
414	-17,6153846
414	19,3846154
415	46,3846154
415	6,3846154
415	15,3846154
415	23,3846154
416	0,3846154
416	0,3846154
416	1,3846154
417	19,3846154
417	4,3846154
417	10,3846154
417	7,3846154
418	7,3846154
418	7,3846154
418	7,3846154
418	2,3846154
419	19,3846154
419	3,3846154
419	5,3846154
419	-1,6153846
420	9,3846154
420	-7,6153846
420	10,3846154
420	32,3846154
421	23,3846154
421	7,3846154
421	25,3846154
421	9,3846154
422	14,3846154
422	8,3846154
422	-9,6153846
423	14,3846154
423	16,3846154
423	23,3846154
423	28,3846154
424	1,3846154
424	-12,6153846
424	12,3846154
424	-2,6153846
425	-4,6153846
425	-12,6153846
425	17,3846154
425	14,3846154
426	-3,6153846
426	23,3846154
426	21,3846154
426	11,3846154
427	17,3846154
427	-15,6153846
427	6,3846154
427	-7,6153846
428	34,3846154
428	14,3846154
428	5,3846154
429	11,3846154
429	21,3846154
429	13,3846154
429	47,3846154
430	21,3846154
430	-18,6153846
430	-3,6153846
430	-13,6153846
431	17,3846154
431	8,3846154
431	8,3846154
431	18,3846154
432	16,3846154
432	-6,6153846
432	-6,6153846
432	36,3846154
433	-8,6153846
433	-9,6153846
433	-2,6153846
433	5,3846154
434	-0,6153846
434	4,3846154
434	-6,6153846
435	2,3846154
435	-3,6153846
435	-10,6153846
435	16,3846154
436	8,3846154
436	36,3846154
436	19,3846154
436	-7,6153846
437	-2,6153846
437	-11,6153846
437	9,3846154
437	4,3846154
438	2,3846154
438	11,3846154
438	25,3846154
438	12,3846154
439	-1,6153846
439	-4,6153846
439	-5,6153846
439	4,3846154
440	6,3846154
440	12,3846154
440	9,3846154
441	-0,6153846
441	-28,6153846
441	6,3846154
441	17,3846154
442	5,3846154
442	18,3846154
442	21,3846154
442	6,3846154
443	1,3846154
443	12,3846154
443	13,3846154
443	-5,6153846
444	-2,6153846
444	17,3846154
444	19,3846154
444	6,3846154
445	-8,6153846
445	9,3846154
445	7,3846154
445	9,3846154
446	-17,6153846
446	6,3846154
446	2,3846154
447	13,3846154
447	7,3846154
447	4,3846154
447	-1,6153846
448	32,3846154
448	-16,6153846
448	1,3846154
448	-13,6153846
449	8,3846154
449	-0,6153846
449	-7,6153846
449	3,3846154
450	-19,6153846
450	-10,6153846
450	-17,6153846
450	10,3846154
451	3,3846154
451	-14,6153846
451	-0,6153846
451	18,3846154
452	-18,6153846
452	-13,6153846
452	0,3846154
452	18,3846154
453	9,3846154
453	-2,6153846
453	-31,6153846
454	-4,6153846
454	-1,6153846
454	13,3846154
454	-1,6153846
455	-3,6153846
455	13,3846154
455	6,3846154
455	-7,6153846
456	12,3846154
456	-10,6153846
456	-13,6153846
456	32,3846154
457	-9,6153846
457	14,3846154
457	13,3846154
457	-5,6153846
458	10,3846154
458	11,3846154
458	1,3846154
458	10,3846154
459	-19,6153846
459	-1,6153846
459	3,3846154
460	27,3846154
460	15,3846154
460	21,3846154
460	6,3846154
461	-3,6153846
461	-7,6153846
461	9,3846154
461	-6,6153846
462	1,3846154
462	2,3846154
462	-0,6153846
462	-9,6153846
463	-13,6153846
463	-20,6153846
463	-7,6153846
463	-28,6153846
464	1,3846154
464	26,3846154
464	6,3846154
464	-9,6153846
465	7,3846154
465	16,3846154
465	27,3846154
465	9,3846154
466	5,3846154
466	3,3846154
466	0,3846154
467	2,3846154
467	-0,6153846
467	20,3846154
467	17,3846154
468	4,3846154
468	8,3846154
468	-12,6153846
468	-8,6153846
469	5,3846154
469	-11,6153846
469	-14,6153846
469	30,3846154
470	18,3846154
470	-11,6153846
470	-4,6153846
470	3,3846154
471	17,3846154
471	7,3846154
471	6,3846154
471	-13,6153846
472	20,3846154
472	42,3846154
472	3,3846154
472	22,3846154
473	-5,6153846
473	33,3846154
473	11,3846154
474	6,3846154
474	-30,6153846
474	26,3846154
474	-2,6153846
475	-15,6153846
475	12,3846154
475	-2,6153846
475	17,3846154
476	7,3846154
476	-3,6153846
476	-13,6153846
476	12,3846154
477	3,3846154
477	2,3846154
477	-11,6153846
477	3,3846154
478	-12,6153846
478	-17,6153846
478	-18,6153846
478	-5,6153846
479	-9,6153846
479	-0,6153846
479	-8,6153846
479	-11,6153846
480	-2,6153846
480	4,3846154
480	-15,6153846
481	17,3846154
481	2,3846154
481	8,3846154
481	31,3846154
482	46,3846154
482	-10,6153846
482	-21,6153846
482	10,3846154
483	-14,6153846
483	11,3846154
483	8,3846154
483	-7,6153846
484	-7,6153846
484	12,3846154
484	15,3846154
484	-9,6153846
485	-5,6153846
485	-4,6153846
485	13,3846154
485	11,3846154
486	4,3846154
486	4,3846154
486	-0,6153846
486	3,3846154
487	-6,6153846
487	29,3846154
487	18,3846154
488	16,3846154
488	-12,6153846
488	-31,6153846
488	-13,6153846
489	-5,6153846
489	-2,6153846
489	9,3846154
489	11,3846154
490	8,3846154
490	-16,6153846
490	-20,6153846
490	13,3846154
491	-0,6153846
491	-0,6153846
491	-13,6153846
491	3,3846154
492	-25,6153846
492	-4,6153846
492	25,3846154
492	3,3846154
493	6,3846154
493	2,3846154
493	2,3846154
493	-17,6153846
494	-14,6153846
494	-0,6153846
494	1,3846154
495	9,3846154
495	-13,6153846
495	16,3846154
495	-34,6153846
496	14,3846154
496	-8,6153846
496	11,3846154
496	0,3846154
497	-5,6153846
497	5,3846154
497	15,3846154
497	-3,6153846
498	8,3846154
498	-9,6153846
498	3,3846154
498	-26,6153846
499	-6,6153846
499	5,3846154
499	-7,6153846
499	25,3846154
500	39,3846154
500	19,3846154
500	4,3846154
500	4,3846154
501	-14,6153846
501	-11,6153846
501	7,3846154
502	-2,6153846
502	15,3846154
502	-10,6153846
502	-3,6153846
503	1,3846154
503	5,3846154
503	10,3846154
503	1,3846154
504	-10,6153846
504	-17,6153846
504	18,3846154
504	19,3846154
505	11,3846154
505	-2,6153846
505	1,3846154
505	4,3846154
506	-2,6153846
506	-13,6153846
506	-16,6153846
506	-11,6153846
507	-3,6153846
507	1,3846154
507	14,3846154
507	2,3846154
508	12,3846154
508	14,3846154
508	22,3846154
508	9,3846154
509	-10,6153846
509	6,3846154
509	-1,6153846
510	-27,6153846
510	17,3846154
510	13,3846154
510	10,3846154
511	15,3846154
511	7,3846154
511	-2,6153846
511	-7,6153846
512	17,3846154
512	-5,6153846
512	9,3846154
512	-22,6153846
513	-14,6153846
513	14,3846154
513	16,3846154
513	-21,6153846
514	-24,6153846
514	22,3846154
514	5,3846154
514	11,3846154
515	13,3846154
515	-7,6153846
515	-10,6153846
515	14,3846154
516	23,3846154
516	10,3846154
516	6,3846154
516	-37,6153846
517	-13,6153846
517	4,3846154
517	1,3846154
518	1,3846154
518	14,3846154
518	18,3846154
518	2,3846154
519	-4,6153846
519	4,3846154
519	-5,6153846
519	21,3846154
520	-12,6153846
520	-3,6153846
520	33,3846154
520	5,3846154
521	-0,6153846
521	-9,6153846
521	-3,6153846
521	-3,6153846
522	22,3846154
522	25,3846154
522	0,3846154
522	-0,6153846
523	8,3846154
523	4,3846154
523	10,3846154
523	-9,6153846
524	5,3846154
524	-16,6153846
524	5,3846154
524	29,3846154
525	13,3846154
525	-11,6153846
525	11,3846154
526	9,3846154
526	16,3846154
526	17,3846154
526	11,3846154
527	-2,6153846
527	7,3846154
527	-16,6153846
527	9,3846154
528	20,3846154
528	-1,6153846
528	-7,6153846
528	9,3846154
529	13,3846154
529	-3,6153846
529	-9,6153846
529	11,3846154
530	16,3846154
530	7,3846154
530	19,3846154
530	9,3846154
531	23,3846154
531	3,3846154
531	29,3846154
531	12,3846154
532	-6,6153846
532	9,3846154
532	6,3846154
532	1,3846154
533	-6,6153846
533	-10,6153846
533	-4,6153846
534	-4,6153846
534	22,3846154
534	-8,6153846
534	0,3846154
535	5,3846154
535	-2,6153846
535	37,3846154
535	5,3846154
536	20,3846154
536	9,3846154
536	-8,6153846
536	-7,6153846
537	-1,6153846
537	-13,6153846
537	-4,6153846
537	6,3846154
538	-1,6153846
538	-27,6153846
538	2,3846154
538	-17,6153846
539	7,3846154
539	-2,6153846
539	-16,6153846
539	10,3846154
540	-3,6153846
540	-15,6153846
540	-0,6153846
540	-15,6153846
541	9,3846154
541	-27,6153846
541	-16,6153846
541	-9,6153846
542	9,3846154
542	1,3846154
542	24,3846154
543	13,3846154
543	-22,6153846
543	-6,6153846
543	33,3846154
544	18,3846154
544	22,3846154
544	12,3846154
544	3,3846154
545	-5,6153846
545	16,3846154
545	6,3846154
545	-24,6153846
546	17,3846154
546	1,3846154
546	9,3846154
546	9,3846154
547	-15,6153846
547	3,3846154
547	14,3846154
547	-8,6153846
548	2,3846154
548	16,3846154
548	27,3846154
548	16,3846154
549	-19,6153846
549	14,3846154
549	12,3846154
549	-17,6153846
550	19,3846154
550	11,3846154
550	37,3846154
550	12,3846154
551	-30,6153846
551	-17,6153846
551	1,3846154
552	-11,6153846
552	-6,6153846
552	-3,6153846
552	5,3846154
553	-2,6153846
553	19,3846154
553	2,3846154
553	19,3846154
554	-19,6153846
554	-10,6153846
554	-5,6153846
554	-10,6153846
555	-3,6153846
555	19,3846154
555	10,3846154
555	-17,6153846
556	18,3846154
556	14,3846154
556	3,3846154
556	-0,6153846
557	32,3846154
557	13,3846154
557	-11,6153846
557	14,3846154
558	-3,6153846
558	-41,6153846
558	1,3846154
558	24,3846154
559	3,3846154
559	10,3846154
559	-24,6153846
559	-21,6153846
560	1,3846154
560	12,3846154
560	5,3846154
561	29,3846154
561	5,3846154
561	-4,6153846
561	14,3846154
562	-7,6153846
562	-10,6153846
562	14,3846154
562	-13,6153846
563	3,3846154
563	-6,6153846
563	4,3846154
563	-6,6153846
564	6,3846154
564	1,3846154
564	-17,6153846
564	14,3846154
565	13,3846154
565	2,3846154
565	-4,6153846
565	0,3846154
566	17,3846154
566	-8,6153846
566	10,3846154
566	12,3846154
567	16,3846154
567	-22,6153846
567	11,3846154
567	-10,6153846
568	-17,6153846
568	-8,6153846
568	1,3846154
568	-13,6153846
569	-13,6153846
569	2,3846154
569	6,3846154
569	-7,6153846
570	-3,6153846
570	-18,6153846
570	-9,6153846
571	-14,6153846
571	19,3846154
571	8,3846154
571	10,3846154
572	-0,6153846
572	-0,6153846
572	9,3846154
572	5,3846154
573	-4,6153846
573	-1,6153846
573	-10,6153846
573	-19,6153846
574	-5,6153846
574	-2,6153846
574	-13,6153846
574	14,3846154
575	9,3846154
575	-26,6153846
575	10,3846154
575	9,3846154
576	-14,6153846
576	-14,6153846
576	23,3846154
576	-10,6153846
577	-23,6153846
577	2,3846154
577	-10,6153846
577	12,3846154
578	16,3846154
578	3,3846154
578	3,3846154
578	4,3846154
579	4,3846154
579	-12,6153846
579	-3,6153846
579	-28,6153846
580	-0,6153846
580	-2,6153846
580	5,3846154
581	40,3846154
581	-14,6153846
581	25,3846154
581	-37,6153846
582	-16,6153846
582	-19,6153846
582	14,3846154
582	-3,6153846
583	-2,6153846
583	3,3846154
583	-13,6153846
583	4,3846154
584	24,3846154
584	-1,6153846
584	8,3846154
584	17,3846154
585	13,3846154
585	9,3846154
585	9,3846154
585	17,3846154
586	-3,6153846
586	21,3846154
586	1,3846154
586	19,3846154
587	6,3846154
587	-15,6153846
587	-1,6153846
587	-11,6153846
588	-1,6153846
588	-4,6153846
588	11,3846154
588	-15,6153846
589	-0,6153846
589	-27,6153846
589	25,3846154
589	-19,6153846
590	5,3846154
590	7,3846154
590	-22,6153846
590	4,3846154
591	-16,6153846
591	26,3846154
591	-9,6153846
592	-22,6153846
592	0,3846154
592	-1,6153846
592	-11,6153846
593	3,3846154
593	-16,6153846
593	-13,6153846
593	-4,6153846
594	19,3846154
594	-13,6153846
594	16,3846154
594	8,3846154
595	-15,6153846
595	-21,6153846
595	-5,6153846
595	6,3846154
596	2,3846154
596	-12,6153846
596	-18,6153846
596	16,3846154
597	18,3846154
597	2,3846154
597	14,3846154
597	-224,6153846
598	-39,6153846
598	-12,6153846
598	-19,6153846
598	2,3846154
599	0,3846154
599	3,3846154
599	-7,6153846
599	-7,6153846
600	9,3846154
600	5,3846154
600	0,3846154
600	-10,6153846
601	-19,6153846
601	-12,6153846
601	20,3846154
601	-7,6153846
602	3,3846154
602	7,3846154
602	24,3846154
603	14,3846154
603	15,3846154
603	30,3846154
603	9,3846154
604	2,3846154
604	8,3846154
604	-6,6153846
604	4,3846154
605	11,3846154
605	-3,6153846
605	-3,6153846
605	-15,6153846
606	8,3846154
606	-3,6153846
606	10,3846154
606	7,3846154
607	-7,6153846
607	-33,6153846
607	4,3846154
607	3,3846154
608	-3,6153846
608	30,3846154
608	-9,6153846
608	0,3846154
609	5,3846154
609	0,3846154
609	9,3846154
609	-24,6153846
610	-7,6153846
610	-7,6153846
610	1,3846154
610	2,3846154
611	-1,6153846
611	14,3846154
611	10,3846154
611	-3,6153846
612	-13,6153846
612	0,3846154
612	23,3846154
612	28,3846154
613	1,3846154
613	-3,6153846
613	9,3846154
613	-15,6153846
614	10,3846154
614	-15,6153846
614	-24,6153846
614	-7,6153846
615	-7,6153846
615	15,3846154
615	-6,6153846
616	-24,6153846
616	2,3846154
616	11,3846154
616	-12,6153846
617	-8,6153846
617	14,3846154
617	6,3846154
617	-20,6153846
618	1,3846154
618	20,3846154
618	-21,6153846
618	6,3846154
619	-16,6153846
619	10,3846154
619	6,3846154
619	-14,6153846
620	-10,6153846
620	15,3846154
620	-8,6153846
620	-10,6153846
621	-6,6153846
621	14,3846154
621	-9,6153846
621	-17,6153846
622	3,3846154
622	-4,6153846
622	4,3846154
622	11,3846154
623	-11,6153846
623	2,3846154
623	-17,6153846
623	1,3846154
624	-14,6153846
624	-4,6153846
624	-0,6153846
624	-3,6153846
625	3,3846154
625	30,3846154
625	-12,6153846
625	-13,6153846
626	13,3846154
626	-21,6153846
626	-10,6153846
626	-13,6153846
627	16,3846154
627	-8,6153846
627	24,3846154
627	23,3846154
628	0,3846154
628	-3,6153846
628	-14,6153846
629	13,3846154
629	1,3846154
629	4,3846154
629	-3,6153846
630	14,3846154
630	5,3846154
630	-2,6153846
630	18,3846154
631	-16,6153846
631	-2,6153846
631	-4,6153846
631	11,3846154
632	5,3846154
632	25,3846154
632	-3,6153846
632	-7,6153846
633	-7,6153846
633	8,3846154
633	9,3846154
633	2,3846154
634	-9,6153846
634	-7,6153846
634	-8,6153846
634	12,3846154
635	-10,6153846
635	-7,6153846
635	-38,6153846
635	5,3846154
636	24,3846154
636	9,3846154
636	7,3846154
636	23,3846154
637	-26,6153846
637	16,3846154
637	7,3846154
637	-4,6153846
638	15,3846154
638	-10,6153846
638	0,3846154
638	-2,6153846
639	-17,6153846
639	-0,6153846
639	7,3846154
639	9,3846154
640	0,3846154
640	23,3846154
640	-21,6153846
640	16,3846154
641	18,3846154
641	7,3846154
641	12,3846154
641	19,3846154
642	11,3846154
642	10,3846154
642	15,3846154
642	7,3846154
643	7,3846154
643	3,3846154
643	-11,6153846
644	8,3846154
644	-18,6153846
644	4,3846154
644	14,3846154
645	11,3846154
645	-12,6153846
645	-4,6153846
645	14,3846154
646	9,3846154
646	-9,6153846
646	-11,6153846
646	18,3846154
647	9,3846154
647	-4,6153846
647	9,3846154
647	22,3846154
648	12,3846154
648	13,3846154
648	-18,6153846
648	12,3846154
649	-1,6153846
649	2,3846154
649	-10,6153846
649	-8,6153846
650	13,3846154
650	10,3846154
650	16,3846154
650	4,3846154
651	12,3846154
651	29,3846154
651	1,3846154
651	23,3846154
652	6,3846154
652	-20,6153846
652	-1,6153846
652	1,3846154
653	11,3846154
653	17,3846154
653	21,3846154
653	-9,6153846
654	-18,6153846
654	6,3846154
654	-2,6153846
654	8,3846154
655	-9,6153846
655	22,3846154
655	-8,6153846
655	19,3846154
656	5,3846154
656	9,3846154
656	-27,6153846
656	-6,6153846
657	9,3846154
657	-5,6153846
657	-5,6153846
657	10,3846154
658	10,3846154
658	-2,6153846
658	-7,6153846
658	-9,6153846
659	3,3846154
659	16,3846154
659	18,3846154
660	10,3846154
660	-9,6153846
660	26,3846154
660	8,3846154
661	-2,6153846
661	37,3846154
661	13,3846154
661	-15,6153846
662	32,3846154
662	10,3846154
662	10,3846154
662	1,3846154
663	1,3846154
663	15,3846154
663	8,3846154
663	33,3846154
664	36,3846154
664	26,3846154
664	24,3846154
664	-14,6153846
665	22,3846154
665	2,3846154
665	17,3846154
665	-22,6153846
666	11,3846154
666	10,3846154
666	-0,6153846
666	-6,6153846
667	2,3846154
667	-2,6153846
667	-9,6153846
667	-0,6153846
668	-15,6153846
668	5,3846154
668	8,3846154
668	-8,6153846
669	-17,6153846
669	-17,6153846
669	21,3846154
669	2,3846154
670	6,3846154
670	19,3846154
670	-9,6153846
670	2,3846154
671	2,3846154
671	23,3846154
671	17,3846154
671	18,3846154
672	24,3846154
672	21,3846154
672	28,3846154
672	18,3846154
673	5,3846154
673	-26,6153846
673	15,3846154
673	-0,6153846
674	0,3846154
674	31,3846154
674	25,3846154
674	17,3846154
675	-37,6153846
675	-5,6153846
675	-17,6153846
675	4,3846154
676	13,3846154
676	14,3846154
676	-14,6153846
676	21,3846154
677	32,3846154
677	0,3846154
677	-19,6153846
677	-15,6153846
678	32,3846154
678	-0,6153846
678	3,3846154
678	-13,6153846
679	3,3846154
679	11,3846154
679	23,3846154
680	32,3846154
680	-8,6153846
680	26,3846154
680	8,3846154
681	4,3846154
681	15,3846154
681	-14,6153846
681	-4,6153846
682	-15,6153846
682	-1,6153846
682	2,3846154
682	-1,6153846
683	-3,6153846
683	5,3846154
683	-4,6153846
683	-5,6153846
684	-1,6153846
684	-4,6153846
684	-5,6153846
684	11,3846154
685	-3,6153846
685	-5,6153846
685	25,3846154
685	-26,6153846
686	3,3846154
686	15,3846154
686	-2,6153846
686	8,3846154
687	15,3846154
687	37,3846154
687	23,3846154
687	10,3846154
688	-17,6153846
688	1,3846154
688	-12,6153846
688	-5,6153846
689	8,3846154
689	-0,6153846
689	16,3846154
689	-14,6153846
690	-0,6153846
690	-9,6153846
690	-38,6153846
690	-10,6153846
691	11,3846154
691	19,3846154
691	33,3846154
691	10,3846154
692	-22,6153846
692	-3,6153846
692	-6,6153846
692	-13,6153846
693	5,3846154
693	-28,6153846
693	-5,6153846
693	-22,6153846
694	-7,6153846
694	5,3846154
694	0,3846154
694	0,3846154
695	-12,6153846
695	3,3846154
695	10,3846154
695	-34,6153846
696	-30,6153846
696	-17,6153846
696	-5,6153846
696	-12,6153846
697	-6,6153846
697	-16,6153846
697	-3,6153846
697	14,3846154
698	-7,6153846
698	-18,6153846
698	-14,6153846
698	-7,6153846
699	5,3846154
699	-6,6153846
699	11,3846154
699	12,3846154
700	8,3846154
700	-12,6153846
700	3,3846154
700	-12,6153846
701	1,3846154
701	-26,6153846
701	9,3846154
701	7,3846154
702	7,3846154
702	-9,6153846
702	-20,6153846
702	4,3846154
703	-16,6153846
703	11,3846154
703	-0,6153846
703	15,3846154
704	10,3846154
704	25,3846154
704	-9,6153846
704	31,3846154
705	-2,6153846
705	0,3846154
705	10,3846154
706	14,3846154
706	35,3846154
706	12,3846154
706	13,3846154
707	13,3846154
707	-25,6153846
707	12,3846154
707	5,3846154
708	-15,6153846
708	11,3846154
708	9,3846154
708	7,3846154
709	-1,6153846
709	19,3846154
709	-0,6153846
709	-13,6153846
710	-11,6153846
710	-11,6153846
710	-10,6153846
710	16,3846154
711	6,3846154
711	12,3846154
711	11,3846154
711	2,3846154
712	18,3846154
712	-1,6153846
712	22,3846154
712	-7,6153846
713	-12,6153846
713	-21,6153846
713	-2,6153846
713	-1,6153846
714	39,3846154
714	9,3846154
714	-10,6153846
714	-1,6153846
715	-4,6153846
715	-22,6153846
715	6,3846154
715	4,3846154
716	2,3846154
716	20,3846154
716	0,3846154
716	4,3846154
717	6,3846154
717	-6,6153846
717	8,3846154
717	9,3846154
718	-5,6153846
718	-12,6153846
718	-17,6153846
718	-18,6153846
719	-17,6153846
719	-5,6153846
719	21,3846154
719	-6,6153846
720	-21,6153846
720	-16,6153846
720	14,3846154
720	12,3846154
721	10,3846154
721	18,3846154
721	1,3846154
721	-0,6153846
722	22,3846154
722	-8,6153846
722	-36,6153846
722	-30,6153846
723	6,3846154
723	-4,6153846
723	-8,6153846
723	4,3846154
724	-3,6153846
724	20,3846154
724	-9,6153846
724	9,3846154
725	-21,6153846
725	2,3846154
725	17,3846154
725	12,3846154
726	-14,6153846
726	-13,6153846
726	12,3846154
726	17,3846154
727	-12,6153846
727	-13,6153846
727	-1,6153846
727	-2,6153846
728	-11,6153846
728	-10,6153846
728	13,3846154
728	-3,6153846
729	-20,6153846
729	13,3846154
729	23,3846154
729	7,3846154
730	20,3846154
730	-22,6153846
730	-10,6153846
730	-11,6153846
731	8,3846154
731	1,3846154
731	-11,6153846
731	20,3846154
732	-8,6153846
732	15,3846154
732	-16,6153846
732	11,3846154
733	19,3846154
733	-8,6153846
733	14,3846154
733	13,3846154
734	-0,6153846
734	-33,6153846
734	-12,6153846
734	2,3846154
735	-5,6153846
735	-4,6153846
735	34,3846154
735	21,3846154
736	-8,6153846
736	-15,6153846
736	-14,6153846
736	17,3846154
737	-7,6153846
737	-10,6153846
737	-14,6153846
737	19,3846154
738	-0,6153846
738	-13,6153846
738	-1,6153846
738	17,3846154
739	8,3846154
739	23,3846154
739	3,3846154
739	10,3846154
740	1,3846154
740	3,3846154
740	3,3846154
740	14,3846154
741	-6,6153846
741	-4,6153846
741	-17,6153846
741	-15,6153846
742	-3,6153846
742	21,3846154
742	-21,6153846
742	-21,6153846
743	5,3846154
743	22,3846154
743	24,3846154
743	-17,6153846
744	-0,6153846
744	26,3846154
744	14,3846154
744	-4,6153846
745	-25,6153846
745	9,3846154
745	1,3846154
745	-15,6153846
746	-1,6153846
746	-0,6153846
746	1,3846154
746	-2,6153846
747	-3,6153846
747	14,3846154
747	-0,6153846
747	-6,6153846
748	3,3846154
748	4,3846154
748	2,3846154
748	10,3846154
749	-7,6153846
749	-5,6153846
749	-18,6153846
749	-13,6153846
750	-5,6153846
750	9,3846154
750	31,3846154
750	5,3846154
751	27,3846154
751	6,3846154
751	6,3846154
751	2,3846154
752	-1,6153846
752	-1,6153846
752	20,3846154
752	32,3846154
753	-3,6153846
753	-19,6153846
753	-9,6153846
753	4,3846154
754	13,3846154
754	-14,6153846
754	-8,6153846
754	-1,6153846
755	-7,6153846
755	1,3846154
755	5,3846154
755	0,3846154
756	-3,6153846
756	5,3846154
756	-10,6153846
756	5,3846154
757	-12,6153846
757	8,3846154
757	4,3846154
757	5,3846154
758	-2,6153846
758	-6,6153846
758	10,3846154
758	28,3846154
759	13,3846154
759	38,3846154
759	6,3846154
759	-19,6153846
760	13,3846154
760	-17,6153846
760	-6,6153846
760	-11,6153846
761	12,3846154
761	22,3846154
761	-23,6153846
761	-12,6153846
762	3,3846154
762	13,3846154
762	-13,6153846
762	-19,6153846
763	-17,6153846
763	-13,6153846
763	0,3846154
763	13,3846154
764	17,3846154
764	4,3846154
764	1,3846154
764	26,3846154
765	2,3846154
765	-2,6153846
765	-5,6153846
765	21,3846154
766	-3,6153846
766	-8,6153846
766	-4,6153846
766	-1,6153846
767	-0,6153846
767	-4,6153846
767	-18,6153846
767	2,3846154
768	13,3846154
768	8,3846154
768	21,3846154
768	20,3846154
769	-22,6153846
769	17,3846154
769	4,3846154
769	-15,6153846
770	15,3846154
770	7,3846154
770	-4,6153846
770	-13,6153846
771	-14,6153846
771	-9,6153846
771	-6,6153846
771	18,3846154
772	1,3846154
772	5,3846154
772	19,3846154
772	20,3846154
773	-10,6153846
773	-0,6153846
773	-6,6153846
773	-13,6153846
774	1,3846154
774	15,3846154
774	-18,6153846
774	-8,6153846
775	3,3846154
775	-11,6153846
775	-10,6153846
775	-11,6153846
776	-26,6153846
776	8,3846154
776	23,3846154
776	-21,6153846
777	29,3846154
777	-4,6153846
777	11,3846154
777	5,3846154
778	-12,6153846
778	18,3846154
778	3,3846154
778	6,3846154
779	32,3846154
779	15,3846154
779	-9,6153846
779	9,3846154
780	23,3846154
780	-2,6153846
780	7,3846154
780	3,3846154
781	15,3846154
781	-2,6153846
781	15,3846154
781	6,3846154
782	-1,6153846
782	-2,6153846
782	0,3846154
782	32,3846154
783	1,3846154
783	-18,6153846
783	-12,6153846
783	-12,6153846
784	2,3846154
784	17,3846154
784	22,3846154
784	-8,6153846
785	-2,6153846
785	8,3846154
785	-23,6153846
785	-20,6153846
786	27,3846154
786	-28,6153846
786	-2,6153846
786	34,3846154
787	23,3846154
787	-10,6153846
787	6,3846154
787	-21,6153846
788	-13,6153846
788	-27,6153846
788	-26,6153846
788	1,3846154
789	14,3846154
789	-3,6153846
789	-10,6153846
789	-8,6153846
790	1,3846154
790	-9,6153846
790	15,3846154
790	34,3846154
791	-13,6153846
791	-9,6153846
791	-3,6153846
791	-38,6153846
792	4,3846154
792	-7,6153846
792	18,3846154
792	20,3846154
793	-6,6153846
793	-1,6153846
793	-11,6153846
793	14,3846154
794	21,3846154
794	3,3846154
794	3,3846154
794	-19,6153846
795	-6,6153846
795	1,3846154
795	9,3846154
795	-6,6153846
796	25,3846154
796	17,3846154
796	-36,6153846
796	-6,6153846
797	5,3846154
797	-22,6153846
797	7,3846154
797	-5,6153846
798	13,3846154
798	-3,6153846
798	30,3846154
798	26,3846154
799	-7,6153846
799	1,3846154
799	6,3846154
799	-22,6153846
800	-11,6153846
800	13,3846154
800	24,3846154
800	-10,6153846
801	1,3846154
801	18,3846154
801	6,3846154
801	3,3846154
802	13,3846154
802	3,3846154
802	4,3846154
802	-5,6153846
803	-9,6153846
803	-16,6153846
803	-1,6153846
803	16,3846154
804	4,3846154
804	-20,6153846
804	-9,6153846
804	22,3846154
805	9,3846154
805	-34,6153846
805	-2,6153846
805	-9,6153846
806	-5,6153846
806	-2,6153846
806	15,3846154
806	8,3846154
807	-5,6153846
807	18,3846154
807	6,3846154
807	21,3846154
808	-19,6153846
808	-17,6153846
808	10,3846154
808	-11,6153846
809	-7,6153846
809	8,3846154
809	4,3846154
809	-7,6153846
810	8,3846154
810	8,3846154
810	2,3846154
810	-1,6153846
811	16,3846154
811	-2,6153846
811	-31,6153846
811	21,3846154
812	-2,6153846
812	23,3846154
812	-6,6153846
812	4,3846154
813	-14,6153846
813	7,3846154
813	33,3846154
813	5,3846154
814	3,3846154
814	6,3846154
814	2,3846154
814	19,3846154
815	15,3846154
815	-1,6153846
815	14,3846154
815	-14,6153846
816	13,3846154
816	-10,6153846
816	-12,6153846
816	21,3846154
817	10,3846154
817	24,3846154
817	-10,6153846
817	6,3846154
818	-16,6153846
818	-1,6153846
818	-36,6153846
818	8,3846154
819	2,3846154
819	35,3846154
819	-5,6153846
819	17,3846154
820	-1,6153846
820	-5,6153846
820	3,3846154
820	3,3846154
820	-31,6153846
821	-4,6153846
821	1,3846154
821	-1,6153846
821	12,3846154
822	15,3846154
822	-10,6153846
822	-24,6153846
822	-9,6153846
823	-2,6153846
823	-1,6153846
823	-11,6153846
823	-12,6153846
824	12,3846154
824	24,3846154
824	-2,6153846
824	4,3846154
825	7,3846154
825	28,3846154
825	11,3846154
825	20,3846154
826	-2,6153846
826	1,3846154
826	9,3846154
826	7,3846154
827	17,3846154
827	-21,6153846
827	2,3846154
827	2,3846154
828	10,3846154
828	-12,6153846
828	5,3846154
828	4,3846154
829	8,3846154
829	22,3846154
829	17,3846154
829	-5,6153846
830	17,3846154
830	24,3846154
830	-8,6153846
830	8,3846154
831	4,3846154
831	-16,6153846
831	-3,6153846
831	9,3846154
832	-2,6153846
832	13,3846154
832	4,3846154
832	-1,6153846
833	9,3846154
833	-4,6153846
833	-28,6153846
833	-8,6153846
834	46,3846154
834	14,3846154
834	7,3846154
834	-19,6153846
835	-11,6153846
835	15,3846154
835	-2,6153846
835	8,3846154
836	12,3846154
836	0,3846154
836	11,3846154
836	27,3846154
837	20,3846154
837	-0,6153846
837	9,3846154
837	10,3846154
838	-6,6153846
838	5,3846154
838	15,3846154
838	6,3846154
839	13,3846154
839	-13,6153846
839	-21,6153846
839	31,3846154
840	13,3846154
840	-15,6153846
840	-11,6153846
840	-16,6153846
841	-20,6153846
841	15,3846154
841	4,3846154
841	-7,6153846
842	9,3846154
842	8,3846154
842	-14,6153846
842	22,3846154
843	7,3846154
843	-3,6153846
843	-12,6153846
843	0,3846154
844	1,3846154
844	3,3846154
844	8,3846154
844	-16,6153846
845	-4,6153846
845	7,3846154
845	15,3846154
845	10,3846154
845	-13,6153846
846	-12,6153846
846	19,3846154
846	-9,6153846
846	-4,6153846
847	-4,6153846
847	-4,6153846
847	-4,6153846
847	-5,6153846
848	-16,6153846
848	-18,6153846
848	13,3846154
848	-3,6153846
849	5,3846154
849	-13,6153846
849	1,3846154
849	4,3846154
850	12,3846154
850	11,3846154
850	-6,6153846
850	13,3846154
851	15,3846154
851	-19,6153846
851	17,3846154
851	-1,6153846
852	-21,6153846
852	-3,6153846
852	9,3846154
852	-1,6153846
853	5,3846154
853	-3,6153846
853	-48,6153846
853	-11,6153846
854	-4,6153846
854	-3,6153846
854	-17,6153846
854	5,3846154
855	5,3846154
855	3,3846154
855	-3,6153846
855	6,3846154
856	-12,6153846
856	4,3846154
856	-7,6153846
856	-11,6153846
857	-22,6153846
857	18,3846154
857	25,3846154
857	-8,6153846
858	44,3846154
858	11,3846154
858	3,3846154
858	9,3846154
859	4,3846154
859	-19,6153846
859	4,3846154
859	-17,6153846
860	-11,6153846
860	7,3846154
860	15,3846154
860	4,3846154
861	26,3846154
861	5,3846154
861	17,3846154
861	7,3846154
862	-19,6153846
862	22,3846154
862	-3,6153846
862	6,3846154
863	-3,6153846
863	-6,6153846
863	-9,6153846
863	12,3846154
864	25,3846154
864	-23,6153846
864	-31,6153846
864	-4,6153846
864	6,3846154
865	7,3846154
865	5,3846154
865	3,3846154
865	0,3846154
866	-1,6153846
866	-6,6153846
866	16,3846154
866	2,3846154
867	5,3846154
867	-16,6153846
867	-13,6153846
867	26,3846154
868	12,3846154
868	-46,6153846
868	-2,6153846
868	13,3846154
869	12,3846154
869	4,3846154
869	7,3846154
869	3,3846154
870	17,3846154
870	17,3846154
870	1,3846154
870	7,3846154
871	1,3846154
871	-6,6153846
871	-6,6153846
871	-11,6153846
872	5,3846154
872	-4,6153846
872	-5,6153846
872	14,3846154
873	-13,6153846
873	-2,6153846
873	-13,6153846
873	16,3846154
874	-24,6153846
874	-10,6153846
874	-0,6153846
874	-5,6153846
875	-9,6153846
875	-46,6153846
875	-24,6153846
875	4,3846154
876	12,3846154
876	14,3846154
876	-2,6153846
876	-0,6153846
877	-0,6153846
877	-5,6153846
877	12,3846154
877	5,3846154
878	-11,6153846
878	-7,6153846
878	14,3846154
878	5,3846154
879	16,3846154
879	-19,6153846
879	-7,6153846
879	25,3846154
880	22,3846154
880	7,3846154
880	18,3846154
880	0,3846154
880	11,3846154
881	10,3846154
881	2,3846154
881	-6,6153846
881	-29,6153846
882	-18,6153846
882	-5,6153846
882	16,3846154
882	2,3846154
883	-4,6153846
883	-1,6153846
883	12,3846154
883	-10,6153846
884	-3,6153846
884	-3,6153846
884	1,3846154
884	9,3846154
885	12,3846154
885	27,3846154
885	-9,6153846
885	14,3846154
886	-15,6153846
886	3,3846154
886	-7,6153846
886	-5,6153846
887	6,3846154
887	-11,6153846
887	-21,6153846
887	-18,6153846
888	7,3846154
888	-8,6153846
888	2,3846154
888	-26,6153846
889	0,3846154
889	-20,6153846
889	15,3846154
889	1,3846154
890	22,3846154
890	-16,6153846
890	19,3846154
890	-8,6153846
891	-11,6153846
891	6,3846154
891	18,3846154
891	-2,6153846
892	-18,6153846
892	-7,6153846
892	-14,6153846
892	22,3846154
893	17,3846154
893	-15,6153846
893	-14,6153846
893	4,3846154
894	3,3846154
894	5,3846154
894	4,3846154
894	14,3846154
894	17,3846154
895	7,3846154
895	1,3846154
895	7,3846154
895	7,3846154
896	30,3846154
896	14,3846154
896	-1,6153846
896	31,3846154
897	-8,6153846
897	5,3846154
897	33,3846154
897	40,3846154
898	4,3846154
898	6,3846154
898	2,3846154
898	5,3846154
899	-17,6153846
899	-8,6153846
899	-6,6153846
899	-1,6153846
900	31,3846154
900	21,3846154
900	-4,6153846
900	21,3846154
901	46,3846154
901	-6,6153846
901	24,3846154
901	-11,6153846
902	6,3846154
902	-10,6153846
902	-10,6153846
902	-2,6153846
903	-4,6153846
903	-0,6153846
903	-18,6153846
903	34,3846154
904	8,3846154
904	-4,6153846
904	30,3846154
904	4,3846154
905	-11,6153846
905	27,3846154
905	3,3846154
905	10,3846154
906	-14,6153846
906	3,3846154
906	-0,6153846
906	4,3846154
906	-30,6153846
907	-16,6153846
907	-28,6153846
907	1,3846154
907	-4,6153846
908	-8,6153846
908	13,3846154
908	22,3846154
908	-7,6153846
909	3,3846154
909	-23,6153846
909	-1,6153846
909	-19,6153846
910	2,3846154
910	3,3846154
910	9,3846154
910	-16,6153846
911	-8,6153846
911	-4,6153846
911	17,3846154
911	22,3846154
912	-0,6153846
912	-16,6153846
912	-4,6153846
912	9,3846154
913	-6,6153846
913	-3,6153846
913	7,3846154
913	-11,6153846
914	13,3846154
914	-2,6153846
914	21,3846154
914	-4,6153846
915	-30,6153846
915	-20,6153846
915	-1,6153846
915	15,3846154
916	20,3846154
916	19,3846154
916	17,3846154
916	3,3846154
917	-0,6153846
917	-4,6153846
917	-0,6153846
917	-8,6153846
917	11,3846154
918	4,3846154
918	14,3846154
918	-10,6153846
918	1,3846154
919	-8,6153846
919	-15,6153846
919	30,3846154
919	-19,6153846
920	-5,6153846
920	9,3846154
920	29,3846154
920	-2,6153846
921	15,3846154
921	19,3846154
921	-5,6153846
921	-17,6153846
922	-3,6153846
922	-1,6153846
922	-5,6153846
922	-3,6153846
923	8,3846154
923	-18,6153846
923	-30,6153846
923	-7,6153846
924	-0,6153846
924	4,3846154
924	-19,6153846
924	-7,6153846
925	-36,6153846
925	-12,6153846
925	-10,6153846
925	28,3846154
926	2,3846154
926	3,3846154
926	21,3846154
926	-6,6153846
927	-10,6153846
927	-2,6153846
927	-0,6153846
927	-7,6153846
928	-37,6153846
928	-20,6153846
928	-9,6153846
928	10,3846154
928	18,3846154
929	10,3846154
929	7,3846154
929	-0,6153846
929	-11,6153846
930	3,3846154
930	2,3846154
930	-21,6153846
930	1,3846154
931	14,3846154
931	3,3846154
931	10,3846154
931	18,3846154
932	-2,6153846
932	-8,6153846
932	1,3846154
932	-4,6153846
933	21,3846154
933	-3,6153846
933	7,3846154
933	-1,6153846
934	13,3846154
934	-3,6153846
934	0,3846154
934	11,3846154
935	21,3846154
935	4,3846154
935	-10,6153846
935	-8,6153846
936	-0,6153846
936	-7,6153846
936	-12,6153846
936	-7,6153846
937	12,3846154
937	18,3846154
937	4,3846154
937	-8,6153846
938	-4,6153846
938	2,3846154
938	-5,6153846
938	15,3846154
938	23,3846154
939	14,3846154
939	-6,6153846
939	23,3846154
939	26,3846154
940	9,3846154
940	-9,6153846
940	-31,6153846
940	-15,6153846
941	12,3846154
941	-11,6153846
941	-37,6153846
941	20,3846154
942	-23,6153846
942	7,3846154
942	-15,6153846
942	4,3846154
943	14,3846154
943	0,3846154
943	-19,6153846
943	-2,6153846
944	-14,6153846
944	-10,6153846
944	8,3846154
944	11,3846154
945	13,3846154
945	1,3846154
945	-13,6153846
945	-22,6153846
946	-1,6153846
946	-0,6153846
946	-2,6153846
946	-9,6153846
947	-14,6153846
947	0,3846154
947	-2,6153846
947	-2,6153846
947	2,3846154
948	-11,6153846
948	-3,6153846
948	2,3846154
948	11,3846154
949	9,3846154
949	-7,6153846
949	14,3846154
949	-1,6153846
950	1,3846154
950	-8,6153846
950	0,3846154
950	-23,6153846
951	-1,6153846
951	6,3846154
951	11,3846154
951	-15,6153846
952	-20,6153846
952	14,3846154
952	15,3846154
952	31,3846154
953	-27,6153846
953	-8,6153846
953	1,3846154
953	13,3846154
954	-26,6153846
954	6,3846154
954	3,3846154
954	-2,6153846
955	-0,6153846
955	-8,6153846
955	-9,6153846
955	-33,6153846
956	21,3846154
956	-1,6153846
956	-21,6153846
956	-15,6153846
956	-20,6153846
957	5,3846154
957	31,3846154
957	15,3846154
957	6,3846154
958	-1,6153846
958	-8,6153846
958	9,3846154
958	16,3846154
959	-21,6153846
959	17,3846154
959	0,3846154
959	1,3846154
960	11,3846154
960	-4,6153846
960	23,3846154
960	28,3846154
961	-0,6153846
961	8,3846154
961	5,3846154
961	-2,6153846
962	2,3846154
962	-35,6153846
962	7,3846154
962	0,3846154
963	16,3846154
963	-10,6153846
963	14,3846154
963	-12,6153846
964	7,3846154
964	33,3846154
964	-13,6153846
964	2,3846154
964	-9,6153846
965	1,3846154
965	-31,6153846
965	0,3846154
965	9,3846154
966	23,3846154
966	3,3846154
966	2,3846154
966	19,3846154
967	-12,6153846
967	-8,6153846
967	-0,6153846
967	7,3846154
968	-12,6153846
968	13,3846154
968	0,3846154
968	6,3846154
969	-7,6153846
969	-22,6153846
969	-2,6153846
969	0,3846154
970	11,3846154
970	-11,6153846
970	15,3846154
970	-9,6153846
971	0,3846154
971	-14,6153846
971	10,3846154
971	26,3846154
972	-0,6153846
972	-24,6153846
972	-16,6153846
972	-6,6153846
972	-2,6153846
973	-28,6153846
973	-16,6153846
973	14,3846154
973	-7,6153846
974	10,3846154
974	-3,6153846
974	13,3846154
974	7,3846154
975	-1,6153846
975	-11,6153846
975	13,3846154
975	6,3846154
976	-20,6153846
976	-20,6153846
976	8,3846154
976	-15,6153846
977	0,3846154
977	-15,6153846
977	0,3846154
977	26,3846154
978	30,3846154
978	18,3846154
978	-14,6153846
978	8,3846154
979	-4,6153846
979	22,3846154
979	14,3846154
979	14,3846154
980	-21,6153846
980	15,3846154
980	-11,6153846
980	-8,6153846
980	1,3846154
981	6,3846154
981	8,3846154
981	16,3846154
981	-1,6153846
982	-42,6153846
982	-23,6153846
982	12,3846154
982	7,3846154
983	5,3846154
983	-3,6153846
983	-0,6153846
983	5,3846154
984	27,3846154
984	23,3846154
984	15,3846154
984	-4,6153846
985	-18,6153846
985	-9,6153846
985	5,3846154
985	9,3846154
986	8,3846154
986	3,3846154
986	2,3846154
986	-12,6153846
987	-18,6153846
987	5,3846154
987	0,3846154
987	-13,6153846
988	13,3846154
988	16,3846154
988	0,3846154
988	38,3846154
988	27,3846154
989	-4,6153846
989	-13,6153846
989	-4,6153846
989	11,3846154
990	16,3846154
990	-8,6153846
990	-16,6153846
990	4,3846154
991	-3,6153846
991	-2,6153846
991	-0,6153846
991	1,3846154
992	6,3846154
992	12,3846154
992	-15,6153846
992	-1,6153846
993	2,3846154
993	-1,6153846
993	-10,6153846
993	13,3846154
994	-2,6153846
994	2,3846154
994	8,3846154
994	-4,6153846
995	14,3846154
995	6,3846154
995	17,3846154
995	12,3846154
995	4,3846154
996	-2,6153846
996	33,3846154
996	13,3846154
996	0,3846154
997	17,3846154
997	-21,6153846
997	-16,6153846
997	14,3846154
998	-12,6153846
998	-21,6153846
998	1,3846154
998	6,3846154
999	15,3846154
999	8,3846154
999	20,3846154
999	-6,6153846
1000	-8,6153846
1000	31,3846154
1000	12,3846154
1000	-9,6153846
1001	12,3846154
1001	-2,6153846
1001	22,3846154
1001	-20,6153846
1002	3,3846154
1002	-4,6153846
1002	9,3846154
1002	18,3846154
1002	-1,6153846
1003	5,3846154
1003	30,3846154
1003	10,3846154
1003	17,3846154
1004	24,3846154
1004	7,3846154
1004	20,3846154
1004	31,3846154
1005	-11,6153846
1005	-2,6153846
1005	-1,6153846
1005	-7,6153846
1006	-24,6153846
1006	3,3846154
1006	7,3846154
1006	-10,6153846
1007	4,3846154
1007	-0,6153846
1007	-18,6153846
1007	-15,6153846
1008	-28,6153846
1008	1,3846154
1008	5,3846154
1008	17,3846154
1008	-10,6153846
1009	7,3846154
1009	0,3846154
1009	17,3846154
1009	-4,6153846
1010	0,3846154
1010	-18,6153846
1010	-1,6153846
1010	-19,6153846
1011	9,3846154
1011	12,3846154
1011	12,3846154
1011	18,3846154
1012	5,3846154
1012	-4,6153846
1012	3,3846154
1012	-9,6153846
1013	-14,6153846
1013	-9,6153846
1013	10,3846154
1013	0,3846154
1014	15,3846154
1014	3,3846154
1014	8,3846154
1014	1,3846154
1015	-13,6153846
1015	12,3846154
1015	20,3846154
1015	-2,6153846
1015	2,3846154
1016	22,3846154
1016	18,3846154
1016	15,3846154
1016	7,3846154
1017	-2,6153846
1017	-25,6153846
1017	-10,6153846
1017	-17,6153846
1018	-1,6153846
1018	-1,6153846
1018	3,3846154
1018	-28,6153846
1019	-10,6153846
1019	-3,6153846
1019	0,3846154
1019	-1,6153846
1020	-18,6153846
1020	5,3846154
1020	-0,6153846
1020	32,3846154
1021	21,3846154
1021	9,3846154
1021	2,3846154
1021	-2,6153846
1021	-15,6153846
1022	-16,6153846
1022	-3,6153846
1022	-2,6153846
1022	-14,6153846
1023	-25,6153846
1023	0,3846154
1023	7,3846154
1023	5,3846154
1024	-25,6153846
1024	-36,6153846
1024	16,3846154
1024	5,3846154
1025	3,3846154
1025	-17,6153846
1025	-7,6153846
1025	27,3846154
1026	13,3846154
1026	7,3846154
1026	-12,6153846
1026	13,3846154
1027	15,3846154
1027	3,3846154
1027	24,3846154
1027	12,3846154
1027	-12,6153846
1028	-26,6153846
1028	-6,6153846
1028	14,3846154
1028	25,3846154
1029	-18,6153846
1029	-10,6153846
1029	-3,6153846
1029	7,3846154
1030	23,3846154
1030	5,3846154
1030	29,3846154
1030	-16,6153846
1031	12,3846154
1031	-2,6153846
1031	12,3846154
1031	-34,6153846
1032	-21,6153846
1032	2,3846154
1032	4,3846154
1032	17,3846154
1033	9,3846154
1033	15,3846154
1033	7,3846154
1033	1,3846154
1034	34,3846154
1034	1,3846154
1034	-20,6153846
1034	-0,6153846
1034	-11,6153846
1035	-9,6153846
1035	-28,6153846
1035	-10,6153846
1035	2,3846154
1036	31,3846154
1036	4,3846154
1036	22,3846154
1036	-11,6153846
1037	-16,6153846
1037	-14,6153846
1037	-7,6153846
1037	6,3846154
1038	8,3846154
1038	-2,6153846
1038	-10,6153846
1038	-6,6153846
1039	-0,6153846
1039	2,3846154
1039	6,3846154
1039	9,3846154
1039	7,3846154
1040	-16,6153846
1040	1,3846154
1040	-3,6153846
1040	23,3846154
1041	11,3846154
1041	-4,6153846
1041	3,3846154
1041	29,3846154
1042	12,3846154
1042	21,3846154
1042	15,3846154
1042	17,3846154
1043	-11,6153846
1043	28,3846154
1043	12,3846154
1043	-20,6153846
1044	-16,6153846
1044	-27,6153846
1044	5,3846154
1044	-25,6153846
1045	0,3846154
1045	-1,6153846
1045	-0,6153846
1045	-22,6153846
1045	-14,6153846
1046	4,3846154
1046	-4,6153846
1046	10,3846154
1046	11,3846154
1047	-19,6153846
1047	17,3846154
1047	-26,6153846
1047	15,3846154
1048	8,3846154
1048	9,3846154
1048	37,3846154
1048	34,3846154
1049	-15,6153846
1049	2,3846154
1049	0,3846154
1049	2,3846154
1050	-11,6153846
1050	-22,6153846
1050	-12,6153846
1050	-5,6153846
1051	16,3846154
1051	10,3846154
1051	-5,6153846
1051	-0,6153846
1051	-21,6153846
1052	-1,6153846
1052	14,3846154
1052	-5,6153846
1052	-33,6153846
1053	-14,6153846
1053	16,3846154
1053	-11,6153846
1053	-9,6153846
1054	5,3846154
1054	0,3846154
1054	23,3846154
1054	4,3846154
1055	13,3846154
1055	-17,6153846
1055	1,3846154
1055	-0,6153846
1056	1,3846154
1056	8,3846154
1056	-5,6153846
1056	12,3846154
1056	-11,6153846
1057	17,3846154
1057	2,3846154
1057	19,3846154
1057	13,3846154
1058	-3,6153846
1058	1,3846154
1058	-14,6153846
1058	20,3846154
1059	22,3846154
1059	-6,6153846
1059	1,3846154
1059	6,3846154
1060	19,3846154
1060	10,3846154
1060	-3,6153846
1060	28,3846154
1061	7,3846154
1061	-1,6153846
1061	-6,6153846
1061	4,3846154
1062	14,3846154
1062	10,3846154
1062	7,3846154
1062	19,3846154
1062	15,3846154
1063	-0,6153846
1063	-10,6153846
1063	20,3846154
1063	15,3846154
1064	-26,6153846
1064	22,3846154
1064	15,3846154
1064	-18,6153846
1065	18,3846154
1065	-12,6153846
1065	0,3846154
1065	10,3846154
1066	14,3846154
1066	17,3846154
1066	-3,6153846
1066	19,3846154
1067	16,3846154
1067	20,3846154
1067	-6,6153846
1067	13,3846154
1067	13,3846154
1068	0,3846154
1068	9,3846154
1068	11,3846154
1068	15,3846154
1069	15,3846154
1069	0,3846154
1069	-8,6153846
1069	2,3846154
1070	15,3846154
1070	-0,6153846
1070	-10,6153846
1070	8,3846154
1071	13,3846154
1071	22,3846154
1071	-5,6153846
1071	-13,6153846
1072	2,3846154
1072	9,3846154
1072	-8,6153846
1072	16,3846154
1072	31,3846154
1073	3,3846154
1073	-11,6153846
1073	-19,6153846
1073	-19,6153846
1074	-27,6153846
1074	0,3846154
1074	11,3846154
1074	-8,6153846
1075	14,3846154
1075	8,3846154
1075	-3,6153846
1075	3,3846154
1076	-15,6153846
1076	15,3846154
1076	21,3846154
1076	22,3846154
1077	35,3846154
1077	4,3846154
1077	-5,6153846
1077	-14,6153846
1077	5,3846154
1078	-11,6153846
1078	-26,6153846
1078	-26,6153846
1078	-30,6153846
1079	4,3846154
1079	8,3846154
1079	-11,6153846
1079	8,3846154
1080	20,3846154
1080	-17,6153846
1080	-18,6153846
1080	17,3846154
1081	-15,6153846
1081	8,3846154
1081	17,3846154
1081	21,3846154
1082	18,3846154
1082	-10,6153846
1082	3,3846154
1082	-13,6153846
1082	-10,6153846
1083	-18,6153846
1083	18,3846154
1083	-7,6153846
1083	9,3846154
1084	20,3846154
1084	18,3846154
1084	28,3846154
1084	0,3846154
1085	-13,6153846
1085	-16,6153846
1085	10,3846154
1085	9,3846154
1086	20,3846154
1086	6,3846154
1086	3,3846154
1086	11,3846154
1087	2,3846154
1087	-12,6153846
1087	14,3846154
1087	-9,6153846
1087	9,3846154
1088	0,3846154
1088	18,3846154
1088	0,3846154
1088	11,3846154
1089	6,3846154
1089	2,3846154
1089	-14,6153846
1089	8,3846154
1090	0,3846154
1090	-3,6153846
1090	-5,6153846
1090	4,3846154
1091	8,3846154
1091	-3,6153846
1091	-6,6153846
1091	6,3846154
1092	45,3846154
1092	5,3846154
1092	-15,6153846
1092	-1,6153846
1092	-25,6153846
1093	-6,6153846
1093	17,3846154
1093	-31,6153846
1093	-12,6153846
1094	-0,6153846
1094	-10,6153846
1094	-8,6153846
1094	5,3846154
1095	30,3846154
1095	36,3846154
1095	0,3846154
1095	6,3846154
1096	26,3846154
1096	-27,6153846
1096	-30,6153846
1096	-1,6153846
1097	2,3846154
1097	-6,6153846
1097	1,3846154
1097	10,3846154
1097	7,3846154
1098	-8,6153846
1098	14,3846154
1098	-10,6153846
1098	-13,6153846
1099	12,3846154
1099	15,3846154
1099	7,3846154
1099	11,3846154
1100	-10,6153846
1100	1,3846154
1100	13,3846154
1100	-9,6153846
1101	4,3846154
1101	13,3846154
1101	40,3846154
1101	13,3846154
1101	7,3846154
1102	-0,6153846
1102	35,3846154
1102	-4,6153846
1102	-14,6153846
1103	-7,6153846
1103	2,3846154
1103	1,3846154
1103	5,3846154
1104	-19,6153846
1104	7,3846154
1104	10,3846154
1104	24,3846154
1105	10,3846154
1105	1,3846154
1105	18,3846154
1105	21,3846154
1106	19,3846154
1106	1,3846154
1106	-23,6153846
1106	-14,6153846
1106	-10,6153846
1107	0,3846154
1107	40,3846154
1107	21,3846154
1107	-10,6153846
1108	-25,6153846
1108	-9,6153846
1108	22,3846154
1108	-7,6153846
1109	4,3846154
1109	-2,6153846
1109	-4,6153846
1109	1,3846154
1110	9,3846154
1110	46,3846154
1110	15,3846154
1110	-4,6153846
1110	-20,6153846
1111	7,3846154
1111	22,3846154
1111	-2,6153846
1111	-8,6153846
1112	18,3846154
1112	30,3846154
1112	-5,6153846
1112	-3,6153846
1113	-9,6153846
1113	-33,6153846
1113	-16,6153846
1113	25,3846154
1114	16,3846154
1114	-15,6153846
1114	-0,6153846
1114	-3,6153846
1115	-1,6153846
1115	9,3846154
1115	13,3846154
1115	-22,6153846
1115	-5,6153846
1116	10,3846154
1116	-4,6153846
1116	-15,6153846
1116	-9,6153846
1117	21,3846154
1117	5,3846154
1117	-5,6153846
1117	5,3846154
1118	11,3846154
