196	-12,4615385
196	-12,4615385
196	-12,4615385
197	-10,4615385
197	-0,4615385
197	29,5384615
197	21,5384615
198	-6,4615385
198	11,5384615
198	-14,4615385
199	1,5384615
199	1,5384615
199	3,5384615
199	3,5384615
200	45,5384615
200	-0,4615385
200	7,5384615
200	-17,4615385
201	-7,4615385
201	-24,4615385
201	13,5384615
201	14,5384615
202	20,5384615
202	-0,4615385
202	-24,4615385
203	-13,4615385
203	-2,4615385
203	26,5384615
203	8,5384615
204	34,5384615
204	10,5384615
204	-9,4615385
204	-7,4615385
205	-11,4615385
205	-21,4615385
205	-25,4615385
205	9,5384615
206	-4,4615385
206	27,5384615
206	14,5384615
207	1,5384615
207	-5,4615385
207	2,5384615
207	6,5384615
208	1,5384615
208	6,5384615
208	-22,4615385
208	22,5384615
209	12,5384615
209	-2,4615385
209	14,5384615
209	-25,4615385
210	9,5384615
210	0,5384615
210	-17,4615385
211	-31,4615385
211	17,5384615
211	0,5384615
211	-7,4615385
212	9,5384615
212	9,5384615
212	8,5384615
212	-3,4615385
213	-11,4615385
213	-5,4615385
213	1,5384615
213	15,5384615
214	4,5384615
214	-6,4615385
214	8,5384615
215	-2,4615385
215	-22,4615385
215	-16,4615385
215	7,5384615
216	-10,4615385
216	0,5384615
216	16,5384615
216	-9,4615385
217	-11,4615385
217	-8,4615385
217	1,5384615
217	-7,4615385
218	-1,4615385
218	1,5384615
218	-4,4615385
219	15,5384615
219	-1,4615385
219	14,5384615
219	-0,4615385
220	15,5384615
220	-18,4615385
220	-1,4615385
220	-14,4615385
221	1,5384615
221	-15,4615385
221	-8,4615385
221	18,5384615
222	-6,4615385
222	7,5384615
222	-16,4615385
223	30,5384615
223	-8,4615385
223	4,5384615
223	-35,4615385
224	12,5384615
224	-24,4615385
224	-2,4615385
224	-9,4615385
225	26,5384615
225	-9,4615385
225	2,5384615
225	-3,4615385
226	-1,4615385
226	-14,4615385
226	12,5384615
227	14,5384615
227	-2,4615385
227	2,5384615
227	19,5384615
228	-15,4615385
228	-11,4615385
228	22,5384615
228	-3,4615385
229	9,5384615
229	-11,4615385
229	-25,4615385
229	3,5384615
230	19,5384615
230	-6,4615385
230	-0,4615385
231	2,5384615
231	7,5384615
231	-19,4615385
231	23,5384615
232	16,5384615
232	-8,4615385
232	10,5384615
232	3,5384615
233	-11,4615385
233	-1,4615385
233	1,5384615
233	-14,4615385
234	-13,4615385
234	21,5384615
234	-18,4615385
235	10,5384615
235	19,5384615
235	-11,4615385
235	-0,4615385
236	3,5384615
236	9,5384615
236	10,5384615
236	0,5384615
237	-2,4615385
237	-4,4615385
237	18,5384615
237	-2,4615385
238	6,5384615
238	-8,4615385
238	4,5384615
239	2,5384615
239	-9,4615385
239	-12,4615385
239	18,5384615
240	0,5384615
240	11,5384615
240	-2,4615385
240	10,5384615
241	30,5384615
241	9,5384615
241	-8,4615385
241	15,5384615
242	-14,4615385
242	-20,4615385
242	-3,4615385
243	7,5384615
243	28,5384615
243	-4,4615385
243	12,5384615
244	-4,4615385
244	-13,4615385
244	-3,4615385
244	-4,4615385
245	-3,4615385
245	21,5384615
245	-1,4615385
245	-7,4615385
246	-25,4615385
246	9,5384615
246	-14,4615385
247	-9,4615385
247	-4,4615385
247	-2,4615385
247	12,5384615
248	2,5384615
248	5,5384615
248	0,5384615
248	19,5384615
249	7,5384615
249	-18,4615385
249	-2,4615385
249	4,5384615
250	16,5384615
250	15,5384615
250	15,5384615
251	0,5384615
251	6,5384615
251	-6,4615385
251	-18,4615385
252	-10,4615385
252	0,5384615
252	19,5384615
252	1,5384615
253	1,5384615
253	-12,4615385
253	-21,4615385
253	18,5384615
254	19,5384615
254	-6,4615385
254	-14,4615385
254	-5,4615385
255	-28,4615385
255	0,5384615
255	12,5384615
256	-18,4615385
256	2,5384615
256	-7,4615385
256	11,5384615
257	6,5384615
257	11,5384615
257	14,5384615
257	9,5384615
258	-8,4615385
258	-9,4615385
258	-1,4615385
258	-8,4615385
259	0,5384615
259	-0,4615385
259	-18,4615385
260	-5,4615385
260	-7,4615385
260	-13,4615385
260	-18,4615385
261	-2,4615385
261	5,5384615
261	-1,4615385
261	9,5384615
262	-1,4615385
262	0,5384615
262	-10,4615385
262	-19,4615385
263	26,5384615
263	-14,4615385
263	3,5384615
264	7,5384615
264	15,5384615
264	11,5384615
264	-5,4615385
265	-5,4615385
265	-4,4615385
265	4,5384615
265	-6,4615385
266	5,5384615
266	0,5384615
266	-2,4615385
266	-2,4615385
267	12,5384615
267	-4,4615385
267	13,5384615
268	18,5384615
268	13,5384615
268	29,5384615
268	20,5384615
269	-6,4615385
269	8,5384615
269	-32,4615385
269	0,5384615
270	-1,4615385
270	-10,4615385
270	-9,4615385
270	17,5384615
271	-1,4615385
271	-1,4615385
271	13,5384615
271	-15,4615385
272	-5,4615385
272	-8,4615385
272	-37,4615385
273	14,5384615
273	-3,4615385
273	2,5384615
273	2,5384615
274	-1,4615385
274	-11,4615385
274	-8,4615385
274	3,5384615
275	35,5384615
275	7,5384615
275	7,5384615
275	8,5384615
276	8,5384615
276	3,5384615
276	-19,4615385
277	5,5384615
277	32,5384615
277	16,5384615
277	4,5384615
278	16,5384615
278	34,5384615
278	-7,4615385
278	-12,4615385
279	6,5384615
279	-2,4615385
279	13,5384615
279	24,5384615
280	-2,4615385
280	1,5384615
280	-8,4615385
280	-5,4615385
281	1,5384615
281	2,5384615
281	18,5384615
282	-16,4615385
282	8,5384615
282	-17,4615385
282	-18,4615385
283	-27,4615385
283	-35,4615385
283	4,5384615
283	11,5384615
284	8,5384615
284	-4,4615385
284	11,5384615
284	6,5384615
285	0,5384615
285	9,5384615
285	14,5384615
286	1,5384615
286	-7,4615385
286	-10,4615385
286	17,5384615
287	29,5384615
287	-13,4615385
287	-6,4615385
287	8,5384615
288	-5,4615385
288	11,5384615
288	12,5384615
288	7,5384615
289	12,5384615
289	2,5384615
289	4,5384615
290	2,5384615
290	-20,4615385
290	15,5384615
290	-13,4615385
291	7,5384615
291	-4,4615385
291	1,5384615
291	0,5384615
292	19,5384615
292	1,5384615
292	-11,4615385
292	28,5384615
293	30,5384615
293	22,5384615
293	36,5384615
293	11,5384615
294	6,5384615
294	-4,4615385
294	-1,4615385
295	-7,4615385
295	13,5384615
295	14,5384615
295	10,5384615
296	23,5384615
296	5,5384615
296	33,5384615
296	12,5384615
297	1,5384615
297	26,5384615
297	10,5384615
297	9,5384615
298	43,5384615
298	-13,4615385
298	16,5384615
299	-8,4615385
299	43,5384615
299	39,5384615
299	28,5384615
300	1,5384615
300	4,5384615
300	-28,4615385
300	6,5384615
301	-17,4615385
301	0,5384615
301	-10,4615385
301	11,5384615
302	-18,4615385
302	7,5384615
302	19,5384615
302	27,5384615
303	15,5384615
303	-2,4615385
303	-5,4615385
304	-9,4615385
304	-4,4615385
304	20,5384615
304	0,5384615
305	14,5384615
305	26,5384615
305	-3,4615385
305	-2,4615385
306	11,5384615
306	7,5384615
306	-6,4615385
306	37,5384615
307	9,5384615
307	26,5384615
307	-2,4615385
307	3,5384615
308	15,5384615
308	16,5384615
308	39,5384615
309	42,5384615
309	12,5384615
309	40,5384615
309	30,5384615
310	19,5384615
310	6,5384615
310	-0,4615385
310	-1,4615385
311	26,5384615
311	45,5384615
311	44,5384615
311	35,5384615
312	66,5384615
312	54,5384615
312	64,5384615
313	59,5384615
313	58,5384615
313	52,5384615
313	60,5384615
314	56,5384615
314	57,5384615
314	55,5384615
314	44,5384615
315	40,5384615
315	63,5384615
315	59,5384615
315	51,5384615
316	56,5384615
316	39,5384615
316	33,5384615
316	53,5384615
317	48,5384615
317	47,5384615
317	38,5384615
318	41,5384615
318	43,5384615
318	49,5384615
318	25,5384615
319	23,5384615
319	25,5384615
319	17,5384615
319	41,5384615
320	22,5384615
320	16,5384615
320	12,5384615
320	9,5384615
321	18,5384615
321	10,5384615
321	-6,4615385
321	4,5384615
322	28,5384615
322	34,5384615
322	7,5384615
323	3,5384615
323	-6,4615385
323	8,5384615
323	23,5384615
324	-1,4615385
324	9,5384615
324	-15,4615385
324	23,5384615
325	-27,4615385
325	-31,4615385
325	-0,4615385
325	3,5384615
326	-6,4615385
326	-3,4615385
326	7,5384615
327	3,5384615
327	8,5384615
327	14,5384615
327	-11,4615385
328	17,5384615
328	-12,4615385
328	27,5384615
328	2,5384615
329	0,5384615
329	4,5384615
329	14,5384615
329	24,5384615
330	4,5384615
330	7,5384615
330	32,5384615
330	36,5384615
331	23,5384615
331	24,5384615
331	43,5384615
332	43,5384615
332	59,5384615
332	83,5384615
332	77,5384615
333	76,5384615
333	48,5384615
333	85,5384615
333	68,5384615
334	52,5384615
334	68,5384615
334	95,5384615
334	69,5384615
335	75,5384615
335	56,5384615
335	63,5384615
335	74,5384615
336	95,5384615
336	117,5384615
336	107,5384615
337	74,5384615
337	93,5384615
337	96,5384615
337	92,5384615
338	86,5384615
338	79,5384615
338	69,5384615
338	95,5384615
339	83,5384615
339	69,5384615
339	70,5384615
339	73,5384615
340	47,5384615
340	59,5384615
340	37,5384615
340	36,5384615
341	30,5384615
341	41,5384615
341	44,5384615
342	40,5384615
342	34,5384615
342	33,5384615
342	11,5384615
343	23,5384615
343	6,5384615
343	24,5384615
343	22,5384615
344	12,5384615
344	15,5384615
344	16,5384615
344	16,5384615
345	9,5384615
345	18,5384615
345	14,5384615
345	23,5384615
346	3,5384615
346	9,5384615
346	-0,4615385
347	3,5384615
347	12,5384615
347	23,5384615
347	7,5384615
348	-0,4615385
348	19,5384615
348	25,5384615
348	10,5384615
349	13,5384615
349	-8,4615385
349	6,5384615
349	27,5384615
350	19,5384615
350	17,5384615
350	21,5384615
350	43,5384615
351	30,5384615
351	26,5384615
351	18,5384615
352	15,5384615
352	91,5384615
352	51,5384615
352	63,5384615
353	70,5384615
353	79,5384615
353	50,5384615
353	81,5384615
354	66,5384615
354	77,5384615
354	88,5384615
354	78,5384615
355	65,5384615
355	84,5384615
355	53,5384615
355	55,5384615
356	44,5384615
356	65,5384615
356	77,5384615
357	59,5384615
357	58,5384615
357	70,5384615
357	77,5384615
358	91,5384615
358	94,5384615
358	77,5384615
358	79,5384615
359	42,5384615
359	60,5384615
359	57,5384615
359	43,5384615
360	56,5384615
360	51,5384615
360	43,5384615
360	51,5384615
361	37,5384615
361	32,5384615
361	43,5384615
362	55,5384615
362	81,5384615
362	52,5384615
362	62,5384615
363	28,5384615
363	24,5384615
363	9,5384615
363	33,5384615
364	23,5384615
364	6,5384615
364	8,5384615
364	29,5384615
365	39,5384615
365	18,5384615
365	0,5384615
365	17,5384615
366	-1,4615385
366	5,5384615
366	6,5384615
367	17,5384615
367	20,5384615
367	35,5384615
367	15,5384615
368	18,5384615
368	15,5384615
368	10,5384615
368	10,5384615
369	-2,4615385
369	-4,4615385
369	11,5384615
369	13,5384615
370	20,5384615
370	3,5384615
370	2,5384615
370	30,5384615
371	31,5384615
371	27,5384615
371	37,5384615
371	32,5384615
372	35,5384615
372	11,5384615
372	14,5384615
373	17,5384615
373	39,5384615
373	6,5384615
373	24,5384615
374	27,5384615
374	27,5384615
374	33,5384615
374	30,5384615
375	53,5384615
375	57,5384615
375	49,5384615
375	38,5384615
376	46,5384615
376	42,5384615
376	47,5384615
376	45,5384615
377	40,5384615
377	40,5384615
377	61,5384615
378	31,5384615
378	29,5384615
378	60,5384615
378	27,5384615
379	46,5384615
379	18,5384615
379	47,5384615
379	60,5384615
380	33,5384615
380	21,5384615
380	51,5384615
380	37,5384615
381	59,5384615
381	31,5384615
381	50,5384615
381	33,5384615
382	39,5384615
382	23,5384615
382	47,5384615
383	11,5384615
383	12,5384615
383	37,5384615
383	14,5384615
384	6,5384615
384	36,5384615
384	33,5384615
384	40,5384615
385	32,5384615
385	29,5384615
385	23,5384615
385	20,5384615
386	35,5384615
386	20,5384615
386	8,5384615
386	27,5384615
387	21,5384615
387	3,5384615
387	-6,4615385
387	3,5384615
388	17,5384615
388	24,5384615
388	5,5384615
389	-20,4615385
389	-24,4615385
389	4,5384615
389	17,5384615
390	5,5384615
390	12,5384615
390	29,5384615
390	-0,4615385
391	19,5384615
391	27,5384615
391	10,5384615
391	-0,4615385
392	-2,4615385
392	-7,4615385
392	13,5384615
392	38,5384615
393	24,5384615
393	6,5384615
393	25,5384615
394	24,5384615
394	-4,4615385
394	6,5384615
394	37,5384615
395	-9,4615385
395	22,5384615
395	24,5384615
395	29,5384615
396	1,5384615
396	12,5384615
396	-4,4615385
396	22,5384615
397	-6,4615385
397	54,5384615
397	22,5384615
397	38,5384615
398	10,5384615
398	8,5384615
398	12,5384615
398	30,5384615
399	20,5384615
399	38,5384615
399	33,5384615
400	31,5384615
400	37,5384615
400	29,5384615
400	22,5384615
401	19,5384615
401	25,5384615
401	12,5384615
401	10,5384615
402	38,5384615
402	-7,4615385
402	21,5384615
402	-12,4615385
403	12,5384615
403	56,5384615
403	23,5384615
403	4,5384615
404	5,5384615
404	46,5384615
404	31,5384615
405	23,5384615
405	35,5384615
405	35,5384615
405	20,5384615
406	22,5384615
406	21,5384615
406	18,5384615
406	15,5384615
407	22,5384615
407	1,5384615
407	-4,4615385
407	35,5384615
408	28,5384615
408	21,5384615
408	-10,4615385
408	12,5384615
409	27,5384615
409	8,5384615
409	16,5384615
409	32,5384615
410	37,5384615
410	35,5384615
410	54,5384615
411	21,5384615
411	17,5384615
411	2,5384615
411	-3,4615385
412	-5,4615385
412	21,5384615
412	-2,4615385
412	10,5384615
413	-13,4615385
413	-4,4615385
413	19,5384615
413	-8,4615385
414	2,5384615
414	4,5384615
414	-4,4615385
414	9,5384615
415	9,5384615
415	17,5384615
415	-0,4615385
415	-3,4615385
416	-1,4615385
416	5,5384615
416	18,5384615
417	35,5384615
417	3,5384615
417	9,5384615
417	10,5384615
418	8,5384615
418	-3,4615385
418	-3,4615385
418	-3,4615385
419	12,5384615
419	10,5384615
419	25,5384615
419	10,5384615
420	8,5384615
420	14,5384615
420	43,5384615
420	21,5384615
421	36,5384615
421	8,5384615
421	0,5384615
421	-9,4615385
422	7,5384615
422	3,5384615
422	-2,4615385
423	33,5384615
423	22,5384615
423	51,5384615
423	26,5384615
424	6,5384615
424	-23,4615385
424	-5,4615385
424	21,5384615
425	23,5384615
425	-2,4615385
425	10,5384615
425	5,5384615
426	-1,4615385
426	13,5384615
426	29,5384615
426	38,5384615
427	31,5384615
427	-4,4615385
427	0,5384615
427	22,5384615
428	13,5384615
428	25,5384615
428	-1,4615385
429	18,5384615
429	20,5384615
429	-1,4615385
429	65,5384615
430	36,5384615
430	7,5384615
430	-6,4615385
430	-5,4615385
431	9,5384615
431	15,5384615
431	12,5384615
431	39,5384615
432	18,5384615
432	-0,4615385
432	28,5384615
432	38,5384615
433	-5,4615385
433	4,5384615
433	14,5384615
433	-5,4615385
434	-13,4615385
434	10,5384615
434	3,5384615
435	-3,4615385
435	12,5384615
435	8,5384615
435	-2,4615385
436	6,5384615
436	26,5384615
436	22,5384615
436	38,5384615
437	17,5384615
437	1,5384615
437	11,5384615
437	-35,4615385
438	-1,4615385
438	30,5384615
438	31,5384615
438	22,5384615
439	11,5384615
439	-6,4615385
439	6,5384615
439	42,5384615
440	30,5384615
440	23,5384615
440	-1,4615385
441	-6,4615385
441	-11,4615385
441	9,5384615
441	24,5384615
442	17,5384615
442	-0,4615385
442	10,5384615
442	-8,4615385
443	-21,4615385
443	5,5384615
443	7,5384615
443	-2,4615385
444	-19,4615385
444	-1,4615385
444	1,5384615
444	15,5384615
445	3,5384615
445	-9,4615385
445	15,5384615
445	22,5384615
446	-17,4615385
446	-2,4615385
446	6,5384615
447	15,5384615
447	6,5384615
447	8,5384615
447	6,5384615
448	28,5384615
448	-26,4615385
448	-9,4615385
448	-29,4615385
449	-2,4615385
449	-4,4615385
449	10,5384615
449	-15,4615385
450	7,5384615
450	-9,4615385
450	-5,4615385
450	25,5384615
451	5,5384615
451	-9,4615385
451	7,5384615
451	22,5384615
452	1,5384615
452	-12,4615385
452	7,5384615
452	-8,4615385
453	-8,4615385
453	-7,4615385
453	2,5384615
454	8,5384615
454	14,5384615
454	23,5384615
454	8,5384615
455	-2,4615385
455	-12,4615385
455	-14,4615385
455	-23,4615385
456	3,5384615
456	5,5384615
456	-4,4615385
456	22,5384615
457	-0,4615385
457	1,5384615
457	17,5384615
457	5,5384615
458	-3,4615385
458	4,5384615
458	-15,4615385
458	19,5384615
459	-14,4615385
459	-6,4615385
459	9,5384615
460	27,5384615
460	4,5384615
460	34,5384615
460	3,5384615
461	-4,4615385
461	4,5384615
461	13,5384615
461	4,5384615
462	9,5384615
462	3,5384615
462	-19,4615385
462	10,5384615
463	-9,4615385
463	-12,4615385
463	-19,4615385
463	-7,4615385
464	-3,4615385
464	30,5384615
464	-6,4615385
464	-9,4615385
465	4,5384615
465	16,5384615
465	25,5384615
465	-7,4615385
466	3,5384615
466	9,5384615
466	1,5384615
467	18,5384615
467	-2,4615385
467	14,5384615
467	-9,4615385
468	0,5384615
468	19,5384615
468	-1,4615385
468	-8,4615385
469	13,5384615
469	8,5384615
469	-23,4615385
469	-0,4615385
470	17,5384615
470	20,5384615
470	12,5384615
470	-8,4615385
471	4,5384615
471	-15,4615385
471	22,5384615
471	-3,4615385
472	7,5384615
472	16,5384615
472	-0,4615385
472	34,5384615
473	-11,4615385
473	32,5384615
473	-0,4615385
474	6,5384615
474	-0,4615385
474	39,5384615
474	-18,4615385
475	-16,4615385
475	6,5384615
475	14,5384615
475	9,5384615
476	-10,4615385
476	7,5384615
476	7,5384615
476	2,5384615
477	10,5384615
477	8,5384615
477	-38,4615385
477	-16,4615385
478	-5,4615385
478	-18,4615385
478	-15,4615385
478	-20,4615385
479	-13,4615385
479	18,5384615
479	20,5384615
479	3,5384615
480	33,5384615
480	-4,4615385
480	13,5384615
481	8,5384615
481	4,5384615
481	10,5384615
481	16,5384615
482	24,5384615
482	1,5384615
482	-21,4615385
482	2,5384615
483	-4,4615385
483	-4,4615385
483	20,5384615
483	4,5384615
484	-0,4615385
484	30,5384615
484	24,5384615
484	-5,4615385
485	-6,4615385
485	0,5384615
485	-0,4615385
485	0,5384615
486	-6,4615385
486	-7,4615385
486	-5,4615385
486	-0,4615385
487	-10,4615385
487	28,5384615
487	14,5384615
488	-11,4615385
488	8,5384615
488	-9,4615385
488	-6,4615385
489	-2,4615385
489	7,5384615
489	-0,4615385
489	10,5384615
490	14,5384615
490	4,5384615
490	8,5384615
490	4,5384615
491	7,5384615
491	15,5384615
491	-2,4615385
491	1,5384615
492	-12,4615385
492	-7,4615385
492	17,5384615
492	2,5384615
493	-22,4615385
493	-9,4615385
493	8,5384615
493	-12,4615385
494	-38,4615385
494	1,5384615
494	2,5384615
495	-0,4615385
495	-8,4615385
495	23,5384615
495	-4,4615385
496	17,5384615
496	10,5384615
496	6,5384615
496	-9,4615385
497	-14,4615385
497	2,5384615
497	-4,4615385
497	-2,4615385
498	-0,4615385
498	-18,4615385
498	5,5384615
498	-4,4615385
499	-0,4615385
499	21,5384615
499	4,5384615
499	55,5384615
500	24,5384615
500	4,5384615
500	-19,4615385
500	3,5384615
501	-0,4615385
501	-8,4615385
501	11,5384615
502	1,5384615
502	15,5384615
502	0,5384615
502	-35,4615385
503	5,5384615
503	4,5384615
503	20,5384615
503	-7,4615385
504	-9,4615385
504	-6,4615385
504	-14,4615385
504	19,5384615
505	13,5384615
505	-2,4615385
505	-4,4615385
505	-1,4615385
506	-8,4615385
506	-6,4615385
506	-6,4615385
506	16,5384615
507	-1,4615385
507	2,5384615
507	-4,4615385
507	-1,4615385
508	5,5384615
508	12,5384615
508	21,5384615
508	24,5384615
509	-14,4615385
509	7,5384615
509	-2,4615385
510	-14,4615385
510	-2,4615385
510	10,5384615
510	29,5384615
511	36,5384615
511	24,5384615
511	-4,4615385
511	2,5384615
512	14,5384615
512	4,5384615
512	8,5384615
512	-14,4615385
513	-35,4615385
513	1,5384615
513	5,5384615
513	-28,4615385
514	-19,4615385
514	4,5384615
514	0,5384615
514	-10,4615385
515	1,5384615
515	1,5384615
515	-7,4615385
515	25,5384615
516	27,5384615
516	13,5384615
516	10,5384615
516	-9,4615385
517	-14,4615385
517	1,5384615
517	-2,4615385
518	-7,4615385
518	25,5384615
518	14,5384615
518	1,5384615
519	43,5384615
519	51,5384615
519	-0,4615385
519	23,5384615
520	-15,4615385
520	0,5384615
520	28,5384615
520	11,5384615
521	-6,4615385
521	6,5384615
521	-3,4615385
521	10,5384615
522	44,5384615
522	31,5384615
522	-3,4615385
522	-2,4615385
523	9,5384615
523	10,5384615
523	4,5384615
523	-33,4615385
524	1,5384615
524	-25,4615385
524	33,5384615
524	16,5384615
525	2,5384615
525	-0,4615385
525	11,5384615
526	-2,4615385
526	17,5384615
526	21,5384615
526	3,5384615
527	0,5384615
527	2,5384615
527	-14,4615385
527	7,5384615
528	27,5384615
528	17,5384615
528	15,5384615
528	37,5384615
529	34,5384615
529	-2,4615385
529	-2,4615385
529	21,5384615
530	6,5384615
530	-1,4615385
530	-0,4615385
530	-6,4615385
531	8,5384615
531	-14,4615385
531	22,5384615
531	15,5384615
532	-10,4615385
532	-5,4615385
532	-1,4615385
532	5,5384615
533	21,5384615
533	5,5384615
533	5,5384615
534	4,5384615
534	11,5384615
534	4,5384615
534	10,5384615
535	7,5384615
535	-0,4615385
535	0,5384615
535	13,5384615
536	8,5384615
536	10,5384615
536	-0,4615385
536	1,5384615
537	11,5384615
537	8,5384615
537	12,5384615
537	-6,4615385
538	2,5384615
538	-27,4615385
538	15,5384615
538	6,5384615
539	4,5384615
539	1,5384615
539	-12,4615385
539	3,5384615
540	-7,4615385
540	-2,4615385
540	29,5384615
540	2,5384615
541	-3,4615385
541	-6,4615385
541	-7,4615385
541	2,5384615
542	17,5384615
542	-14,4615385
542	3,5384615
543	2,5384615
543	-24,4615385
543	6,5384615
543	29,5384615
544	-7,4615385
544	-6,4615385
544	-10,4615385
544	26,5384615
545	-19,4615385
545	-3,4615385
545	0,5384615
545	-17,4615385
546	29,5384615
546	16,5384615
546	2,5384615
546	7,5384615
547	7,5384615
547	-0,4615385
547	19,5384615
547	-1,4615385
548	10,5384615
548	19,5384615
548	16,5384615
548	19,5384615
549	-18,4615385
549	33,5384615
549	5,5384615
549	-5,4615385
550	15,5384615
550	3,5384615
550	11,5384615
550	-19,4615385
551	-25,4615385
551	-9,4615385
551	11,5384615
552	-23,4615385
552	-10,4615385
552	-17,4615385
552	2,5384615
553	3,5384615
553	3,5384615
553	-15,4615385
553	21,5384615
554	-1,4615385
554	-4,4615385
554	14,5384615
554	-10,4615385
555	3,5384615
555	24,5384615
555	3,5384615
555	-11,4615385
556	10,5384615
556	-3,4615385
556	-6,4615385
556	-0,4615385
557	36,5384615
557	15,5384615
557	-3,4615385
557	9,5384615
558	-9,4615385
558	-20,4615385
558	-21,4615385
558	16,5384615
559	14,5384615
559	0,5384615
559	-25,4615385
559	-7,4615385
560	15,5384615
560	35,5384615
560	10,5384615
561	-7,4615385
561	-18,4615385
561	-23,4615385
561	11,5384615
562	30,5384615
562	16,5384615
562	31,5384615
562	8,5384615
563	2,5384615
563	-15,4615385
563	-2,4615385
563	-5,4615385
564	4,5384615
564	-3,4615385
564	0,5384615
564	18,5384615
565	21,5384615
565	16,5384615
565	-6,4615385
565	-6,4615385
566	14,5384615
566	-5,4615385
566	-6,4615385
566	1,5384615
567	20,5384615
567	-13,4615385
567	12,5384615
567	-9,4615385
568	-18,4615385
568	-3,4615385
568	8,5384615
568	-10,4615385
569	-6,4615385
569	22,5384615
569	-5,4615385
569	-13,4615385
570	-0,4615385
570	-19,4615385
570	2,5384615
571	1,5384615
571	-10,4615385
571	20,5384615
571	30,5384615
572	6,5384615
572	15,5384615
572	-4,4615385
572	12,5384615
573	3,5384615
573	-36,4615385
573	-25,4615385
573	-30,4615385
574	14,5384615
574	-4,4615385
574	-29,4615385
574	5,5384615
575	-10,4615385
575	-18,4615385
575	-10,4615385
575	-8,4615385
576	-1,4615385
576	-15,4615385
576	11,5384615
576	-8,4615385
577	-14,4615385
577	19,5384615
577	-15,4615385
577	-9,4615385
578	23,5384615
578	14,5384615
578	5,5384615
578	9,5384615
579	20,5384615
579	-8,4615385
579	-12,4615385
579	-25,4615385
580	1,5384615
580	16,5384615
580	-4,4615385
581	5,5384615
581	-5,4615385
581	26,5384615
581	-20,4615385
582	-10,4615385
582	1,5384615
582	25,5384615
582	17,5384615
583	23,5384615
583	-9,4615385
583	-12,4615385
583	-5,4615385
584	14,5384615
584	18,5384615
584	16,5384615
584	4,5384615
585	-8,4615385
585	2,5384615
585	-2,4615385
585	-10,4615385
586	3,5384615
586	3,5384615
586	26,5384615
586	17,5384615
587	35,5384615
587	-8,4615385
587	-10,4615385
587	-24,4615385
588	-8,4615385
588	1,5384615
588	17,5384615
588	-7,4615385
589	-16,4615385
589	-6,4615385
589	17,5384615
589	-30,4615385
590	-5,4615385
590	-2,4615385
590	-22,4615385
590	1,5384615
591	5,5384615
591	8,5384615
591	-1,4615385
592	-1,4615385
592	-6,4615385
592	-4,4615385
592	-20,4615385
593	9,5384615
593	-5,4615385
593	-7,4615385
593	14,5384615
594	25,5384615
594	7,5384615
594	44,5384615
594	-0,4615385
595	-6,4615385
595	-33,4615385
595	3,5384615
595	20,5384615
596	-0,4615385
596	12,5384615
596	-31,4615385
596	15,5384615
597	1,5384615
597	11,5384615
597	0,5384615
597	-249,4615385
598	-45,4615385
598	-12,4615385
598	-6,4615385
598	-3,4615385
599	8,5384615
599	-14,4615385
599	-15,4615385
599	-3,4615385
600	-11,4615385
600	-1,4615385
600	4,5384615
600	19,5384615
601	-8,4615385
601	-10,4615385
601	3,5384615
601	-12,4615385
602	11,5384615
602	-0,4615385
602	10,5384615
603	13,5384615
603	-1,4615385
603	19,5384615
603	6,5384615
604	4,5384615
604	4,5384615
604	-4,4615385
604	11,5384615
605	27,5384615
605	-3,4615385
605	-23,4615385
605	-0,4615385
606	3,5384615
606	38,5384615
606	15,5384615
606	19,5384615
607	-5,4615385
607	-8,4615385
607	22,5384615
607	25,5384615
608	0,5384615
608	-1,4615385
608	-2,4615385
608	-1,4615385
609	8,5384615
609	6,5384615
609	24,5384615
609	-6,4615385
610	-18,4615385
610	-8,4615385
610	-15,4615385
610	-2,4615385
611	-9,4615385
611	0,5384615
611	-18,4615385
611	-14,4615385
612	-25,4615385
612	-16,4615385
612	20,5384615
612	13,5384615
613	14,5384615
613	4,5384615
613	24,5384615
613	11,5384615
614	25,5384615
614	7,5384615
614	-11,4615385
614	5,5384615
615	18,5384615
615	24,5384615
615	-6,4615385
616	-11,4615385
616	-19,4615385
616	17,5384615
616	-8,4615385
617	-8,4615385
617	15,5384615
617	0,5384615
617	-4,4615385
618	10,5384615
618	18,5384615
618	16,5384615
618	14,5384615
619	0,5384615
619	13,5384615
619	-3,4615385
619	-14,4615385
620	5,5384615
620	8,5384615
620	-0,4615385
620	-11,4615385
621	-3,4615385
621	39,5384615
621	-10,4615385
621	-10,4615385
622	5,5384615
622	-12,4615385
622	15,5384615
622	0,5384615
623	-22,4615385
623	12,5384615
623	-7,4615385
623	2,5384615
624	-6,4615385
624	-6,4615385
624	7,5384615
624	5,5384615
625	3,5384615
625	16,5384615
625	-11,4615385
625	-19,4615385
626	17,5384615
626	-14,4615385
626	-5,4615385
626	8,5384615
627	15,5384615
627	28,5384615
627	41,5384615
627	14,5384615
628	3,5384615
628	9,5384615
628	-2,4615385
629	-13,4615385
629	-7,4615385
629	-0,4615385
629	-5,4615385
630	-1,4615385
630	2,5384615
630	-0,4615385
630	6,5384615
631	-23,4615385
631	-0,4615385
631	-37,4615385
631	-14,4615385
632	3,5384615
632	21,5384615
632	19,5384615
632	17,5384615
633	15,5384615
633	1,5384615
633	-3,4615385
633	3,5384615
634	15,5384615
634	-13,4615385
634	-6,4615385
634	-8,4615385
635	15,5384615
635	-2,4615385
635	-17,4615385
635	10,5384615
636	1,5384615
636	10,5384615
636	-3,4615385
636	-16,4615385
637	-20,4615385
637	4,5384615
637	2,5384615
637	-11,4615385
638	17,5384615
638	10,5384615
638	6,5384615
638	11,5384615
639	6,5384615
639	7,5384615
639	12,5384615
639	36,5384615
640	-11,4615385
640	31,5384615
640	-21,4615385
640	-4,4615385
641	-29,4615385
641	13,5384615
641	12,5384615
641	11,5384615
642	17,5384615
642	6,5384615
642	10,5384615
642	-10,4615385
643	-5,4615385
643	16,5384615
643	0,5384615
644	-5,4615385
644	-2,4615385
644	6,5384615
644	5,5384615
645	16,5384615
645	3,5384615
645	3,5384615
645	13,5384615
646	8,5384615
646	-6,4615385
646	7,5384615
646	26,5384615
647	15,5384615
647	16,5384615
647	12,5384615
647	6,5384615
648	21,5384615
648	1,5384615
648	-23,4615385
648	11,5384615
649	14,5384615
649	26,5384615
649	23,5384615
649	13,5384615
650	25,5384615
650	-2,4615385
650	9,5384615
650	-9,4615385
651	0,5384615
651	28,5384615
651	4,5384615
651	11,5384615
652	-1,4615385
652	-22,4615385
652	17,5384615
652	-0,4615385
653	14,5384615
653	19,5384615
653	3,5384615
653	-5,4615385
654	-12,4615385
654	-18,4615385
654	15,5384615
654	12,5384615
655	10,5384615
655	39,5384615
655	10,5384615
655	26,5384615
656	-0,4615385
656	11,5384615
656	-18,4615385
656	2,5384615
657	22,5384615
657	-9,4615385
657	-14,4615385
657	-7,4615385
658	-13,4615385
658	-9,4615385
658	8,5384615
658	8,5384615
659	10,5384615
659	11,5384615
659	-2,4615385
660	14,5384615
660	8,5384615
660	23,5384615
660	12,5384615
661	-1,4615385
661	8,5384615
661	14,5384615
661	-4,4615385
662	43,5384615
662	32,5384615
662	9,5384615
662	22,5384615
663	-7,4615385
663	5,5384615
663	12,5384615
663	22,5384615
664	34,5384615
664	27,5384615
664	0,5384615
664	-5,4615385
665	16,5384615
665	21,5384615
665	34,5384615
665	-9,4615385
666	-6,4615385
666	0,5384615
666	20,5384615
666	9,5384615
667	5,5384615
667	5,5384615
667	16,5384615
667	-8,4615385
668	-13,4615385
668	2,5384615
668	17,5384615
668	1,5384615
669	-13,4615385
669	-13,4615385
669	7,5384615
669	-5,4615385
670	-1,4615385
670	33,5384615
670	-1,4615385
670	2,5384615
671	-12,4615385
671	21,5384615
671	8,5384615
671	6,5384615
672	15,5384615
672	5,5384615
672	26,5384615
672	18,5384615
673	-15,4615385
673	-29,4615385
673	9,5384615
673	-1,4615385
674	3,5384615
674	0,5384615
674	-5,4615385
674	-3,4615385
675	-8,4615385
675	14,5384615
675	-0,4615385
675	12,5384615
676	-10,4615385
676	-12,4615385
676	-22,4615385
676	-0,4615385
677	23,5384615
677	-3,4615385
677	-5,4615385
677	-3,4615385
678	26,5384615
678	25,5384615
678	-13,4615385
678	-15,4615385
679	-0,4615385
679	-13,4615385
679	18,5384615
680	4,5384615
680	-3,4615385
680	17,5384615
680	20,5384615
681	23,5384615
681	-13,4615385
681	-18,4615385
681	4,5384615
682	-14,4615385
682	17,5384615
682	3,5384615
682	6,5384615
683	-25,4615385
683	6,5384615
683	19,5384615
683	20,5384615
684	-5,4615385
684	-3,4615385
684	8,5384615
684	-11,4615385
685	12,5384615
685	-5,4615385
685	-4,4615385
685	-36,4615385
686	-7,4615385
686	18,5384615
686	7,5384615
686	-6,4615385
687	20,5384615
687	30,5384615
687	-17,4615385
687	8,5384615
688	-6,4615385
688	4,5384615
688	-17,4615385
688	-0,4615385
689	0,5384615
689	5,5384615
689	14,5384615
689	5,5384615
690	3,5384615
690	-4,4615385
690	-18,4615385
690	6,5384615
691	1,5384615
691	-17,4615385
691	-2,4615385
691	11,5384615
692	-1,4615385
692	24,5384615
692	-22,4615385
692	17,5384615
693	2,5384615
693	-17,4615385
693	-17,4615385
693	1,5384615
694	-9,4615385
694	-9,4615385
694	15,5384615
694	16,5384615
695	-4,4615385
695	21,5384615
695	3,5384615
695	-6,4615385
696	-10,4615385
696	-3,4615385
696	-9,4615385
696	-2,4615385
697	-6,4615385
697	-4,4615385
697	10,5384615
697	15,5384615
698	-32,4615385
698	-24,4615385
698	-23,4615385
698	8,5384615
699	5,5384615
699	1,5384615
699	0,5384615
699	-4,4615385
700	14,5384615
700	-4,4615385
700	-7,4615385
700	-19,4615385
701	5,5384615
701	2,5384615
701	3,5384615
701	8,5384615
702	-14,4615385
702	2,5384615
702	-17,4615385
702	-7,4615385
703	-7,4615385
703	6,5384615
703	-14,4615385
703	10,5384615
704	-11,4615385
704	-12,4615385
704	-7,4615385
704	31,5384615
705	13,5384615
705	1,5384615
705	18,5384615
706	4,5384615
706	19,5384615
706	3,5384615
706	4,5384615
707	15,5384615
707	-19,4615385
707	26,5384615
707	3,5384615
708	-17,4615385
708	-8,4615385
708	4,5384615
708	6,5384615
709	2,5384615
709	16,5384615
709	-15,4615385
709	-21,4615385
710	1,5384615
710	-6,4615385
710	1,5384615
710	2,5384615
711	-6,4615385
711	17,5384615
711	-2,4615385
711	-3,4615385
712	16,5384615
712	0,5384615
712	-1,4615385
712	-22,4615385
713	-10,4615385
713	5,5384615
713	-2,4615385
713	11,5384615
714	21,5384615
714	11,5384615
714	-6,4615385
714	1,5384615
715	-0,4615385
715	-0,4615385
715	-3,4615385
715	-0,4615385
716	3,5384615
716	-1,4615385
716	-2,4615385
716	9,5384615
717	8,5384615
717	22,5384615
717	20,5384615
717	-3,4615385
718	-6,4615385
718	-13,4615385
718	-10,4615385
718	7,5384615
719	3,5384615
719	-2,4615385
719	16,5384615
719	-18,4615385
720	-9,4615385
720	-17,4615385
720	11,5384615
720	9,5384615
721	10,5384615
721	-3,4615385
721	2,5384615
721	-10,4615385
722	14,5384615
722	-13,4615385
722	-6,4615385
722	-38,4615385
723	9,5384615
723	3,5384615
723	-26,4615385
723	11,5384615
724	26,5384615
724	9,5384615
724	-10,4615385
724	-30,4615385
725	-4,4615385
725	6,5384615
725	-6,4615385
725	-24,4615385
726	-21,4615385
726	26,5384615
726	18,5384615
726	8,5384615
727	-8,4615385
727	-24,4615385
727	-3,4615385
727	-1,4615385
728	17,5384615
728	-3,4615385
728	-2,4615385
728	3,5384615
729	-15,4615385
729	24,5384615
729	22,5384615
729	-10,4615385
730	29,5384615
730	-9,4615385
730	-3,4615385
730	0,5384615
731	19,5384615
731	5,5384615
731	-12,4615385
731	9,5384615
732	-13,4615385
732	4,5384615
732	-4,4615385
732	11,5384615
733	31,5384615
733	-17,4615385
733	-12,4615385
733	1,5384615
734	-22,4615385
734	-18,4615385
734	-6,4615385
734	17,5384615
735	-9,4615385
735	19,5384615
735	22,5384615
735	7,5384615
736	-27,4615385
736	-19,4615385
736	-13,4615385
736	2,5384615
737	-9,4615385
737	-10,4615385
737	-24,4615385
737	21,5384615
738	-0,4615385
738	11,5384615
738	4,5384615
738	-8,4615385
739	20,5384615
739	16,5384615
739	-20,4615385
739	5,5384615
740	12,5384615
740	-5,4615385
740	5,5384615
740	-1,4615385
741	-15,4615385
741	-26,4615385
741	4,5384615
741	2,5384615
742	11,5384615
742	13,5384615
742	5,5384615
742	-24,4615385
743	-3,4615385
743	9,5384615
743	7,5384615
743	2,5384615
744	10,5384615
744	16,5384615
744	11,5384615
744	11,5384615
745	4,5384615
745	0,5384615
745	-9,4615385
745	-43,4615385
746	-0,4615385
746	-13,4615385
746	-12,4615385
746	9,5384615
747	12,5384615
747	7,5384615
747	7,5384615
747	-4,4615385
748	26,5384615
748	16,5384615
748	3,5384615
748	12,5384615
749	-1,4615385
749	20,5384615
749	2,5384615
749	-1,4615385
750	12,5384615
750	8,5384615
750	-16,4615385
750	7,5384615
751	19,5384615
751	24,5384615
751	2,5384615
751	-8,4615385
752	-1,4615385
752	6,5384615
752	5,5384615
752	13,5384615
753	11,5384615
753	-10,4615385
753	-7,4615385
753	-4,4615385
754	-8,4615385
754	-29,4615385
754	-42,4615385
754	-6,4615385
755	-24,4615385
755	-16,4615385
755	7,5384615
755	-6,4615385
756	12,5384615
756	-15,4615385
756	8,5384615
756	15,5384615
757	-27,4615385
757	3,5384615
757	-24,4615385
757	6,5384615
758	3,5384615
758	-4,4615385
758	13,5384615
758	27,5384615
759	7,5384615
759	17,5384615
759	17,5384615
759	-29,4615385
760	10,5384615
760	-8,4615385
760	-18,4615385
760	-1,4615385
761	17,5384615
761	16,5384615
761	17,5384615
761	-6,4615385
762	8,5384615
762	23,5384615
762	24,5384615
762	-10,4615385
763	-1,4615385
763	14,5384615
763	8,5384615
763	-7,4615385
764	14,5384615
764	-4,4615385
764	30,5384615
764	15,5384615
765	26,5384615
765	5,5384615
765	14,5384615
765	13,5384615
766	-21,4615385
766	-9,4615385
766	21,5384615
766	4,5384615
767	-4,4615385
767	-30,4615385
767	9,5384615
767	8,5384615
768	23,5384615
768	0,5384615
768	7,5384615
768	15,5384615
769	3,5384615
769	31,5384615
769	-10,4615385
769	-20,4615385
770	17,5384615
770	-9,4615385
770	15,5384615
770	-18,4615385
771	-14,4615385
771	3,5384615
771	8,5384615
771	13,5384615
772	25,5384615
772	-4,4615385
772	10,5384615
772	27,5384615
773	-12,4615385
773	-0,4615385
773	-10,4615385
773	-5,4615385
774	5,5384615
774	27,5384615
774	-5,4615385
774	-20,4615385
775	-23,4615385
775	-11,4615385
775	-6,4615385
775	18,5384615
776	-6,4615385
776	18,5384615
776	12,5384615
776	-22,4615385
777	9,5384615
777	3,5384615
777	5,5384615
777	-7,4615385
778	-13,4615385
778	-1,4615385
778	23,5384615
778	10,5384615
779	3,5384615
779	14,5384615
779	-1,4615385
779	21,5384615
780	17,5384615
780	-5,4615385
780	9,5384615
780	2,5384615
781	-0,4615385
781	-2,4615385
781	13,5384615
781	12,5384615
782	-6,4615385
782	-4,4615385
782	12,5384615
782	4,5384615
783	5,5384615
783	-21,4615385
783	-8,4615385
783	0,5384615
784	10,5384615
784	14,5384615
784	15,5384615
784	-0,4615385
785	6,5384615
785	-6,4615385
785	-8,4615385
785	-1,4615385
786	-20,4615385
786	-12,4615385
786	21,5384615
786	17,5384615
787	-8,4615385
787	8,5384615
787	-17,4615385
787	-12,4615385
788	-9,4615385
788	-2,4615385
788	-1,4615385
788	-5,4615385
789	-7,4615385
789	-5,4615385
789	-19,4615385
789	-6,4615385
790	-4,4615385
790	-25,4615385
790	-1,4615385
790	21,5384615
791	-1,4615385
791	-4,4615385
791	-23,4615385
791	-24,4615385
792	5,5384615
792	19,5384615
792	30,5384615
792	20,5384615
793	-4,4615385
793	20,5384615
793	-25,4615385
793	18,5384615
794	13,5384615
794	-10,4615385
794	-8,4615385
794	-23,4615385
795	3,5384615
795	10,5384615
795	-1,4615385
795	-1,4615385
796	7,5384615
796	11,5384615
796	-16,4615385
796	5,5384615
797	1,5384615
797	-14,4615385
797	35,5384615
797	-15,4615385
798	-7,4615385
798	-13,4615385
798	14,5384615
798	39,5384615
799	-11,4615385
799	-12,4615385
799	-6,4615385
799	-19,4615385
800	-20,4615385
800	23,5384615
800	13,5384615
800	-2,4615385
801	6,5384615
801	9,5384615
801	11,5384615
801	-22,4615385
802	3,5384615
802	-2,4615385
802	2,5384615
802	1,5384615
803	-8,4615385
803	3,5384615
803	17,5384615
803	9,5384615
804	6,5384615
804	-4,4615385
804	-22,4615385
804	14,5384615
805	-12,4615385
805	-28,4615385
805	7,5384615
805	-27,4615385
806	-12,4615385
806	-14,4615385
806	36,5384615
806	7,5384615
807	-23,4615385
807	31,5384615
807	-3,4615385
807	26,5384615
808	-5,4615385
808	-0,4615385
808	-4,4615385
808	-9,4615385
809	-11,4615385
809	-6,4615385
809	5,5384615
809	-9,4615385
810	4,5384615
810	18,5384615
810	-5,4615385
810	4,5384615
811	-0,4615385
811	-4,4615385
811	-8,4615385
811	-14,4615385
812	-2,4615385
812	10,5384615
812	3,5384615
812	-13,4615385
813	-31,4615385
813	1,5384615
813	6,5384615
813	8,5384615
814	-3,4615385
814	-9,4615385
814	5,5384615
814	14,5384615
815	13,5384615
815	9,5384615
815	1,5384615
815	-15,4615385
816	17,5384615
816	0,5384615
816	-11,4615385
816	-8,4615385
817	-4,4615385
817	19,5384615
817	-6,4615385
817	-2,4615385
818	1,5384615
818	4,5384615
818	-22,4615385
818	-17,4615385
819	-6,4615385
819	12,5384615
819	2,5384615
819	-10,4615385
820	-3,4615385
820	-4,4615385
820	12,5384615
820	5,5384615
820	-14,4615385
821	-25,4615385
821	-0,4615385
821	-16,4615385
821	-6,4615385
822	1,5384615
822	2,5384615
822	-26,4615385
822	-5,4615385
823	-12,4615385
823	0,5384615
823	-7,4615385
823	-10,4615385
824	-9,4615385
824	41,5384615
824	-0,4615385
824	16,5384615
825	19,5384615
825	12,5384615
825	-23,4615385
825	11,5384615
826	6,5384615
826	0,5384615
826	0,5384615
826	-1,4615385
827	-15,4615385
827	-10,4615385
827	-18,4615385
827	-11,4615385
828	4,5384615
828	0,5384615
828	3,5384615
828	-7,4615385
829	18,5384615
829	12,5384615
829	22,5384615
829	5,5384615
830	21,5384615
830	20,5384615
830	-23,4615385
830	-14,4615385
831	17,5384615
831	6,5384615
831	-16,4615385
831	4,5384615
832	-17,4615385
832	-17,4615385
832	-22,4615385
832	10,5384615
833	13,5384615
833	-6,4615385
833	-18,4615385
833	0,5384615
834	27,5384615
834	7,5384615
834	14,5384615
834	1,5384615
835	-24,4615385
835	13,5384615
835	-6,4615385
835	8,5384615
836	-1,4615385
836	3,5384615
836	17,5384615
836	36,5384615
837	10,5384615
837	-15,4615385
837	0,5384615
837	-1,4615385
838	-3,4615385
838	18,5384615
838	22,5384615
838	6,5384615
839	12,5384615
839	-0,4615385
839	-14,4615385
839	10,5384615
840	3,5384615
840	14,5384615
840	6,5384615
840	-1,4615385
841	-16,4615385
841	15,5384615
841	-10,4615385
841	0,5384615
842	-9,4615385
842	-0,4615385
842	-11,4615385
842	12,5384615
843	5,5384615
843	19,5384615
843	0,5384615
843	10,5384615
844	10,5384615
844	-0,4615385
844	26,5384615
844	-0,4615385
845	-15,4615385
845	1,5384615
845	27,5384615
845	3,5384615
845	-3,4615385
846	-7,4615385
846	-11,4615385
846	-9,4615385
846	-23,4615385
847	9,5384615
847	-13,4615385
847	-4,4615385
847	-2,4615385
848	0,5384615
848	-15,4615385
848	4,5384615
848	-3,4615385
849	10,5384615
849	-7,4615385
849	-15,4615385
849	-3,4615385
850	1,5384615
850	12,5384615
850	24,5384615
850	20,5384615
851	0,5384615
851	-12,4615385
851	2,5384615
851	-1,4615385
852	-21,4615385
852	-0,4615385
852	-2,4615385
852	-3,4615385
853	2,5384615
853	-17,4615385
853	-30,4615385
853	-14,4615385
854	1,5384615
854	13,5384615
854	-13,4615385
854	10,5384615
855	-13,4615385
855	-17,4615385
855	15,5384615
855	-11,4615385
856	-18,4615385
856	18,5384615
856	0,5384615
856	-4,4615385
857	-9,4615385
857	6,5384615
857	28,5384615
857	-6,4615385
858	16,5384615
858	1,5384615
858	21,5384615
858	-6,4615385
859	-0,4615385
859	-19,4615385
859	11,5384615
859	18,5384615
860	-18,4615385
860	-12,4615385
860	15,5384615
860	0,5384615
861	3,5384615
861	-5,4615385
861	-14,4615385
861	2,5384615
862	3,5384615
862	7,5384615
862	-0,4615385
862	-11,4615385
863	-0,4615385
863	-11,4615385
863	-16,4615385
863	3,5384615
864	-10,4615385
864	-26,4615385
864	-15,4615385
864	-17,4615385
864	-9,4615385
865	4,5384615
865	-11,4615385
865	-22,4615385
865	-14,4615385
866	-11,4615385
866	-2,4615385
866	-4,4615385
866	-2,4615385
867	4,5384615
867	4,5384615
867	1,5384615
867	2,5384615
868	4,5384615
868	-21,4615385
868	-7,4615385
868	1,5384615
869	4,5384615
869	-0,4615385
869	-15,4615385
869	7,5384615
870	4,5384615
870	13,5384615
870	3,5384615
870	6,5384615
871	20,5384615
871	-5,4615385
871	-2,4615385
871	-18,4615385
872	8,5384615
872	-6,4615385
872	-12,4615385
872	5,5384615
873	-10,4615385
873	-21,4615385
873	-9,4615385
873	17,5384615
874	5,5384615
874	11,5384615
874	7,5384615
874	8,5384615
875	-1,4615385
875	-29,4615385
875	-13,4615385
875	14,5384615
876	-15,4615385
876	23,5384615
876	-1,4615385
876	-16,4615385
877	-3,4615385
877	-15,4615385
877	28,5384615
877	12,5384615
878	2,5384615
878	-31,4615385
878	21,5384615
878	49,5384615
879	7,5384615
879	-24,4615385
879	-6,4615385
879	-3,4615385
880	1,5384615
880	-16,4615385
880	12,5384615
880	9,5384615
880	8,5384615
881	5,5384615
881	3,5384615
881	-4,4615385
881	-12,4615385
882	-0,4615385
882	-4,4615385
882	35,5384615
882	13,5384615
883	-26,4615385
883	-17,4615385
883	2,5384615
883	-16,4615385
884	31,5384615
884	10,5384615
884	-6,4615385
884	6,5384615
885	10,5384615
885	6,5384615
885	13,5384615
885	3,5384615
886	-6,4615385
886	-12,4615385
886	-6,4615385
886	0,5384615
887	13,5384615
887	14,5384615
887	-9,4615385
887	-13,4615385
888	-10,4615385
888	-4,4615385
888	-20,4615385
888	-1,4615385
889	-27,4615385
889	-23,4615385
889	-0,4615385
889	2,5384615
890	12,5384615
890	-43,4615385
890	7,5384615
890	1,5384615
891	-8,4615385
891	5,5384615
891	27,5384615
891	-13,4615385
892	-1,4615385
892	15,5384615
892	-11,4615385
892	33,5384615
893	1,5384615
893	-8,4615385
893	1,5384615
893	10,5384615
894	21,5384615
894	3,5384615
894	-0,4615385
894	5,5384615
894	0,5384615
895	13,5384615
895	20,5384615
895	25,5384615
895	6,5384615
896	27,5384615
896	14,5384615
896	-14,4615385
896	19,5384615
897	24,5384615
897	29,5384615
897	26,5384615
897	29,5384615
898	3,5384615
898	-5,4615385
898	-1,4615385
898	-14,4615385
899	-9,4615385
899	-23,4615385
899	-18,4615385
899	-18,4615385
900	6,5384615
900	17,5384615
900	3,5384615
900	5,5384615
901	22,5384615
901	-1,4615385
901	4,5384615
901	-3,4615385
902	2,5384615
902	-9,4615385
902	-2,4615385
902	13,5384615
903	-13,4615385
903	-10,4615385
903	-21,4615385
903	24,5384615
904	1,5384615
904	18,5384615
904	9,5384615
904	15,5384615
905	5,5384615
905	11,5384615
905	14,5384615
905	41,5384615
906	16,5384615
906	9,5384615
906	4,5384615
906	12,5384615
906	0,5384615
907	-5,4615385
907	3,5384615
907	-12,4615385
907	19,5384615
908	14,5384615
908	11,5384615
908	13,5384615
908	-13,4615385
909	8,5384615
909	-18,4615385
909	-27,4615385
909	-0,4615385
910	9,5384615
910	-25,4615385
910	3,5384615
910	-10,4615385
911	-12,4615385
911	-6,4615385
911	30,5384615
911	21,5384615
912	8,5384615
912	4,5384615
912	-3,4615385
912	17,5384615
913	9,5384615
913	-13,4615385
913	18,5384615
913	1,5384615
914	-0,4615385
914	4,5384615
914	-13,4615385
914	-27,4615385
915	-24,4615385
915	-9,4615385
915	2,5384615
915	16,5384615
916	14,5384615
916	30,5384615
916	13,5384615
916	-9,4615385
917	-5,4615385
917	24,5384615
917	-2,4615385
917	-2,4615385
917	-4,4615385
918	-4,4615385
918	9,5384615
918	-20,4615385
918	3,5384615
919	0,5384615
919	12,5384615
919	30,5384615
919	-26,4615385
920	-8,4615385
920	-15,4615385
920	16,5384615
920	13,5384615
921	-1,4615385
921	-10,4615385
921	18,5384615
921	7,5384615
922	0,5384615
922	5,5384615
922	-18,4615385
922	-0,4615385
923	5,5384615
923	1,5384615
923	-7,4615385
923	-2,4615385
924	-1,4615385
924	-6,4615385
924	-4,4615385
924	-13,4615385
925	-10,4615385
925	-6,4615385
925	-6,4615385
925	25,5384615
926	-4,4615385
926	0,5384615
926	34,5384615
926	-0,4615385
927	-15,4615385
927	4,5384615
927	-7,4615385
927	-10,4615385
928	0,5384615
928	5,5384615
928	-16,4615385
928	-26,4615385
928	17,5384615
929	3,5384615
929	4,5384615
929	0,5384615
929	-30,4615385
930	-16,4615385
930	-0,4615385
930	-16,4615385
930	-6,4615385
931	-2,4615385
931	25,5384615
931	10,5384615
931	-2,4615385
932	0,5384615
932	-14,4615385
932	14,5384615
932	-6,4615385
933	25,5384615
933	-1,4615385
933	7,5384615
933	-5,4615385
934	5,5384615
934	27,5384615
934	-8,4615385
934	0,5384615
935	6,5384615
935	12,5384615
935	-8,4615385
935	9,5384615
936	1,5384615
936	9,5384615
936	-29,4615385
936	-18,4615385
937	-2,4615385
937	1,5384615
937	-17,4615385
937	-23,4615385
938	8,5384615
938	-6,4615385
938	2,5384615
938	5,5384615
938	19,5384615
939	9,5384615
939	-6,4615385
939	20,5384615
939	17,5384615
940	17,5384615
940	12,5384615
940	-18,4615385
940	-34,4615385
941	-10,4615385
941	-17,4615385
941	-25,4615385
941	4,5384615
942	-15,4615385
942	1,5384615
942	-5,4615385
942	11,5384615
943	20,5384615
943	7,5384615
943	-6,4615385
943	-2,4615385
944	-25,4615385
944	8,5384615
944	3,5384615
944	-4,4615385
945	-5,4615385
945	3,5384615
945	-3,4615385
945	-15,4615385
946	18,5384615
946	4,5384615
946	-19,4615385
946	-0,4615385
947	11,5384615
947	17,5384615
947	0,5384615
947	8,5384615
947	-5,4615385
948	4,5384615
948	-10,4615385
948	-6,4615385
948	3,5384615
949	23,5384615
949	-26,4615385
949	12,5384615
949	0,5384615
950	8,5384615
950	-14,4615385
950	-6,4615385
950	-18,4615385
951	-1,4615385
951	-5,4615385
951	-13,4615385
951	-1,4615385
952	9,5384615
952	20,5384615
952	-13,4615385
952	47,5384615
953	1,5384615
953	15,5384615
953	11,5384615
953	12,5384615
954	-38,4615385
954	8,5384615
954	-5,4615385
954	-9,4615385
955	-4,4615385
955	20,5384615
955	-8,4615385
955	-9,4615385
956	3,5384615
956	5,5384615
956	-30,4615385
956	-17,4615385
956	9,5384615
957	25,5384615
957	4,5384615
957	3,5384615
957	11,5384615
958	0,5384615
958	-19,4615385
958	-13,4615385
958	24,5384615
959	5,5384615
959	12,5384615
959	-10,4615385
959	-14,4615385
960	26,5384615
960	7,5384615
960	-4,4615385
960	-4,4615385
961	-3,4615385
961	-6,4615385
961	-5,4615385
961	-7,4615385
962	-20,4615385
962	-7,4615385
962	-13,4615385
962	-1,4615385
963	-23,4615385
963	13,5384615
963	7,5384615
963	-20,4615385
964	21,5384615
964	10,5384615
964	-18,4615385
964	-8,4615385
964	-10,4615385
965	9,5384615
965	-11,4615385
965	-2,4615385
965	-26,4615385
966	21,5384615
966	1,5384615
966	-16,4615385
966	6,5384615
967	-5,4615385
967	-1,4615385
967	-7,4615385
967	-23,4615385
968	-4,4615385
968	-12,4615385
968	-5,4615385
968	25,5384615
969	7,5384615
969	-18,4615385
969	-0,4615385
969	-11,4615385
970	23,5384615
970	-7,4615385
970	-0,4615385
970	-7,4615385
971	-5,4615385
971	-9,4615385
971	5,5384615
971	-3,4615385
972	11,5384615
972	8,5384615
972	1,5384615
972	-14,4615385
972	-12,4615385
973	-36,4615385
973	-9,4615385
973	15,5384615
973	-16,4615385
974	-23,4615385
974	14,5384615
974	3,5384615
974	-1,4615385
975	24,5384615
975	-9,4615385
975	18,5384615
975	1,5384615
976	-7,4615385
976	-14,4615385
976	2,5384615
976	-0,4615385
977	-5,4615385
977	-7,4615385
977	10,5384615
977	20,5384615
978	23,5384615
978	16,5384615
978	9,5384615
978	17,5384615
979	13,5384615
979	21,5384615
979	5,5384615
979	15,5384615
980	-6,4615385
980	20,5384615
980	12,5384615
980	-22,4615385
980	-0,4615385
981	0,5384615
981	1,5384615
981	5,5384615
981	-2,4615385
982	-21,4615385
982	-11,4615385
982	14,5384615
982	20,5384615
983	3,5384615
983	-13,4615385
983	-8,4615385
983	-9,4615385
984	20,5384615
984	16,5384615
984	9,5384615
984	6,5384615
985	9,5384615
985	9,5384615
985	9,5384615
985	6,5384615
986	-3,4615385
986	-15,4615385
986	14,5384615
986	3,5384615
987	-4,4615385
987	28,5384615
987	15,5384615
987	0,5384615
988	7,5384615
988	-13,4615385
988	-11,4615385
988	25,5384615
988	14,5384615
989	-22,4615385
989	-6,4615385
989	0,5384615
989	-19,4615385
990	-0,4615385
990	-5,4615385
990	-21,4615385
990	-7,4615385
991	-22,4615385
991	5,5384615
991	-18,4615385
991	-0,4615385
992	11,5384615
992	-0,4615385
992	-2,4615385
992	-11,4615385
993	-21,4615385
993	-18,4615385
993	-11,4615385
993	8,5384615
994	5,5384615
994	4,5384615
994	-1,4615385
994	0,5384615
995	-0,4615385
995	-8,4615385
995	3,5384615
995	14,5384615
995	6,5384615
996	0,5384615
996	26,5384615
996	-6,4615385
996	-2,4615385
997	26,5384615
997	-28,4615385
997	-11,4615385
997	45,5384615
998	-10,4615385
998	4,5384615
998	1,5384615
998	-5,4615385
999	5,5384615
999	-26,4615385
999	-3,4615385
999	-11,4615385
1000	10,5384615
1000	6,5384615
1000	12,5384615
1000	-7,4615385
1001	-11,4615385
1001	3,5384615
1001	29,5384615
1001	-10,4615385
1002	-18,4615385
1002	1,5384615
1002	27,5384615
1002	35,5384615
1002	12,5384615
1003	-3,4615385
1003	-0,4615385
1003	14,5384615
1003	27,5384615
1004	4,5384615
1004	-0,4615385
1004	11,5384615
1004	11,5384615
1005	-6,4615385
1005	-22,4615385
1005	-2,4615385
1005	3,5384615
1006	-28,4615385
1006	-16,4615385
1006	-1,4615385
1006	2,5384615
1007	16,5384615
1007	-1,4615385
1007	-9,4615385
1007	-20,4615385
1008	1,5384615
1008	21,5384615
1008	16,5384615
1008	1,5384615
1008	0,5384615
1009	-5,4615385
1009	-3,4615385
1009	-6,4615385
1009	5,5384615
1010	-10,4615385
1010	-6,4615385
1010	-2,4615385
1010	-10,4615385
1011	1,5384615
1011	15,5384615
1011	-0,4615385
1011	32,5384615
1012	-0,4615385
1012	-5,4615385
1012	4,5384615
1012	-9,4615385
1013	-27,4615385
1013	-2,4615385
1013	28,5384615
1013	-10,4615385
1014	15,5384615
1014	3,5384615
1014	6,5384615
1014	-16,4615385
1015	-18,4615385
1015	-0,4615385
1015	0,5384615
1015	-3,4615385
1015	17,5384615
1016	11,5384615
1016	24,5384615
1016	-14,4615385
1016	-17,4615385
1017	9,5384615
1017	-1,4615385
1017	-11,4615385
1017	-13,4615385
1018	-8,4615385
1018	-0,4615385
1018	6,5384615
1018	-1,4615385
1019	-3,4615385
1019	-5,4615385
1019	8,5384615
1019	-19,4615385
1020	-8,4615385
1020	-6,4615385
1020	-2,4615385
1020	11,5384615
1021	17,5384615
1021	-5,4615385
1021	1,5384615
1021	-9,4615385
1021	5,5384615
1022	1,5384615
1022	-1,4615385
1022	10,5384615
1022	-1,4615385
1023	-11,4615385
1023	-4,4615385
1023	7,5384615
1023	-1,4615385
1024	-9,4615385
1024	-45,4615385
1024	12,5384615
1024	3,5384615
1025	3,5384615
1025	-1,4615385
1025	-11,4615385
1025	4,5384615
1026	4,5384615
1026	5,5384615
1026	16,5384615
1026	-10,4615385
1027	22,5384615
1027	1,5384615
1027	22,5384615
1027	35,5384615
1027	-9,4615385
1028	-28,4615385
1028	-10,4615385
1028	9,5384615
1028	15,5384615
1029	-7,4615385
1029	-8,4615385
1029	4,5384615
1029	-11,4615385
1030	1,5384615
1030	-1,4615385
1030	1,5384615
1030	-18,4615385
1031	16,5384615
1031	8,5384615
1031	5,5384615
1031	-18,4615385
1032	-7,4615385
1032	17,5384615
1032	-1,4615385
1032	11,5384615
1033	12,5384615
1033	19,5384615
1033	15,5384615
1033	19,5384615
1034	24,5384615
1034	-13,4615385
1034	-25,4615385
1034	-30,4615385
1034	-36,4615385
1035	-3,4615385
1035	-20,4615385
1035	-15,4615385
1035	-9,4615385
1036	-11,4615385
1036	1,5384615
1036	-2,4615385
1036	-26,4615385
1037	-16,4615385
1037	-2,4615385
1037	-22,4615385
1037	14,5384615
1038	7,5384615
1038	6,5384615
1038	-1,4615385
1038	5,5384615
1039	-12,4615385
1039	-4,4615385
1039	-16,4615385
1039	-4,4615385
1039	8,5384615
1040	-9,4615385
1040	9,5384615
1040	6,5384615
1040	10,5384615
1041	6,5384615
1041	-15,4615385
1041	-9,4615385
1041	30,5384615
1042	23,5384615
1042	17,5384615
1042	34,5384615
1042	16,5384615
1043	26,5384615
1043	18,5384615
1043	16,5384615
1043	-7,4615385
1044	0,5384615
1044	-11,4615385
1044	2,5384615
1044	-17,4615385
1045	-0,4615385
1045	-4,4615385
1045	15,5384615
1045	-7,4615385
1045	-19,4615385
1046	-11,4615385
1046	11,5384615
1046	12,5384615
1046	-9,4615385
1047	-14,4615385
1047	18,5384615
1047	-12,4615385
1047	11,5384615
1048	20,5384615
1048	4,5384615
1048	15,5384615
1048	-10,4615385
1049	-22,4615385
1049	-7,4615385
1049	-4,4615385
1049	26,5384615
1050	-3,4615385
1050	-10,4615385
1050	-7,4615385
1050	-0,4615385
1051	7,5384615
1051	7,5384615
1051	-15,4615385
1051	-3,4615385
1051	-5,4615385
1052	-1,4615385
1052	-1,4615385
1052	-22,4615385
1052	-18,4615385
1053	8,5384615
1053	-0,4615385
1053	-4,4615385
1053	8,5384615
1054	28,5384615
1054	-29,4615385
1054	-6,4615385
1054	17,5384615
1055	2,5384615
1055	-0,4615385
1055	-1,4615385
1055	-1,4615385
1056	-4,4615385
1056	4,5384615
1056	-21,4615385
1056	-2,4615385
1056	-27,4615385
1057	2,5384615
1057	-11,4615385
1057	1,5384615
1057	5,5384615
1058	-4,4615385
1058	-7,4615385
1058	-4,4615385
1058	6,5384615
1059	16,5384615
1059	3,5384615
1059	-4,4615385
1059	1,5384615
1060	20,5384615
1060	7,5384615
1060	4,5384615
1060	23,5384615
1061	-3,4615385
1061	-0,4615385
1061	1,5384615
1061	0,5384615
1062	1,5384615
1062	23,5384615
1062	-4,4615385
1062	7,5384615
1062	20,5384615
1063	2,5384615
1063	0,5384615
1063	11,5384615
1063	9,5384615
1064	-25,4615385
1064	9,5384615
1064	5,5384615
1064	-11,4615385
1065	-1,4615385
1065	-30,4615385
1065	-31,4615385
1065	-4,4615385
1066	-4,4615385
1066	9,5384615
1066	-7,4615385
1066	2,5384615
1067	-5,4615385
1067	20,5384615
1067	6,5384615
1067	-19,4615385
1067	24,5384615
1068	23,5384615
1068	8,5384615
1068	16,5384615
1068	13,5384615
1069	-3,4615385
1069	-11,4615385
1069	-16,4615385
1069	11,5384615
1070	-4,4615385
1070	-12,4615385
1070	-9,4615385
1070	7,5384615
1071	-19,4615385
1071	24,5384615
1071	-3,4615385
1071	8,5384615
1072	-2,4615385
1072	4,5384615
1072	-13,4615385
1072	-2,4615385
1072	19,5384615
1073	9,5384615
1073	-3,4615385
1073	-13,4615385
1073	-12,4615385
1074	-2,4615385
1074	2,5384615
1074	-6,4615385
1074	6,5384615
1075	-2,4615385
1075	17,5384615
1075	24,5384615
1075	7,5384615
1076	-21,4615385
1076	1,5384615
1076	4,5384615
1076	-4,4615385
1077	11,5384615
1077	-20,4615385
1077	-24,4615385
1077	-10,4615385
1077	1,5384615
1078	6,5384615
1078	-2,4615385
1078	-2,4615385
1078	-12,4615385
1079	2,5384615
1079	20,5384615
1079	-2,4615385
1079	-1,4615385
1080	14,5384615
1080	-17,4615385
1080	-22,4615385
1080	-6,4615385
1081	-20,4615385
1081	16,5384615
1081	22,5384615
1081	19,5384615
1082	12,5384615
1082	-30,4615385
1082	-12,4615385
1082	-11,4615385
1082	-15,4615385
1083	-4,4615385
1083	17,5384615
1083	-4,4615385
1083	-15,4615385
1084	-8,4615385
1084	16,5384615
1084	14,5384615
1084	-3,4615385
1085	16,5384615
1085	-5,4615385
1085	13,5384615
1085	3,5384615
1086	-20,4615385
1086	-2,4615385
1086	-27,4615385
1086	17,5384615
1087	-9,4615385
1087	12,5384615
1087	7,5384615
1087	-1,4615385
1087	5,5384615
1088	-14,4615385
1088	2,5384615
1088	-9,4615385
1088	0,5384615
1089	7,5384615
1089	-24,4615385
1089	-18,4615385
1089	16,5384615
1090	-12,4615385
1090	-10,4615385
1090	-13,4615385
1090	6,5384615
1091	22,5384615
1091	8,5384615
1091	17,5384615
1091	4,5384615
1092	19,5384615
1092	12,5384615
1092	-12,4615385
1092	2,5384615
1092	19,5384615
1093	-25,4615385
1093	14,5384615
1093	-7,4615385
1093	9,5384615
1094	0,5384615
1094	-23,4615385
1094	17,5384615
1094	12,5384615
1095	2,5384615
1095	32,5384615
1095	6,5384615
1095	12,5384615
1096	3,5384615
1096	-26,4615385
1096	-24,4615385
1096	-6,4615385
1097	-5,4615385
1097	-24,4615385
1097	-10,4615385
1097	9,5384615
1097	-1,4615385
1098	12,5384615
1098	23,5384615
1098	-8,4615385
1098	10,5384615
1099	4,5384615
1099	-12,4615385
1099	-18,4615385
1099	1,5384615
1100	19,5384615
1100	-23,4615385
1100	-12,4615385
1100	1,5384615
1101	12,5384615
1101	-10,4615385
1101	22,5384615
1101	-20,4615385
1101	10,5384615
1102	20,5384615
1102	12,5384615
1102	-6,4615385
1102	-16,4615385
1103	6,5384615
1103	-2,4615385
1103	7,5384615
1103	13,5384615
1104	-8,4615385
1104	2,5384615
1104	2,5384615
1104	-8,4615385
1105	5,5384615
1105	14,5384615
1105	7,5384615
1105	16,5384615
1106	30,5384615
1106	-6,4615385
1106	-6,4615385
1106	-37,4615385
1106	-9,4615385
1107	11,5384615
1107	30,5384615
1107	20,5384615
1107	-20,4615385
1108	-19,4615385
1108	-6,4615385
1108	14,5384615
1108	-11,4615385
1109	-12,4615385
1109	1,5384615
1109	-14,4615385
1109	-9,4615385
1110	10,5384615
1110	4,5384615
1110	0,5384615
1110	-13,4615385
1110	0,5384615
1111	-6,4615385
1111	18,5384615
1111	-16,4615385
1111	7,5384615
1112	-6,4615385
1112	6,5384615
1112	10,5384615
1112	3,5384615
1113	-0,4615385
1113	-37,4615385
1113	-15,4615385
1113	26,5384615
1114	20,5384615
1114	0,5384615
1114	6,5384615
1114	-29,4615385
1115	-23,4615385
1115	-0,4615385
1115	-2,4615385
1115	-22,4615385
1115	5,5384615
1116	-15,4615385
1116	-21,4615385
1116	-23,4615385
1116	-16,4615385
1117	8,5384615
1117	-3,4615385
1117	13,5384615
1117	16,5384615
1118	0,5384615
