196	-28,2307692
196	-28,2307692
196	-28,2307692
197	-4,2307692
197	10,7692308
197	25,7692308
197	1,7692308
198	21,7692308
198	19,7692308
198	-14,2307692
199	17,7692308
199	4,7692308
199	0,7692308
199	24,7692308
200	39,7692308
200	42,7692308
200	15,7692308
200	-5,2307692
201	0,7692308
201	3,7692308
201	27,7692308
201	10,7692308
202	34,7692308
202	33,7692308
202	-15,2307692
203	20,7692308
203	1,7692308
203	43,7692308
203	17,7692308
204	26,7692308
204	41,7692308
204	-26,2307692
204	0,7692308
205	4,7692308
205	-11,2307692
205	19,7692308
205	26,7692308
206	8,7692308
206	24,7692308
206	17,7692308
207	-6,2307692
207	4,7692308
207	9,7692308
207	9,7692308
208	7,7692308
208	10,7692308
208	-4,2307692
208	15,7692308
209	13,7692308
209	4,7692308
209	17,7692308
209	-4,2307692
210	10,7692308
210	4,7692308
210	-6,2307692
211	-18,2307692
211	7,7692308
211	-4,2307692
211	7,7692308
212	-1,2307692
212	-11,2307692
212	9,7692308
212	0,7692308
213	10,7692308
213	-6,2307692
213	18,7692308
213	29,7692308
214	7,7692308
214	10,7692308
214	9,7692308
215	16,7692308
215	-8,2307692
215	-5,2307692
215	16,7692308
216	8,7692308
216	21,7692308
216	23,7692308
216	-0,2307692
217	30,7692308
217	13,7692308
217	12,7692308
217	-8,2307692
218	-17,2307692
218	-7,2307692
218	-8,2307692
219	5,7692308
219	1,7692308
219	11,7692308
219	-1,2307692
220	13,7692308
220	7,7692308
220	5,7692308
220	6,7692308
221	10,7692308
221	4,7692308
221	22,7692308
221	18,7692308
222	32,7692308
222	20,7692308
222	22,7692308
223	7,7692308
223	-2,2307692
223	-0,2307692
223	-14,2307692
224	13,7692308
224	0,7692308
224	1,7692308
224	-5,2307692
225	21,7692308
225	15,7692308
225	25,7692308
225	40,7692308
226	15,7692308
226	-6,2307692
226	18,7692308
227	18,7692308
227	9,7692308
227	12,7692308
227	23,7692308
228	12,7692308
228	14,7692308
228	8,7692308
228	16,7692308
229	-0,2307692
229	7,7692308
229	20,7692308
229	12,7692308
230	10,7692308
230	5,7692308
230	14,7692308
231	-0,2307692
231	29,7692308
231	-21,2307692
231	17,7692308
232	23,7692308
232	3,7692308
232	2,7692308
232	-4,2307692
233	-5,2307692
233	2,7692308
233	4,7692308
233	0,7692308
234	-10,2307692
234	23,7692308
234	4,7692308
235	27,7692308
235	34,7692308
235	25,7692308
235	12,7692308
236	6,7692308
236	3,7692308
236	-16,2307692
236	5,7692308
237	13,7692308
237	4,7692308
237	24,7692308
237	14,7692308
238	16,7692308
238	0,7692308
238	10,7692308
239	5,7692308
239	2,7692308
239	9,7692308
239	3,7692308
240	-5,2307692
240	12,7692308
240	4,7692308
240	2,7692308
241	13,7692308
241	14,7692308
241	17,7692308
241	21,7692308
242	-9,2307692
242	-11,2307692
242	-9,2307692
243	24,7692308
243	14,7692308
243	-21,2307692
243	-1,2307692
244	-12,2307692
244	-5,2307692
244	6,7692308
244	-2,2307692
245	17,7692308
245	23,7692308
245	5,7692308
245	-26,2307692
246	-20,2307692
246	33,7692308
246	-4,2307692
247	-14,2307692
247	-3,2307692
247	6,7692308
247	16,7692308
248	-3,2307692
248	20,7692308
248	7,7692308
248	31,7692308
249	20,7692308
249	-18,2307692
249	-21,2307692
249	15,7692308
250	11,7692308
250	33,7692308
250	14,7692308
251	8,7692308
251	18,7692308
251	20,7692308
251	-1,2307692
252	-1,2307692
252	3,7692308
252	5,7692308
252	10,7692308
253	7,7692308
253	18,7692308
253	1,7692308
253	41,7692308
254	5,7692308
254	-15,2307692
254	4,7692308
254	21,7692308
255	-12,2307692
255	-16,2307692
255	2,7692308
256	-7,2307692
256	-16,2307692
256	-6,2307692
256	21,7692308
257	-3,2307692
257	-6,2307692
257	8,7692308
257	29,7692308
258	26,7692308
258	-26,2307692
258	-10,2307692
258	-5,2307692
259	10,7692308
259	23,7692308
259	15,7692308
260	16,7692308
260	-8,2307692
260	3,7692308
260	1,7692308
261	22,7692308
261	3,7692308
261	-4,2307692
261	0,7692308
262	18,7692308
262	9,7692308
262	-10,2307692
262	-28,2307692
263	21,7692308
263	-10,2307692
263	11,7692308
264	-1,2307692
264	18,7692308
264	6,7692308
264	-16,2307692
265	-2,2307692
265	1,7692308
265	20,7692308
265	-18,2307692
266	8,7692308
266	1,7692308
266	26,7692308
266	-11,2307692
267	12,7692308
267	22,7692308
267	27,7692308
268	24,7692308
268	32,7692308
268	-0,2307692
268	45,7692308
269	-6,2307692
269	10,7692308
269	-7,2307692
269	8,7692308
270	-1,2307692
270	1,7692308
270	-16,2307692
270	21,7692308
271	7,7692308
271	1,7692308
271	23,7692308
271	0,7692308
272	15,7692308
272	10,7692308
272	-4,2307692
273	0,7692308
273	17,7692308
273	37,7692308
273	22,7692308
274	14,7692308
274	5,7692308
274	14,7692308
274	7,7692308
275	31,7692308
275	8,7692308
275	26,7692308
275	-12,2307692
276	24,7692308
276	21,7692308
276	-1,2307692
277	16,7692308
277	29,7692308
277	27,7692308
277	10,7692308
278	14,7692308
278	14,7692308
278	3,7692308
278	-15,2307692
279	2,7692308
279	-1,2307692
279	27,7692308
279	25,7692308
280	6,7692308
280	7,7692308
280	-12,2307692
280	1,7692308
281	5,7692308
281	12,7692308
281	-21,2307692
282	-7,2307692
282	17,7692308
282	11,7692308
282	2,7692308
283	-20,2307692
283	0,7692308
283	4,7692308
283	23,7692308
284	15,7692308
284	18,7692308
284	-9,2307692
284	2,7692308
285	-4,2307692
285	-0,2307692
285	-8,2307692
286	16,7692308
286	-3,2307692
286	-6,2307692
286	-3,2307692
287	7,7692308
287	8,7692308
287	-4,2307692
287	25,7692308
288	-1,2307692
288	2,7692308
288	7,7692308
288	4,7692308
289	18,7692308
289	10,7692308
289	7,7692308
290	8,7692308
290	1,7692308
290	11,7692308
290	-22,2307692
291	2,7692308
291	2,7692308
291	-12,2307692
291	-0,2307692
292	11,7692308
292	-16,2307692
292	4,7692308
292	22,7692308
293	36,7692308
293	12,7692308
293	52,7692308
293	31,7692308
294	17,7692308
294	-2,2307692
294	18,7692308
295	24,7692308
295	22,7692308
295	22,7692308
295	17,7692308
296	10,7692308
296	8,7692308
296	2,7692308
296	-12,2307692
297	-6,2307692
297	32,7692308
297	8,7692308
297	23,7692308
298	50,7692308
298	13,7692308
298	24,7692308
299	12,7692308
299	31,7692308
299	31,7692308
299	19,7692308
300	-13,2307692
300	11,7692308
300	-5,2307692
300	15,7692308
301	17,7692308
301	5,7692308
301	-21,2307692
301	-11,2307692
302	-6,2307692
302	11,7692308
302	24,7692308
302	38,7692308
303	39,7692308
303	7,7692308
303	16,7692308
304	5,7692308
304	-7,2307692
304	11,7692308
304	-3,2307692
305	19,7692308
305	40,7692308
305	20,7692308
305	-11,2307692
306	9,7692308
306	10,7692308
306	24,7692308
306	35,7692308
307	26,7692308
307	42,7692308
307	21,7692308
307	11,7692308
308	27,7692308
308	6,7692308
308	31,7692308
309	29,7692308
309	28,7692308
309	36,7692308
309	2,7692308
310	33,7692308
310	-4,2307692
310	16,7692308
310	30,7692308
311	29,7692308
311	58,7692308
311	62,7692308
311	48,7692308
312	70,7692308
312	81,7692308
312	79,7692308
313	65,7692308
313	74,7692308
313	80,7692308
313	69,7692308
314	41,7692308
314	76,7692308
314	59,7692308
314	85,7692308
315	84,7692308
315	87,7692308
315	82,7692308
315	78,7692308
316	90,7692308
316	91,7692308
316	104,7692308
316	53,7692308
317	53,7692308
317	35,7692308
317	42,7692308
318	76,7692308
318	54,7692308
318	63,7692308
318	33,7692308
319	49,7692308
319	42,7692308
319	26,7692308
319	25,7692308
320	47,7692308
320	42,7692308
320	33,7692308
320	14,7692308
321	26,7692308
321	12,7692308
321	6,7692308
321	20,7692308
322	7,7692308
322	16,7692308
322	9,7692308
323	17,7692308
323	33,7692308
323	10,7692308
323	28,7692308
324	-4,2307692
324	23,7692308
324	4,7692308
324	21,7692308
325	-11,2307692
325	-7,2307692
325	-3,2307692
325	2,7692308
326	1,7692308
326	-1,2307692
326	-2,2307692
327	8,7692308
327	28,7692308
327	20,7692308
327	-2,2307692
328	18,7692308
328	-4,2307692
328	31,7692308
328	47,7692308
329	15,7692308
329	1,7692308
329	9,7692308
329	49,7692308
330	30,7692308
330	18,7692308
330	13,7692308
330	33,7692308
331	16,7692308
331	27,7692308
331	44,7692308
332	55,7692308
332	57,7692308
332	67,7692308
332	61,7692308
333	50,7692308
333	53,7692308
333	84,7692308
333	75,7692308
334	44,7692308
334	113,7692308
334	108,7692308
334	111,7692308
335	107,7692308
335	87,7692308
335	68,7692308
335	113,7692308
336	116,7692308
336	147,7692308
336	118,7692308
337	112,7692308
337	142,7692308
337	125,7692308
337	146,7692308
338	169,7692308
338	137,7692308
338	137,7692308
338	159,7692308
339	125,7692308
339	105,7692308
339	114,7692308
339	105,7692308
340	79,7692308
340	95,7692308
340	68,7692308
340	68,7692308
341	51,7692308
341	59,7692308
341	65,7692308
342	60,7692308
342	66,7692308
342	69,7692308
342	16,7692308
343	23,7692308
343	30,7692308
343	12,7692308
343	34,7692308
344	29,7692308
344	1,7692308
344	26,7692308
344	3,7692308
345	-5,2307692
345	12,7692308
345	20,7692308
345	29,7692308
346	19,7692308
346	21,7692308
346	6,7692308
347	15,7692308
347	3,7692308
347	6,7692308
347	23,7692308
348	4,7692308
348	11,7692308
348	35,7692308
348	15,7692308
349	25,7692308
349	11,7692308
349	37,7692308
349	22,7692308
350	27,7692308
350	45,7692308
350	50,7692308
350	32,7692308
351	53,7692308
351	32,7692308
351	16,7692308
352	29,7692308
352	55,7692308
352	66,7692308
352	74,7692308
353	81,7692308
353	80,7692308
353	74,7692308
353	74,7692308
354	51,7692308
354	98,7692308
354	141,7692308
354	87,7692308
355	89,7692308
355	110,7692308
355	92,7692308
355	103,7692308
356	98,7692308
356	103,7692308
356	128,7692308
357	110,7692308
357	105,7692308
357	124,7692308
357	108,7692308
358	136,7692308
358	151,7692308
358	149,7692308
358	124,7692308
359	90,7692308
359	96,7692308
359	93,7692308
359	106,7692308
360	94,7692308
360	82,7692308
360	84,7692308
360	78,7692308
361	64,7692308
361	48,7692308
361	78,7692308
362	113,7692308
362	123,7692308
362	96,7692308
362	47,7692308
363	38,7692308
363	41,7692308
363	14,7692308
363	-6,2307692
364	32,7692308
364	6,7692308
364	10,7692308
364	31,7692308
365	7,7692308
365	14,7692308
365	9,7692308
365	32,7692308
366	7,7692308
366	-0,2307692
366	12,7692308
367	22,7692308
367	26,7692308
367	27,7692308
367	18,7692308
368	6,7692308
368	30,7692308
368	-4,2307692
368	15,7692308
369	-11,2307692
369	-13,2307692
369	5,7692308
369	11,7692308
370	36,7692308
370	6,7692308
370	-7,2307692
370	42,7692308
371	10,7692308
371	25,7692308
371	25,7692308
371	24,7692308
372	34,7692308
372	26,7692308
372	18,7692308
373	42,7692308
373	20,7692308
373	30,7692308
373	34,7692308
374	37,7692308
374	51,7692308
374	28,7692308
374	32,7692308
375	55,7692308
375	62,7692308
375	64,7692308
375	52,7692308
376	57,7692308
376	47,7692308
376	61,7692308
376	39,7692308
377	19,7692308
377	56,7692308
377	79,7692308
378	68,7692308
378	52,7692308
378	66,7692308
378	61,7692308
379	70,7692308
379	55,7692308
379	60,7692308
379	60,7692308
380	81,7692308
380	54,7692308
380	49,7692308
380	37,7692308
381	77,7692308
381	45,7692308
381	65,7692308
381	30,7692308
382	57,7692308
382	44,7692308
382	38,7692308
383	26,7692308
383	13,7692308
383	51,7692308
383	41,7692308
384	37,7692308
384	37,7692308
384	35,7692308
384	41,7692308
385	42,7692308
385	52,7692308
385	59,7692308
385	37,7692308
386	28,7692308
386	30,7692308
386	15,7692308
386	24,7692308
387	40,7692308
387	10,7692308
387	-10,2307692
387	-13,2307692
388	6,7692308
388	12,7692308
388	32,7692308
389	15,7692308
389	-1,2307692
389	-3,2307692
389	17,7692308
390	26,7692308
390	19,7692308
390	26,7692308
390	33,7692308
391	28,7692308
391	35,7692308
391	12,7692308
391	20,7692308
392	31,7692308
392	9,7692308
392	-5,2307692
392	17,7692308
393	20,7692308
393	19,7692308
393	29,7692308
394	27,7692308
394	42,7692308
394	25,7692308
394	38,7692308
395	18,7692308
395	20,7692308
395	12,7692308
395	33,7692308
396	27,7692308
396	2,7692308
396	-12,2307692
396	6,7692308
397	-7,2307692
397	26,7692308
397	11,7692308
397	42,7692308
398	55,7692308
398	29,7692308
398	21,7692308
398	32,7692308
399	20,7692308
399	12,7692308
399	35,7692308
400	41,7692308
400	13,7692308
400	39,7692308
400	33,7692308
401	28,7692308
401	52,7692308
401	16,7692308
401	14,7692308
402	44,7692308
402	31,7692308
402	24,7692308
402	3,7692308
403	22,7692308
403	44,7692308
403	10,7692308
403	18,7692308
404	14,7692308
404	43,7692308
404	24,7692308
405	25,7692308
405	35,7692308
405	54,7692308
405	48,7692308
406	49,7692308
406	44,7692308
406	18,7692308
406	35,7692308
407	21,7692308
407	14,7692308
407	19,7692308
407	38,7692308
408	37,7692308
408	32,7692308
408	3,7692308
408	4,7692308
409	31,7692308
409	8,7692308
409	28,7692308
409	27,7692308
410	9,7692308
410	14,7692308
410	41,7692308
411	30,7692308
411	34,7692308
411	30,7692308
411	-2,2307692
412	2,7692308
412	0,7692308
412	11,7692308
412	-15,2307692
413	-0,2307692
413	17,7692308
413	16,7692308
413	12,7692308
414	9,7692308
414	9,7692308
414	1,7692308
414	-0,2307692
415	46,7692308
415	29,7692308
415	29,7692308
415	-3,2307692
416	-9,2307692
416	-4,2307692
416	19,7692308
417	27,7692308
417	12,7692308
417	10,7692308
417	16,7692308
418	9,7692308
418	5,7692308
418	-1,2307692
418	-10,2307692
419	31,7692308
419	5,7692308
419	30,7692308
419	9,7692308
420	27,7692308
420	15,7692308
420	16,7692308
420	7,7692308
421	40,7692308
421	17,7692308
421	12,7692308
421	-2,2307692
422	2,7692308
422	8,7692308
422	20,7692308
423	25,7692308
423	20,7692308
423	38,7692308
423	28,7692308
424	18,7692308
424	-5,2307692
424	19,7692308
424	13,7692308
425	32,7692308
425	4,7692308
425	21,7692308
425	41,7692308
426	20,7692308
426	15,7692308
426	31,7692308
426	16,7692308
427	27,7692308
427	8,7692308
427	13,7692308
427	25,7692308
428	36,7692308
428	43,7692308
428	11,7692308
429	19,7692308
429	29,7692308
429	11,7692308
429	33,7692308
430	59,7692308
430	25,7692308
430	-0,2307692
430	-7,2307692
431	15,7692308
431	-3,2307692
431	6,7692308
431	27,7692308
432	19,7692308
432	16,7692308
432	13,7692308
432	30,7692308
433	5,7692308
433	8,7692308
433	15,7692308
433	-2,2307692
434	8,7692308
434	17,7692308
434	-0,2307692
435	-9,2307692
435	2,7692308
435	19,7692308
435	13,7692308
436	14,7692308
436	35,7692308
436	15,7692308
436	18,7692308
437	10,7692308
437	16,7692308
437	-2,2307692
437	6,7692308
438	14,7692308
438	45,7692308
438	30,7692308
438	37,7692308
439	31,7692308
439	14,7692308
439	12,7692308
439	19,7692308
440	4,7692308
440	4,7692308
440	5,7692308
441	-9,2307692
441	-19,2307692
441	26,7692308
441	19,7692308
442	9,7692308
442	24,7692308
442	25,7692308
442	13,7692308
443	21,7692308
443	17,7692308
443	25,7692308
443	11,7692308
444	-6,2307692
444	11,7692308
444	-8,2307692
444	5,7692308
445	4,7692308
445	-3,2307692
445	24,7692308
445	25,7692308
446	-13,2307692
446	-3,2307692
446	19,7692308
447	15,7692308
447	16,7692308
447	8,7692308
447	11,7692308
448	13,7692308
448	-11,2307692
448	4,7692308
448	0,7692308
449	1,7692308
449	15,7692308
449	16,7692308
449	12,7692308
450	11,7692308
450	-4,2307692
450	-6,2307692
450	36,7692308
451	15,7692308
451	14,7692308
451	28,7692308
451	4,7692308
452	-0,2307692
452	-1,2307692
452	4,7692308
452	-4,2307692
453	4,7692308
453	13,7692308
453	0,7692308
454	-6,2307692
454	22,7692308
454	4,7692308
454	9,7692308
455	-7,2307692
455	13,7692308
455	-6,2307692
455	-2,2307692
456	3,7692308
456	14,7692308
456	-3,2307692
456	13,7692308
457	-1,2307692
457	14,7692308
457	5,7692308
457	-2,2307692
458	17,7692308
458	7,7692308
458	-11,2307692
458	9,7692308
459	-22,2307692
459	-4,2307692
459	10,7692308
460	36,7692308
460	5,7692308
460	34,7692308
460	-6,2307692
461	1,7692308
461	15,7692308
461	0,7692308
461	31,7692308
462	19,7692308
462	-1,2307692
462	0,7692308
462	5,7692308
463	-12,2307692
463	-14,2307692
463	-5,2307692
463	-6,2307692
464	-11,2307692
464	38,7692308
464	-13,2307692
464	-11,2307692
465	8,7692308
465	30,7692308
465	27,7692308
465	20,7692308
466	8,7692308
466	6,7692308
466	17,7692308
467	9,7692308
467	14,7692308
467	2,7692308
467	-8,2307692
468	-3,2307692
468	22,7692308
468	-12,2307692
468	-8,2307692
469	-2,2307692
469	13,7692308
469	-11,2307692
469	-17,2307692
470	22,7692308
470	3,7692308
470	0,7692308
470	-3,2307692
471	14,7692308
471	-5,2307692
471	20,7692308
471	-2,2307692
472	18,7692308
472	41,7692308
472	25,7692308
472	41,7692308
473	9,7692308
473	50,7692308
473	4,7692308
474	4,7692308
474	-10,2307692
474	12,7692308
474	9,7692308
475	10,7692308
475	20,7692308
475	15,7692308
475	-12,2307692
476	3,7692308
476	20,7692308
476	-30,2307692
476	-2,2307692
477	16,7692308
477	20,7692308
477	-8,2307692
477	12,7692308
478	0,7692308
478	-8,2307692
478	-10,2307692
478	4,7692308
479	-0,2307692
479	6,7692308
479	-1,2307692
479	-4,2307692
480	13,7692308
480	9,7692308
480	3,7692308
481	3,7692308
481	13,7692308
481	21,7692308
481	9,7692308
482	56,7692308
482	-7,2307692
482	-6,2307692
482	12,7692308
483	3,7692308
483	35,7692308
483	3,7692308
483	2,7692308
484	-3,2307692
484	35,7692308
484	15,7692308
484	-17,2307692
485	-7,2307692
485	-2,2307692
485	3,7692308
485	15,7692308
486	-8,2307692
486	13,7692308
486	10,7692308
486	1,7692308
487	-4,2307692
487	22,7692308
487	30,7692308
488	24,7692308
488	1,7692308
488	-12,2307692
488	-6,2307692
489	8,7692308
489	17,7692308
489	38,7692308
489	6,7692308
490	-3,2307692
490	16,7692308
490	-39,2307692
490	3,7692308
491	-16,2307692
491	7,7692308
491	-21,2307692
491	16,7692308
492	10,7692308
492	-1,2307692
492	15,7692308
492	-10,2307692
493	-0,2307692
493	12,7692308
493	6,7692308
493	13,7692308
494	-2,2307692
494	-7,2307692
494	7,7692308
495	-1,2307692
495	-7,2307692
495	36,7692308
495	4,7692308
496	27,7692308
496	18,7692308
496	21,7692308
496	15,7692308
497	11,7692308
497	18,7692308
497	-0,2307692
497	26,7692308
498	1,7692308
498	-17,2307692
498	7,7692308
498	-19,2307692
499	11,7692308
499	7,7692308
499	-5,2307692
499	21,7692308
500	42,7692308
500	-8,2307692
500	-16,2307692
500	18,7692308
501	8,7692308
501	10,7692308
501	31,7692308
502	11,7692308
502	3,7692308
502	16,7692308
502	0,7692308
503	7,7692308
503	11,7692308
503	-12,2307692
503	-33,2307692
504	-11,2307692
504	8,7692308
504	1,7692308
504	15,7692308
505	19,7692308
505	-2,2307692
505	9,7692308
505	7,7692308
506	6,7692308
506	-8,2307692
506	-13,2307692
506	25,7692308
507	12,7692308
507	13,7692308
507	23,7692308
507	-4,2307692
508	32,7692308
508	0,7692308
508	-8,2307692
508	20,7692308
509	6,7692308
509	6,7692308
509	-2,2307692
510	6,7692308
510	24,7692308
510	9,7692308
510	13,7692308
511	14,7692308
511	27,7692308
511	-7,2307692
511	2,7692308
512	35,7692308
512	4,7692308
512	14,7692308
512	17,7692308
513	-34,2307692
513	24,7692308
513	24,7692308
513	-7,2307692
514	8,7692308
514	10,7692308
514	-4,2307692
514	-6,2307692
515	20,7692308
515	14,7692308
515	-1,2307692
515	31,7692308
516	34,7692308
516	33,7692308
516	17,7692308
516	1,7692308
517	4,7692308
517	24,7692308
517	5,7692308
518	-14,2307692
518	17,7692308
518	10,7692308
518	-11,2307692
519	33,7692308
519	35,7692308
519	7,7692308
519	10,7692308
520	-30,2307692
520	-9,2307692
520	20,7692308
520	12,7692308
521	9,7692308
521	18,7692308
521	3,7692308
521	5,7692308
522	27,7692308
522	23,7692308
522	9,7692308
522	-7,2307692
523	9,7692308
523	3,7692308
523	10,7692308
523	13,7692308
524	5,7692308
524	-1,2307692
524	19,7692308
524	19,7692308
525	-10,2307692
525	9,7692308
525	11,7692308
526	6,7692308
526	34,7692308
526	47,7692308
526	10,7692308
527	-5,2307692
527	10,7692308
527	20,7692308
527	1,7692308
528	28,7692308
528	-6,2307692
528	16,7692308
528	19,7692308
529	24,7692308
529	-7,2307692
529	8,7692308
529	19,7692308
530	16,7692308
530	-16,2307692
530	7,7692308
530	16,7692308
531	20,7692308
531	4,7692308
531	19,7692308
531	21,7692308
532	16,7692308
532	-0,2307692
532	14,7692308
532	2,7692308
533	10,7692308
533	-8,2307692
533	9,7692308
534	9,7692308
534	20,7692308
534	7,7692308
534	28,7692308
535	8,7692308
535	-2,2307692
535	20,7692308
535	28,7692308
536	22,7692308
536	26,7692308
536	-9,2307692
536	3,7692308
537	4,7692308
537	2,7692308
537	2,7692308
537	-2,2307692
538	-2,2307692
538	-8,2307692
538	17,7692308
538	-0,2307692
539	17,7692308
539	8,7692308
539	2,7692308
539	27,7692308
540	10,7692308
540	-18,2307692
540	6,7692308
540	10,7692308
541	-0,2307692
541	-11,2307692
541	0,7692308
541	11,7692308
542	18,7692308
542	-7,2307692
542	-0,2307692
543	3,7692308
543	-5,2307692
543	0,7692308
543	41,7692308
544	-1,2307692
544	8,7692308
544	6,7692308
544	7,7692308
545	-38,2307692
545	15,7692308
545	27,7692308
545	-21,2307692
546	15,7692308
546	-1,2307692
546	-1,2307692
546	6,7692308
547	7,7692308
547	20,7692308
547	11,7692308
547	-3,2307692
548	17,7692308
548	1,7692308
548	3,7692308
548	30,7692308
549	3,7692308
549	35,7692308
549	15,7692308
549	-3,2307692
550	8,7692308
550	-8,2307692
550	-4,2307692
550	-7,2307692
551	-34,2307692
551	6,7692308
551	13,7692308
552	0,7692308
552	1,7692308
552	-4,2307692
552	18,7692308
553	2,7692308
553	18,7692308
553	-3,2307692
553	10,7692308
554	2,7692308
554	-8,2307692
554	-3,2307692
554	-5,2307692
555	30,7692308
555	31,7692308
555	17,7692308
555	13,7692308
556	24,7692308
556	19,7692308
556	1,7692308
556	26,7692308
557	29,7692308
557	16,7692308
557	-16,2307692
557	-7,2307692
558	4,7692308
558	-10,2307692
558	14,7692308
558	6,7692308
559	8,7692308
559	15,7692308
559	7,7692308
559	3,7692308
560	14,7692308
560	9,7692308
560	12,7692308
561	10,7692308
561	-5,2307692
561	-14,2307692
561	24,7692308
562	22,7692308
562	20,7692308
562	31,7692308
562	5,7692308
563	31,7692308
563	0,7692308
563	5,7692308
563	9,7692308
564	0,7692308
564	0,7692308
564	1,7692308
564	32,7692308
565	17,7692308
565	9,7692308
565	12,7692308
565	4,7692308
566	14,7692308
566	4,7692308
566	-24,2307692
566	4,7692308
567	-7,2307692
567	-4,2307692
567	2,7692308
567	-7,2307692
568	-2,2307692
568	3,7692308
568	13,7692308
568	0,7692308
569	-21,2307692
569	14,7692308
569	0,7692308
569	-0,2307692
570	-2,2307692
570	-19,2307692
570	-1,2307692
571	-7,2307692
571	19,7692308
571	-1,2307692
571	40,7692308
572	-1,2307692
572	16,7692308
572	7,7692308
572	18,7692308
573	19,7692308
573	9,7692308
573	3,7692308
573	0,7692308
574	17,7692308
574	-3,2307692
574	-18,2307692
574	21,7692308
575	-5,2307692
575	-3,2307692
575	19,7692308
575	-9,2307692
576	22,7692308
576	13,7692308
576	42,7692308
576	-10,2307692
577	-17,2307692
577	36,7692308
577	14,7692308
577	-1,2307692
578	17,7692308
578	27,7692308
578	3,7692308
578	12,7692308
579	12,7692308
579	-11,2307692
579	7,7692308
579	-9,2307692
580	32,7692308
580	10,7692308
580	14,7692308
581	24,7692308
581	16,7692308
581	23,7692308
581	-7,2307692
582	-3,2307692
582	0,7692308
582	7,7692308
582	22,7692308
583	9,7692308
583	10,7692308
583	11,7692308
583	2,7692308
584	9,7692308
584	7,7692308
584	19,7692308
584	37,7692308
585	25,7692308
585	-0,2307692
585	20,7692308
585	16,7692308
586	13,7692308
586	29,7692308
586	-1,2307692
586	12,7692308
587	13,7692308
587	-13,2307692
587	3,7692308
587	-12,2307692
588	-1,2307692
588	27,7692308
588	38,7692308
588	1,7692308
589	15,7692308
589	-7,2307692
589	19,7692308
589	-29,2307692
590	9,7692308
590	22,7692308
590	4,7692308
590	18,7692308
591	-8,2307692
591	19,7692308
591	-0,2307692
592	4,7692308
592	-2,2307692
592	1,7692308
592	19,7692308
593	18,7692308
593	-1,2307692
593	0,7692308
593	20,7692308
594	30,7692308
594	-8,2307692
594	14,7692308
594	18,7692308
595	13,7692308
595	-20,2307692
595	7,7692308
595	14,7692308
596	30,7692308
596	23,7692308
596	-7,2307692
596	3,7692308
597	33,7692308
597	16,7692308
597	18,7692308
597	-221,2307692
598	-37,2307692
598	-6,2307692
598	-17,2307692
598	19,7692308
599	-3,2307692
599	-12,2307692
599	7,7692308
599	4,7692308
600	-3,2307692
600	-0,2307692
600	13,7692308
600	7,7692308
601	-23,2307692
601	11,7692308
601	17,7692308
601	-4,2307692
602	19,7692308
602	4,7692308
602	10,7692308
603	21,7692308
603	16,7692308
603	49,7692308
603	10,7692308
604	10,7692308
604	9,7692308
604	14,7692308
604	10,7692308
605	10,7692308
605	10,7692308
605	3,7692308
605	2,7692308
606	9,7692308
606	14,7692308
606	20,7692308
606	22,7692308
607	-5,2307692
607	-2,2307692
607	22,7692308
607	22,7692308
608	21,7692308
608	38,7692308
608	16,7692308
608	10,7692308
609	14,7692308
609	16,7692308
609	24,7692308
609	-12,2307692
610	9,7692308
610	16,7692308
610	2,7692308
610	-2,2307692
611	-2,2307692
611	27,7692308
611	-1,2307692
611	9,7692308
612	3,7692308
612	-10,2307692
612	21,7692308
612	13,7692308
613	7,7692308
613	4,7692308
613	17,7692308
613	10,7692308
614	40,7692308
614	33,7692308
614	20,7692308
614	0,7692308
615	4,7692308
615	26,7692308
615	5,7692308
616	-19,2307692
616	-13,2307692
616	-3,2307692
616	-8,2307692
617	-6,2307692
617	13,7692308
617	18,7692308
617	-9,2307692
618	17,7692308
618	17,7692308
618	-16,2307692
618	24,7692308
619	15,7692308
619	5,7692308
619	-3,2307692
619	-5,2307692
620	25,7692308
620	10,7692308
620	-0,2307692
620	3,7692308
621	-1,2307692
621	38,7692308
621	0,7692308
621	-4,2307692
622	6,7692308
622	2,7692308
622	2,7692308
622	10,7692308
623	17,7692308
623	6,7692308
623	15,7692308
623	-2,2307692
624	4,7692308
624	9,7692308
624	13,7692308
624	3,7692308
625	44,7692308
625	11,7692308
625	3,7692308
625	-6,2307692
626	12,7692308
626	-15,2307692
626	4,7692308
626	20,7692308
627	7,7692308
627	7,7692308
627	30,7692308
627	18,7692308
628	2,7692308
628	1,7692308
628	12,7692308
629	-19,2307692
629	7,7692308
629	0,7692308
629	-0,2307692
630	10,7692308
630	28,7692308
630	-1,2307692
630	20,7692308
631	-19,2307692
631	10,7692308
631	2,7692308
631	10,7692308
632	3,7692308
632	6,7692308
632	29,7692308
632	5,7692308
633	-5,2307692
633	3,7692308
633	-0,2307692
633	0,7692308
634	-0,2307692
634	-3,2307692
634	-4,2307692
634	7,7692308
635	6,7692308
635	-5,2307692
635	-33,2307692
635	-1,2307692
636	9,7692308
636	22,7692308
636	12,7692308
636	7,7692308
637	13,7692308
637	30,7692308
637	7,7692308
637	-9,2307692
638	9,7692308
638	15,7692308
638	-11,2307692
638	3,7692308
639	-5,2307692
639	-3,2307692
639	19,7692308
639	30,7692308
640	-1,2307692
640	21,7692308
640	-6,2307692
640	22,7692308
641	4,7692308
641	20,7692308
641	11,7692308
641	-3,2307692
642	15,7692308
642	19,7692308
642	0,7692308
642	27,7692308
643	19,7692308
643	9,7692308
643	15,7692308
644	4,7692308
644	-4,2307692
644	27,7692308
644	38,7692308
645	11,7692308
645	-0,2307692
645	18,7692308
645	26,7692308
646	3,7692308
646	8,7692308
646	11,7692308
646	8,7692308
647	23,7692308
647	21,7692308
647	2,7692308
647	46,7692308
648	28,7692308
648	15,7692308
648	-20,2307692
648	23,7692308
649	10,7692308
649	34,7692308
649	22,7692308
649	40,7692308
650	35,7692308
650	24,7692308
650	3,7692308
650	-7,2307692
651	10,7692308
651	38,7692308
651	12,7692308
651	13,7692308
652	18,7692308
652	9,7692308
652	14,7692308
652	11,7692308
653	29,7692308
653	15,7692308
653	14,7692308
653	4,7692308
654	-13,2307692
654	6,7692308
654	39,7692308
654	11,7692308
655	6,7692308
655	33,7692308
655	19,7692308
655	6,7692308
656	15,7692308
656	28,7692308
656	-27,2307692
656	10,7692308
657	16,7692308
657	-5,2307692
657	24,7692308
657	19,7692308
658	-2,2307692
658	1,7692308
658	21,7692308
658	-4,2307692
659	19,7692308
659	18,7692308
659	34,7692308
660	3,7692308
660	-16,2307692
660	13,7692308
660	14,7692308
661	14,7692308
661	22,7692308
661	23,7692308
661	-0,2307692
662	28,7692308
662	11,7692308
662	0,7692308
662	9,7692308
663	5,7692308
663	20,7692308
663	24,7692308
663	26,7692308
664	37,7692308
664	42,7692308
664	23,7692308
664	-6,2307692
665	31,7692308
665	-6,2307692
665	-2,2307692
665	-17,2307692
666	-17,2307692
666	5,7692308
666	15,7692308
666	15,7692308
667	13,7692308
667	-13,2307692
667	30,7692308
667	-22,2307692
668	6,7692308
668	-7,2307692
668	17,7692308
668	35,7692308
669	18,7692308
669	-2,2307692
669	17,7692308
669	7,7692308
670	-0,2307692
670	26,7692308
670	3,7692308
670	5,7692308
671	-0,2307692
671	22,7692308
671	21,7692308
671	0,7692308
672	22,7692308
672	23,7692308
672	27,7692308
672	5,7692308
673	9,7692308
673	4,7692308
673	10,7692308
673	17,7692308
674	16,7692308
674	20,7692308
674	9,7692308
674	26,7692308
675	-4,2307692
675	13,7692308
675	-11,2307692
675	2,7692308
676	2,7692308
676	17,7692308
676	11,7692308
676	28,7692308
677	11,7692308
677	-17,2307692
677	-9,2307692
677	-0,2307692
678	24,7692308
678	42,7692308
678	16,7692308
678	1,7692308
679	-10,2307692
679	13,7692308
679	14,7692308
680	15,7692308
680	1,7692308
680	22,7692308
680	27,7692308
681	26,7692308
681	-5,2307692
681	-3,2307692
681	4,7692308
682	-4,2307692
682	8,7692308
682	18,7692308
682	34,7692308
683	16,7692308
683	-7,2307692
683	-1,2307692
683	-8,2307692
684	7,7692308
684	28,7692308
684	9,7692308
684	11,7692308
685	27,7692308
685	-6,2307692
685	8,7692308
685	-20,2307692
686	9,7692308
686	1,7692308
686	20,7692308
686	13,7692308
687	1,7692308
687	17,7692308
687	6,7692308
687	27,7692308
688	-4,2307692
688	18,7692308
688	3,7692308
688	-8,2307692
689	1,7692308
689	18,7692308
689	26,7692308
689	10,7692308
690	-0,2307692
690	-1,2307692
690	7,7692308
690	-7,2307692
691	12,7692308
691	2,7692308
691	30,7692308
691	16,7692308
692	2,7692308
692	8,7692308
692	0,7692308
692	13,7692308
693	16,7692308
693	-3,2307692
693	5,7692308
693	0,7692308
694	0,7692308
694	8,7692308
694	4,7692308
694	16,7692308
695	11,7692308
695	19,7692308
695	-5,2307692
695	-7,2307692
696	9,7692308
696	4,7692308
696	-25,2307692
696	3,7692308
697	8,7692308
697	1,7692308
697	-1,2307692
697	24,7692308
698	0,7692308
698	-15,2307692
698	8,7692308
698	16,7692308
699	-0,2307692
699	-11,2307692
699	18,7692308
699	3,7692308
700	16,7692308
700	1,7692308
700	-0,2307692
700	-9,2307692
701	17,7692308
701	0,7692308
701	22,7692308
701	-2,2307692
702	-23,2307692
702	7,7692308
702	12,7692308
702	-2,2307692
703	20,7692308
703	4,7692308
703	2,7692308
703	5,7692308
704	3,7692308
704	14,7692308
704	-5,2307692
704	22,7692308
705	11,7692308
705	19,7692308
705	40,7692308
706	6,7692308
706	24,7692308
706	17,7692308
706	1,7692308
707	13,7692308
707	-3,2307692
707	18,7692308
707	1,7692308
708	-12,2307692
708	6,7692308
708	10,7692308
708	15,7692308
709	-9,2307692
709	11,7692308
709	15,7692308
709	-5,2307692
710	8,7692308
710	-5,2307692
710	11,7692308
710	15,7692308
711	-1,2307692
711	7,7692308
711	20,7692308
711	0,7692308
712	9,7692308
712	9,7692308
712	8,7692308
712	-6,2307692
713	13,7692308
713	11,7692308
713	14,7692308
713	28,7692308
714	36,7692308
714	30,7692308
714	0,7692308
714	21,7692308
715	4,7692308
715	0,7692308
715	19,7692308
715	-0,2307692
716	30,7692308
716	18,7692308
716	11,7692308
716	19,7692308
717	-2,2307692
717	5,7692308
717	19,7692308
717	-13,2307692
718	-1,2307692
718	22,7692308
718	-14,2307692
718	7,7692308
719	16,7692308
719	-14,2307692
719	20,7692308
719	-14,2307692
720	-6,2307692
720	-15,2307692
720	-17,2307692
720	11,7692308
721	21,7692308
721	18,7692308
721	14,7692308
721	-11,2307692
722	23,7692308
722	6,7692308
722	-9,2307692
722	-11,2307692
723	17,7692308
723	25,7692308
723	4,7692308
723	23,7692308
724	27,7692308
724	31,7692308
724	15,7692308
724	-18,2307692
725	-10,2307692
725	21,7692308
725	11,7692308
725	10,7692308
726	1,7692308
726	10,7692308
726	13,7692308
726	-8,2307692
727	0,7692308
727	-6,2307692
727	10,7692308
727	-21,2307692
728	6,7692308
728	-19,2307692
728	-3,2307692
728	12,7692308
729	-22,2307692
729	13,7692308
729	18,7692308
729	8,7692308
730	27,7692308
730	-19,2307692
730	-3,2307692
730	3,7692308
731	21,7692308
731	7,7692308
731	-10,2307692
731	17,7692308
732	1,7692308
732	-6,2307692
732	-14,2307692
732	15,7692308
733	19,7692308
733	6,7692308
733	10,7692308
733	5,7692308
734	-0,2307692
734	0,7692308
734	-8,2307692
734	32,7692308
735	-6,2307692
735	21,7692308
735	36,7692308
735	45,7692308
736	-2,2307692
736	-21,2307692
736	-30,2307692
736	21,7692308
737	12,7692308
737	-5,2307692
737	-6,2307692
737	11,7692308
738	2,7692308
738	-5,2307692
738	10,7692308
738	24,7692308
739	22,7692308
739	37,7692308
739	-16,2307692
739	9,7692308
740	7,7692308
740	2,7692308
740	5,7692308
740	-0,2307692
741	-13,2307692
741	-3,2307692
741	2,7692308
741	4,7692308
742	28,7692308
742	35,7692308
742	14,7692308
742	-19,2307692
743	-13,2307692
743	24,7692308
743	-5,2307692
743	-12,2307692
744	11,7692308
744	19,7692308
744	21,7692308
744	6,7692308
745	-9,2307692
745	20,7692308
745	12,7692308
745	-9,2307692
746	8,7692308
746	15,7692308
746	-4,2307692
746	2,7692308
747	23,7692308
747	-3,2307692
747	-3,2307692
747	-2,2307692
748	42,7692308
748	2,7692308
748	-8,2307692
748	29,7692308
749	16,7692308
749	6,7692308
749	18,7692308
749	-8,2307692
750	5,7692308
750	14,7692308
750	16,7692308
750	-0,2307692
751	34,7692308
751	18,7692308
751	3,7692308
751	12,7692308
752	9,7692308
752	0,7692308
752	10,7692308
752	25,7692308
753	5,7692308
753	5,7692308
753	11,7692308
753	22,7692308
754	17,7692308
754	-16,2307692
754	-27,2307692
754	-5,2307692
755	-17,2307692
755	-16,2307692
755	13,7692308
755	2,7692308
756	8,7692308
756	-0,2307692
756	8,7692308
756	17,7692308
757	7,7692308
757	15,7692308
757	-16,2307692
757	3,7692308
758	5,7692308
758	1,7692308
758	11,7692308
758	16,7692308
759	11,7692308
759	27,7692308
759	16,7692308
759	-2,2307692
760	7,7692308
760	16,7692308
760	16,7692308
760	-1,2307692
761	12,7692308
761	13,7692308
761	-6,2307692
761	-6,2307692
762	24,7692308
762	8,7692308
762	3,7692308
762	-25,2307692
763	-10,2307692
763	28,7692308
763	15,7692308
763	5,7692308
764	9,7692308
764	22,7692308
764	12,7692308
764	24,7692308
765	13,7692308
765	-3,2307692
765	-11,2307692
765	24,7692308
766	9,7692308
766	-0,2307692
766	26,7692308
766	28,7692308
767	17,7692308
767	8,7692308
767	7,7692308
767	3,7692308
768	12,7692308
768	17,7692308
768	9,7692308
768	48,7692308
769	11,7692308
769	25,7692308
769	-3,2307692
769	-16,2307692
770	7,7692308
770	10,7692308
770	10,7692308
770	8,7692308
771	-16,2307692
771	3,7692308
771	17,7692308
771	20,7692308
772	40,7692308
772	21,7692308
772	9,7692308
772	17,7692308
773	-1,2307692
773	-4,2307692
773	-2,2307692
773	13,7692308
774	18,7692308
774	8,7692308
774	-16,2307692
774	5,7692308
775	-8,2307692
775	-2,2307692
775	12,7692308
775	5,7692308
776	6,7692308
776	32,7692308
776	35,7692308
776	-20,2307692
777	14,7692308
777	30,7692308
777	11,7692308
777	1,7692308
778	-2,2307692
778	14,7692308
778	26,7692308
778	4,7692308
779	13,7692308
779	2,7692308
779	9,7692308
779	32,7692308
780	26,7692308
780	24,7692308
780	25,7692308
780	0,7692308
781	5,7692308
781	11,7692308
781	4,7692308
781	20,7692308
782	25,7692308
782	19,7692308
782	3,7692308
782	32,7692308
783	2,7692308
783	-1,2307692
783	4,7692308
783	0,7692308
784	8,7692308
784	19,7692308
784	8,7692308
784	8,7692308
785	0,7692308
785	11,7692308
785	4,7692308
785	-11,2307692
786	-3,2307692
786	-20,2307692
786	-6,2307692
786	25,7692308
787	6,7692308
787	-4,2307692
787	-17,2307692
787	4,7692308
788	-37,2307692
788	-21,2307692
788	13,7692308
788	-3,2307692
789	6,7692308
789	6,7692308
789	19,7692308
789	-3,2307692
790	-10,2307692
790	-4,2307692
790	5,7692308
790	7,7692308
791	7,7692308
791	19,7692308
791	-3,2307692
791	-37,2307692
792	-0,2307692
792	7,7692308
792	52,7692308
792	32,7692308
793	0,7692308
793	11,7692308
793	-16,2307692
793	9,7692308
794	28,7692308
794	2,7692308
794	8,7692308
794	-8,2307692
795	-4,2307692
795	17,7692308
795	12,7692308
795	8,7692308
796	19,7692308
796	26,7692308
796	-10,2307692
796	11,7692308
797	23,7692308
797	-10,2307692
797	31,7692308
797	-12,2307692
798	-6,2307692
798	-2,2307692
798	17,7692308
798	46,7692308
799	9,7692308
799	-2,2307692
799	14,7692308
799	-20,2307692
800	6,7692308
800	29,7692308
800	27,7692308
800	11,7692308
801	24,7692308
801	2,7692308
801	18,7692308
801	3,7692308
802	25,7692308
802	29,7692308
802	11,7692308
802	7,7692308
803	-2,2307692
803	-20,2307692
803	6,7692308
803	8,7692308
804	-3,2307692
804	4,7692308
804	-5,2307692
804	12,7692308
805	-1,2307692
805	-38,2307692
805	9,7692308
805	-16,2307692
806	-8,2307692
806	-8,2307692
806	31,7692308
806	9,7692308
807	-1,2307692
807	8,7692308
807	17,7692308
807	30,7692308
808	-4,2307692
808	-4,2307692
808	5,7692308
808	-20,2307692
809	16,7692308
809	25,7692308
809	18,7692308
809	-6,2307692
810	10,7692308
810	13,7692308
810	14,7692308
810	8,7692308
811	3,7692308
811	13,7692308
811	-12,2307692
811	-3,2307692
812	-11,2307692
812	19,7692308
812	22,7692308
812	-15,2307692
813	-7,2307692
813	10,7692308
813	10,7692308
813	1,7692308
814	-19,2307692
814	12,7692308
814	11,7692308
814	14,7692308
815	30,7692308
815	11,7692308
815	37,7692308
815	-18,2307692
816	44,7692308
816	9,7692308
816	-9,2307692
816	13,7692308
817	-3,2307692
817	10,7692308
817	0,7692308
817	15,7692308
818	-3,2307692
818	10,7692308
818	-13,2307692
818	5,7692308
819	8,7692308
819	12,7692308
819	8,7692308
819	-0,2307692
820	-6,2307692
820	5,7692308
820	22,7692308
820	16,7692308
820	-9,2307692
821	-19,2307692
821	-13,2307692
821	24,7692308
821	13,7692308
822	0,7692308
822	1,7692308
822	-32,2307692
822	6,7692308
823	0,7692308
823	1,7692308
823	-8,2307692
823	-4,2307692
824	3,7692308
824	28,7692308
824	16,7692308
824	26,7692308
825	23,7692308
825	18,7692308
825	5,7692308
825	24,7692308
826	13,7692308
826	13,7692308
826	-18,2307692
826	9,7692308
827	20,7692308
827	6,7692308
827	-7,2307692
827	-16,2307692
828	11,7692308
828	7,7692308
828	7,7692308
828	5,7692308
829	22,7692308
829	17,7692308
829	31,7692308
829	6,7692308
830	27,7692308
830	24,7692308
830	2,7692308
830	5,7692308
831	10,7692308
831	15,7692308
831	-5,2307692
831	8,7692308
832	14,7692308
832	10,7692308
832	7,7692308
832	7,7692308
833	15,7692308
833	-8,2307692
833	-9,2307692
833	12,7692308
834	40,7692308
834	12,7692308
834	21,7692308
834	7,7692308
835	-12,2307692
835	12,7692308
835	14,7692308
835	39,7692308
836	-1,2307692
836	-2,2307692
836	26,7692308
836	35,7692308
837	9,7692308
837	2,7692308
837	4,7692308
837	4,7692308
838	-9,2307692
838	20,7692308
838	21,7692308
838	-4,2307692
839	5,7692308
839	0,7692308
839	-6,2307692
839	27,7692308
840	8,7692308
840	-18,2307692
840	-2,2307692
840	-10,2307692
841	2,7692308
841	28,7692308
841	14,7692308
841	-5,2307692
842	20,7692308
842	15,7692308
842	8,7692308
842	19,7692308
843	-3,2307692
843	9,7692308
843	15,7692308
843	-20,2307692
844	-5,2307692
844	11,7692308
844	30,7692308
844	-2,2307692
845	2,7692308
845	17,7692308
845	13,7692308
845	-1,2307692
845	5,7692308
846	-10,2307692
846	19,7692308
846	9,7692308
846	24,7692308
847	28,7692308
847	9,7692308
847	-10,2307692
847	-8,2307692
848	1,7692308
848	-15,2307692
848	-2,2307692
848	4,7692308
849	-8,2307692
849	-1,2307692
849	14,7692308
849	11,7692308
850	18,7692308
850	17,7692308
850	12,7692308
850	41,7692308
851	-8,2307692
851	-22,2307692
851	15,7692308
851	19,7692308
852	-6,2307692
852	5,7692308
852	-9,2307692
852	-14,2307692
853	0,7692308
853	-3,2307692
853	-19,2307692
853	3,7692308
854	-5,2307692
854	5,7692308
854	-10,2307692
854	7,7692308
855	-9,2307692
855	-1,2307692
855	10,7692308
855	10,7692308
856	-15,2307692
856	2,7692308
856	3,7692308
856	-5,2307692
857	-8,2307692
857	1,7692308
857	5,7692308
857	10,7692308
858	18,7692308
858	0,7692308
858	31,7692308
858	-2,2307692
859	7,7692308
859	-19,2307692
859	24,7692308
859	1,7692308
860	8,7692308
860	19,7692308
860	35,7692308
860	-6,2307692
861	10,7692308
861	21,7692308
861	7,7692308
861	25,7692308
862	12,7692308
862	32,7692308
862	8,7692308
862	-13,2307692
863	5,7692308
863	1,7692308
863	13,7692308
863	16,7692308
864	16,7692308
864	-12,2307692
864	-18,2307692
864	4,7692308
864	-12,2307692
865	2,7692308
865	8,7692308
865	19,7692308
865	16,7692308
866	9,7692308
866	6,7692308
866	15,7692308
866	23,7692308
867	14,7692308
867	-12,2307692
867	-5,2307692
867	27,7692308
868	11,7692308
868	-14,2307692
868	10,7692308
868	13,7692308
869	17,7692308
869	22,7692308
869	-2,2307692
869	-11,2307692
870	20,7692308
870	11,7692308
870	33,7692308
870	28,7692308
871	9,7692308
871	-3,2307692
871	-3,2307692
871	-28,2307692
872	13,7692308
872	-9,2307692
872	3,7692308
872	5,7692308
873	-1,2307692
873	-12,2307692
873	-9,2307692
873	1,7692308
874	7,7692308
874	16,7692308
874	-4,2307692
874	7,7692308
875	9,7692308
875	-12,2307692
875	-12,2307692
875	34,7692308
876	3,7692308
876	17,7692308
876	-11,2307692
876	7,7692308
877	3,7692308
877	-13,2307692
877	4,7692308
877	9,7692308
878	3,7692308
878	5,7692308
878	33,7692308
878	19,7692308
879	34,7692308
879	-4,2307692
879	-10,2307692
879	-4,2307692
880	23,7692308
880	2,7692308
880	16,7692308
880	24,7692308
880	8,7692308
881	20,7692308
881	26,7692308
881	0,7692308
881	-7,2307692
882	3,7692308
882	0,7692308
882	4,7692308
882	-4,2307692
883	-25,2307692
883	9,7692308
883	16,7692308
883	-8,2307692
884	22,7692308
884	13,7692308
884	-15,2307692
884	-2,2307692
885	9,7692308
885	2,7692308
885	12,7692308
885	27,7692308
886	21,7692308
886	3,7692308
886	0,7692308
886	13,7692308
887	26,7692308
887	14,7692308
887	-24,2307692
887	13,7692308
888	8,7692308
888	4,7692308
888	-7,2307692
888	-1,2307692
889	-24,2307692
889	9,7692308
889	-7,2307692
889	-0,2307692
890	10,7692308
890	-40,2307692
890	26,7692308
890	-0,2307692
891	7,7692308
891	8,7692308
891	21,7692308
891	31,7692308
892	0,7692308
892	10,7692308
892	-8,2307692
892	22,7692308
893	15,7692308
893	-1,2307692
893	7,7692308
893	12,7692308
894	21,7692308
894	-1,2307692
894	-7,2307692
894	17,7692308
894	6,7692308
895	-6,2307692
895	19,7692308
895	20,7692308
895	-10,2307692
896	34,7692308
896	5,7692308
896	15,7692308
896	30,7692308
897	38,7692308
897	17,7692308
897	21,7692308
897	35,7692308
898	11,7692308
898	-13,2307692
898	-10,2307692
898	20,7692308
899	18,7692308
899	-14,2307692
899	0,7692308
899	-10,2307692
900	37,7692308
900	26,7692308
900	11,7692308
900	13,7692308
901	21,7692308
901	19,7692308
901	15,7692308
901	-5,2307692
902	13,7692308
902	13,7692308
902	15,7692308
902	-4,2307692
903	-11,2307692
903	2,7692308
903	-10,2307692
903	24,7692308
904	22,7692308
904	-2,2307692
904	14,7692308
904	20,7692308
905	13,7692308
905	23,7692308
905	26,7692308
905	19,7692308
906	8,7692308
906	-3,2307692
906	1,7692308
906	13,7692308
906	0,7692308
907	10,7692308
907	40,7692308
907	-0,2307692
907	-0,2307692
908	6,7692308
908	14,7692308
908	46,7692308
908	-15,2307692
909	1,7692308
909	-24,2307692
909	16,7692308
909	0,7692308
910	-16,2307692
910	-14,2307692
910	22,7692308
910	-13,2307692
911	-6,2307692
911	8,7692308
911	-4,2307692
911	2,7692308
912	14,7692308
912	26,7692308
912	4,7692308
912	18,7692308
913	20,7692308
913	3,7692308
913	15,7692308
913	-3,2307692
914	15,7692308
914	-2,2307692
914	-2,2307692
914	10,7692308
915	-12,2307692
915	-5,2307692
915	10,7692308
915	13,7692308
916	9,7692308
916	27,7692308
916	8,7692308
916	-2,2307692
917	12,7692308
917	38,7692308
917	-10,2307692
917	2,7692308
917	-2,2307692
918	-6,2307692
918	14,7692308
918	-25,2307692
918	13,7692308
919	16,7692308
919	-3,2307692
919	38,7692308
919	-3,2307692
920	4,7692308
920	32,7692308
920	34,7692308
920	38,7692308
921	14,7692308
921	4,7692308
921	1,7692308
921	-8,2307692
922	-7,2307692
922	-6,2307692
922	-5,2307692
922	-10,2307692
923	17,7692308
923	-4,2307692
923	-4,2307692
923	11,7692308
924	7,7692308
924	9,7692308
924	-6,2307692
924	-18,2307692
925	12,7692308
925	13,7692308
925	7,7692308
925	47,7692308
926	12,7692308
926	7,7692308
926	18,7692308
926	13,7692308
927	3,7692308
927	15,7692308
927	-0,2307692
927	4,7692308
928	-11,2307692
928	-5,2307692
928	-2,2307692
928	-1,2307692
928	41,7692308
929	8,7692308
929	11,7692308
929	9,7692308
929	-27,2307692
930	7,7692308
930	23,7692308
930	-16,2307692
930	-8,2307692
931	7,7692308
931	9,7692308
931	5,7692308
931	13,7692308
932	16,7692308
932	6,7692308
932	2,7692308
932	5,7692308
933	12,7692308
933	-9,2307692
933	30,7692308
933	9,7692308
934	16,7692308
934	14,7692308
934	0,7692308
934	24,7692308
935	25,7692308
935	25,7692308
935	0,7692308
935	9,7692308
936	18,7692308
936	35,7692308
936	-5,2307692
936	-0,2307692
937	26,7692308
937	24,7692308
937	25,7692308
937	1,7692308
938	23,7692308
938	13,7692308
938	9,7692308
938	40,7692308
938	41,7692308
939	11,7692308
939	-5,2307692
939	30,7692308
939	27,7692308
940	1,7692308
940	7,7692308
940	-24,2307692
940	11,7692308
941	-1,2307692
941	3,7692308
941	-18,2307692
941	7,7692308
942	6,7692308
942	19,7692308
942	4,7692308
942	3,7692308
943	13,7692308
943	11,7692308
943	13,7692308
943	11,7692308
944	3,7692308
944	19,7692308
944	18,7692308
944	19,7692308
945	15,7692308
945	19,7692308
945	7,7692308
945	-5,2307692
946	35,7692308
946	30,7692308
946	5,7692308
946	3,7692308
947	19,7692308
947	19,7692308
947	-3,2307692
947	-9,2307692
947	11,7692308
948	5,7692308
948	5,7692308
948	-4,2307692
948	21,7692308
949	17,7692308
949	-0,2307692
949	-0,2307692
949	29,7692308
950	37,7692308
950	-20,2307692
950	3,7692308
950	-2,2307692
951	13,7692308
951	3,7692308
951	9,7692308
951	-6,2307692
952	24,7692308
952	15,7692308
952	18,7692308
952	40,7692308
953	-9,2307692
953	17,7692308
953	-5,2307692
953	2,7692308
954	-6,2307692
954	-9,2307692
954	-5,2307692
954	-8,2307692
955	-0,2307692
955	30,7692308
955	-11,2307692
955	-23,2307692
956	4,7692308
956	6,7692308
956	8,7692308
956	7,7692308
956	14,7692308
957	24,7692308
957	21,7692308
957	12,7692308
957	20,7692308
958	13,7692308
958	-32,2307692
958	15,7692308
958	26,7692308
959	-8,2307692
959	-6,2307692
959	3,7692308
959	1,7692308
960	40,7692308
960	19,7692308
960	-2,2307692
960	4,7692308
961	-10,2307692
961	23,7692308
961	10,7692308
961	-27,2307692
962	3,7692308
962	11,7692308
962	-3,2307692
962	20,7692308
963	10,7692308
963	4,7692308
963	32,7692308
963	-3,2307692
964	-22,2307692
964	15,7692308
964	8,7692308
964	2,7692308
964	6,7692308
965	16,7692308
965	-4,2307692
965	22,7692308
965	-3,2307692
966	20,7692308
966	14,7692308
966	15,7692308
966	-6,2307692
967	-2,2307692
967	-4,2307692
967	-13,2307692
967	-6,2307692
968	14,7692308
968	21,7692308
968	-11,2307692
968	11,7692308
969	13,7692308
969	4,7692308
969	5,7692308
969	7,7692308
970	1,7692308
970	-10,2307692
970	13,7692308
970	11,7692308
971	28,7692308
971	-1,2307692
971	31,7692308
971	21,7692308
972	25,7692308
972	6,7692308
972	11,7692308
972	7,7692308
972	-10,2307692
973	-15,2307692
973	14,7692308
973	29,7692308
973	-6,2307692
974	5,7692308
974	5,7692308
974	25,7692308
974	25,7692308
975	35,7692308
975	14,7692308
975	26,7692308
975	13,7692308
976	-11,2307692
976	-3,2307692
976	-4,2307692
976	20,7692308
977	13,7692308
977	-4,2307692
977	-10,2307692
977	26,7692308
978	34,7692308
978	35,7692308
978	-3,2307692
978	33,7692308
979	4,7692308
979	20,7692308
979	32,7692308
979	19,7692308
980	16,7692308
980	21,7692308
980	-0,2307692
980	13,7692308
980	5,7692308
981	-10,2307692
981	4,7692308
981	31,7692308
981	-2,2307692
982	-10,2307692
982	0,7692308
982	18,7692308
982	30,7692308
983	-2,2307692
983	-11,2307692
983	-10,2307692
983	-9,2307692
984	35,7692308
984	28,7692308
984	12,7692308
984	11,7692308
985	-9,2307692
985	8,7692308
985	20,7692308
985	12,7692308
986	-1,2307692
986	-14,2307692
986	9,7692308
986	11,7692308
987	7,7692308
987	11,7692308
987	15,7692308
987	-11,2307692
988	-2,2307692
988	9,7692308
988	-10,2307692
988	15,7692308
988	26,7692308
989	4,7692308
989	13,7692308
989	18,7692308
989	22,7692308
990	10,7692308
990	15,7692308
990	2,7692308
990	-6,2307692
991	-5,2307692
991	38,7692308
991	29,7692308
991	-3,2307692
992	-1,2307692
992	12,7692308
992	19,7692308
992	3,7692308
993	13,7692308
993	14,7692308
993	21,7692308
993	26,7692308
994	-2,2307692
994	-5,2307692
994	17,7692308
994	-5,2307692
995	8,7692308
995	11,7692308
995	27,7692308
995	40,7692308
995	29,7692308
996	2,7692308
996	14,7692308
996	13,7692308
996	4,7692308
997	32,7692308
997	-13,2307692
997	11,7692308
997	43,7692308
998	-12,2307692
998	21,7692308
998	11,7692308
998	13,7692308
999	14,7692308
999	6,7692308
999	18,7692308
999	6,7692308
1000	-14,2307692
1000	4,7692308
1000	-3,2307692
1000	-8,2307692
1001	-6,2307692
1001	-0,2307692
1001	0,7692308
1001	-6,2307692
1002	5,7692308
1002	23,7692308
1002	36,7692308
1002	32,7692308
1002	0,7692308
1003	13,7692308
1003	16,7692308
1003	42,7692308
1003	1,7692308
1004	35,7692308
1004	11,7692308
1004	37,7692308
1004	21,7692308
1005	-10,2307692
1005	3,7692308
1005	12,7692308
1005	-10,2307692
1006	-27,2307692
1006	-1,2307692
1006	19,7692308
1006	10,7692308
1007	14,7692308
1007	9,7692308
1007	-19,2307692
1007	3,7692308
1008	-3,2307692
1008	35,7692308
1008	5,7692308
1008	10,7692308
1008	-5,2307692
1009	4,7692308
1009	-5,2307692
1009	18,7692308
1009	3,7692308
1010	13,7692308
1010	-6,2307692
1010	15,7692308
1010	0,7692308
1011	32,7692308
1011	12,7692308
1011	19,7692308
1011	43,7692308
1012	33,7692308
1012	7,7692308
1012	15,7692308
1012	19,7692308
1013	-7,2307692
1013	10,7692308
1013	34,7692308
1013	-1,2307692
1014	20,7692308
1014	-4,2307692
1014	20,7692308
1014	-2,2307692
1015	14,7692308
1015	35,7692308
1015	-5,2307692
1015	-0,2307692
1015	14,7692308
1016	13,7692308
1016	15,7692308
1016	-4,2307692
1016	-0,2307692
1017	1,7692308
1017	-9,2307692
1017	-8,2307692
1017	-1,2307692
1018	9,7692308
1018	2,7692308
1018	9,7692308
1018	20,7692308
1019	-2,2307692
1019	16,7692308
1019	-1,2307692
1019	-5,2307692
1020	-10,2307692
1020	18,7692308
1020	25,7692308
1020	22,7692308
1021	10,7692308
1021	13,7692308
1021	10,7692308
1021	4,7692308
1021	15,7692308
1022	-1,2307692
1022	18,7692308
1022	12,7692308
1022	5,7692308
1023	-5,2307692
1023	1,7692308
1023	13,7692308
1023	-11,2307692
1024	9,7692308
1024	-17,2307692
1024	27,7692308
1024	18,7692308
1025	21,7692308
1025	-2,2307692
1025	-6,2307692
1025	24,7692308
1026	-4,2307692
1026	27,7692308
1026	11,7692308
1026	13,7692308
1027	15,7692308
1027	-5,2307692
1027	37,7692308
1027	29,7692308
1027	-9,2307692
1028	-8,2307692
1028	-6,2307692
1028	11,7692308
1028	18,7692308
1029	-10,2307692
1029	12,7692308
1029	35,7692308
1029	22,7692308
1030	36,7692308
1030	-6,2307692
1030	-9,2307692
1030	-14,2307692
1031	9,7692308
1031	25,7692308
1031	14,7692308
1031	-22,2307692
1032	-4,2307692
1032	3,7692308
1032	2,7692308
1032	44,7692308
1033	15,7692308
1033	22,7692308
1033	0,7692308
1033	13,7692308
1034	25,7692308
1034	-5,2307692
1034	-11,2307692
1034	-15,2307692
1034	-6,2307692
1035	24,7692308
1035	0,7692308
1035	13,7692308
1035	16,7692308
1036	42,7692308
1036	22,7692308
1036	27,7692308
1036	1,7692308
1037	12,7692308
1037	-2,2307692
1037	-7,2307692
1037	29,7692308
1038	14,7692308
1038	-4,2307692
1038	-9,2307692
1038	11,7692308
1039	9,7692308
1039	20,7692308
1039	23,7692308
1039	-3,2307692
1039	-10,2307692
1040	3,7692308
1040	33,7692308
1040	24,7692308
1040	17,7692308
1041	19,7692308
1041	-9,2307692
1041	35,7692308
1041	18,7692308
1042	32,7692308
1042	31,7692308
1042	11,7692308
1042	26,7692308
1043	22,7692308
1043	34,7692308
1043	1,7692308
1043	4,7692308
1044	-5,2307692
1044	-27,2307692
1044	10,7692308
1044	4,7692308
1045	4,7692308
1045	-22,2307692
1045	3,7692308
1045	5,7692308
1045	-10,2307692
1046	3,7692308
1046	17,7692308
1046	23,7692308
1046	-15,2307692
1047	3,7692308
1047	39,7692308
1047	-1,2307692
1047	14,7692308
1048	22,7692308
1048	26,7692308
1048	52,7692308
1048	-3,2307692
1049	-3,2307692
1049	3,7692308
1049	7,7692308
1049	35,7692308
1050	-3,2307692
1050	-7,2307692
1050	-5,2307692
1050	14,7692308
1051	19,7692308
1051	-4,2307692
1051	-13,2307692
1051	11,7692308
1051	13,7692308
1052	8,7692308
1052	1,7692308
1052	-16,2307692
1052	-17,2307692
1053	-10,2307692
1053	19,7692308
1053	23,7692308
1053	1,7692308
1054	10,7692308
1054	5,7692308
1054	2,7692308
1054	24,7692308
1055	3,7692308
1055	-4,2307692
1055	0,7692308
1055	22,7692308
1056	5,7692308
1056	5,7692308
1056	-5,2307692
1056	-9,2307692
1056	-3,2307692
1057	9,7692308
1057	22,7692308
1057	9,7692308
1057	8,7692308
1058	-14,2307692
1058	0,7692308
1058	6,7692308
1058	20,7692308
1059	7,7692308
1059	16,7692308
1059	-7,2307692
1059	7,7692308
1060	24,7692308
1060	18,7692308
1060	-6,2307692
1060	14,7692308
1061	10,7692308
1061	18,7692308
1061	12,7692308
1061	15,7692308
1062	15,7692308
1062	8,7692308
1062	7,7692308
1062	27,7692308
1062	19,7692308
1063	-2,2307692
1063	-2,2307692
1063	5,7692308
1063	11,7692308
1064	-19,2307692
1064	14,7692308
1064	28,7692308
1064	16,7692308
1065	33,7692308
1065	-4,2307692
1065	-11,2307692
1065	28,7692308
1066	8,7692308
1066	14,7692308
1066	2,7692308
1066	27,7692308
1067	1,7692308
1067	14,7692308
1067	15,7692308
1067	8,7692308
1067	20,7692308
1068	9,7692308
1068	9,7692308
1068	-5,2307692
1068	29,7692308
1069	24,7692308
1069	12,7692308
1069	2,7692308
1069	-2,2307692
1070	-2,2307692
1070	0,7692308
1070	5,7692308
1070	8,7692308
1071	0,7692308
1071	8,7692308
1071	14,7692308
1071	8,7692308
1072	13,7692308
1072	23,7692308
1072	-1,2307692
1072	-5,2307692
1072	-15,2307692
1073	-9,2307692
1073	6,7692308
1073	-4,2307692
1073	-2,2307692
1074	11,7692308
1074	13,7692308
1074	4,7692308
1074	10,7692308
1075	19,7692308
1075	21,7692308
1075	18,7692308
1075	21,7692308
1076	5,7692308
1076	4,7692308
1076	0,7692308
1076	-15,2307692
1077	14,7692308
1077	4,7692308
1077	11,7692308
1077	2,7692308
1077	29,7692308
1078	-11,2307692
1078	0,7692308
1078	6,7692308
1078	-4,2307692
1079	34,7692308
1079	27,7692308
1079	7,7692308
1079	21,7692308
1080	32,7692308
1080	-11,2307692
1080	-17,2307692
1080	8,7692308
1081	-0,2307692
1081	17,7692308
1081	20,7692308
1081	15,7692308
1082	24,7692308
1082	-8,2307692
1082	25,7692308
1082	6,7692308
1082	15,7692308
1083	-0,2307692
1083	14,7692308
1083	-1,2307692
1083	7,7692308
1084	-13,2307692
1084	-15,2307692
1084	9,7692308
1084	-1,2307692
1085	8,7692308
1085	-10,2307692
1085	-7,2307692
1085	6,7692308
1086	11,7692308
1086	3,7692308
1086	3,7692308
1086	12,7692308
1087	8,7692308
1087	-5,2307692
1087	25,7692308
1087	14,7692308
1087	16,7692308
1088	5,7692308
1088	21,7692308
1088	13,7692308
1088	-7,2307692
1089	-13,2307692
1089	12,7692308
1089	6,7692308
1089	23,7692308
1090	16,7692308
1090	28,7692308
1090	-0,2307692
1090	10,7692308
1091	0,7692308
1091	15,7692308
1091	30,7692308
1091	18,7692308
1092	34,7692308
1092	43,7692308
1092	5,7692308
1092	16,7692308
1092	6,7692308
1093	18,7692308
1093	14,7692308
1093	-16,2307692
1093	-8,2307692
1094	5,7692308
1094	-1,2307692
1094	12,7692308
1094	14,7692308
1095	15,7692308
1095	30,7692308
1095	-5,2307692
1095	34,7692308
1096	25,7692308
1096	-14,2307692
1096	-21,2307692
1096	2,7692308
1097	-6,2307692
1097	-15,2307692
1097	10,7692308
1097	28,7692308
1097	6,7692308
1098	20,7692308
1098	24,7692308
1098	-6,2307692
1098	-9,2307692
1099	21,7692308
1099	18,7692308
1099	-1,2307692
1099	5,7692308
1100	-7,2307692
1100	-24,2307692
1100	3,7692308
1100	4,7692308
1101	-7,2307692
1101	14,7692308
1101	38,7692308
1101	-7,2307692
1101	11,7692308
1102	12,7692308
1102	26,7692308
1102	-20,2307692
1102	-0,2307692
1103	-3,2307692
1103	0,7692308
1103	8,7692308
1103	20,7692308
1104	7,7692308
1104	19,7692308
1104	16,7692308
1104	17,7692308
1105	13,7692308
1105	-1,2307692
1105	14,7692308
1105	29,7692308
1106	8,7692308
1106	1,7692308
1106	-11,2307692
1106	-2,2307692
1106	-13,2307692
1107	3,7692308
1107	44,7692308
1107	40,7692308
1107	-3,2307692
1108	-11,2307692
1108	12,7692308
1108	22,7692308
1108	1,7692308
1109	-9,2307692
1109	9,7692308
1109	0,7692308
1109	23,7692308
1110	17,7692308
1110	24,7692308
1110	-7,2307692
1110	9,7692308
1110	4,7692308
1111	23,7692308
1111	38,7692308
1111	0,7692308
1111	2,7692308
1112	-3,2307692
1112	-4,2307692
1112	19,7692308
1112	25,7692308
1113	-7,2307692
1113	-18,2307692
1113	-9,2307692
1113	46,7692308
1114	25,7692308
1114	15,7692308
1114	11,7692308
1114	2,7692308
1115	6,7692308
1115	-7,2307692
1115	-9,2307692
1115	-12,2307692
1115	20,7692308
1116	21,7692308
1116	9,7692308
1116	2,7692308
1116	-10,2307692
1117	0,7692308
1117	11,7692308
1117	11,7692308
1117	5,7692308
1118	9,7692308
