196	-29,1538462
196	-29,1538462
196	-29,1538462
197	-13,1538462
197	-10,1538462
197	32,8461538
197	14,8461538
198	15,8461538
198	10,8461538
198	-22,1538462
199	31,8461538
199	14,8461538
199	11,8461538
199	-2,1538462
200	34,8461538
200	-8,1538462
200	36,8461538
200	-9,1538462
201	-2,1538462
201	-30,1538462
201	26,8461538
201	20,8461538
202	24,8461538
202	12,8461538
202	-12,1538462
203	19,8461538
203	4,8461538
203	-2,1538462
203	12,8461538
204	36,8461538
204	28,8461538
204	-12,1538462
204	8,8461538
205	-9,1538462
205	-24,1538462
205	-12,1538462
205	7,8461538
206	0,8461538
206	25,8461538
206	26,8461538
207	-6,1538462
207	19,8461538
207	-10,1538462
207	-1,1538462
208	-4,1538462
208	16,8461538
208	18,8461538
208	2,8461538
209	-9,1538462
209	18,8461538
209	22,8461538
209	12,8461538
210	32,8461538
210	22,8461538
210	12,8461538
211	-5,1538462
211	-1,1538462
211	-12,1538462
211	-9,1538462
212	-5,1538462
212	-22,1538462
212	24,8461538
212	7,8461538
213	17,8461538
213	-24,1538462
213	-13,1538462
213	-7,1538462
214	7,8461538
214	8,8461538
214	-2,1538462
215	15,8461538
215	2,8461538
215	-18,1538462
215	-0,1538462
216	7,8461538
216	13,8461538
216	36,8461538
216	17,8461538
217	12,8461538
217	17,8461538
217	3,8461538
217	-11,1538462
218	9,8461538
218	-4,1538462
218	2,8461538
219	8,8461538
219	-14,1538462
219	39,8461538
219	16,8461538
220	26,8461538
220	23,8461538
220	-7,1538462
220	-4,1538462
221	11,8461538
221	-13,1538462
221	20,8461538
221	17,8461538
222	28,8461538
222	28,8461538
222	18,8461538
223	32,8461538
223	8,8461538
223	5,8461538
223	-29,1538462
224	1,8461538
224	1,8461538
224	14,8461538
224	-3,1538462
225	8,8461538
225	-4,1538462
225	5,8461538
225	12,8461538
226	21,8461538
226	-17,1538462
226	6,8461538
227	9,8461538
227	3,8461538
227	7,8461538
227	18,8461538
228	25,8461538
228	10,8461538
228	11,8461538
228	19,8461538
229	6,8461538
229	6,8461538
229	6,8461538
229	8,8461538
230	44,8461538
230	23,8461538
230	-4,1538462
231	-26,1538462
231	-4,1538462
231	-8,1538462
231	20,8461538
232	24,8461538
232	13,8461538
232	32,8461538
232	0,8461538
233	-14,1538462
233	21,8461538
233	21,8461538
233	11,8461538
234	-11,1538462
234	15,8461538
234	-4,1538462
235	23,8461538
235	25,8461538
235	6,8461538
235	13,8461538
236	13,8461538
236	28,8461538
236	-8,1538462
236	-1,1538462
237	10,8461538
237	1,8461538
237	9,8461538
237	17,8461538
238	18,8461538
238	1,8461538
238	9,8461538
239	4,8461538
239	-6,1538462
239	3,8461538
239	12,8461538
240	4,8461538
240	13,8461538
240	-5,1538462
240	7,8461538
241	9,8461538
241	-3,1538462
241	12,8461538
241	20,8461538
242	8,8461538
242	5,8461538
242	-3,1538462
243	-15,1538462
243	13,8461538
243	-6,1538462
243	2,8461538
244	-5,1538462
244	-4,1538462
244	-4,1538462
244	14,8461538
245	13,8461538
245	25,8461538
245	-3,1538462
245	15,8461538
246	0,8461538
246	5,8461538
246	-13,1538462
247	-3,1538462
247	1,8461538
247	25,8461538
247	38,8461538
248	2,8461538
248	5,8461538
248	9,8461538
248	30,8461538
249	19,8461538
249	5,8461538
249	-7,1538462
249	0,8461538
250	29,8461538
250	29,8461538
250	8,8461538
251	5,8461538
251	31,8461538
251	15,8461538
251	-18,1538462
252	-8,1538462
252	11,8461538
252	26,8461538
252	-0,1538462
253	-2,1538462
253	-5,1538462
253	-1,1538462
253	14,8461538
254	13,8461538
254	9,8461538
254	7,8461538
254	25,8461538
255	3,8461538
255	3,8461538
255	-0,1538462
256	-24,1538462
256	-11,1538462
256	3,8461538
256	10,8461538
257	11,8461538
257	24,8461538
257	13,8461538
257	14,8461538
258	9,8461538
258	10,8461538
258	5,8461538
258	9,8461538
259	13,8461538
259	33,8461538
259	-0,1538462
260	-3,1538462
260	-22,1538462
260	-9,1538462
260	3,8461538
261	37,8461538
261	39,8461538
261	3,8461538
261	8,8461538
262	-10,1538462
262	18,8461538
262	-5,1538462
262	-19,1538462
263	35,8461538
263	1,8461538
263	-0,1538462
264	36,8461538
264	12,8461538
264	9,8461538
264	18,8461538
265	10,8461538
265	-1,1538462
265	2,8461538
265	9,8461538
266	13,8461538
266	18,8461538
266	18,8461538
266	-24,1538462
267	11,8461538
267	19,8461538
267	24,8461538
268	16,8461538
268	12,8461538
268	22,8461538
268	34,8461538
269	23,8461538
269	14,8461538
269	4,8461538
269	10,8461538
270	14,8461538
270	-2,1538462
270	-7,1538462
270	6,8461538
271	-0,1538462
271	16,8461538
271	27,8461538
271	2,8461538
272	-15,1538462
272	8,8461538
272	-12,1538462
273	19,8461538
273	17,8461538
273	4,8461538
273	21,8461538
274	-15,1538462
274	-3,1538462
274	13,8461538
274	14,8461538
275	27,8461538
275	-1,1538462
275	25,8461538
275	23,8461538
276	35,8461538
276	10,8461538
276	-2,1538462
277	-0,1538462
277	33,8461538
277	8,8461538
277	8,8461538
278	2,8461538
278	36,8461538
278	22,8461538
278	6,8461538
279	5,8461538
279	3,8461538
279	16,8461538
279	18,8461538
280	8,8461538
280	8,8461538
280	4,8461538
280	12,8461538
281	24,8461538
281	24,8461538
281	11,8461538
282	-15,1538462
282	0,8461538
282	10,8461538
282	-17,1538462
283	-11,1538462
283	-10,1538462
283	-9,1538462
283	17,8461538
284	24,8461538
284	7,8461538
284	-3,1538462
284	-4,1538462
285	-4,1538462
285	2,8461538
285	-3,1538462
286	20,8461538
286	-2,1538462
286	-6,1538462
286	9,8461538
287	7,8461538
287	10,8461538
287	-3,1538462
287	24,8461538
288	3,8461538
288	-5,1538462
288	4,8461538
288	11,8461538
289	16,8461538
289	4,8461538
289	7,8461538
290	-2,1538462
290	-17,1538462
290	2,8461538
290	-11,1538462
291	18,8461538
291	17,8461538
291	-1,1538462
291	24,8461538
292	35,8461538
292	4,8461538
292	-11,1538462
292	25,8461538
293	7,8461538
293	28,8461538
293	44,8461538
293	25,8461538
294	11,8461538
294	9,8461538
294	4,8461538
295	21,8461538
295	24,8461538
295	-15,1538462
295	5,8461538
296	-13,1538462
296	-10,1538462
296	20,8461538
296	2,8461538
297	-21,1538462
297	24,8461538
297	6,8461538
297	25,8461538
298	20,8461538
298	-14,1538462
298	7,8461538
299	16,8461538
299	23,8461538
299	2,8461538
299	2,8461538
300	-12,1538462
300	3,8461538
300	9,8461538
300	9,8461538
301	5,8461538
301	23,8461538
301	-21,1538462
301	-5,1538462
302	-10,1538462
302	10,8461538
302	17,8461538
302	15,8461538
303	30,8461538
303	6,8461538
303	-1,1538462
304	15,8461538
304	17,8461538
304	5,8461538
304	17,8461538
305	21,8461538
305	34,8461538
305	-14,1538462
305	-10,1538462
306	2,8461538
306	-9,1538462
306	-5,1538462
306	40,8461538
307	31,8461538
307	16,8461538
307	11,8461538
307	7,8461538
308	10,8461538
308	-2,1538462
308	18,8461538
309	28,8461538
309	17,8461538
309	11,8461538
309	8,8461538
310	24,8461538
310	24,8461538
310	20,8461538
310	-10,1538462
311	4,8461538
311	32,8461538
311	36,8461538
311	4,8461538
312	13,8461538
312	32,8461538
312	37,8461538
313	31,8461538
313	28,8461538
313	32,8461538
313	26,8461538
314	15,8461538
314	22,8461538
314	23,8461538
314	39,8461538
315	28,8461538
315	30,8461538
315	19,8461538
315	14,8461538
316	15,8461538
316	34,8461538
316	16,8461538
316	9,8461538
317	10,8461538
317	21,8461538
317	18,8461538
318	12,8461538
318	11,8461538
318	24,8461538
318	23,8461538
319	11,8461538
319	-10,1538462
319	16,8461538
319	29,8461538
320	19,8461538
320	25,8461538
320	19,8461538
320	10,8461538
321	25,8461538
321	-2,1538462
321	-3,1538462
321	12,8461538
322	1,8461538
322	18,8461538
322	9,8461538
323	15,8461538
323	37,8461538
323	12,8461538
323	6,8461538
324	11,8461538
324	-5,1538462
324	-7,1538462
324	2,8461538
325	-15,1538462
325	-17,1538462
325	5,8461538
325	7,8461538
326	-1,1538462
326	-16,1538462
326	4,8461538
327	-1,1538462
327	34,8461538
327	13,8461538
327	-26,1538462
328	23,8461538
328	8,8461538
328	18,8461538
328	20,8461538
329	-10,1538462
329	-10,1538462
329	-2,1538462
329	5,8461538
330	7,8461538
330	10,8461538
330	26,8461538
330	26,8461538
331	3,8461538
331	2,8461538
331	29,8461538
332	45,8461538
332	36,8461538
332	34,8461538
332	32,8461538
333	28,8461538
333	34,8461538
333	41,8461538
333	33,8461538
334	24,8461538
334	19,8461538
334	50,8461538
334	32,8461538
335	2,8461538
335	8,8461538
335	10,8461538
335	13,8461538
336	33,8461538
336	68,8461538
336	41,8461538
337	30,8461538
337	54,8461538
337	42,8461538
337	12,8461538
338	39,8461538
338	18,8461538
338	22,8461538
338	51,8461538
339	30,8461538
339	20,8461538
339	32,8461538
339	50,8461538
340	33,8461538
340	40,8461538
340	34,8461538
340	12,8461538
341	8,8461538
341	28,8461538
341	12,8461538
342	6,8461538
342	18,8461538
342	35,8461538
342	2,8461538
343	24,8461538
343	7,8461538
343	7,8461538
343	21,8461538
344	33,8461538
344	15,8461538
344	34,8461538
344	5,8461538
345	5,8461538
345	27,8461538
345	-1,1538462
345	31,8461538
346	21,8461538
346	18,8461538
346	9,8461538
347	10,8461538
347	1,8461538
347	14,8461538
347	19,8461538
348	7,8461538
348	18,8461538
348	37,8461538
348	12,8461538
349	18,8461538
349	1,8461538
349	8,8461538
349	18,8461538
350	1,8461538
350	9,8461538
350	26,8461538
350	3,8461538
351	23,8461538
351	18,8461538
351	-8,1538462
352	5,8461538
352	39,8461538
352	34,8461538
352	51,8461538
353	50,8461538
353	41,8461538
353	15,8461538
353	50,8461538
354	27,8461538
354	45,8461538
354	41,8461538
354	31,8461538
355	31,8461538
355	47,8461538
355	0,8461538
355	14,8461538
356	11,8461538
356	28,8461538
356	39,8461538
357	13,8461538
357	26,8461538
357	44,8461538
357	46,8461538
358	41,8461538
358	65,8461538
358	32,8461538
358	26,8461538
359	-11,1538462
359	27,8461538
359	-10,1538462
359	30,8461538
360	35,8461538
360	9,8461538
360	39,8461538
360	30,8461538
361	15,8461538
361	5,8461538
361	26,8461538
362	52,8461538
362	37,8461538
362	32,8461538
362	37,8461538
363	8,8461538
363	-1,1538462
363	14,8461538
363	16,8461538
364	13,8461538
364	11,8461538
364	2,8461538
364	22,8461538
365	21,8461538
365	24,8461538
365	-19,1538462
365	20,8461538
366	-18,1538462
366	-12,1538462
366	3,8461538
367	-0,1538462
367	24,8461538
367	31,8461538
367	-7,1538462
368	-16,1538462
368	-14,1538462
368	13,8461538
368	4,8461538
369	-23,1538462
369	-18,1538462
369	0,8461538
369	7,8461538
370	26,8461538
370	1,8461538
370	-8,1538462
370	23,8461538
371	10,8461538
371	8,8461538
371	19,8461538
371	39,8461538
372	26,8461538
372	-0,1538462
372	-13,1538462
373	32,8461538
373	17,8461538
373	3,8461538
373	10,8461538
374	-1,1538462
374	24,8461538
374	15,8461538
374	19,8461538
375	19,8461538
375	22,8461538
375	38,8461538
375	16,8461538
376	28,8461538
376	44,8461538
376	6,8461538
376	15,8461538
377	5,8461538
377	33,8461538
377	39,8461538
378	36,8461538
378	38,8461538
378	31,8461538
378	19,8461538
379	22,8461538
379	10,8461538
379	24,8461538
379	8,8461538
380	15,8461538
380	-6,1538462
380	7,8461538
380	4,8461538
381	34,8461538
381	7,8461538
381	42,8461538
381	26,8461538
382	22,8461538
382	-1,1538462
382	22,8461538
383	16,8461538
383	4,8461538
383	26,8461538
383	4,8461538
384	15,8461538
384	13,8461538
384	40,8461538
384	27,8461538
385	11,8461538
385	11,8461538
385	18,8461538
385	14,8461538
386	40,8461538
386	27,8461538
386	5,8461538
386	-2,1538462
387	10,8461538
387	-11,1538462
387	-14,1538462
387	-20,1538462
388	-0,1538462
388	20,8461538
388	24,8461538
389	-18,1538462
389	-24,1538462
389	-3,1538462
389	2,8461538
390	4,8461538
390	9,8461538
390	25,8461538
390	-13,1538462
391	-14,1538462
391	28,8461538
391	10,8461538
391	-5,1538462
392	10,8461538
392	-11,1538462
392	-11,1538462
392	15,8461538
393	9,8461538
393	10,8461538
393	4,8461538
394	19,8461538
394	16,8461538
394	24,8461538
394	48,8461538
395	-4,1538462
395	14,8461538
395	7,8461538
395	4,8461538
396	10,8461538
396	4,8461538
396	-15,1538462
396	31,8461538
397	-3,1538462
397	23,8461538
397	-1,1538462
397	22,8461538
398	11,8461538
398	0,8461538
398	24,8461538
398	20,8461538
399	25,8461538
399	16,8461538
399	40,8461538
400	24,8461538
400	-2,1538462
400	-0,1538462
400	28,8461538
401	13,8461538
401	24,8461538
401	24,8461538
401	13,8461538
402	40,8461538
402	29,8461538
402	23,8461538
402	4,8461538
403	24,8461538
403	38,8461538
403	22,8461538
403	6,8461538
404	8,8461538
404	22,8461538
404	15,8461538
405	-10,1538462
405	9,8461538
405	39,8461538
405	33,8461538
406	25,8461538
406	19,8461538
406	1,8461538
406	15,8461538
407	28,8461538
407	6,8461538
407	-13,1538462
407	21,8461538
408	23,8461538
408	6,8461538
408	-10,1538462
408	25,8461538
409	10,8461538
409	-4,1538462
409	-3,1538462
409	23,8461538
410	8,8461538
410	7,8461538
410	28,8461538
411	2,8461538
411	3,8461538
411	22,8461538
411	11,8461538
412	-3,1538462
412	11,8461538
412	5,8461538
412	4,8461538
413	-8,1538462
413	5,8461538
413	11,8461538
413	3,8461538
414	-8,1538462
414	13,8461538
414	7,8461538
414	6,8461538
415	29,8461538
415	39,8461538
415	4,8461538
415	4,8461538
416	10,8461538
416	-0,1538462
416	19,8461538
417	53,8461538
417	6,8461538
417	16,8461538
417	6,8461538
418	8,8461538
418	30,8461538
418	2,8461538
418	-9,1538462
419	13,8461538
419	14,8461538
419	24,8461538
419	6,8461538
420	18,8461538
420	3,8461538
420	15,8461538
420	-0,1538462
421	22,8461538
421	22,8461538
421	10,8461538
421	8,8461538
422	-0,1538462
422	19,8461538
422	-0,1538462
423	31,8461538
423	27,8461538
423	40,8461538
423	-3,1538462
424	28,8461538
424	-14,1538462
424	-5,1538462
424	34,8461538
425	25,8461538
425	7,8461538
425	21,8461538
425	21,8461538
426	7,8461538
426	19,8461538
426	27,8461538
426	37,8461538
427	38,8461538
427	0,8461538
427	13,8461538
427	14,8461538
428	6,8461538
428	40,8461538
428	8,8461538
429	20,8461538
429	30,8461538
429	9,8461538
429	26,8461538
430	37,8461538
430	22,8461538
430	6,8461538
430	15,8461538
431	17,8461538
431	-21,1538462
431	24,8461538
431	6,8461538
432	28,8461538
432	13,8461538
432	13,8461538
432	36,8461538
433	0,8461538
433	3,8461538
433	-4,1538462
433	-7,1538462
434	-3,1538462
434	7,8461538
434	19,8461538
435	12,8461538
435	16,8461538
435	4,8461538
435	1,8461538
436	7,8461538
436	44,8461538
436	15,8461538
436	11,8461538
437	-1,1538462
437	-4,1538462
437	-12,1538462
437	4,8461538
438	25,8461538
438	22,8461538
438	18,8461538
438	20,8461538
439	21,8461538
439	-1,1538462
439	7,8461538
439	4,8461538
440	10,8461538
440	22,8461538
440	17,8461538
441	-13,1538462
441	-31,1538462
441	-2,1538462
441	20,8461538
442	20,8461538
442	34,8461538
442	24,8461538
442	-3,1538462
443	-0,1538462
443	38,8461538
443	21,8461538
443	-2,1538462
444	-18,1538462
444	-3,1538462
444	11,8461538
444	0,8461538
445	3,8461538
445	3,8461538
445	12,8461538
445	27,8461538
446	0,8461538
446	-3,1538462
446	21,8461538
447	32,8461538
447	24,8461538
447	19,8461538
447	19,8461538
448	44,8461538
448	12,8461538
448	-17,1538462
448	-8,1538462
449	11,8461538
449	7,8461538
449	-2,1538462
449	3,8461538
450	2,8461538
450	2,8461538
450	15,8461538
450	11,8461538
451	2,8461538
451	0,8461538
451	16,8461538
451	17,8461538
452	22,8461538
452	-26,1538462
452	9,8461538
452	-2,1538462
453	22,8461538
453	-0,1538462
453	-8,1538462
454	8,8461538
454	29,8461538
454	-0,1538462
454	26,8461538
455	5,8461538
455	13,8461538
455	8,8461538
455	-8,1538462
456	25,8461538
456	39,8461538
456	2,8461538
456	7,8461538
457	-0,1538462
457	-2,1538462
457	26,8461538
457	9,8461538
458	12,8461538
458	-0,1538462
458	-7,1538462
458	8,8461538
459	14,8461538
459	1,8461538
459	28,8461538
460	25,8461538
460	25,8461538
460	27,8461538
460	9,8461538
461	-7,1538462
461	12,8461538
461	-3,1538462
461	4,8461538
462	2,8461538
462	1,8461538
462	4,8461538
462	10,8461538
463	-12,1538462
463	9,8461538
463	-0,1538462
463	-13,1538462
464	-11,1538462
464	4,8461538
464	-8,1538462
464	-7,1538462
465	11,8461538
465	29,8461538
465	18,8461538
465	11,8461538
466	-3,1538462
466	13,8461538
466	9,8461538
467	4,8461538
467	-1,1538462
467	7,8461538
467	2,8461538
468	30,8461538
468	35,8461538
468	-2,1538462
468	-3,1538462
469	10,8461538
469	-15,1538462
469	-30,1538462
469	14,8461538
470	26,8461538
470	9,8461538
470	-15,1538462
470	10,8461538
471	28,8461538
471	9,8461538
471	9,8461538
471	1,8461538
472	23,8461538
472	23,8461538
472	0,8461538
472	25,8461538
473	14,8461538
473	30,8461538
473	1,8461538
474	19,8461538
474	-14,1538462
474	44,8461538
474	-1,1538462
475	-6,1538462
475	0,8461538
475	10,8461538
475	13,8461538
476	-9,1538462
476	-1,1538462
476	18,8461538
476	15,8461538
477	18,8461538
477	2,8461538
477	-19,1538462
477	6,8461538
478	0,8461538
478	-8,1538462
478	-4,1538462
478	-4,1538462
479	-18,1538462
479	18,8461538
479	6,8461538
479	11,8461538
480	35,8461538
480	-8,1538462
480	-2,1538462
481	16,8461538
481	6,8461538
481	3,8461538
481	3,8461538
482	54,8461538
482	-6,1538462
482	-13,1538462
482	45,8461538
483	-7,1538462
483	-6,1538462
483	-19,1538462
483	11,8461538
484	0,8461538
484	24,8461538
484	36,8461538
484	3,8461538
485	14,8461538
485	8,8461538
485	8,8461538
485	24,8461538
486	-5,1538462
486	-5,1538462
486	10,8461538
486	7,8461538
487	-7,1538462
487	30,8461538
487	25,8461538
488	4,8461538
488	16,8461538
488	-11,1538462
488	19,8461538
489	22,8461538
489	19,8461538
489	-1,1538462
489	-8,1538462
490	17,8461538
490	14,8461538
490	3,8461538
490	10,8461538
491	21,8461538
491	-1,1538462
491	-20,1538462
491	0,8461538
492	-4,1538462
492	-19,1538462
492	15,8461538
492	-9,1538462
493	-9,1538462
493	7,8461538
493	-4,1538462
493	-14,1538462
494	-12,1538462
494	5,8461538
494	38,8461538
495	9,8461538
495	9,8461538
495	21,8461538
495	-9,1538462
496	22,8461538
496	-10,1538462
496	0,8461538
496	12,8461538
497	-4,1538462
497	11,8461538
497	21,8461538
497	10,8461538
498	18,8461538
498	28,8461538
498	3,8461538
498	-17,1538462
499	-2,1538462
499	17,8461538
499	12,8461538
499	43,8461538
500	33,8461538
500	22,8461538
500	9,8461538
500	-16,1538462
501	11,8461538
501	8,8461538
501	3,8461538
502	-5,1538462
502	4,8461538
502	0,8461538
502	-33,1538462
503	17,8461538
503	10,8461538
503	14,8461538
503	-20,1538462
504	-9,1538462
504	3,8461538
504	2,8461538
504	20,8461538
505	7,8461538
505	9,8461538
505	3,8461538
505	9,8461538
506	25,8461538
506	-9,1538462
506	9,8461538
506	-3,1538462
507	19,8461538
507	10,8461538
507	10,8461538
507	-17,1538462
508	19,8461538
508	23,8461538
508	19,8461538
508	11,8461538
509	1,8461538
509	14,8461538
509	11,8461538
510	-24,1538462
510	-0,1538462
510	8,8461538
510	7,8461538
511	16,8461538
511	25,8461538
511	-19,1538462
511	-14,1538462
512	13,8461538
512	-11,1538462
512	0,8461538
512	-5,1538462
513	-19,1538462
513	-0,1538462
513	6,8461538
513	-27,1538462
514	-3,1538462
514	22,8461538
514	9,8461538
514	-19,1538462
515	-6,1538462
515	9,8461538
515	0,8461538
515	15,8461538
516	23,8461538
516	29,8461538
516	8,8461538
516	-29,1538462
517	-5,1538462
517	0,8461538
517	-5,1538462
518	-5,1538462
518	14,8461538
518	11,8461538
518	-0,1538462
519	35,8461538
519	16,8461538
519	-3,1538462
519	39,8461538
520	-24,1538462
520	0,8461538
520	40,8461538
520	20,8461538
521	12,8461538
521	20,8461538
521	10,8461538
521	20,8461538
522	22,8461538
522	34,8461538
522	15,8461538
522	6,8461538
523	17,8461538
523	-3,1538462
523	6,8461538
523	-11,1538462
524	-1,1538462
524	11,8461538
524	1,8461538
524	18,8461538
525	2,8461538
525	-0,1538462
525	25,8461538
526	21,8461538
526	31,8461538
526	27,8461538
526	37,8461538
527	3,8461538
527	23,8461538
527	10,8461538
527	14,8461538
528	31,8461538
528	13,8461538
528	2,8461538
528	10,8461538
529	23,8461538
529	-0,1538462
529	-9,1538462
529	20,8461538
530	23,8461538
530	-11,1538462
530	-9,1538462
530	2,8461538
531	18,8461538
531	21,8461538
531	11,8461538
531	-0,1538462
532	-12,1538462
532	-8,1538462
532	14,8461538
532	-11,1538462
533	2,8461538
533	-5,1538462
533	15,8461538
534	-19,1538462
534	10,8461538
534	19,8461538
534	16,8461538
535	13,8461538
535	-4,1538462
535	36,8461538
535	17,8461538
536	28,8461538
536	26,8461538
536	1,8461538
536	12,8461538
537	-10,1538462
537	-8,1538462
537	21,8461538
537	3,8461538
538	10,8461538
538	0,8461538
538	0,8461538
538	5,8461538
539	0,8461538
539	3,8461538
539	4,8461538
539	26,8461538
540	36,8461538
540	-1,1538462
540	6,8461538
540	21,8461538
541	11,8461538
541	-7,1538462
541	-5,1538462
541	8,8461538
542	22,8461538
542	-4,1538462
542	16,8461538
543	-1,1538462
543	3,8461538
543	-16,1538462
543	44,8461538
544	5,8461538
544	15,8461538
544	8,8461538
544	10,8461538
545	-35,1538462
545	33,8461538
545	2,8461538
545	-19,1538462
546	11,8461538
546	-13,1538462
546	0,8461538
546	5,8461538
547	-15,1538462
547	-1,1538462
547	15,8461538
547	-10,1538462
548	23,8461538
548	7,8461538
548	11,8461538
548	27,8461538
549	4,8461538
549	27,8461538
549	25,8461538
549	-7,1538462
550	25,8461538
550	17,8461538
550	16,8461538
550	-1,1538462
551	-7,1538462
551	-2,1538462
551	14,8461538
552	6,8461538
552	-2,1538462
552	-9,1538462
552	14,8461538
553	14,8461538
553	-8,1538462
553	8,8461538
553	23,8461538
554	10,8461538
554	22,8461538
554	13,8461538
554	6,8461538
555	25,8461538
555	45,8461538
555	1,8461538
555	-1,1538462
556	26,8461538
556	11,8461538
556	5,8461538
556	22,8461538
557	40,8461538
557	13,8461538
557	-23,1538462
557	8,8461538
558	-18,1538462
558	-12,1538462
558	-7,1538462
558	14,8461538
559	5,8461538
559	0,8461538
559	0,8461538
559	-11,1538462
560	9,8461538
560	21,8461538
560	17,8461538
561	19,8461538
561	11,8461538
561	5,8461538
561	29,8461538
562	12,8461538
562	9,8461538
562	28,8461538
562	20,8461538
563	27,8461538
563	6,8461538
563	-5,1538462
563	7,8461538
564	9,8461538
564	13,8461538
564	0,8461538
564	24,8461538
565	24,8461538
565	30,8461538
565	13,8461538
565	-1,1538462
566	0,8461538
566	5,8461538
566	-0,1538462
566	17,8461538
567	11,8461538
567	-3,1538462
567	0,8461538
567	-17,1538462
568	-2,1538462
568	2,8461538
568	21,8461538
568	3,8461538
569	4,8461538
569	19,8461538
569	9,8461538
569	0,8461538
570	11,8461538
570	1,8461538
570	11,8461538
571	-3,1538462
571	18,8461538
571	-1,1538462
571	15,8461538
572	-8,1538462
572	3,8461538
572	1,8461538
572	9,8461538
573	2,8461538
573	-4,1538462
573	-12,1538462
573	-9,1538462
574	8,8461538
574	12,8461538
574	-28,1538462
574	-4,1538462
575	15,8461538
575	-16,1538462
575	17,8461538
575	5,8461538
576	-8,1538462
576	2,8461538
576	36,8461538
576	-20,1538462
577	-16,1538462
577	2,8461538
577	-5,1538462
577	-16,1538462
578	26,8461538
578	19,8461538
578	11,8461538
578	1,8461538
579	10,8461538
579	3,8461538
579	1,8461538
579	-0,1538462
580	-8,1538462
580	33,8461538
580	2,8461538
581	22,8461538
581	1,8461538
581	24,8461538
581	-0,1538462
582	-24,1538462
582	-2,1538462
582	22,8461538
582	33,8461538
583	-11,1538462
583	7,8461538
583	7,8461538
583	15,8461538
584	9,8461538
584	26,8461538
584	7,8461538
584	24,8461538
585	22,8461538
585	5,8461538
585	2,8461538
585	1,8461538
586	0,8461538
586	36,8461538
586	14,8461538
586	1,8461538
587	17,8461538
587	-21,1538462
587	3,8461538
587	9,8461538
588	10,8461538
588	25,8461538
588	7,8461538
588	-2,1538462
589	14,8461538
589	-12,1538462
589	4,8461538
589	-14,1538462
590	-5,1538462
590	-0,1538462
590	-15,1538462
590	20,8461538
591	1,8461538
591	13,8461538
591	-3,1538462
592	13,8461538
592	-4,1538462
592	7,8461538
592	-10,1538462
593	16,8461538
593	-25,1538462
593	5,8461538
593	17,8461538
594	34,8461538
594	-2,1538462
594	3,8461538
594	29,8461538
595	3,8461538
595	-19,1538462
595	6,8461538
595	2,8461538
596	9,8461538
596	12,8461538
596	-5,1538462
596	32,8461538
597	2,8461538
597	1,8461538
597	3,8461538
597	-214,1538462
598	-43,1538462
598	-3,1538462
598	-4,1538462
598	15,8461538
599	-12,1538462
599	-8,1538462
599	-5,1538462
599	-15,1538462
600	19,8461538
600	3,8461538
600	-5,1538462
600	3,8461538
601	-25,1538462
601	3,8461538
601	16,8461538
601	0,8461538
602	6,8461538
602	-7,1538462
602	8,8461538
603	26,8461538
603	14,8461538
603	23,8461538
603	26,8461538
604	-9,1538462
604	18,8461538
604	6,8461538
604	0,8461538
605	7,8461538
605	3,8461538
605	9,8461538
605	8,8461538
606	14,8461538
606	-12,1538462
606	11,8461538
606	39,8461538
607	-22,1538462
607	-6,1538462
607	22,8461538
607	22,8461538
608	2,8461538
608	15,8461538
608	15,8461538
608	4,8461538
609	-23,1538462
609	27,8461538
609	22,8461538
609	-23,1538462
610	-5,1538462
610	3,8461538
610	10,8461538
610	-1,1538462
611	28,8461538
611	28,8461538
611	-18,1538462
611	10,8461538
612	12,8461538
612	-5,1538462
612	0,8461538
612	19,8461538
613	22,8461538
613	23,8461538
613	27,8461538
613	26,8461538
614	3,8461538
614	-9,1538462
614	1,8461538
614	6,8461538
615	8,8461538
615	11,8461538
615	-13,1538462
616	-5,1538462
616	-33,1538462
616	21,8461538
616	-19,1538462
617	-0,1538462
617	14,8461538
617	10,8461538
617	-19,1538462
618	4,8461538
618	34,8461538
618	0,8461538
618	13,8461538
619	2,8461538
619	19,8461538
619	6,8461538
619	1,8461538
620	-6,1538462
620	4,8461538
620	-5,1538462
620	-6,1538462
621	-0,1538462
621	30,8461538
621	-6,1538462
621	-12,1538462
622	17,8461538
622	3,8461538
622	25,8461538
622	-6,1538462
623	-20,1538462
623	-17,1538462
623	21,8461538
623	12,8461538
624	-2,1538462
624	6,8461538
624	0,8461538
624	-0,1538462
625	6,8461538
625	19,8461538
625	3,8461538
625	2,8461538
626	-5,1538462
626	-11,1538462
626	-17,1538462
626	45,8461538
627	14,8461538
627	7,8461538
627	13,8461538
627	17,8461538
628	-8,1538462
628	5,8461538
628	2,8461538
629	-19,1538462
629	34,8461538
629	12,8461538
629	-12,1538462
630	2,8461538
630	-2,1538462
630	2,8461538
630	24,8461538
631	16,8461538
631	29,8461538
631	-10,1538462
631	8,8461538
632	13,8461538
632	-0,1538462
632	6,8461538
632	-1,1538462
633	15,8461538
633	3,8461538
633	-5,1538462
633	10,8461538
634	-5,1538462
634	-10,1538462
634	-3,1538462
634	-2,1538462
635	-0,1538462
635	19,8461538
635	-11,1538462
635	27,8461538
636	14,8461538
636	-9,1538462
636	12,8461538
636	15,8461538
637	-10,1538462
637	12,8461538
637	0,8461538
637	29,8461538
638	12,8461538
638	19,8461538
638	4,8461538
638	10,8461538
639	-13,1538462
639	-8,1538462
639	-1,1538462
639	11,8461538
640	0,8461538
640	-1,1538462
640	-8,1538462
640	26,8461538
641	-19,1538462
641	3,8461538
641	-3,1538462
641	15,8461538
642	9,8461538
642	1,8461538
642	5,8461538
642	-5,1538462
643	17,8461538
643	9,8461538
643	14,8461538
644	10,8461538
644	-0,1538462
644	1,8461538
644	12,8461538
645	20,8461538
645	4,8461538
645	13,8461538
645	-4,1538462
646	17,8461538
646	-4,1538462
646	-22,1538462
646	6,8461538
647	19,8461538
647	17,8461538
647	9,8461538
647	28,8461538
648	24,8461538
648	18,8461538
648	-17,1538462
648	14,8461538
649	6,8461538
649	31,8461538
649	29,8461538
649	3,8461538
650	16,8461538
650	2,8461538
650	9,8461538
650	3,8461538
651	7,8461538
651	24,8461538
651	-4,1538462
651	24,8461538
652	14,8461538
652	1,8461538
652	11,8461538
652	16,8461538
653	26,8461538
653	31,8461538
653	-7,1538462
653	-16,1538462
654	-8,1538462
654	-4,1538462
654	13,8461538
654	9,8461538
655	11,8461538
655	27,8461538
655	5,8461538
655	28,8461538
656	14,8461538
656	4,8461538
656	-12,1538462
656	3,8461538
657	19,8461538
657	-12,1538462
657	8,8461538
657	-4,1538462
658	-12,1538462
658	0,8461538
658	9,8461538
658	1,8461538
659	23,8461538
659	39,8461538
659	24,8461538
660	8,8461538
660	-4,1538462
660	18,8461538
660	31,8461538
661	-0,1538462
661	30,8461538
661	8,8461538
661	1,8461538
662	21,8461538
662	23,8461538
662	16,8461538
662	17,8461538
663	3,8461538
663	23,8461538
663	19,8461538
663	25,8461538
664	19,8461538
664	16,8461538
664	9,8461538
664	15,8461538
665	38,8461538
665	14,8461538
665	35,8461538
665	15,8461538
666	-1,1538462
666	2,8461538
666	22,8461538
666	8,8461538
667	23,8461538
667	-2,1538462
667	7,8461538
667	-1,1538462
668	-13,1538462
668	-10,1538462
668	17,8461538
668	30,8461538
669	7,8461538
669	-9,1538462
669	1,8461538
669	1,8461538
670	19,8461538
670	41,8461538
670	14,8461538
670	-10,1538462
671	17,8461538
671	23,8461538
671	15,8461538
671	-14,1538462
672	28,8461538
672	3,8461538
672	23,8461538
672	19,8461538
673	9,8461538
673	-2,1538462
673	-1,1538462
673	23,8461538
674	4,8461538
674	12,8461538
674	6,8461538
674	29,8461538
675	-21,1538462
675	10,8461538
675	-8,1538462
675	7,8461538
676	10,8461538
676	13,8461538
676	-10,1538462
676	25,8461538
677	20,8461538
677	15,8461538
677	23,8461538
677	28,8461538
678	32,8461538
678	4,8461538
678	17,8461538
678	13,8461538
679	2,8461538
679	13,8461538
679	21,8461538
680	23,8461538
680	-6,1538462
680	10,8461538
680	18,8461538
681	23,8461538
681	34,8461538
681	-2,1538462
681	-3,1538462
682	-5,1538462
682	4,8461538
682	-4,1538462
682	0,8461538
683	-20,1538462
683	5,8461538
683	15,8461538
683	30,8461538
684	19,8461538
684	6,8461538
684	16,8461538
684	7,8461538
685	5,8461538
685	-9,1538462
685	7,8461538
685	-0,1538462
686	27,8461538
686	11,8461538
686	8,8461538
686	18,8461538
687	33,8461538
687	21,8461538
687	-1,1538462
687	18,8461538
688	5,8461538
688	16,8461538
688	0,8461538
688	-8,1538462
689	6,8461538
689	17,8461538
689	9,8461538
689	1,8461538
690	-14,1538462
690	-12,1538462
690	-28,1538462
690	11,8461538
691	24,8461538
691	-8,1538462
691	28,8461538
691	13,8461538
692	1,8461538
692	32,8461538
692	16,8461538
692	24,8461538
693	9,8461538
693	1,8461538
693	-0,1538462
693	-1,1538462
694	0,8461538
694	14,8461538
694	15,8461538
694	17,8461538
695	-17,1538462
695	23,8461538
695	-11,1538462
695	-11,1538462
696	-7,1538462
696	5,8461538
696	6,8461538
696	5,8461538
697	7,8461538
697	-12,1538462
697	2,8461538
697	16,8461538
698	-4,1538462
698	1,8461538
698	-7,1538462
698	5,8461538
699	6,8461538
699	1,8461538
699	13,8461538
699	4,8461538
700	21,8461538
700	5,8461538
700	-3,1538462
700	15,8461538
701	6,8461538
701	-11,1538462
701	18,8461538
701	20,8461538
702	-6,1538462
702	-6,1538462
702	7,8461538
702	3,8461538
703	9,8461538
703	18,8461538
703	26,8461538
703	9,8461538
704	1,8461538
704	1,8461538
704	-12,1538462
704	35,8461538
705	15,8461538
705	28,8461538
705	4,8461538
706	10,8461538
706	26,8461538
706	5,8461538
706	-3,1538462
707	-5,1538462
707	-2,1538462
707	25,8461538
707	21,8461538
708	7,8461538
708	4,8461538
708	2,8461538
708	7,8461538
709	8,8461538
709	-0,1538462
709	2,8461538
709	-31,1538462
710	23,8461538
710	12,8461538
710	-6,1538462
710	-4,1538462
711	-6,1538462
711	14,8461538
711	20,8461538
711	10,8461538
712	30,8461538
712	-2,1538462
712	0,8461538
712	-19,1538462
713	7,8461538
713	33,8461538
713	14,8461538
713	22,8461538
714	32,8461538
714	26,8461538
714	-0,1538462
714	17,8461538
715	11,8461538
715	-0,1538462
715	25,8461538
715	6,8461538
716	7,8461538
716	20,8461538
716	5,8461538
716	8,8461538
717	-20,1538462
717	21,8461538
717	-0,1538462
717	10,8461538
718	3,8461538
718	0,8461538
718	-6,1538462
718	-4,1538462
719	21,8461538
719	-10,1538462
719	-2,1538462
719	-28,1538462
720	-1,1538462
720	-12,1538462
720	-0,1538462
720	5,8461538
721	11,8461538
721	11,8461538
721	12,8461538
721	-5,1538462
722	24,8461538
722	22,8461538
722	-2,1538462
722	-11,1538462
723	45,8461538
723	37,8461538
723	4,8461538
723	25,8461538
724	14,8461538
724	17,8461538
724	28,8461538
724	-20,1538462
725	-13,1538462
725	6,8461538
725	5,8461538
725	4,8461538
726	-8,1538462
726	18,8461538
726	15,8461538
726	20,8461538
727	-1,1538462
727	-29,1538462
727	18,8461538
727	17,8461538
728	-2,1538462
728	-18,1538462
728	-9,1538462
728	-5,1538462
729	14,8461538
729	-0,1538462
729	3,8461538
729	9,8461538
730	22,8461538
730	-21,1538462
730	-13,1538462
730	-11,1538462
731	23,8461538
731	9,8461538
731	-15,1538462
731	15,8461538
732	-1,1538462
732	-5,1538462
732	-19,1538462
732	10,8461538
733	10,8461538
733	-5,1538462
733	-3,1538462
733	-12,1538462
734	2,8461538
734	-6,1538462
734	5,8461538
734	18,8461538
735	-2,1538462
735	2,8461538
735	32,8461538
735	10,8461538
736	-0,1538462
736	7,8461538
736	-8,1538462
736	9,8461538
737	10,8461538
737	-17,1538462
737	-21,1538462
737	11,8461538
738	7,8461538
738	0,8461538
738	0,8461538
738	2,8461538
739	13,8461538
739	30,8461538
739	16,8461538
739	25,8461538
740	-3,1538462
740	-1,1538462
740	-0,1538462
740	-11,1538462
741	-1,1538462
741	-9,1538462
741	2,8461538
741	6,8461538
742	19,8461538
742	34,8461538
742	-4,1538462
742	-27,1538462
743	-10,1538462
743	11,8461538
743	3,8461538
743	26,8461538
744	3,8461538
744	33,8461538
744	24,8461538
744	17,8461538
745	4,8461538
745	4,8461538
745	9,8461538
745	-14,1538462
746	12,8461538
746	12,8461538
746	15,8461538
746	6,8461538
747	12,8461538
747	34,8461538
747	3,8461538
747	-4,1538462
748	31,8461538
748	10,8461538
748	-9,1538462
748	12,8461538
749	16,8461538
749	20,8461538
749	-0,1538462
749	-27,1538462
750	16,8461538
750	20,8461538
750	-0,1538462
750	-7,1538462
751	22,8461538
751	23,8461538
751	11,8461538
751	21,8461538
752	9,8461538
752	7,8461538
752	32,8461538
752	20,8461538
753	-7,1538462
753	-11,1538462
753	3,8461538
753	14,8461538
754	-18,1538462
754	0,8461538
754	-24,1538462
754	-14,1538462
755	-25,1538462
755	1,8461538
755	14,8461538
755	-6,1538462
756	-3,1538462
756	11,8461538
756	10,8461538
756	36,8461538
757	-5,1538462
757	22,8461538
757	-19,1538462
757	-1,1538462
758	-7,1538462
758	-4,1538462
758	1,8461538
758	29,8461538
759	14,8461538
759	33,8461538
759	-1,1538462
759	-3,1538462
760	16,8461538
760	-3,1538462
760	5,8461538
760	-14,1538462
761	26,8461538
761	38,8461538
761	11,8461538
761	10,8461538
762	30,8461538
762	28,8461538
762	1,8461538
762	9,8461538
763	20,8461538
763	30,8461538
763	11,8461538
763	9,8461538
764	25,8461538
764	21,8461538
764	21,8461538
764	27,8461538
765	28,8461538
765	9,8461538
765	11,8461538
765	18,8461538
766	16,8461538
766	14,8461538
766	3,8461538
766	6,8461538
767	-2,1538462
767	22,8461538
767	6,8461538
767	8,8461538
768	4,8461538
768	0,8461538
768	14,8461538
768	23,8461538
769	-2,1538462
769	13,8461538
769	-5,1538462
769	-2,1538462
770	10,8461538
770	11,8461538
770	-2,1538462
770	4,8461538
771	8,8461538
771	-4,1538462
771	-10,1538462
771	4,8461538
772	21,8461538
772	6,8461538
772	8,8461538
772	2,8461538
773	-16,1538462
773	5,8461538
773	14,8461538
773	17,8461538
774	6,8461538
774	7,8461538
774	-21,1538462
774	15,8461538
775	-8,1538462
775	-10,1538462
775	-23,1538462
775	2,8461538
776	2,8461538
776	11,8461538
776	31,8461538
776	-18,1538462
777	36,8461538
777	24,8461538
777	15,8461538
777	11,8461538
778	20,8461538
778	11,8461538
778	49,8461538
778	-9,1538462
779	10,8461538
779	10,8461538
779	11,8461538
779	44,8461538
780	20,8461538
780	-15,1538462
780	0,8461538
780	24,8461538
781	24,8461538
781	-9,1538462
781	20,8461538
781	22,8461538
782	9,8461538
782	8,8461538
782	22,8461538
782	20,8461538
783	-4,1538462
783	9,8461538
783	-1,1538462
783	21,8461538
784	8,8461538
784	10,8461538
784	18,8461538
784	2,8461538
785	17,8461538
785	18,8461538
785	-4,1538462
785	7,8461538
786	6,8461538
786	-7,1538462
786	19,8461538
786	-7,1538462
787	-12,1538462
787	13,8461538
787	12,8461538
787	-7,1538462
788	-27,1538462
788	-24,1538462
788	-4,1538462
788	-3,1538462
789	18,8461538
789	-6,1538462
789	-1,1538462
789	-22,1538462
790	3,8461538
790	13,8461538
790	5,8461538
790	16,8461538
791	-13,1538462
791	-11,1538462
791	9,8461538
791	-28,1538462
792	-6,1538462
792	16,8461538
792	29,8461538
792	14,8461538
793	-7,1538462
793	14,8461538
793	-24,1538462
793	31,8461538
794	27,8461538
794	-15,1538462
794	3,8461538
794	-11,1538462
795	3,8461538
795	14,8461538
795	15,8461538
795	17,8461538
796	11,8461538
796	22,8461538
796	-4,1538462
796	-0,1538462
797	28,8461538
797	-10,1538462
797	12,8461538
797	-22,1538462
798	-14,1538462
798	12,8461538
798	10,8461538
798	55,8461538
799	8,8461538
799	3,8461538
799	6,8461538
799	-31,1538462
800	3,8461538
800	22,8461538
800	9,8461538
800	-17,1538462
801	16,8461538
801	15,8461538
801	5,8461538
801	-9,1538462
802	11,8461538
802	5,8461538
802	-10,1538462
802	5,8461538
803	29,8461538
803	-0,1538462
803	17,8461538
803	17,8461538
804	15,8461538
804	-5,1538462
804	5,8461538
804	27,8461538
805	6,8461538
805	-28,1538462
805	25,8461538
805	-21,1538462
806	-10,1538462
806	12,8461538
806	38,8461538
806	11,8461538
807	-6,1538462
807	31,8461538
807	24,8461538
807	19,8461538
808	21,8461538
808	7,8461538
808	0,8461538
808	-4,1538462
809	7,8461538
809	6,8461538
809	0,8461538
809	3,8461538
810	-0,1538462
810	14,8461538
810	7,8461538
810	10,8461538
811	8,8461538
811	2,8461538
811	0,8461538
811	18,8461538
812	16,8461538
812	3,8461538
812	6,8461538
812	-0,1538462
813	-18,1538462
813	8,8461538
813	7,8461538
813	23,8461538
814	-9,1538462
814	-14,1538462
814	-3,1538462
814	2,8461538
815	26,8461538
815	12,8461538
815	26,8461538
815	2,8461538
816	20,8461538
816	9,8461538
816	-8,1538462
816	7,8461538
817	10,8461538
817	-0,1538462
817	5,8461538
817	24,8461538
818	-9,1538462
818	15,8461538
818	3,8461538
818	21,8461538
819	12,8461538
819	14,8461538
819	5,8461538
819	-10,1538462
820	2,8461538
820	2,8461538
820	2,8461538
820	12,8461538
820	7,8461538
821	-32,1538462
821	-27,1538462
821	8,8461538
821	16,8461538
822	33,8461538
822	9,8461538
822	-25,1538462
822	-12,1538462
823	2,8461538
823	12,8461538
823	0,8461538
823	-5,1538462
824	-14,1538462
824	38,8461538
824	-1,1538462
824	19,8461538
825	24,8461538
825	36,8461538
825	8,8461538
825	19,8461538
826	11,8461538
826	22,8461538
826	24,8461538
826	-7,1538462
827	-1,1538462
827	-1,1538462
827	10,8461538
827	-7,1538462
828	16,8461538
828	18,8461538
828	-3,1538462
828	9,8461538
829	33,8461538
829	19,8461538
829	20,8461538
829	8,8461538
830	27,8461538
830	33,8461538
830	7,8461538
830	10,8461538
831	21,8461538
831	34,8461538
831	8,8461538
831	19,8461538
832	-4,1538462
832	-16,1538462
832	-0,1538462
832	6,8461538
833	2,8461538
833	4,8461538
833	-13,1538462
833	20,8461538
834	36,8461538
834	27,8461538
834	8,8461538
834	-11,1538462
835	-1,1538462
835	-1,1538462
835	18,8461538
835	13,8461538
836	20,8461538
836	8,8461538
836	22,8461538
836	34,8461538
837	33,8461538
837	-1,1538462
837	9,8461538
837	-0,1538462
838	9,8461538
838	23,8461538
838	39,8461538
838	18,8461538
839	16,8461538
839	20,8461538
839	7,8461538
839	25,8461538
840	22,8461538
840	7,8461538
840	-10,1538462
840	-7,1538462
841	-9,1538462
841	42,8461538
841	14,8461538
841	14,8461538
842	17,8461538
842	35,8461538
842	-1,1538462
842	10,8461538
843	12,8461538
843	21,8461538
843	11,8461538
843	-2,1538462
844	-3,1538462
844	24,8461538
844	24,8461538
844	-11,1538462
845	-3,1538462
845	23,8461538
845	15,8461538
845	16,8461538
845	-1,1538462
846	0,8461538
846	8,8461538
846	2,8461538
846	9,8461538
847	-10,1538462
847	-9,1538462
847	-8,1538462
847	2,8461538
848	5,8461538
848	-4,1538462
848	18,8461538
848	-0,1538462
849	-6,1538462
849	4,8461538
849	33,8461538
849	30,8461538
850	6,8461538
850	-10,1538462
850	2,8461538
850	20,8461538
851	21,8461538
851	-6,1538462
851	30,8461538
851	-1,1538462
852	-21,1538462
852	12,8461538
852	7,8461538
852	-1,1538462
853	2,8461538
853	-1,1538462
853	-9,1538462
853	-24,1538462
854	-7,1538462
854	10,8461538
854	-7,1538462
854	25,8461538
855	16,8461538
855	19,8461538
855	16,8461538
855	12,8461538
856	-11,1538462
856	6,8461538
856	11,8461538
856	-5,1538462
857	5,8461538
857	33,8461538
857	9,8461538
857	3,8461538
858	37,8461538
858	9,8461538
858	3,8461538
858	9,8461538
859	6,8461538
859	-5,1538462
859	37,8461538
859	-4,1538462
860	14,8461538
860	25,8461538
860	10,8461538
860	14,8461538
861	22,8461538
861	1,8461538
861	19,8461538
861	16,8461538
862	7,8461538
862	26,8461538
862	-3,1538462
862	13,8461538
863	15,8461538
863	15,8461538
863	-8,1538462
863	2,8461538
864	39,8461538
864	-10,1538462
864	-15,1538462
864	3,8461538
864	-2,1538462
865	8,8461538
865	11,8461538
865	4,8461538
865	2,8461538
866	8,8461538
866	10,8461538
866	14,8461538
866	27,8461538
867	16,8461538
867	-16,1538462
867	-12,1538462
867	11,8461538
868	-9,1538462
868	-25,1538462
868	17,8461538
868	11,8461538
869	27,8461538
869	34,8461538
869	-14,1538462
869	-6,1538462
870	26,8461538
870	1,8461538
870	-1,1538462
870	22,8461538
871	5,8461538
871	9,8461538
871	12,8461538
871	-14,1538462
872	22,8461538
872	-13,1538462
872	-20,1538462
872	14,8461538
873	-11,1538462
873	-21,1538462
873	-16,1538462
873	9,8461538
874	-3,1538462
874	27,8461538
874	5,8461538
874	-0,1538462
875	22,8461538
875	-1,1538462
875	-21,1538462
875	24,8461538
876	2,8461538
876	1,8461538
876	-2,1538462
876	-5,1538462
877	3,8461538
877	-4,1538462
877	16,8461538
877	6,8461538
878	14,8461538
878	-25,1538462
878	18,8461538
878	34,8461538
879	5,8461538
879	-15,1538462
879	31,8461538
879	13,8461538
880	10,8461538
880	-6,1538462
880	23,8461538
880	14,8461538
880	14,8461538
881	23,8461538
881	15,8461538
881	3,8461538
881	-5,1538462
882	-9,1538462
882	-15,1538462
882	11,8461538
882	-3,1538462
883	18,8461538
883	-3,1538462
883	13,8461538
883	7,8461538
884	33,8461538
884	21,8461538
884	6,8461538
884	26,8461538
885	-0,1538462
885	-5,1538462
885	19,8461538
885	11,8461538
886	-0,1538462
886	-23,1538462
886	-8,1538462
886	-15,1538462
887	9,8461538
887	8,8461538
887	-20,1538462
887	-14,1538462
888	14,8461538
888	-14,1538462
888	-2,1538462
888	-7,1538462
889	5,8461538
889	13,8461538
889	-11,1538462
889	-10,1538462
890	-1,1538462
890	-40,1538462
890	15,8461538
890	2,8461538
891	4,8461538
891	-5,1538462
891	31,8461538
891	6,8461538
892	-21,1538462
892	-1,1538462
892	-6,1538462
892	36,8461538
893	12,8461538
893	-14,1538462
893	-11,1538462
893	-5,1538462
894	4,8461538
894	11,8461538
894	-12,1538462
894	10,8461538
894	-1,1538462
895	19,8461538
895	6,8461538
895	12,8461538
895	13,8461538
896	41,8461538
896	16,8461538
896	17,8461538
896	16,8461538
897	34,8461538
897	16,8461538
897	22,8461538
897	32,8461538
898	14,8461538
898	4,8461538
898	-11,1538462
898	-4,1538462
899	22,8461538
899	-17,1538462
899	7,8461538
899	-11,1538462
900	16,8461538
900	16,8461538
900	-1,1538462
900	37,8461538
901	31,8461538
901	24,8461538
901	27,8461538
901	5,8461538
902	7,8461538
902	-3,1538462
902	18,8461538
902	-16,1538462
903	10,8461538
903	11,8461538
903	-15,1538462
903	10,8461538
904	3,8461538
904	3,8461538
904	-0,1538462
904	3,8461538
905	0,8461538
905	26,8461538
905	-1,1538462
905	30,8461538
906	19,8461538
906	26,8461538
906	23,8461538
906	-3,1538462
906	-11,1538462
907	13,8461538
907	7,8461538
907	0,8461538
907	25,8461538
908	12,8461538
908	25,8461538
908	47,8461538
908	4,8461538
909	13,8461538
909	-26,1538462
909	-0,1538462
909	21,8461538
910	8,8461538
910	-15,1538462
910	11,8461538
910	-4,1538462
911	6,8461538
911	5,8461538
911	-1,1538462
911	11,8461538
912	2,8461538
912	-11,1538462
912	3,8461538
912	-3,1538462
913	1,8461538
913	-21,1538462
913	19,8461538
913	18,8461538
914	-1,1538462
914	-5,1538462
914	2,8461538
914	-4,1538462
915	-10,1538462
915	2,8461538
915	19,8461538
915	20,8461538
916	9,8461538
916	12,8461538
916	27,8461538
916	5,8461538
917	-12,1538462
917	2,8461538
917	8,8461538
917	1,8461538
917	2,8461538
918	9,8461538
918	25,8461538
918	-16,1538462
918	7,8461538
919	-8,1538462
919	7,8461538
919	33,8461538
919	12,8461538
920	26,8461538
920	-4,1538462
920	9,8461538
920	16,8461538
921	8,8461538
921	31,8461538
921	-11,1538462
921	-8,1538462
922	11,8461538
922	17,8461538
922	7,8461538
922	-10,1538462
923	4,8461538
923	10,8461538
923	-10,1538462
923	-6,1538462
924	7,8461538
924	6,8461538
924	-12,1538462
924	12,8461538
925	7,8461538
925	-2,1538462
925	24,8461538
925	20,8461538
926	3,8461538
926	19,8461538
926	23,8461538
926	7,8461538
927	-1,1538462
927	17,8461538
927	12,8461538
927	1,8461538
928	-22,1538462
928	-13,1538462
928	-8,1538462
928	8,8461538
928	38,8461538
929	12,8461538
929	-3,1538462
929	4,8461538
929	-22,1538462
930	-4,1538462
930	-4,1538462
930	-3,1538462
930	-7,1538462
931	11,8461538
931	15,8461538
931	25,8461538
931	36,8461538
932	31,8461538
932	23,8461538
932	1,8461538
932	-6,1538462
933	14,8461538
933	-7,1538462
933	22,8461538
933	-2,1538462
934	24,8461538
934	12,8461538
934	6,8461538
934	20,8461538
935	37,8461538
935	-8,1538462
935	-18,1538462
935	17,8461538
936	14,8461538
936	7,8461538
936	-12,1538462
936	14,8461538
937	15,8461538
937	16,8461538
937	12,8461538
937	5,8461538
938	10,8461538
938	11,8461538
938	0,8461538
938	31,8461538
938	9,8461538
939	-5,1538462
939	-1,1538462
939	25,8461538
939	29,8461538
940	7,8461538
940	2,8461538
940	-24,1538462
940	-18,1538462
941	-16,1538462
941	10,8461538
941	-8,1538462
941	-5,1538462
942	13,8461538
942	19,8461538
942	5,8461538
942	-9,1538462
943	13,8461538
943	-4,1538462
943	9,8461538
943	18,8461538
944	-3,1538462
944	19,8461538
944	0,8461538
944	19,8461538
945	10,8461538
945	19,8461538
945	-7,1538462
945	3,8461538
946	27,8461538
946	8,8461538
946	17,8461538
946	-9,1538462
947	12,8461538
947	7,8461538
947	-3,1538462
947	11,8461538
947	5,8461538
948	13,8461538
948	-11,1538462
948	19,8461538
948	32,8461538
949	17,8461538
949	-6,1538462
949	-1,1538462
949	4,8461538
950	17,8461538
950	2,8461538
950	13,8461538
950	8,8461538
951	-4,1538462
951	-10,1538462
951	22,8461538
951	17,8461538
952	27,8461538
952	22,8461538
952	25,8461538
952	40,8461538
953	-9,1538462
953	8,8461538
953	6,8461538
953	6,8461538
954	-30,1538462
954	-3,1538462
954	3,8461538
954	13,8461538
955	14,8461538
955	-1,1538462
955	-1,1538462
955	-5,1538462
956	17,8461538
956	11,8461538
956	1,8461538
956	8,8461538
956	-7,1538462
957	6,8461538
957	12,8461538
957	2,8461538
957	14,8461538
958	4,8461538
958	-22,1538462
958	-0,1538462
958	14,8461538
959	-6,1538462
959	-4,1538462
959	-16,1538462
959	4,8461538
960	57,8461538
960	17,8461538
960	-7,1538462
960	3,8461538
961	19,8461538
961	-0,1538462
961	-6,1538462
961	-7,1538462
962	4,8461538
962	-7,1538462
962	25,8461538
962	33,8461538
963	-11,1538462
963	8,8461538
963	10,8461538
963	-7,1538462
964	-8,1538462
964	8,8461538
964	9,8461538
964	19,8461538
964	12,8461538
965	4,8461538
965	-22,1538462
965	-3,1538462
965	1,8461538
966	29,8461538
966	10,8461538
966	3,8461538
966	0,8461538
967	-7,1538462
967	-21,1538462
967	2,8461538
967	19,8461538
968	-2,1538462
968	30,8461538
968	-4,1538462
968	32,8461538
969	14,8461538
969	0,8461538
969	-11,1538462
969	-1,1538462
970	2,8461538
970	2,8461538
970	5,8461538
970	4,8461538
971	12,8461538
971	14,8461538
971	25,8461538
971	21,8461538
972	20,8461538
972	-14,1538462
972	12,8461538
972	-7,1538462
972	-10,1538462
973	-21,1538462
973	0,8461538
973	10,8461538
973	-2,1538462
974	-2,1538462
974	13,8461538
974	24,8461538
974	7,8461538
975	16,8461538
975	10,8461538
975	27,8461538
975	2,8461538
976	-9,1538462
976	-5,1538462
976	6,8461538
976	-0,1538462
977	1,8461538
977	2,8461538
977	-6,1538462
977	13,8461538
978	1,8461538
978	4,8461538
978	7,8461538
978	43,8461538
979	6,8461538
979	22,8461538
979	33,8461538
979	21,8461538
980	-13,1538462
980	19,8461538
980	-3,1538462
980	0,8461538
980	23,8461538
981	1,8461538
981	5,8461538
981	23,8461538
981	9,8461538
982	-17,1538462
982	-10,1538462
982	7,8461538
982	21,8461538
983	15,8461538
983	7,8461538
983	9,8461538
983	8,8461538
984	14,8461538
984	10,8461538
984	13,8461538
984	7,8461538
985	2,8461538
985	14,8461538
985	37,8461538
985	3,8461538
986	-6,1538462
986	3,8461538
986	13,8461538
986	26,8461538
987	14,8461538
987	34,8461538
987	13,8461538
987	11,8461538
988	8,8461538
988	3,8461538
988	-0,1538462
988	15,8461538
988	-11,1538462
989	8,8461538
989	6,8461538
989	2,8461538
989	15,8461538
990	16,8461538
990	-9,1538462
990	-4,1538462
990	-7,1538462
991	2,8461538
991	23,8461538
991	-7,1538462
991	4,8461538
992	16,8461538
992	10,8461538
992	4,8461538
992	3,8461538
993	11,8461538
993	15,8461538
993	23,8461538
993	36,8461538
994	-6,1538462
994	5,8461538
994	11,8461538
994	-2,1538462
995	11,8461538
995	0,8461538
995	28,8461538
995	43,8461538
995	20,8461538
996	20,8461538
996	32,8461538
996	-0,1538462
996	-2,1538462
997	22,8461538
997	-4,1538462
997	21,8461538
997	49,8461538
998	-1,1538462
998	7,8461538
998	2,8461538
998	10,8461538
999	24,8461538
999	0,8461538
999	16,8461538
999	11,8461538
1000	4,8461538
1000	33,8461538
1000	4,8461538
1000	-21,1538462
1001	7,8461538
1001	18,8461538
1001	36,8461538
1001	-8,1538462
1002	12,8461538
1002	6,8461538
1002	8,8461538
1002	38,8461538
1002	11,8461538
1003	22,8461538
1003	14,8461538
1003	11,8461538
1003	16,8461538
1004	6,8461538
1004	-4,1538462
1004	27,8461538
1004	34,8461538
1005	13,8461538
1005	4,8461538
1005	15,8461538
1005	5,8461538
1006	-25,1538462
1006	6,8461538
1006	23,8461538
1006	17,8461538
1007	12,8461538
1007	2,8461538
1007	-2,1538462
1007	15,8461538
1008	-16,1538462
1008	32,8461538
1008	25,8461538
1008	26,8461538
1008	29,8461538
1009	24,8461538
1009	-3,1538462
1009	20,8461538
1009	24,8461538
1010	0,8461538
1010	-3,1538462
1010	23,8461538
1010	7,8461538
1011	26,8461538
1011	20,8461538
1011	27,8461538
1011	24,8461538
1012	3,8461538
1012	4,8461538
1012	-6,1538462
1012	-8,1538462
1013	-16,1538462
1013	4,8461538
1013	11,8461538
1013	-8,1538462
1014	12,8461538
1014	18,8461538
1014	10,8461538
1014	5,8461538
1015	-0,1538462
1015	4,8461538
1015	2,8461538
1015	24,8461538
1015	21,8461538
1016	18,8461538
1016	14,8461538
1016	-1,1538462
1016	15,8461538
1017	15,8461538
1017	-1,1538462
1017	-6,1538462
1017	4,8461538
1018	9,8461538
1018	13,8461538
1018	-0,1538462
1018	6,8461538
1019	-8,1538462
1019	22,8461538
1019	6,8461538
1019	-8,1538462
1020	16,8461538
1020	3,8461538
1020	11,8461538
1020	19,8461538
1021	10,8461538
1021	-9,1538462
1021	3,8461538
1021	0,8461538
1021	3,8461538
1022	-7,1538462
1022	3,8461538
1022	7,8461538
1022	0,8461538
1023	-32,1538462
1023	-0,1538462
1023	-5,1538462
1023	4,8461538
1024	8,8461538
1024	-3,1538462
1024	15,8461538
1024	35,8461538
1025	1,8461538
1025	-29,1538462
1025	-16,1538462
1025	24,8461538
1026	37,8461538
1026	27,8461538
1026	16,8461538
1026	19,8461538
1027	16,8461538
1027	-0,1538462
1027	18,8461538
1027	34,8461538
1027	-5,1538462
1028	-10,1538462
1028	-6,1538462
1028	-1,1538462
1028	38,8461538
1029	-20,1538462
1029	15,8461538
1029	30,8461538
1029	-5,1538462
1030	32,8461538
1030	3,8461538
1030	13,8461538
1030	4,8461538
1031	24,8461538
1031	7,8461538
1031	23,8461538
1031	-4,1538462
1032	1,8461538
1032	21,8461538
1032	3,8461538
1032	32,8461538
1033	25,8461538
1033	15,8461538
1033	17,8461538
1033	4,8461538
1034	12,8461538
1034	4,8461538
1034	-10,1538462
1034	-15,1538462
1034	-10,1538462
1035	19,8461538
1035	-4,1538462
1035	1,8461538
1035	19,8461538
1036	50,8461538
1036	19,8461538
1036	-3,1538462
1036	21,8461538
1037	-20,1538462
1037	-14,1538462
1037	13,8461538
1037	50,8461538
1038	25,8461538
1038	22,8461538
1038	0,8461538
1038	17,8461538
1039	9,8461538
1039	22,8461538
1039	-2,1538462
1039	-0,1538462
1039	-3,1538462
1040	11,8461538
1040	45,8461538
1040	34,8461538
1040	16,8461538
1041	26,8461538
1041	-5,1538462
1041	6,8461538
1041	9,8461538
1042	32,8461538
1042	26,8461538
1042	30,8461538
1042	16,8461538
1043	6,8461538
1043	47,8461538
1043	18,8461538
1043	1,8461538
1044	10,8461538
1044	-20,1538462
1044	20,8461538
1044	3,8461538
1045	14,8461538
1045	17,8461538
1045	14,8461538
1045	-4,1538462
1045	-17,1538462
1046	-3,1538462
1046	-16,1538462
1046	-9,1538462
1046	-9,1538462
1047	0,8461538
1047	12,8461538
1047	11,8461538
1047	33,8461538
1048	10,8461538
1048	31,8461538
1048	33,8461538
1048	4,8461538
1049	-12,1538462
1049	13,8461538
1049	12,8461538
1049	17,8461538
1050	-7,1538462
1050	2,8461538
1050	-5,1538462
1050	22,8461538
1051	21,8461538
1051	10,8461538
1051	2,8461538
1051	-11,1538462
1051	-24,1538462
1052	-2,1538462
1052	11,8461538
1052	10,8461538
1052	-21,1538462
1053	5,8461538
1053	10,8461538
1053	17,8461538
1053	-8,1538462
1054	15,8461538
1054	8,8461538
1054	1,8461538
1054	10,8461538
1055	0,8461538
1055	0,8461538
1055	-1,1538462
1055	11,8461538
1056	9,8461538
1056	-0,1538462
1056	-3,1538462
1056	6,8461538
1056	-22,1538462
1057	13,8461538
1057	15,8461538
1057	41,8461538
1057	27,8461538
1058	-0,1538462
1058	-1,1538462
1058	-17,1538462
1058	22,8461538
1059	11,8461538
1059	-22,1538462
1059	-3,1538462
1059	2,8461538
1060	30,8461538
1060	21,8461538
1060	17,8461538
1060	20,8461538
1061	13,8461538
1061	18,8461538
1061	24,8461538
1061	12,8461538
1062	33,8461538
1062	5,8461538
1062	-9,1538462
1062	26,8461538
1062	6,8461538
1063	12,8461538
1063	-2,1538462
1063	31,8461538
1063	19,8461538
1064	-1,1538462
1064	-12,1538462
1064	22,8461538
1064	5,8461538
1065	0,8461538
1065	-1,1538462
1065	-27,1538462
1065	-22,1538462
1066	3,8461538
1066	24,8461538
1066	-13,1538462
1066	10,8461538
1067	-25,1538462
1067	23,8461538
1067	19,8461538
1067	13,8461538
1067	30,8461538
1068	-0,1538462
1068	26,8461538
1068	29,8461538
1068	25,8461538
1069	10,8461538
1069	-13,1538462
1069	8,8461538
1069	15,8461538
1070	0,8461538
1070	-7,1538462
1070	1,8461538
1070	5,8461538
1071	15,8461538
1071	16,8461538
1071	1,8461538
1071	18,8461538
1072	17,8461538
1072	27,8461538
1072	15,8461538
1072	6,8461538
1072	17,8461538
1073	-2,1538462
1073	-4,1538462
1073	-6,1538462
1073	10,8461538
1074	11,8461538
1074	14,8461538
1074	6,8461538
1074	6,8461538
1075	7,8461538
1075	20,8461538
1075	37,8461538
1075	1,8461538
1076	-10,1538462
1076	20,8461538
1076	10,8461538
1076	7,8461538
1077	7,8461538
1077	6,8461538
1077	13,8461538
1077	-11,1538462
1077	32,8461538
1078	-16,1538462
1078	-10,1538462
1078	18,8461538
1078	1,8461538
1079	11,8461538
1079	0,8461538
1079	1,8461538
1079	2,8461538
1080	5,8461538
1080	6,8461538
1080	7,8461538
1080	9,8461538
1081	-1,1538462
1081	0,8461538
1081	15,8461538
1081	5,8461538
1082	19,8461538
1082	2,8461538
1082	-0,1538462
1082	8,8461538
1082	8,8461538
1083	7,8461538
1083	14,8461538
1083	10,8461538
1083	14,8461538
1084	5,8461538
1084	16,8461538
1084	41,8461538
1084	28,8461538
1085	3,8461538
1085	5,8461538
1085	21,8461538
1085	2,8461538
1086	6,8461538
1086	20,8461538
1086	26,8461538
1086	0,8461538
1087	6,8461538
1087	-1,1538462
1087	22,8461538
1087	-1,1538462
1087	21,8461538
1088	2,8461538
1088	-2,1538462
1088	-12,1538462
1088	10,8461538
1089	12,8461538
1089	11,8461538
1089	-20,1538462
1089	15,8461538
1090	24,8461538
1090	19,8461538
1090	19,8461538
1090	6,8461538
1091	3,8461538
1091	30,8461538
1091	15,8461538
1091	11,8461538
1092	38,8461538
1092	33,8461538
1092	-4,1538462
1092	1,8461538
1092	-8,1538462
1093	-11,1538462
1093	9,8461538
1093	4,8461538
1093	-6,1538462
1094	-12,1538462
1094	-16,1538462
1094	8,8461538
1094	16,8461538
1095	12,8461538
1095	31,8461538
1095	32,8461538
1095	30,8461538
1096	12,8461538
1096	-46,1538462
1096	-20,1538462
1096	22,8461538
1097	-4,1538462
1097	-1,1538462
1097	5,8461538
1097	19,8461538
1097	-0,1538462
1098	3,8461538
1098	36,8461538
1098	-1,1538462
1098	-5,1538462
1099	3,8461538
1099	6,8461538
1099	5,8461538
1099	29,8461538
1100	5,8461538
1100	-6,1538462
1100	22,8461538
1100	5,8461538
1101	11,8461538
1101	1,8461538
1101	25,8461538
1101	-12,1538462
1101	11,8461538
1102	16,8461538
1102	8,8461538
1102	-8,1538462
1102	2,8461538
1103	-1,1538462
1103	4,8461538
1103	-4,1538462
1103	24,8461538
1104	-3,1538462
1104	-15,1538462
1104	-9,1538462
1104	18,8461538
1105	4,8461538
1105	29,8461538
1105	19,8461538
1105	33,8461538
1106	13,8461538
1106	-5,1538462
1106	-19,1538462
1106	-10,1538462
1106	-16,1538462
1107	6,8461538
1107	54,8461538
1107	43,8461538
1107	-3,1538462
1108	0,8461538
1108	6,8461538
1108	21,8461538
1108	20,8461538
1109	2,8461538
1109	14,8461538
1109	8,8461538
1109	3,8461538
1110	14,8461538
1110	32,8461538
1110	20,8461538
1110	12,8461538
1110	4,8461538
1111	14,8461538
1111	22,8461538
1111	-24,1538462
1111	-4,1538462
1112	18,8461538
1112	7,8461538
1112	25,8461538
1112	18,8461538
1113	-0,1538462
1113	-13,1538462
1113	-6,1538462
1113	33,8461538
1114	10,8461538
1114	24,8461538
1114	22,8461538
1114	20,8461538
1115	-4,1538462
1115	-4,1538462
1115	-9,1538462
1115	-20,1538462
1115	19,8461538
1116	18,8461538
1116	-0,1538462
1116	6,8461538
1116	4,8461538
1117	15,8461538
1117	-0,1538462
1117	13,8461538
1117	-1,1538462
1118	14,8461538
