196	-38
196	-38
196	-38
197	-5
197	15
197	36
197	19
198	20
198	21
198	-16
199	2
199	17
199	5
199	21
200	58
200	22
200	34
200	4
201	-3
201	1
201	29
201	15
202	24
202	18
202	-40
203	17
203	15
203	57
203	21
204	37
204	45
204	-1
204	-18
205	3
205	17
205	-13
205	25
206	5
206	31
206	33
207	-11
207	7
207	1
207	13
208	5
208	2
208	19
208	27
209	6
209	17
209	-6
209	9
210	23
210	11
210	3
211	-3
211	11
211	5
211	8
212	1
212	-9
212	13
212	-10
213	28
213	-7
213	12
213	14
214	20
214	6
214	9
215	-6
215	11
215	-8
215	4
216	20
216	17
216	25
216	10
217	15
217	18
217	-1
217	-2
218	-11
218	-12
218	8
219	3
219	-15
219	25
219	20
220	22
220	7
220	-9
220	-13
221	6
221	-1
221	13
221	34
222	34
222	30
222	23
223	32
223	8
223	7
223	-25
224	-3
224	-17
224	-1
224	9
225	10
225	3
225	16
225	25
226	4
226	-9
226	18
227	6
227	26
227	24
227	34
228	13
228	6
228	13
228	24
229	19
229	-4
229	-10
229	17
230	30
230	23
230	-1
231	-1
231	25
231	-5
231	31
232	12
232	0
232	6
232	8
233	0
233	15
233	30
233	11
234	-26
234	22
234	8
235	31
235	7
235	23
235	10
236	15
236	18
236	12
236	16
237	35
237	19
237	27
237	8
238	37
238	10
238	-10
239	9
239	7
239	19
239	20
240	15
240	21
240	-1
240	13
241	23
241	21
241	20
241	27
242	-16
242	-12
242	-2
243	17
243	15
243	-5
243	25
244	-5
244	11
244	0
244	-8
245	6
245	17
245	-2
245	5
246	-24
246	32
246	5
247	7
247	5
247	11
247	3
248	16
248	7
248	14
248	31
249	27
249	19
249	1
249	34
250	25
250	26
250	8
251	27
251	33
251	22
251	1
252	-29
252	19
252	38
252	7
253	1
253	6
253	0
253	21
254	13
254	7
254	2
254	17
255	-6
255	-13
255	-2
256	0
256	-19
256	13
256	43
257	24
257	9
257	21
257	27
258	45
258	14
258	17
258	8
259	2
259	24
259	18
260	6
260	-2
260	-10
260	1
261	19
261	13
261	10
261	11
262	25
262	22
262	-4
262	-14
263	17
263	15
263	13
264	29
264	34
264	15
264	15
265	-2
265	-7
265	13
265	-2
266	3
266	-6
266	-9
266	-6
267	24
267	19
267	16
268	38
268	33
268	17
268	46
269	13
269	22
269	-10
269	0
270	-3
270	12
270	-16
270	12
271	11
271	33
271	42
271	-4
272	16
272	16
272	-8
273	10
273	5
273	28
273	19
274	0
274	-8
274	6
274	-2
275	21
275	13
275	11
275	11
276	28
276	20
276	-3
277	13
277	34
277	30
277	-4
278	13
278	39
278	11
278	5
279	13
279	-21
279	25
279	17
280	14
280	-3
280	14
280	-7
281	29
281	49
281	9
282	-1
282	31
282	12
282	-24
283	7
283	4
283	12
283	-1
284	10
284	-1
284	0
284	1
285	8
285	-1
285	6
286	31
286	19
286	-9
286	1
287	31
287	25
287	-3
287	24
288	14
288	-2
288	13
288	18
289	19
289	13
289	38
290	18
290	-3
290	13
290	-20
291	25
291	26
291	17
291	29
292	39
292	21
292	13
292	41
293	7
293	8
293	49
293	29
294	14
294	10
294	11
295	8
295	46
295	32
295	20
296	7
296	15
296	5
296	15
297	-19
297	38
297	26
297	20
298	44
298	-5
298	22
299	1
299	46
299	29
299	33
300	-6
300	13
300	-2
300	36
301	22
301	12
301	-11
301	0
302	3
302	12
302	37
302	26
303	45
303	1
303	8
304	-5
304	24
304	13
304	4
305	44
305	46
305	13
305	-7
306	-8
306	-2
306	6
306	22
307	36
307	64
307	18
307	7
308	14
308	18
308	23
309	28
309	46
309	24
309	19
310	29
310	13
310	26
310	26
311	47
311	44
311	51
311	31
312	49
312	79
312	73
313	61
313	72
313	71
313	73
314	76
314	53
314	63
314	51
315	73
315	76
315	59
315	72
316	81
316	69
316	59
316	42
317	42
317	37
317	45
318	55
318	41
318	51
318	46
319	47
319	55
319	12
319	17
320	18
320	47
320	16
320	12
321	41
321	6
321	14
321	-3
322	-4
322	17
322	10
323	16
323	22
323	9
323	17
324	26
324	23
324	3
324	30
325	3
325	-6
325	-15
325	20
326	-7
326	-2
326	24
327	18
327	31
327	8
327	-8
328	-9
328	4
328	26
328	36
329	12
329	-5
329	31
329	36
330	26
330	15
330	19
330	33
331	2
331	28
331	52
332	70
332	76
332	82
332	91
333	79
333	68
333	84
333	62
334	80
334	93
334	112
334	112
335	101
335	80
335	76
335	115
336	119
336	133
336	119
337	102
337	134
337	124
337	107
338	120
338	106
338	130
338	123
339	112
339	90
339	104
339	100
340	64
340	79
340	41
340	62
341	52
341	71
341	59
342	34
342	48
342	41
342	35
343	28
343	40
343	19
343	20
344	33
344	38
344	32
344	28
345	3
345	29
345	-9
345	28
346	28
346	22
346	33
347	32
347	33
347	1
347	11
348	14
348	13
348	41
348	24
349	35
349	11
349	21
349	24
350	29
350	34
350	47
350	32
351	41
351	10
351	22
352	39
352	73
352	76
352	79
353	89
353	71
353	65
353	68
354	75
354	104
354	144
354	86
355	101
355	101
355	75
355	83
356	63
356	76
356	107
357	91
357	76
357	100
357	102
358	115
358	133
358	87
358	108
359	57
359	77
359	69
359	65
360	58
360	68
360	77
360	54
361	49
361	31
361	53
362	77
362	90
362	68
362	53
363	40
363	21
363	17
363	36
364	42
364	31
364	19
364	24
365	22
365	30
365	4
365	30
366	27
366	9
366	11
367	15
367	35
367	29
367	32
368	-2
368	1
368	-6
368	15
369	19
369	-27
369	-10
369	6
370	33
370	8
370	11
370	40
371	27
371	35
371	26
371	40
372	55
372	-5
372	25
373	53
373	47
373	26
373	41
374	21
374	31
374	50
374	40
375	26
375	62
375	65
375	54
376	73
376	47
376	38
376	46
377	29
377	70
377	75
378	48
378	48
378	46
378	43
379	63
379	48
379	50
379	48
380	58
380	36
380	67
380	56
381	70
381	48
381	74
381	23
382	51
382	50
382	57
383	36
383	27
383	39
383	35
384	18
384	15
384	45
384	27
385	19
385	50
385	63
385	39
386	39
386	18
386	25
386	35
387	29
387	29
387	3
387	4
388	33
388	24
388	32
389	11
389	1
389	22
389	21
390	17
390	21
390	17
390	9
391	-2
391	31
391	5
391	34
392	8
392	12
392	0
392	21
393	12
393	4
393	31
394	33
394	17
394	39
394	58
395	2
395	22
395	9
395	30
396	22
396	28
396	7
396	25
397	11
397	30
397	28
397	38
398	37
398	14
398	-4
398	6
399	19
399	13
399	27
400	20
400	6
400	30
400	52
401	28
401	67
401	28
401	31
402	31
402	25
402	37
402	0
403	19
403	52
403	32
403	20
404	3
404	50
404	39
405	29
405	48
405	60
405	43
406	52
406	35
406	32
406	43
407	39
407	29
407	12
407	30
408	35
408	31
408	2
408	13
409	27
409	20
409	33
409	61
410	18
410	5
410	26
411	24
411	10
411	27
411	-3
412	23
412	5
412	2
412	-11
413	5
413	23
413	22
413	4
414	5
414	13
414	10
414	23
415	32
415	13
415	15
415	3
416	9
416	-22
416	-11
417	40
417	-15
417	24
417	46
418	19
418	15
418	17
418	-10
419	22
419	-9
419	7
419	0
420	39
420	24
420	19
420	22
421	48
421	22
421	26
421	10
422	11
422	27
422	22
423	32
423	16
423	29
423	27
424	29
424	-18
424	5
424	21
425	13
425	3
425	20
425	26
426	5
426	12
426	38
426	38
427	50
427	12
427	0
427	23
428	56
428	33
428	14
429	28
429	29
429	9
429	50
430	22
430	25
430	25
430	12
431	25
431	3
431	23
431	49
432	28
432	2
432	20
432	35
433	14
433	16
433	10
433	7
434	18
434	42
434	17
435	-6
435	-2
435	2
435	-11
436	-1
436	40
436	4
436	1
437	18
437	14
437	-13
437	-8
438	13
438	18
438	49
438	31
439	44
439	11
439	17
439	23
440	23
440	7
440	17
441	15
441	-1
441	35
441	31
442	8
442	25
442	35
442	5
443	27
443	13
443	23
443	8
444	5
444	24
444	32
444	13
445	-12
445	7
445	19
445	28
446	0
446	6
446	16
447	28
447	20
447	13
447	8
448	23
448	4
448	20
448	17
449	4
449	33
449	11
449	19
450	-8
450	-4
450	6
450	20
451	22
451	-7
451	4
451	6
452	-14
452	-15
452	13
452	31
453	37
453	21
453	10
454	28
454	26
454	36
454	23
455	9
455	15
455	12
455	5
456	26
456	10
456	16
456	40
457	17
457	7
457	-9
457	-13
458	3
458	14
458	-4
458	-10
459	1
459	-2
459	-1
460	39
460	29
460	32
460	9
461	10
461	3
461	27
461	25
462	29
462	13
462	13
462	10
463	-13
463	0
463	-8
463	-27
464	-10
464	11
464	11
464	-3
465	11
465	46
465	23
465	30
466	15
466	18
466	-6
467	30
467	28
467	26
467	11
468	-2
468	26
468	-1
468	1
469	24
469	20
469	-2
469	3
470	25
470	28
470	28
470	-9
471	10
471	-6
471	30
471	0
472	16
472	46
472	3
472	28
473	-8
473	33
473	19
474	41
474	5
474	41
474	0
475	8
475	24
475	31
475	26
476	18
476	30
476	6
476	23
477	37
477	18
477	7
477	4
478	-1
478	-22
478	-12
478	-2
479	2
479	21
479	-18
479	12
480	18
480	1
480	23
481	7
481	20
481	22
481	18
482	43
482	4
482	9
482	38
483	-28
483	17
483	24
483	24
484	26
484	24
484	7
484	1
485	6
485	7
485	13
485	14
486	10
486	2
486	0
486	28
487	15
487	32
487	29
488	3
488	8
488	-13
488	20
489	27
489	16
489	7
489	14
490	22
490	17
490	-2
490	9
491	-21
491	7
491	-1
491	12
492	7
492	33
492	32
492	-9
493	19
493	-5
493	-14
493	-17
494	-6
494	3
494	17
495	-11
495	2
495	28
495	20
496	49
496	8
496	6
496	3
497	0
497	18
497	4
497	-3
498	2
498	5
498	-1
498	-9
499	23
499	20
499	13
499	39
500	42
500	6
500	1
500	11
501	19
501	5
501	17
502	4
502	10
502	1
502	1
503	12
503	-2
503	11
503	2
504	10
504	-13
504	15
504	15
505	7
505	15
505	2
505	12
506	10
506	13
506	-5
506	5
507	12
507	33
507	11
507	27
508	1
508	7
508	25
508	30
509	3
509	24
509	27
510	31
510	32
510	10
510	9
511	31
511	13
511	13
511	-16
512	17
512	-19
512	20
512	16
513	-16
513	-4
513	17
513	-10
514	-4
514	16
514	28
514	8
515	7
515	9
515	2
515	19
516	26
516	34
516	16
516	-12
517	-15
517	4
517	-3
518	-6
518	25
518	5
518	3
519	58
519	27
519	14
519	41
520	9
520	5
520	46
520	16
521	-7
521	22
521	18
521	21
522	15
522	7
522	21
522	14
523	9
523	17
523	-6
523	-32
524	36
524	-11
524	10
524	24
525	24
525	1
525	21
526	21
526	40
526	42
526	14
527	-2
527	34
527	23
527	3
528	7
528	3
528	0
528	21
529	33
529	-10
529	7
529	27
530	12
530	21
530	11
530	12
531	14
531	8
531	39
531	13
532	23
532	-5
532	15
532	22
533	12
533	0
533	12
534	14
534	1
534	37
534	26
535	13
535	1
535	45
535	20
536	26
536	19
536	0
536	6
537	-4
537	4
537	25
537	7
538	1
538	-10
538	17
538	-1
539	18
539	10
539	-5
539	25
540	21
540	-18
540	18
540	-23
541	30
541	-1
541	-17
541	15
542	17
542	6
542	10
543	-1
543	-15
543	7
543	18
544	4
544	13
544	9
544	21
545	-36
545	26
545	10
545	-8
546	19
546	3
546	2
546	4
547	11
547	-1
547	17
547	-7
548	8
548	1
548	2
548	9
549	8
549	26
549	12
549	8
550	14
550	2
550	16
550	12
551	5
551	17
551	14
552	23
552	12
552	1
552	25
553	22
553	12
553	11
553	23
554	9
554	10
554	19
554	-4
555	36
555	26
555	25
555	10
556	18
556	2
556	4
556	36
557	43
557	16
557	-3
557	19
558	8
558	-17
558	11
558	9
559	12
559	25
559	3
559	-16
560	32
560	13
560	4
561	22
561	14
561	10
561	20
562	-5
562	10
562	26
562	5
563	35
563	7
563	2
563	9
564	10
564	20
564	30
564	12
565	23
565	-1
565	1
565	11
566	43
566	14
566	1
566	19
567	6
567	4
567	-1
567	-15
568	1
568	5
568	12
568	3
569	6
569	36
569	5
569	17
570	16
570	17
570	-1
571	-7
571	20
571	21
571	33
572	-4
572	12
572	9
572	7
573	21
573	8
573	16
573	3
574	21
574	32
574	-6
574	26
575	12
575	-14
575	-6
575	12
576	11
576	13
576	34
576	27
577	1
577	8
577	12
577	8
578	23
578	6
578	2
578	29
579	6
579	-13
579	-17
579	4
580	14
580	8
580	6
581	20
581	-1
581	36
581	12
582	-12
582	-9
582	7
582	3
583	14
583	21
583	-13
583	22
584	5
584	10
584	-10
584	40
585	32
585	-1
585	7
585	7
586	-3
586	10
586	30
586	14
587	3
587	-34
587	4
587	7
588	24
588	30
588	8
588	-29
589	8
589	-13
589	20
589	-6
590	13
590	11
590	-19
590	21
591	12
591	35
591	-6
592	-11
592	-1
592	-4
592	12
593	41
593	14
593	-4
593	-2
594	46
594	-3
594	24
594	16
595	6
595	-16
595	13
595	9
596	15
596	19
596	-12
596	46
597	35
597	22
597	14
597	19
598	27
598	2
598	-9
598	22
599	3
599	8
599	5
599	20
600	34
600	22
600	1
600	26
601	-8
601	4
601	10
601	0
602	-5
602	1
602	25
603	12
603	24
603	38
603	20
604	3
604	-3
604	8
604	6
605	28
605	12
605	29
605	2
606	5
606	12
606	42
606	38
607	-5
607	-7
607	17
607	14
608	25
608	21
608	9
608	6
609	3
609	7
609	24
609	4
610	-10
610	16
610	-16
610	27
611	4
611	15
611	3
611	-12
612	13
612	11
612	32
612	16
613	27
613	14
613	24
613	12
614	16
614	-8
614	-6
614	-14
615	-13
615	9
615	13
616	-4
616	-12
616	13
616	-14
617	20
617	18
617	8
617	-12
618	-20
618	16
618	9
618	20
619	28
619	36
619	20
619	16
620	26
620	10
620	1
620	13
621	23
621	7
621	-2
621	-8
622	2
622	21
622	16
622	-3
623	-19
623	10
623	37
623	15
624	7
624	10
624	28
624	3
625	17
625	12
625	4
625	1
626	-1
626	-8
626	4
626	15
627	16
627	14
627	25
627	6
628	3
628	13
628	1
629	-7
629	6
629	8
629	6
630	1
630	7
630	23
630	20
631	4
631	17
631	-3
631	14
632	4
632	10
632	18
632	6
633	20
633	23
633	23
633	9
634	1
634	-3
634	-9
634	7
635	-4
635	1
635	-16
635	21
636	11
636	1
636	6
636	11
637	-2
637	21
637	3
637	0
638	10
638	13
638	10
638	31
639	9
639	-20
639	-1
639	31
640	18
640	15
640	24
640	36
641	5
641	2
641	16
641	-19
642	3
642	-4
642	2
642	13
643	16
643	23
643	22
644	12
644	17
644	15
644	11
645	7
645	-16
645	18
645	26
646	-18
646	15
646	9
646	22
647	26
647	31
647	12
647	10
648	35
648	33
648	5
648	34
649	15
649	34
649	12
649	13
650	12
650	23
650	23
650	9
651	18
651	23
651	4
651	23
652	27
652	-19
652	36
652	-5
653	34
653	31
653	17
653	9
654	8
654	6
654	1
654	16
655	8
655	37
655	38
655	20
656	9
656	3
656	-7
656	13
657	12
657	-9
657	13
657	5
658	7
658	12
658	-2
658	22
659	13
659	17
659	23
660	3
660	4
660	14
660	2
661	28
661	32
661	21
661	8
662	35
662	41
662	-14
662	12
663	2
663	13
663	17
663	18
664	39
664	33
664	23
664	4
665	25
665	13
665	25
665	14
666	6
666	16
666	6
666	4
667	37
667	10
667	10
667	5
668	10
668	-11
668	19
668	18
669	18
669	2
669	11
669	-20
670	-14
670	42
670	15
670	4
671	-4
671	24
671	25
671	-11
672	3
672	14
672	46
672	17
673	9
673	7
673	15
673	25
674	17
674	29
674	6
674	13
675	-8
675	0
675	-9
675	33
676	26
676	4
676	9
676	30
677	2
677	15
677	2
677	26
678	23
678	29
678	16
678	20
679	5
679	-11
679	23
680	22
680	6
680	20
680	23
681	16
681	20
681	16
681	5
682	0
682	28
682	-1
682	28
683	9
683	13
683	10
683	22
684	16
684	10
684	17
684	9
685	13
685	-16
685	12
685	5
686	13
686	27
686	17
686	23
687	26
687	4
687	-11
687	21
688	2
688	11
688	6
688	-7
689	11
689	23
689	19
689	13
690	-5
690	-6
690	-4
690	7
691	5
691	-7
691	0
691	13
692	19
692	6
692	13
692	0
693	2
693	16
693	8
693	-7
694	2
694	1
694	10
694	9
695	-3
695	-1
695	2
695	1
696	-3
696	-6
696	-2
696	5
697	-2
697	4
697	10
697	30
698	-3
698	-5
698	11
698	13
699	11
699	7
699	0
699	22
700	14
700	-3
700	-4
700	4
701	28
701	-8
701	40
701	30
702	-13
702	12
702	5
702	13
703	6
703	5
703	15
703	6
704	9
704	19
704	17
704	24
705	21
705	7
705	14
706	18
706	34
706	21
706	-8
707	-8
707	-19
707	26
707	26
708	25
708	10
708	1
708	-6
709	-10
709	2
709	3
709	11
710	19
710	3
710	-10
710	-2
711	3
711	31
711	20
711	-16
712	25
712	2
712	0
712	1
713	13
713	9
713	19
713	28
714	32
714	23
714	16
714	-1
715	28
715	4
715	19
715	35
716	12
716	12
716	5
716	6
717	-3
717	5
717	12
717	25
718	1
718	10
718	-1
718	2
719	12
719	-6
719	10
719	-9
720	10
720	7
720	2
720	13
721	22
721	1
721	4
721	-1
722	33
722	18
722	-27
722	-12
723	39
723	1
723	5
723	35
724	18
724	25
724	23
724	1
725	6
725	21
725	6
725	4
726	-22
726	35
726	13
726	19
727	26
727	-2
727	35
727	14
728	8
728	-5
728	15
728	15
729	0
729	22
729	12
729	13
730	27
730	-21
730	20
730	-2
731	31
731	24
731	9
731	31
732	12
732	18
732	25
732	17
733	12
733	10
733	19
733	27
734	-1
734	0
734	8
734	13
735	0
735	19
735	42
735	25
736	-8
736	-33
736	-8
736	29
737	14
737	2
737	7
737	21
738	5
738	9
738	11
738	31
739	18
739	26
739	-12
739	23
740	1
740	5
740	27
740	8
741	2
741	6
741	20
741	16
742	14
742	33
742	6
742	-26
743	-1
743	36
743	11
743	19
744	29
744	21
744	10
744	13
745	0
745	8
745	7
745	3
746	21
746	-7
746	-4
746	6
747	8
747	20
747	14
747	12
748	18
748	10
748	-4
748	5
749	0
749	16
749	-2
749	-19
750	5
750	18
750	14
750	27
751	46
751	18
751	15
751	25
752	5
752	9
752	18
752	12
753	-3
753	-5
753	-12
753	21
754	9
754	6
754	-17
754	28
755	-6
755	-3
755	8
755	-5
756	5
756	6
756	-14
756	20
757	17
757	-7
757	-10
757	13
758	26
758	17
758	0
758	34
759	9
759	27
759	13
759	12
760	8
760	22
760	24
760	18
761	-2
761	37
761	4
761	4
762	27
762	1
762	5
762	-8
763	-3
763	15
763	1
763	17
764	15
764	2
764	25
764	24
765	9
765	2
765	2
765	26
766	1
766	23
766	-7
766	9
767	8
767	-12
767	18
767	21
768	27
768	15
768	29
768	3
769	-2
769	30
769	-5
769	-14
770	6
770	-1
770	5
770	1
771	0
771	14
771	15
771	36
772	29
772	-11
772	20
772	21
773	-8
773	11
773	6
773	5
774	19
774	19
774	-7
774	8
775	7
775	-24
775	-3
775	2
776	1
776	25
776	27
776	-15
777	-2
777	15
777	15
777	20
778	11
778	3
778	31
778	9
779	13
779	-9
779	12
779	27
780	43
780	21
780	26
780	-11
781	-1
781	17
781	31
781	14
782	23
782	-12
782	6
782	36
783	40
783	18
783	-2
783	-2
784	4
784	11
784	22
784	-11
785	-3
785	10
785	6
785	7
786	20
786	-2
786	7
786	16
787	10
787	15
787	-7
787	-10
788	-13
788	-3
788	6
788	-7
789	33
789	17
789	7
789	-9
790	-6
790	9
790	1
790	9
791	1
791	-2
791	1
791	-2
792	3
792	-3
792	28
792	21
793	27
793	32
793	-20
793	25
794	18
794	11
794	15
794	-12
795	5
795	19
795	14
795	19
796	13
796	33
796	-17
796	-2
797	-25
797	-15
797	21
797	7
798	20
798	14
798	32
798	56
799	-12
799	-8
799	13
799	3
800	9
800	44
800	39
800	10
801	29
801	21
801	14
801	2
802	13
802	6
802	38
802	20
803	-2
803	7
803	23
803	12
804	13
804	8
804	-11
804	31
805	-10
805	-36
805	26
805	-23
806	1
806	11
806	46
806	40
807	4
807	12
807	-3
807	29
808	-10
808	2
808	19
808	-4
809	-4
809	43
809	2
809	4
810	3
810	5
810	-5
810	5
811	26
811	10
811	8
811	22
812	23
812	25
812	-2
812	3
813	-9
813	14
813	36
813	-8
814	-14
814	6
814	20
814	12
815	32
815	28
815	21
815	10
816	44
816	25
816	6
816	0
817	3
817	11
817	6
817	11
818	-23
818	7
818	2
818	21
819	22
819	34
819	1
819	11
820	-9
820	13
820	6
820	6
820	24
821	6
821	1
821	12
821	24
822	23
822	13
822	-18
822	0
823	10
823	26
823	4
823	2
824	-7
824	18
824	8
824	9
825	6
825	29
825	13
825	15
826	6
826	25
826	22
826	13
827	13
827	-5
827	3
827	1
828	15
828	-5
828	10
828	6
829	13
829	18
829	30
829	6
830	10
830	36
830	-11
830	8
831	43
831	31
831	21
831	1
832	-1
832	32
832	15
832	4
833	8
833	-5
833	-15
833	9
834	24
834	14
834	21
834	2
835	-14
835	25
835	0
835	26
836	11
836	-20
836	24
836	25
837	22
837	-15
837	5
837	18
838	-19
838	16
838	21
838	-7
839	22
839	-10
839	5
839	35
840	3
840	11
840	24
840	11
841	3
841	29
841	15
841	10
842	4
842	26
842	-4
842	36
843	16
843	15
843	13
843	5
844	24
844	18
844	14
844	2
845	-9
845	20
845	9
845	-3
845	1
846	-8
846	18
846	8
846	5
847	3
847	15
847	23
847	10
848	-9
848	-8
848	-5
848	4
849	0
849	2
849	24
849	13
850	25
850	19
850	22
850	53
851	12
851	-9
851	13
851	-6
852	-5
852	14
852	19
852	-7
853	-6
853	24
853	-22
853	-11
854	11
854	7
854	17
854	19
855	0
855	14
855	-4
855	10
856	7
856	19
856	24
856	-9
857	7
857	37
857	18
857	9
858	21
858	37
858	37
858	17
859	29
859	15
859	19
859	5
860	21
860	13
860	44
860	17
861	4
861	27
861	5
861	7
862	15
862	17
862	4
862	4
863	15
863	20
863	1
863	10
864	34
864	-21
864	-4
864	1
864	9
865	16
865	11
865	29
865	2
866	-8
866	-18
866	20
866	17
867	25
867	-16
867	-9
867	-2
868	12
868	-5
868	15
868	4
869	6
869	10
869	-13
869	-6
870	2
870	13
870	7
870	15
871	13
871	15
871	-12
871	-5
872	15
872	11
872	10
872	25
873	-24
873	-20
873	-7
873	22
874	5
874	-12
874	20
874	9
875	28
875	-15
875	-1
875	21
876	2
876	1
876	-13
876	-12
877	39
877	9
877	1
877	24
878	14
878	-23
878	29
878	24
879	36
879	-14
879	12
879	-3
880	4
880	3
880	19
880	12
880	34
881	39
881	13
881	3
881	0
882	22
882	9
882	2
882	12
883	-6
883	-12
883	10
883	-9
884	38
884	10
884	-9
884	1
885	13
885	3
885	6
885	40
886	18
886	-14
886	-6
886	12
887	36
887	8
887	-2
887	-28
888	16
888	-6
888	4
888	-4
889	22
889	38
889	14
889	15
890	18
890	-25
890	8
890	4
891	2
891	13
891	29
891	18
892	-22
892	10
892	-12
892	28
893	-2
893	4
893	8
893	5
894	19
894	25
894	18
894	-3
894	4
895	-7
895	20
895	35
895	15
896	62
896	22
896	23
896	19
897	23
897	20
897	38
897	34
898	24
898	24
898	4
898	9
899	16
899	30
899	20
899	-14
900	19
900	20
900	13
900	31
901	38
901	8
901	45
901	0
902	16
902	10
902	10
902	-6
903	-2
903	10
903	-3
903	27
904	4
904	13
904	2
904	39
905	11
905	20
905	21
905	37
906	5
906	12
906	3
906	25
906	13
907	17
907	25
907	1
907	16
908	7
908	41
908	34
908	17
909	8
909	-20
909	6
909	15
910	8
910	1
910	23
910	-16
911	20
911	5
911	11
911	42
912	9
912	3
912	-3
912	19
913	28
913	-4
913	12
913	-7
914	22
914	1
914	-2
914	0
915	-17
915	2
915	28
915	31
916	21
916	16
916	36
916	14
917	21
917	32
917	3
917	-1
917	-6
918	6
918	25
918	-8
918	18
919	15
919	12
919	31
919	4
920	6
920	15
920	12
920	27
921	13
921	9
921	18
921	1
922	2
922	14
922	5
922	0
923	12
923	23
923	-3
923	23
924	23
924	19
924	2
924	-2
925	-12
925	22
925	29
925	26
926	1
926	-8
926	11
926	0
927	3
927	10
927	-2
927	15
928	-18
928	-3
928	-11
928	-2
928	28
929	-1
929	0
929	27
929	-14
930	11
930	8
930	-16
930	-3
931	24
931	16
931	12
931	13
932	-7
932	15
932	16
932	8
933	28
933	7
933	3
933	0
934	25
934	38
934	25
934	45
935	42
935	25
935	-30
935	9
936	-6
936	32
936	-3
936	-15
937	15
937	19
937	5
937	9
938	-18
938	37
938	30
938	26
938	24
939	5
939	5
939	35
939	36
940	1
940	0
940	-11
940	-23
941	-13
941	0
941	-19
941	32
942	18
942	22
942	28
942	16
943	11
943	-6
943	2
943	30
944	-5
944	7
944	25
944	29
945	-3
945	20
945	29
945	21
946	16
946	24
946	10
946	16
947	15
947	14
947	-22
947	1
947	-1
948	-3
948	-1
948	16
948	11
949	41
949	11
949	30
949	13
950	23
950	0
950	-25
950	-6
951	12
951	-10
951	14
951	1
952	29
952	16
952	19
952	55
953	-5
953	9
953	18
953	27
954	-2
954	29
954	16
954	-4
955	6
955	30
955	-21
955	-19
956	15
956	3
956	3
956	-3
956	-8
957	9
957	18
957	21
957	29
958	7
958	-25
958	-9
958	22
959	-12
959	6
959	-21
959	-5
960	38
960	5
960	-6
960	19
961	21
961	23
961	-3
961	-11
962	9
962	4
962	-16
962	16
963	-2
963	7
963	24
963	14
964	-6
964	12
964	-20
964	11
964	1
965	14
965	-9
965	1
965	-12
966	38
966	9
966	-4
966	22
967	5
967	8
967	6
967	13
968	12
968	11
968	-6
968	24
969	8
969	-9
969	14
969	-8
970	2
970	-7
970	6
970	21
971	15
971	2
971	24
971	18
972	31
972	8
972	8
972	12
972	-19
973	-32
973	-13
973	3
973	17
974	14
974	10
974	18
974	-6
975	10
975	4
975	8
975	14
976	-6
976	-18
976	19
976	-1
977	8
977	2
977	23
977	33
978	34
978	22
978	4
978	25
979	33
979	12
979	11
979	6
980	3
980	10
980	8
980	18
980	-7
981	3
981	1
981	31
981	7
982	-2
982	5
982	33
982	22
983	10
983	4
983	-4
983	30
984	11
984	24
984	6
984	17
985	0
985	27
985	8
985	17
986	24
986	-5
986	32
986	3
987	5
987	20
987	18
987	-8
988	6
988	8
988	-2
988	32
988	19
989	15
989	13
989	0
989	12
990	1
990	-20
990	-14
990	18
991	-1
991	27
991	12
991	16
992	-6
992	1
992	8
992	23
993	17
993	19
993	6
993	27
994	-5
994	27
994	10
994	9
995	10
995	-6
995	6
995	19
995	22
996	8
996	48
996	26
996	28
997	33
997	-19
997	22
997	36
998	22
998	7
998	1
998	21
999	14
999	5
999	8
999	-17
1000	-12
1000	37
1000	21
1000	-16
1001	11
1001	22
1001	15
1001	12
1002	17
1002	17
1002	38
1002	24
1002	-7
1003	-13
1003	4
1003	33
1003	33
1004	17
1004	1
1004	4
1004	30
1005	0
1005	13
1005	13
1005	7
1006	-45
1006	0
1006	29
1006	-2
1007	8
1007	-4
1007	-23
1007	-4
1008	-7
1008	24
1008	28
1008	2
1008	-9
1009	2
1009	-11
1009	20
1009	20
1010	-11
1010	-27
1010	2
1010	5
1011	17
1011	14
1011	15
1011	10
1012	11
1012	-24
1012	18
1012	15
1013	-14
1013	-9
1013	13
1013	5
1014	19
1014	-6
1014	23
1014	27
1015	-8
1015	22
1015	5
1015	10
1015	-4
1016	24
1016	1
1016	-8
1016	9
1017	30
1017	14
1017	20
1017	5
1018	-6
1018	13
1018	4
1018	13
1019	-14
1019	22
1019	-1
1019	-4
1020	-8
1020	2
1020	32
1020	11
1021	-12
1021	-5
1021	0
1021	12
1021	6
1022	1
1022	28
1022	8
1022	16
1023	-18
1023	0
1023	13
1023	18
1024	-13
1024	-3
1024	20
1024	16
1025	17
1025	-8
1025	21
1025	32
1026	16
1026	27
1026	21
1026	19
1027	26
1027	-12
1027	46
1027	24
1027	5
1028	-11
1028	8
1028	1
1028	14
1029	-11
1029	7
1029	4
1029	15
1030	3
1030	2
1030	8
1030	11
1031	36
1031	33
1031	23
1031	-14
1032	21
1032	32
1032	-3
1032	22
1033	-1
1033	24
1033	11
1033	34
1034	37
1034	14
1034	-10
1034	-14
1034	-3
1035	2
1035	13
1035	13
1035	30
1036	55
1036	33
1036	3
1036	5
1037	1
1037	17
1037	7
1037	26
1038	33
1038	12
1038	-14
1038	26
1039	7
1039	19
1039	13
1039	10
1039	15
1040	-5
1040	4
1040	17
1040	14
1041	2
1041	-12
1041	18
1041	26
1042	24
1042	6
1042	18
1042	24
1043	22
1043	41
1043	28
1043	-1
1044	-11
1044	-25
1044	5
1044	-4
1045	15
1045	-22
1045	-2
1045	-1
1045	-9
1046	0
1046	19
1046	12
1046	13
1047	11
1047	28
1047	13
1047	21
1048	12
1048	27
1048	16
1048	24
1049	-2
1049	10
1049	-4
1049	33
1050	-4
1050	8
1050	-14
1050	16
1051	31
1051	6
1051	-1
1051	3
1051	9
1052	3
1052	14
1052	12
1052	-8
1053	27
1053	32
1053	4
1053	20
1054	25
1054	0
1054	15
1054	9
1055	23
1055	-7
1055	5
1055	26
1056	9
1056	11
1056	9
1056	37
1056	-26
1057	26
1057	15
1057	20
1057	22
1058	7
1058	5
1058	12
1058	21
1059	13
1059	1
1059	11
1059	5
1060	13
1060	30
1060	-2
1060	35
1061	22
1061	29
1061	21
1061	29
1062	2
1062	29
1062	-5
1062	5
1062	21
1063	5
1063	7
1063	3
1063	6
1064	-11
1064	-3
1064	18
1064	2
1065	34
1065	30
1065	-14
1065	-19
1066	19
1066	6
1066	-4
1066	34
1067	-4
1067	28
1067	8
1067	25
1067	17
1068	17
1068	20
1068	-9
1068	16
1069	14
1069	-11
1069	-2
1069	15
1070	9
1070	21
1070	21
1070	7
1071	4
1071	-1
1071	16
1071	18
1072	22
1072	25
1072	7
1072	11
1072	9
1073	11
1073	8
1073	-15
1073	4
1074	8
1074	23
1074	-15
1074	20
1075	18
1075	16
1075	41
1075	8
1076	6
1076	8
1076	9
1076	2
1077	2
1077	5
1077	14
1077	17
1077	42
1078	-9
1078	1
1078	-1
1078	3
1079	28
1079	31
1079	23
1079	9
1080	6
1080	-19
1080	-10
1080	-1
1081	-17
1081	1
1081	36
1081	26
1082	6
1082	-4
1082	10
1082	8
1082	32
1083	26
1083	25
1083	27
1083	19
1084	10
1084	21
1084	26
1084	-3
1085	21
1085	-3
1085	17
1085	27
1086	3
1086	9
1086	18
1086	32
1087	15
1087	28
1087	11
1087	-10
1087	5
1088	1
1088	17
1088	19
1088	10
1089	1
1089	6
1089	-19
1089	13
1090	15
1090	10
1090	22
1090	18
1091	-12
1091	6
1091	7
1091	7
1092	33
1092	12
1092	-3
1092	6
1092	3
1093	-11
1093	17
1093	-19
1093	2
1094	5
1094	-14
1094	9
1094	5
1095	-4
1095	57
1095	5
1095	19
1096	17
1096	-8
1096	-8
1096	0
1097	2
1097	-13
1097	-15
1097	24
1097	-1
1098	14
1098	25
1098	6
1098	-7
1099	2
1099	5
1099	17
1099	15
1100	-1
1100	-13
1100	-8
1100	-5
1101	3
1101	7
1101	22
1101	2
1101	24
1102	5
1102	23
1102	-2
1102	-19
1103	13
1103	7
1103	17
1103	27
1104	3
1104	-4
1104	13
1104	32
1105	24
1105	-2
1105	20
1105	41
1106	14
1106	4
1106	-14
1106	-18
1106	-14
1107	5
1107	32
1107	39
1107	21
1108	-4
1108	21
1108	29
1108	-12
1109	6
1109	24
1109	-3
1109	9
1110	13
1110	18
1110	8
1110	-6
1110	24
1111	19
1111	38
1111	0
1111	10
1112	-15
1112	8
1112	43
1112	20
1113	5
1113	-21
1113	-13
1113	38
1114	39
1114	27
1114	13
1114	13
1115	1
1115	20
1115	1
1115	10
1115	13
1116	19
1116	0
1116	21
1116	-1
1117	3
1117	-8
1117	23
1117	15
1118	12
