196	-3,8461538
196	-3,8461538
196	-3,8461538
197	-11,8461538
197	-22,8461538
197	29,1538462
197	-2,8461538
198	4,1538462
198	6,1538462
198	-3,8461538
199	-6,8461538
199	11,1538462
199	9,1538462
199	-9,8461538
200	29,1538462
200	-13,8461538
200	24,1538462
200	-16,8461538
201	-8,8461538
201	-12,8461538
201	7,1538462
201	-6,8461538
202	29,1538462
202	15,1538462
202	-8,8461538
203	8,1538462
203	-1,8461538
203	38,1538462
203	30,1538462
204	29,1538462
204	31,1538462
204	-7,8461538
204	14,1538462
205	-8,8461538
205	-4,8461538
205	-4,8461538
205	8,1538462
206	-2,8461538
206	16,1538462
206	30,1538462
207	8,1538462
207	-3,8461538
207	-9,8461538
207	-5,8461538
208	-8,8461538
208	14,1538462
208	-10,8461538
208	9,1538462
209	10,1538462
209	7,1538462
209	10,1538462
209	-20,8461538
210	10,1538462
210	-13,8461538
210	7,1538462
211	-31,8461538
211	-2,8461538
211	-5,8461538
211	-17,8461538
212	-4,8461538
212	-14,8461538
212	16,1538462
212	-13,8461538
213	-21,8461538
213	-10,8461538
213	-7,8461538
213	2,1538462
214	-16,8461538
214	-14,8461538
214	-2,8461538
215	-0,8461538
215	4,1538462
215	-24,8461538
215	-11,8461538
216	14,1538462
216	-9,8461538
216	13,1538462
216	3,1538462
217	17,1538462
217	12,1538462
217	-0,8461538
217	18,1538462
218	2,1538462
218	-13,8461538
218	-15,8461538
219	8,1538462
219	-13,8461538
219	19,1538462
219	20,1538462
220	-1,8461538
220	12,1538462
220	8,1538462
220	-11,8461538
221	-14,8461538
221	-30,8461538
221	3,1538462
221	-6,8461538
222	-1,8461538
222	-2,8461538
222	-10,8461538
223	15,1538462
223	2,1538462
223	11,1538462
223	-38,8461538
224	6,1538462
224	-15,8461538
224	8,1538462
224	-36,8461538
225	18,1538462
225	5,1538462
225	-5,8461538
225	3,1538462
226	-0,8461538
226	-9,8461538
226	14,1538462
227	13,1538462
227	6,1538462
227	-1,8461538
227	8,1538462
228	-12,8461538
228	-1,8461538
228	12,1538462
228	15,1538462
229	-1,8461538
229	-30,8461538
229	-28,8461538
229	12,1538462
230	25,1538462
230	-14,8461538
230	-7,8461538
231	-13,8461538
231	11,1538462
231	-19,8461538
231	20,1538462
232	2,1538462
232	-10,8461538
232	17,1538462
232	-1,8461538
233	3,1538462
233	-8,8461538
233	-0,8461538
233	1,1538462
234	-31,8461538
234	7,1538462
234	1,1538462
235	0,1538462
235	46,1538462
235	25,1538462
235	-1,8461538
236	8,1538462
236	-5,8461538
236	-29,8461538
236	-23,8461538
237	9,1538462
237	9,1538462
237	-7,8461538
237	-2,8461538
238	7,1538462
238	12,1538462
238	11,1538462
239	1,1538462
239	-2,8461538
239	-15,8461538
239	10,1538462
240	-10,8461538
240	3,1538462
240	-0,8461538
240	3,1538462
241	-3,8461538
241	9,1538462
241	-4,8461538
241	20,1538462
242	-12,8461538
242	-13,8461538
242	-34,8461538
243	6,1538462
243	14,1538462
243	-13,8461538
243	16,1538462
244	-5,8461538
244	-1,8461538
244	2,1538462
244	-0,8461538
245	15,1538462
245	1,1538462
245	-13,8461538
245	13,1538462
246	-38,8461538
246	-16,8461538
246	-0,8461538
247	-2,8461538
247	-10,8461538
247	-3,8461538
247	8,1538462
248	3,1538462
248	8,1538462
248	21,1538462
248	19,1538462
249	25,1538462
249	6,1538462
249	-1,8461538
249	16,1538462
250	14,1538462
250	30,1538462
250	-8,8461538
251	-12,8461538
251	10,1538462
251	17,1538462
251	-19,8461538
252	-18,8461538
252	7,1538462
252	37,1538462
252	1,1538462
253	13,1538462
253	3,1538462
253	-20,8461538
253	9,1538462
254	-5,8461538
254	5,1538462
254	16,1538462
254	13,1538462
255	-28,8461538
255	0,1538462
255	-1,8461538
256	-8,8461538
256	-9,8461538
256	-6,8461538
256	12,1538462
257	24,1538462
257	-0,8461538
257	9,1538462
257	5,1538462
258	14,1538462
258	-4,8461538
258	-5,8461538
258	-10,8461538
259	-3,8461538
259	-27,8461538
259	22,1538462
260	-14,8461538
260	-17,8461538
260	2,1538462
260	-19,8461538
261	-5,8461538
261	3,1538462
261	11,1538462
261	0,1538462
262	-22,8461538
262	3,1538462
262	-9,8461538
262	-18,8461538
263	20,1538462
263	-14,8461538
263	-6,8461538
264	15,1538462
264	1,1538462
264	-10,8461538
264	2,1538462
265	-4,8461538
265	5,1538462
265	-13,8461538
265	-4,8461538
266	-9,8461538
266	3,1538462
266	2,1538462
266	-29,8461538
267	-3,8461538
267	-11,8461538
267	12,1538462
268	7,1538462
268	1,1538462
268	-8,8461538
268	31,1538462
269	18,1538462
269	14,1538462
269	-5,8461538
269	9,1538462
270	-5,8461538
270	5,1538462
270	-4,8461538
270	3,1538462
271	-5,8461538
271	13,1538462
271	27,1538462
271	-26,8461538
272	13,1538462
272	10,1538462
272	-33,8461538
273	-1,8461538
273	4,1538462
273	-7,8461538
273	4,1538462
274	-19,8461538
274	1,1538462
274	2,1538462
274	0,1538462
275	16,1538462
275	-3,8461538
275	-9,8461538
275	-1,8461538
276	24,1538462
276	8,1538462
276	-20,8461538
277	30,1538462
277	40,1538462
277	27,1538462
277	9,1538462
278	-3,8461538
278	13,1538462
278	0,1538462
278	0,1538462
279	-0,8461538
279	2,1538462
279	16,1538462
279	5,1538462
280	0,1538462
280	6,1538462
280	-20,8461538
280	-8,8461538
281	16,1538462
281	21,1538462
281	-18,8461538
282	0,1538462
282	11,1538462
282	-30,8461538
282	-22,8461538
283	-2,8461538
283	-24,8461538
283	1,1538462
283	29,1538462
284	25,1538462
284	-11,8461538
284	-19,8461538
284	-10,8461538
285	-6,8461538
285	-10,8461538
285	-9,8461538
286	17,1538462
286	-11,8461538
286	-28,8461538
286	-3,8461538
287	17,1538462
287	-6,8461538
287	10,1538462
287	17,1538462
288	-25,8461538
288	7,1538462
288	-3,8461538
288	4,1538462
289	9,1538462
289	-8,8461538
289	2,1538462
290	-6,8461538
290	-5,8461538
290	19,1538462
290	4,1538462
291	15,1538462
291	3,1538462
291	18,1538462
291	0,1538462
292	25,1538462
292	-1,8461538
292	27,1538462
292	12,1538462
293	6,1538462
293	10,1538462
293	40,1538462
293	29,1538462
294	-7,8461538
294	-8,8461538
294	9,1538462
295	4,1538462
295	8,1538462
295	-9,8461538
295	2,1538462
296	2,1538462
296	2,1538462
296	-3,8461538
296	-8,8461538
297	-11,8461538
297	4,1538462
297	-8,8461538
297	-16,8461538
298	25,1538462
298	-7,8461538
298	4,1538462
299	-25,8461538
299	17,1538462
299	5,1538462
299	-4,8461538
300	-31,8461538
300	0,1538462
300	-20,8461538
300	13,1538462
301	-20,8461538
301	0,1538462
301	-31,8461538
301	-3,8461538
302	-33,8461538
302	-9,8461538
302	19,1538462
302	18,1538462
303	24,1538462
303	8,1538462
303	-11,8461538
304	-14,8461538
304	15,1538462
304	2,1538462
304	-18,8461538
305	-6,8461538
305	18,1538462
305	15,1538462
305	-18,8461538
306	-2,8461538
306	-9,8461538
306	-3,8461538
306	15,1538462
307	11,1538462
307	15,1538462
307	7,1538462
307	-0,8461538
308	6,1538462
308	4,1538462
308	18,1538462
309	7,1538462
309	12,1538462
309	-15,8461538
309	-14,8461538
310	4,1538462
310	-5,8461538
310	-14,8461538
310	-19,8461538
311	-3,8461538
311	35,1538462
311	22,1538462
311	10,1538462
312	-1,8461538
312	7,1538462
312	23,1538462
313	7,1538462
313	8,1538462
313	-3,8461538
313	-6,8461538
314	-4,8461538
314	1,1538462
314	-3,8461538
314	5,1538462
315	7,1538462
315	12,1538462
315	16,1538462
315	2,1538462
316	-2,8461538
316	1,1538462
316	14,1538462
316	-12,8461538
317	2,1538462
317	-16,8461538
317	2,1538462
318	2,1538462
318	-18,8461538
318	25,1538462
318	6,1538462
319	26,1538462
319	4,1538462
319	-7,8461538
319	-2,8461538
320	-7,8461538
320	9,1538462
320	15,1538462
320	2,1538462
321	23,1538462
321	-1,8461538
321	-14,8461538
321	-21,8461538
322	-1,8461538
322	17,1538462
322	4,1538462
323	0,1538462
323	17,1538462
323	17,1538462
323	-1,8461538
324	-8,8461538
324	-0,8461538
324	-14,8461538
324	9,1538462
325	-13,8461538
325	-11,8461538
325	12,1538462
325	20,1538462
326	5,1538462
326	-5,8461538
326	1,1538462
327	12,1538462
327	-6,8461538
327	19,1538462
327	-14,8461538
328	10,1538462
328	-27,8461538
328	-5,8461538
328	-16,8461538
329	-4,8461538
329	-17,8461538
329	-15,8461538
329	20,1538462
330	-22,8461538
330	-6,8461538
330	10,1538462
330	-0,8461538
331	-23,8461538
331	-31,8461538
331	8,1538462
332	-1,8461538
332	-0,8461538
332	4,1538462
332	-8,8461538
333	-24,8461538
333	-12,8461538
333	-0,8461538
333	-4,8461538
334	-8,8461538
334	-9,8461538
334	16,1538462
334	6,1538462
335	6,1538462
335	-4,8461538
335	-0,8461538
335	-2,8461538
336	21,1538462
336	35,1538462
336	15,1538462
337	-20,8461538
337	-6,8461538
337	-0,8461538
337	15,1538462
338	19,1538462
338	-5,8461538
338	10,1538462
338	28,1538462
339	2,1538462
339	-8,8461538
339	26,1538462
339	19,1538462
340	-8,8461538
340	8,1538462
340	20,1538462
340	5,1538462
341	-19,8461538
341	10,1538462
341	-7,8461538
342	-25,8461538
342	0,1538462
342	13,1538462
342	-1,8461538
343	-0,8461538
343	11,1538462
343	-24,8461538
343	5,1538462
344	-0,8461538
344	1,1538462
344	5,1538462
344	-2,8461538
345	2,1538462
345	3,1538462
345	-18,8461538
345	23,1538462
346	2,1538462
346	3,1538462
346	-11,8461538
347	-11,8461538
347	5,1538462
347	11,1538462
347	-18,8461538
348	-8,8461538
348	4,1538462
348	12,1538462
348	9,1538462
349	17,1538462
349	-23,8461538
349	3,1538462
349	4,1538462
350	1,1538462
350	-8,8461538
350	13,1538462
350	2,1538462
351	3,1538462
351	-11,8461538
351	-20,8461538
352	-16,8461538
352	-2,8461538
352	23,1538462
352	22,1538462
353	14,1538462
353	-2,8461538
353	0,1538462
353	22,1538462
354	-25,8461538
354	13,1538462
354	32,1538462
354	-15,8461538
355	4,1538462
355	15,1538462
355	4,1538462
355	-11,8461538
356	-8,8461538
356	14,1538462
356	22,1538462
357	6,1538462
357	0,1538462
357	17,1538462
357	28,1538462
358	14,1538462
358	6,1538462
358	20,1538462
358	-10,8461538
359	-29,8461538
359	-12,8461538
359	4,1538462
359	15,1538462
360	4,1538462
360	18,1538462
360	15,1538462
360	21,1538462
361	8,1538462
361	-9,8461538
361	20,1538462
362	27,1538462
362	16,1538462
362	41,1538462
362	-9,8461538
363	-0,8461538
363	14,1538462
363	-4,8461538
363	1,1538462
364	4,1538462
364	-0,8461538
364	-8,8461538
364	11,1538462
365	0,1538462
365	-4,8461538
365	-20,8461538
365	7,1538462
366	-3,8461538
366	-18,8461538
366	-6,8461538
367	-1,8461538
367	8,1538462
367	2,1538462
367	5,1538462
368	-17,8461538
368	-2,8461538
368	-12,8461538
368	-14,8461538
369	-8,8461538
369	-13,8461538
369	-27,8461538
369	-16,8461538
370	16,1538462
370	-4,8461538
370	-25,8461538
370	7,1538462
371	13,1538462
371	-14,8461538
371	-8,8461538
371	9,1538462
372	24,1538462
372	-16,8461538
372	-1,8461538
373	30,1538462
373	-12,8461538
373	-3,8461538
373	4,1538462
374	-9,8461538
374	4,1538462
374	8,1538462
374	20,1538462
375	-14,8461538
375	27,1538462
375	23,1538462
375	13,1538462
376	24,1538462
376	16,1538462
376	-4,8461538
376	-8,8461538
377	-25,8461538
377	-0,8461538
377	15,1538462
378	14,1538462
378	0,1538462
378	15,1538462
378	3,1538462
379	17,1538462
379	-5,8461538
379	13,1538462
379	-1,8461538
380	9,1538462
380	-1,8461538
380	-15,8461538
380	0,1538462
381	33,1538462
381	-11,8461538
381	19,1538462
381	-5,8461538
382	8,1538462
382	15,1538462
382	19,1538462
383	-13,8461538
383	-3,8461538
383	13,1538462
383	-7,8461538
384	-18,8461538
384	10,1538462
384	9,1538462
384	-6,8461538
385	-0,8461538
385	0,1538462
385	19,1538462
385	18,1538462
386	13,1538462
386	0,1538462
386	-9,8461538
386	6,1538462
387	4,1538462
387	-10,8461538
387	16,1538462
387	-22,8461538
388	6,1538462
388	16,1538462
388	15,1538462
389	-8,8461538
389	-37,8461538
389	-7,8461538
389	2,1538462
390	-20,8461538
390	-13,8461538
390	5,1538462
390	-1,8461538
391	-16,8461538
391	6,1538462
391	10,1538462
391	0,1538462
392	-9,8461538
392	-14,8461538
392	-3,8461538
392	1,1538462
393	-10,8461538
393	5,1538462
393	34,1538462
394	-1,8461538
394	9,1538462
394	-2,8461538
394	31,1538462
395	-7,8461538
395	-20,8461538
395	10,1538462
395	6,1538462
396	-1,8461538
396	-9,8461538
396	-24,8461538
396	12,1538462
397	-15,8461538
397	23,1538462
397	-0,8461538
397	8,1538462
398	11,1538462
398	-11,8461538
398	-0,8461538
398	8,1538462
399	3,1538462
399	-1,8461538
399	16,1538462
400	1,1538462
400	5,1538462
400	2,1538462
400	16,1538462
401	-10,8461538
401	-0,8461538
401	-10,8461538
401	1,1538462
402	20,1538462
402	-12,8461538
402	15,1538462
402	-9,8461538
403	0,1538462
403	21,1538462
403	13,1538462
403	-18,8461538
404	-17,8461538
404	6,1538462
404	10,1538462
405	-3,8461538
405	21,1538462
405	21,1538462
405	17,1538462
406	31,1538462
406	5,1538462
406	-8,8461538
406	-15,8461538
407	13,1538462
407	-7,8461538
407	-20,8461538
407	0,1538462
408	1,1538462
408	3,1538462
408	-26,8461538
408	4,1538462
409	20,1538462
409	4,1538462
409	14,1538462
409	7,1538462
410	-10,8461538
410	10,1538462
410	32,1538462
411	7,1538462
411	-9,8461538
411	2,1538462
411	-11,8461538
412	-15,8461538
412	7,1538462
412	10,1538462
412	10,1538462
413	-10,8461538
413	-10,8461538
413	-2,8461538
413	14,1538462
414	24,1538462
414	4,1538462
414	-32,8461538
414	-0,8461538
415	29,1538462
415	19,1538462
415	19,1538462
415	0,1538462
416	-20,8461538
416	-7,8461538
416	-1,8461538
417	30,1538462
417	-9,8461538
417	17,1538462
417	19,1538462
418	4,1538462
418	9,1538462
418	6,1538462
418	-34,8461538
419	10,1538462
419	13,1538462
419	13,1538462
419	-4,8461538
420	3,1538462
420	6,1538462
420	36,1538462
420	17,1538462
421	29,1538462
421	18,1538462
421	3,1538462
421	-14,8461538
422	1,1538462
422	0,1538462
422	1,1538462
423	4,1538462
423	-12,8461538
423	5,1538462
423	16,1538462
424	12,1538462
424	-15,8461538
424	-0,8461538
424	25,1538462
425	27,1538462
425	1,1538462
425	3,1538462
425	6,1538462
426	-17,8461538
426	-8,8461538
426	6,1538462
426	23,1538462
427	21,1538462
427	-7,8461538
427	-22,8461538
427	-4,8461538
428	9,1538462
428	26,1538462
428	-15,8461538
429	11,1538462
429	1,1538462
429	25,1538462
429	38,1538462
430	22,1538462
430	-5,8461538
430	2,1538462
430	-2,8461538
431	8,1538462
431	-20,8461538
431	-15,8461538
431	12,1538462
432	20,1538462
432	-8,8461538
432	11,1538462
432	32,1538462
433	-10,8461538
433	-9,8461538
433	23,1538462
433	-2,8461538
434	-1,8461538
434	3,1538462
434	7,1538462
435	17,1538462
435	-9,8461538
435	-6,8461538
435	1,1538462
436	-1,8461538
436	8,1538462
436	15,1538462
436	-8,8461538
437	12,1538462
437	-7,8461538
437	0,1538462
437	3,1538462
438	19,1538462
438	8,1538462
438	35,1538462
438	10,1538462
439	6,1538462
439	-6,8461538
439	-5,8461538
439	13,1538462
440	16,1538462
440	0,1538462
440	13,1538462
441	-33,8461538
441	4,1538462
441	12,1538462
441	24,1538462
442	13,1538462
442	10,1538462
442	8,1538462
442	7,1538462
443	-1,8461538
443	1,1538462
443	-7,8461538
443	5,1538462
444	-17,8461538
444	-22,8461538
444	15,1538462
444	3,1538462
445	6,1538462
445	4,1538462
445	16,1538462
445	28,1538462
446	2,1538462
446	-12,8461538
446	0,1538462
447	24,1538462
447	21,1538462
447	19,1538462
447	6,1538462
448	28,1538462
448	-1,8461538
448	-0,8461538
448	-30,8461538
449	4,1538462
449	-15,8461538
449	-13,8461538
449	-8,8461538
450	1,1538462
450	-14,8461538
450	7,1538462
450	-7,8461538
451	7,1538462
451	-18,8461538
451	-12,8461538
451	0,1538462
452	-10,8461538
452	-20,8461538
452	-7,8461538
452	10,1538462
453	13,1538462
453	-9,8461538
453	-14,8461538
454	-0,8461538
454	25,1538462
454	-10,8461538
454	-8,8461538
455	-16,8461538
455	-11,8461538
455	-7,8461538
455	-19,8461538
456	0,1538462
456	-0,8461538
456	2,1538462
456	15,1538462
457	6,1538462
457	-11,8461538
457	15,1538462
457	1,1538462
458	-7,8461538
458	-4,8461538
458	-1,8461538
458	10,1538462
459	-10,8461538
459	-1,8461538
459	-4,8461538
460	24,1538462
460	2,1538462
460	10,1538462
460	-19,8461538
461	-6,8461538
461	-5,8461538
461	-21,8461538
461	8,1538462
462	8,1538462
462	1,1538462
462	9,1538462
462	26,1538462
463	-5,8461538
463	-6,8461538
463	-15,8461538
463	-23,8461538
464	-18,8461538
464	17,1538462
464	-29,8461538
464	-3,8461538
465	-5,8461538
465	31,1538462
465	15,1538462
465	10,1538462
466	-4,8461538
466	22,1538462
466	22,1538462
467	10,1538462
467	5,1538462
467	5,1538462
467	7,1538462
468	11,1538462
468	19,1538462
468	-23,8461538
468	-0,8461538
469	27,1538462
469	-8,8461538
469	-16,8461538
469	16,1538462
470	27,1538462
470	-3,8461538
470	-23,8461538
470	-20,8461538
471	0,1538462
471	3,1538462
471	21,1538462
471	-11,8461538
472	14,1538462
472	12,1538462
472	20,1538462
472	17,1538462
473	-7,8461538
473	7,1538462
473	17,1538462
474	15,1538462
474	3,1538462
474	34,1538462
474	2,1538462
475	6,1538462
475	-9,8461538
475	-4,8461538
475	15,1538462
476	-11,8461538
476	-8,8461538
476	-12,8461538
476	-4,8461538
477	3,1538462
477	5,1538462
477	-14,8461538
477	14,1538462
478	-16,8461538
478	-5,8461538
478	-12,8461538
478	-2,8461538
479	-10,8461538
479	-2,8461538
479	-6,8461538
479	9,1538462
480	5,1538462
480	4,1538462
480	17,1538462
481	-4,8461538
481	2,1538462
481	-0,8461538
481	17,1538462
482	26,1538462
482	-3,8461538
482	-17,8461538
482	2,1538462
483	-12,8461538
483	13,1538462
483	1,1538462
483	-3,8461538
484	-23,8461538
484	24,1538462
484	13,1538462
484	-5,8461538
485	3,1538462
485	1,1538462
485	-14,8461538
485	4,1538462
486	-13,8461538
486	-19,8461538
486	-13,8461538
486	11,1538462
487	-2,8461538
487	26,1538462
487	19,1538462
488	-5,8461538
488	-4,8461538
488	-21,8461538
488	-23,8461538
489	1,1538462
489	22,1538462
489	8,1538462
489	-16,8461538
490	11,1538462
490	6,1538462
490	-13,8461538
490	4,1538462
491	0,1538462
491	-4,8461538
491	-6,8461538
491	1,1538462
492	-22,8461538
492	6,1538462
492	14,1538462
492	-9,8461538
493	-1,8461538
493	2,1538462
493	8,1538462
493	-31,8461538
494	-3,8461538
494	-1,8461538
494	-1,8461538
495	-14,8461538
495	-6,8461538
495	18,1538462
495	-15,8461538
496	34,1538462
496	6,1538462
496	4,1538462
496	-0,8461538
497	-0,8461538
497	9,1538462
497	13,1538462
497	10,1538462
498	12,1538462
498	-6,8461538
498	-3,8461538
498	-12,8461538
499	-4,8461538
499	17,1538462
499	-5,8461538
499	21,1538462
500	14,1538462
500	20,1538462
500	-13,8461538
500	14,1538462
501	-5,8461538
501	20,1538462
501	6,1538462
502	0,1538462
502	1,1538462
502	10,1538462
502	-8,8461538
503	-11,8461538
503	0,1538462
503	-1,8461538
503	-23,8461538
504	-10,8461538
504	-5,8461538
504	7,1538462
504	17,1538462
505	-4,8461538
505	-3,8461538
505	3,1538462
505	5,1538462
506	6,1538462
506	3,1538462
506	-13,8461538
506	-14,8461538
507	-15,8461538
507	10,1538462
507	3,1538462
507	-1,8461538
508	9,1538462
508	23,1538462
508	-1,8461538
508	31,1538462
509	0,1538462
509	9,1538462
509	8,1538462
510	-13,8461538
510	-7,8461538
510	-13,8461538
510	4,1538462
511	26,1538462
511	-2,8461538
511	-11,8461538
511	-29,8461538
512	-3,8461538
512	2,1538462
512	0,1538462
512	-11,8461538
513	-37,8461538
513	1,1538462
513	20,1538462
513	-17,8461538
514	-24,8461538
514	28,1538462
514	-2,8461538
514	-2,8461538
515	2,1538462
515	-2,8461538
515	-13,8461538
515	-0,8461538
516	24,1538462
516	29,1538462
516	2,1538462
516	-23,8461538
517	-18,8461538
517	0,1538462
517	-21,8461538
518	1,1538462
518	24,1538462
518	13,1538462
518	-4,8461538
519	37,1538462
519	17,1538462
519	-16,8461538
519	19,1538462
520	-6,8461538
520	-10,8461538
520	34,1538462
520	23,1538462
521	-9,8461538
521	24,1538462
521	-3,8461538
521	17,1538462
522	33,1538462
522	22,1538462
522	18,1538462
522	21,1538462
523	17,1538462
523	-3,8461538
523	-8,8461538
523	-10,8461538
524	5,1538462
524	-20,8461538
524	1,1538462
524	16,1538462
525	7,1538462
525	0,1538462
525	6,1538462
526	7,1538462
526	14,1538462
526	20,1538462
526	16,1538462
527	-10,8461538
527	27,1538462
527	3,1538462
527	18,1538462
528	20,1538462
528	4,1538462
528	-6,8461538
528	3,1538462
529	30,1538462
529	-5,8461538
529	-24,8461538
529	10,1538462
530	15,1538462
530	-17,8461538
530	-4,8461538
530	10,1538462
531	6,1538462
531	3,1538462
531	33,1538462
531	-1,8461538
532	10,1538462
532	8,1538462
532	1,1538462
532	7,1538462
533	10,1538462
533	-24,8461538
533	0,1538462
534	-10,8461538
534	13,1538462
534	13,1538462
534	15,1538462
535	-3,8461538
535	2,1538462
535	5,1538462
535	13,1538462
536	26,1538462
536	26,1538462
536	-24,8461538
536	-12,8461538
537	-15,8461538
537	-15,8461538
537	4,1538462
537	-20,8461538
538	-14,8461538
538	-3,8461538
538	8,1538462
538	3,1538462
539	8,1538462
539	1,1538462
539	-19,8461538
539	15,1538462
540	-1,8461538
540	-28,8461538
540	-2,8461538
540	9,1538462
541	20,1538462
541	-8,8461538
541	-21,8461538
541	2,1538462
542	7,1538462
542	-9,8461538
542	12,1538462
543	8,1538462
543	-18,8461538
543	-12,8461538
543	39,1538462
544	-13,8461538
544	-0,8461538
544	-15,8461538
544	-14,8461538
545	-19,8461538
545	34,1538462
545	-10,8461538
545	-17,8461538
546	34,1538462
546	1,1538462
546	8,1538462
546	22,1538462
547	-1,8461538
547	16,1538462
547	18,1538462
547	-2,8461538
548	-0,8461538
548	15,1538462
548	10,1538462
548	6,1538462
549	-9,8461538
549	24,1538462
549	13,1538462
549	-16,8461538
550	27,1538462
550	-18,8461538
550	0,1538462
550	-1,8461538
551	-24,8461538
551	-10,8461538
551	-1,8461538
552	-29,8461538
552	-7,8461538
552	2,1538462
552	9,1538462
553	-3,8461538
553	11,1538462
553	2,1538462
553	15,1538462
554	-20,8461538
554	-4,8461538
554	15,1538462
554	-17,8461538
555	10,1538462
555	25,1538462
555	-7,8461538
555	-15,8461538
556	10,1538462
556	16,1538462
556	-7,8461538
556	29,1538462
557	29,1538462
557	27,1538462
557	-2,8461538
557	5,1538462
558	8,1538462
558	-9,8461538
558	5,1538462
558	33,1538462
559	29,1538462
559	17,1538462
559	-15,8461538
559	-11,8461538
560	-0,8461538
560	20,1538462
560	-1,8461538
561	8,1538462
561	11,1538462
561	-13,8461538
561	7,1538462
562	-8,8461538
562	2,1538462
562	37,1538462
562	10,1538462
563	30,1538462
563	8,1538462
563	-0,8461538
563	9,1538462
564	9,1538462
564	-3,8461538
564	7,1538462
564	6,1538462
565	2,1538462
565	12,1538462
565	-7,8461538
565	16,1538462
566	5,1538462
566	5,1538462
566	-24,8461538
566	39,1538462
567	1,1538462
567	-14,8461538
567	-13,8461538
567	-20,8461538
568	-3,8461538
568	0,1538462
568	3,1538462
568	-2,8461538
569	12,1538462
569	19,1538462
569	6,1538462
569	8,1538462
570	7,1538462
570	-1,8461538
570	26,1538462
571	-8,8461538
571	-8,8461538
571	-1,8461538
571	36,1538462
572	15,1538462
572	-11,8461538
572	7,1538462
572	16,1538462
573	15,1538462
573	-10,8461538
573	-10,8461538
573	-15,8461538
574	7,1538462
574	16,1538462
574	-19,8461538
574	-5,8461538
575	-14,8461538
575	-28,8461538
575	-1,8461538
575	9,1538462
576	-2,8461538
576	2,1538462
576	17,1538462
576	-7,8461538
577	-9,8461538
577	-1,8461538
577	9,1538462
577	17,1538462
578	15,1538462
578	-5,8461538
578	-6,8461538
578	5,1538462
579	-0,8461538
579	-16,8461538
579	-10,8461538
579	-16,8461538
580	21,1538462
580	19,1538462
580	9,1538462
581	23,1538462
581	2,1538462
581	38,1538462
581	1,1538462
582	-13,8461538
582	-15,8461538
582	13,1538462
582	5,1538462
583	-36,8461538
583	3,1538462
583	0,1538462
583	-18,8461538
584	-0,8461538
584	2,1538462
584	8,1538462
584	27,1538462
585	7,1538462
585	0,1538462
585	3,1538462
585	-16,8461538
586	-3,8461538
586	5,1538462
586	3,1538462
586	-6,8461538
587	6,1538462
587	-31,8461538
587	-22,8461538
587	-10,8461538
588	-13,8461538
588	-0,8461538
588	28,1538462
588	9,1538462
589	-4,8461538
589	-11,8461538
589	19,1538462
589	-29,8461538
590	-0,8461538
590	20,1538462
590	-22,8461538
590	13,1538462
591	17,1538462
591	9,1538462
591	4,1538462
592	7,1538462
592	-18,8461538
592	-6,8461538
592	2,1538462
593	27,1538462
593	8,1538462
593	4,1538462
593	26,1538462
594	28,1538462
594	2,1538462
594	13,1538462
594	22,1538462
595	-4,8461538
595	-1,8461538
595	18,1538462
595	1,1538462
596	12,1538462
596	7,1538462
596	-39,8461538
596	20,1538462
597	26,1538462
597	22,1538462
597	-8,8461538
597	-225,8461538
598	-36,8461538
598	-15,8461538
598	-5,8461538
598	-12,8461538
599	-6,8461538
599	-12,8461538
599	-33,8461538
599	12,1538462
600	4,1538462
600	2,1538462
600	-3,8461538
600	13,1538462
601	-27,8461538
601	7,1538462
601	1,1538462
601	-14,8461538
602	9,1538462
602	-13,8461538
602	10,1538462
603	-1,8461538
603	11,1538462
603	29,1538462
603	-2,8461538
604	7,1538462
604	20,1538462
604	-4,8461538
604	21,1538462
605	10,1538462
605	14,1538462
605	7,1538462
605	16,1538462
606	2,1538462
606	-11,8461538
606	10,1538462
606	4,1538462
607	-14,8461538
607	-2,8461538
607	37,1538462
607	25,1538462
608	5,1538462
608	8,1538462
608	9,1538462
608	8,1538462
609	4,1538462
609	1,1538462
609	-17,8461538
609	-13,8461538
610	-6,8461538
610	7,1538462
610	4,1538462
610	13,1538462
611	8,1538462
611	15,1538462
611	-5,8461538
611	13,1538462
612	-9,8461538
612	1,1538462
612	37,1538462
612	4,1538462
613	-19,8461538
613	-9,8461538
613	2,1538462
613	-17,8461538
614	13,1538462
614	-21,8461538
614	-8,8461538
614	-4,8461538
615	-5,8461538
615	22,1538462
615	-12,8461538
616	-36,8461538
616	-17,8461538
616	2,1538462
616	-22,8461538
617	-7,8461538
617	6,1538462
617	10,1538462
617	1,1538462
618	-11,8461538
618	15,1538462
618	-2,8461538
618	6,1538462
619	10,1538462
619	18,1538462
619	15,1538462
619	-1,8461538
620	0,1538462
620	7,1538462
620	-6,8461538
620	-3,8461538
621	-12,8461538
621	20,1538462
621	3,1538462
621	-20,8461538
622	-5,8461538
622	3,1538462
622	26,1538462
622	19,1538462
623	-8,8461538
623	1,1538462
623	10,1538462
623	9,1538462
624	-6,8461538
624	3,1538462
624	2,1538462
624	4,1538462
625	6,1538462
625	23,1538462
625	14,1538462
625	-4,8461538
626	7,1538462
626	-9,8461538
626	1,1538462
626	20,1538462
627	-2,8461538
627	-7,8461538
627	8,1538462
627	15,1538462
628	6,1538462
628	-7,8461538
628	3,1538462
629	-20,8461538
629	6,1538462
629	-3,8461538
629	-6,8461538
630	-5,8461538
630	31,1538462
630	1,1538462
630	11,1538462
631	7,1538462
631	13,1538462
631	-15,8461538
631	-13,8461538
632	2,1538462
632	7,1538462
632	1,1538462
632	-10,8461538
633	-2,8461538
633	3,1538462
633	7,1538462
633	-3,8461538
634	-1,8461538
634	-6,8461538
634	-16,8461538
634	-1,8461538
635	2,1538462
635	-11,8461538
635	-32,8461538
635	2,1538462
636	-3,8461538
636	-14,8461538
636	4,1538462
636	-13,8461538
637	-23,8461538
637	-14,8461538
637	-4,8461538
637	-6,8461538
638	11,1538462
638	20,1538462
638	-0,8461538
638	-6,8461538
639	-30,8461538
639	-22,8461538
639	12,1538462
639	23,1538462
640	-5,8461538
640	30,1538462
640	-22,8461538
640	15,1538462
641	-31,8461538
641	-9,8461538
641	15,1538462
641	19,1538462
642	-2,8461538
642	8,1538462
642	-4,8461538
642	1,1538462
643	5,1538462
643	7,1538462
643	-3,8461538
644	8,1538462
644	-7,8461538
644	6,1538462
644	21,1538462
645	5,1538462
645	-14,8461538
645	12,1538462
645	1,1538462
646	-29,8461538
646	1,1538462
646	-10,8461538
646	-0,8461538
647	-2,8461538
647	12,1538462
647	7,1538462
647	-8,8461538
648	10,1538462
648	8,1538462
648	-36,8461538
648	3,1538462
649	-5,8461538
649	12,1538462
649	10,1538462
649	2,1538462
650	22,1538462
650	-16,8461538
650	2,1538462
650	-14,8461538
651	2,1538462
651	25,1538462
651	4,1538462
651	21,1538462
652	13,1538462
652	9,1538462
652	1,1538462
652	-1,8461538
653	28,1538462
653	20,1538462
653	-3,8461538
653	-19,8461538
654	-9,8461538
654	8,1538462
654	2,1538462
654	-2,8461538
655	19,1538462
655	34,1538462
655	12,1538462
655	22,1538462
656	22,1538462
656	14,1538462
656	-33,8461538
656	13,1538462
657	12,1538462
657	-16,8461538
657	7,1538462
657	4,1538462
658	-9,8461538
658	-8,8461538
658	-0,8461538
658	1,1538462
659	17,1538462
659	20,1538462
659	10,1538462
660	31,1538462
660	19,1538462
660	0,1538462
660	21,1538462
661	-12,8461538
661	8,1538462
661	-7,8461538
661	3,1538462
662	10,1538462
662	18,1538462
662	-11,8461538
662	5,1538462
663	-1,8461538
663	9,1538462
663	30,1538462
663	14,1538462
664	10,1538462
664	18,1538462
664	17,1538462
664	5,1538462
665	31,1538462
665	-1,8461538
665	21,1538462
665	0,1538462
666	-9,8461538
666	8,1538462
666	2,1538462
666	-21,8461538
667	15,1538462
667	-6,8461538
667	-2,8461538
667	2,1538462
668	5,1538462
668	-4,8461538
668	10,1538462
668	4,1538462
669	-17,8461538
669	-19,8461538
669	7,1538462
669	2,1538462
670	12,1538462
670	17,1538462
670	-18,8461538
670	12,1538462
671	-4,8461538
671	15,1538462
671	0,1538462
671	0,1538462
672	13,1538462
672	13,1538462
672	18,1538462
672	4,1538462
673	11,1538462
673	-19,8461538
673	-2,8461538
673	-16,8461538
674	24,1538462
674	23,1538462
674	-11,8461538
674	-0,8461538
675	-34,8461538
675	-3,8461538
675	-5,8461538
675	15,1538462
676	6,1538462
676	-16,8461538
676	-7,8461538
676	31,1538462
677	5,1538462
677	-10,8461538
677	-19,8461538
677	-7,8461538
678	18,1538462
678	28,1538462
678	-7,8461538
678	7,1538462
679	11,1538462
679	7,1538462
679	-1,8461538
680	15,1538462
680	-3,8461538
680	19,1538462
680	8,1538462
681	3,1538462
681	7,1538462
681	7,1538462
681	-5,8461538
682	2,1538462
682	4,1538462
682	22,1538462
682	-1,8461538
683	-13,8461538
683	-6,8461538
683	13,1538462
683	11,1538462
684	3,1538462
684	3,1538462
684	3,1538462
684	18,1538462
685	7,1538462
685	-7,8461538
685	-9,8461538
685	-7,8461538
686	-11,8461538
686	1,1538462
686	16,1538462
686	20,1538462
687	15,1538462
687	9,1538462
687	-6,8461538
687	17,1538462
688	13,1538462
688	19,1538462
688	-29,8461538
688	-24,8461538
689	-2,8461538
689	10,1538462
689	29,1538462
689	5,1538462
690	0,1538462
690	0,1538462
690	-6,8461538
690	0,1538462
691	23,1538462
691	0,1538462
691	32,1538462
691	33,1538462
692	3,1538462
692	11,1538462
692	4,1538462
692	13,1538462
693	18,1538462
693	-18,8461538
693	1,1538462
693	-17,8461538
694	12,1538462
694	19,1538462
694	4,1538462
694	2,1538462
695	-14,8461538
695	3,1538462
695	-9,8461538
695	6,1538462
696	-9,8461538
696	14,1538462
696	0,1538462
696	-7,8461538
697	-26,8461538
697	-2,8461538
697	-8,8461538
697	9,1538462
698	-17,8461538
698	-21,8461538
698	-24,8461538
698	-2,8461538
699	-21,8461538
699	-7,8461538
699	0,1538462
699	16,1538462
700	1,1538462
700	8,1538462
700	-10,8461538
700	-6,8461538
701	24,1538462
701	-8,8461538
701	13,1538462
701	-5,8461538
702	-4,8461538
702	8,1538462
702	-21,8461538
702	-3,8461538
703	23,1538462
703	8,1538462
703	10,1538462
703	-8,8461538
704	2,1538462
704	13,1538462
704	10,1538462
704	49,1538462
705	21,1538462
705	24,1538462
705	30,1538462
706	-0,8461538
706	8,1538462
706	6,1538462
706	-5,8461538
707	-10,8461538
707	-20,8461538
707	25,1538462
707	13,1538462
708	-5,8461538
708	8,1538462
708	-8,8461538
708	1,1538462
709	2,1538462
709	-6,8461538
709	-6,8461538
709	-24,8461538
710	14,1538462
710	-7,8461538
710	7,1538462
710	1,1538462
711	-5,8461538
711	23,1538462
711	-6,8461538
711	21,1538462
712	14,1538462
712	-8,8461538
712	18,1538462
712	-0,8461538
713	12,1538462
713	26,1538462
713	3,1538462
713	7,1538462
714	28,1538462
714	3,1538462
714	-13,8461538
714	-24,8461538
715	-1,8461538
715	-17,8461538
715	-12,8461538
715	-11,8461538
716	6,1538462
716	27,1538462
716	11,1538462
716	7,1538462
717	4,1538462
717	15,1538462
717	27,1538462
717	-5,8461538
718	6,1538462
718	-13,8461538
718	1,1538462
718	1,1538462
719	4,1538462
719	-10,8461538
719	4,1538462
719	-20,8461538
720	-8,8461538
720	-17,8461538
720	-14,8461538
720	16,1538462
721	5,1538462
721	-24,8461538
721	-12,8461538
721	-12,8461538
722	36,1538462
722	5,1538462
722	-10,8461538
722	-31,8461538
723	5,1538462
723	-5,8461538
723	-5,8461538
723	17,1538462
724	-11,8461538
724	14,1538462
724	8,1538462
724	-6,8461538
725	-0,8461538
725	19,1538462
725	29,1538462
725	-0,8461538
726	-15,8461538
726	17,1538462
726	17,1538462
726	-11,8461538
727	-18,8461538
727	-28,8461538
727	17,1538462
727	-3,8461538
728	1,1538462
728	-22,8461538
728	6,1538462
728	3,1538462
729	-2,8461538
729	4,1538462
729	13,1538462
729	12,1538462
730	28,1538462
730	-36,8461538
730	-20,8461538
730	-17,8461538
731	6,1538462
731	-8,8461538
731	-20,8461538
731	17,1538462
732	11,1538462
732	-14,8461538
732	0,1538462
732	15,1538462
733	10,1538462
733	2,1538462
733	-4,8461538
733	24,1538462
734	-9,8461538
734	-9,8461538
734	-18,8461538
734	8,1538462
735	-18,8461538
735	13,1538462
735	25,1538462
735	12,1538462
736	-31,8461538
736	1,1538462
736	-7,8461538
736	16,1538462
737	20,1538462
737	-14,8461538
737	-20,8461538
737	6,1538462
738	-3,8461538
738	4,1538462
738	-2,8461538
738	15,1538462
739	11,1538462
739	22,1538462
739	-13,8461538
739	12,1538462
740	-11,8461538
740	-9,8461538
740	-2,8461538
740	-11,8461538
741	-2,8461538
741	-6,8461538
741	-13,8461538
741	-6,8461538
742	20,1538462
742	11,1538462
742	2,1538462
742	-26,8461538
743	-21,8461538
743	22,1538462
743	-11,8461538
743	-0,8461538
744	-14,8461538
744	-3,8461538
744	10,1538462
744	2,1538462
745	-1,8461538
745	10,1538462
745	0,1538462
745	-14,8461538
746	-3,8461538
746	12,1538462
746	4,1538462
746	16,1538462
747	6,1538462
747	24,1538462
747	16,1538462
747	7,1538462
748	12,1538462
748	16,1538462
748	-27,8461538
748	13,1538462
749	9,1538462
749	-6,8461538
749	6,1538462
749	-13,8461538
750	7,1538462
750	5,1538462
750	3,1538462
750	-22,8461538
751	5,1538462
751	11,1538462
751	-2,8461538
751	8,1538462
752	7,1538462
752	3,1538462
752	11,1538462
752	7,1538462
753	-8,8461538
753	-3,8461538
753	-20,8461538
753	15,1538462
754	-14,8461538
754	-9,8461538
754	-25,8461538
754	5,1538462
755	-1,8461538
755	-20,8461538
755	5,1538462
755	-9,8461538
756	-16,8461538
756	-12,8461538
756	-1,8461538
756	10,1538462
757	-40,8461538
757	-7,8461538
757	-18,8461538
757	3,1538462
758	7,1538462
758	-2,8461538
758	0,1538462
758	21,1538462
759	10,1538462
759	17,1538462
759	-9,8461538
759	13,1538462
760	16,1538462
760	-8,8461538
760	-13,8461538
760	-10,8461538
761	5,1538462
761	17,1538462
761	-13,8461538
761	8,1538462
762	-8,8461538
762	10,1538462
762	30,1538462
762	-8,8461538
763	-0,8461538
763	8,1538462
763	11,1538462
763	-7,8461538
764	6,1538462
764	-15,8461538
764	8,1538462
764	7,1538462
765	17,1538462
765	14,1538462
765	1,1538462
765	23,1538462
766	-15,8461538
766	-9,8461538
766	-1,8461538
766	-6,8461538
767	-8,8461538
767	-18,8461538
767	9,1538462
767	7,1538462
768	-3,8461538
768	-11,8461538
768	1,1538462
768	24,1538462
769	-18,8461538
769	19,1538462
769	-29,8461538
769	-11,8461538
770	-4,8461538
770	-18,8461538
770	-7,8461538
770	-12,8461538
771	-1,8461538
771	-13,8461538
771	1,1538462
771	19,1538462
772	13,1538462
772	-10,8461538
772	10,1538462
772	9,1538462
773	-6,8461538
773	-23,8461538
773	10,1538462
773	11,1538462
774	19,1538462
774	9,1538462
774	9,1538462
774	-13,8461538
775	2,1538462
775	-15,8461538
775	8,1538462
775	-5,8461538
776	-22,8461538
776	-2,8461538
776	29,1538462
776	-29,8461538
777	20,1538462
777	9,1538462
777	23,1538462
777	10,1538462
778	-7,8461538
778	-11,8461538
778	13,1538462
778	7,1538462
779	12,1538462
779	-9,8461538
779	0,1538462
779	26,1538462
780	43,1538462
780	-3,8461538
780	-5,8461538
780	2,1538462
781	29,1538462
781	3,1538462
781	8,1538462
781	-2,8461538
782	20,1538462
782	-9,8461538
782	15,1538462
782	39,1538462
783	-8,8461538
783	4,1538462
783	6,1538462
783	-0,8461538
784	13,1538462
784	8,1538462
784	10,1538462
784	-4,8461538
785	-12,8461538
785	6,1538462
785	-3,8461538
785	-21,8461538
786	-10,8461538
786	-28,8461538
786	-3,8461538
786	11,1538462
787	0,1538462
787	5,1538462
787	3,1538462
787	1,1538462
788	-33,8461538
788	2,1538462
788	-8,8461538
788	-15,8461538
789	13,1538462
789	-6,8461538
789	7,1538462
789	-16,8461538
790	-3,8461538
790	-30,8461538
790	14,1538462
790	16,1538462
791	-6,8461538
791	-0,8461538
791	-9,8461538
791	-45,8461538
792	1,1538462
792	4,1538462
792	23,1538462
792	0,1538462
793	-14,8461538
793	7,1538462
793	-9,8461538
793	21,1538462
794	25,1538462
794	-17,8461538
794	-10,8461538
794	-25,8461538
795	17,1538462
795	-4,8461538
795	-9,8461538
795	8,1538462
796	7,1538462
796	18,1538462
796	-9,8461538
796	-9,8461538
797	8,1538462
797	-4,8461538
797	21,1538462
797	-10,8461538
798	-7,8461538
798	-5,8461538
798	33,1538462
798	30,1538462
799	-4,8461538
799	-36,8461538
799	-10,8461538
799	-24,8461538
800	-18,8461538
800	16,1538462
800	-11,8461538
800	1,1538462
801	12,1538462
801	5,1538462
801	-11,8461538
801	-22,8461538
802	4,1538462
802	2,1538462
802	1,1538462
802	0,1538462
803	11,1538462
803	-20,8461538
803	-2,8461538
803	4,1538462
804	-9,8461538
804	-25,8461538
804	-2,8461538
804	31,1538462
805	-9,8461538
805	-33,8461538
805	10,1538462
805	-14,8461538
806	-2,8461538
806	4,1538462
806	29,1538462
806	4,1538462
807	-17,8461538
807	15,1538462
807	4,1538462
807	-3,8461538
808	-19,8461538
808	-14,8461538
808	0,1538462
808	-11,8461538
809	1,1538462
809	6,1538462
809	3,1538462
809	-6,8461538
810	-11,8461538
810	-6,8461538
810	-3,8461538
810	-3,8461538
811	-1,8461538
811	7,1538462
811	-21,8461538
811	-15,8461538
812	5,1538462
812	5,1538462
812	5,1538462
812	7,1538462
813	-18,8461538
813	12,1538462
813	20,1538462
813	-1,8461538
814	-11,8461538
814	0,1538462
814	2,1538462
814	19,1538462
815	39,1538462
815	7,1538462
815	18,1538462
815	-10,8461538
816	29,1538462
816	5,1538462
816	12,1538462
816	-2,8461538
817	-19,8461538
817	-6,8461538
817	4,1538462
817	-0,8461538
818	5,1538462
818	3,1538462
818	-10,8461538
818	-10,8461538
819	0,1538462
819	27,1538462
819	18,1538462
819	-8,8461538
820	-16,8461538
820	-29,8461538
820	6,1538462
820	4,1538462
820	-25,8461538
821	-21,8461538
821	-14,8461538
821	-3,8461538
821	-5,8461538
822	26,1538462
822	-9,8461538
822	-41,8461538
822	8,1538462
823	-5,8461538
823	2,1538462
823	2,1538462
823	-0,8461538
824	9,1538462
824	18,1538462
824	8,1538462
824	4,1538462
825	-7,8461538
825	12,1538462
825	10,1538462
825	22,1538462
826	40,1538462
826	13,1538462
826	4,1538462
826	-27,8461538
827	-24,8461538
827	-16,8461538
827	2,1538462
827	-8,8461538
828	11,1538462
828	4,1538462
828	4,1538462
828	-6,8461538
829	4,1538462
829	7,1538462
829	15,1538462
829	8,1538462
830	11,1538462
830	21,1538462
830	15,1538462
830	-1,8461538
831	31,1538462
831	13,1538462
831	-13,8461538
831	19,1538462
832	30,1538462
832	7,1538462
832	-8,8461538
832	0,1538462
833	22,1538462
833	-32,8461538
833	-28,8461538
833	6,1538462
834	40,1538462
834	-3,8461538
834	12,1538462
834	12,1538462
835	-0,8461538
835	7,1538462
835	-6,8461538
835	8,1538462
836	11,1538462
836	8,1538462
836	17,1538462
836	5,1538462
837	21,1538462
837	-18,8461538
837	3,1538462
837	0,1538462
838	-2,8461538
838	29,1538462
838	9,1538462
838	12,1538462
839	25,1538462
839	4,1538462
839	12,1538462
839	41,1538462
840	15,1538462
840	-2,8461538
840	-11,8461538
840	-7,8461538
841	-8,8461538
841	9,1538462
841	24,1538462
841	-1,8461538
842	0,1538462
842	29,1538462
842	-2,8461538
842	31,1538462
843	2,1538462
843	3,1538462
843	8,1538462
843	-3,8461538
844	7,1538462
844	36,1538462
844	6,1538462
844	-9,8461538
845	-11,8461538
845	7,1538462
845	-11,8461538
845	-12,8461538
845	0,1538462
846	-6,8461538
846	20,1538462
846	-10,8461538
846	8,1538462
847	1,1538462
847	-15,8461538
847	14,1538462
847	11,1538462
848	-5,8461538
848	-6,8461538
848	22,1538462
848	2,1538462
849	-10,8461538
849	-21,8461538
849	3,1538462
849	1,1538462
850	8,1538462
850	10,1538462
850	18,1538462
850	17,1538462
851	0,1538462
851	-5,8461538
851	13,1538462
851	-0,8461538
852	-27,8461538
852	-9,8461538
852	10,1538462
852	-13,8461538
853	-4,8461538
853	-15,8461538
853	-32,8461538
853	-12,8461538
854	-6,8461538
854	11,1538462
854	-1,8461538
854	23,1538462
855	2,1538462
855	6,1538462
855	24,1538462
855	-8,8461538
856	-13,8461538
856	26,1538462
856	6,1538462
856	-3,8461538
857	9,1538462
857	6,1538462
857	-0,8461538
857	-9,8461538
858	26,1538462
858	2,1538462
858	25,1538462
858	-21,8461538
859	1,1538462
859	-18,8461538
859	11,1538462
859	19,1538462
860	12,1538462
860	-2,8461538
860	42,1538462
860	20,1538462
861	31,1538462
861	6,1538462
861	0,1538462
861	-9,8461538
862	-24,8461538
862	25,1538462
862	-6,8461538
862	-9,8461538
863	-2,8461538
863	-0,8461538
863	-0,8461538
863	22,1538462
864	4,1538462
864	-34,8461538
864	3,1538462
864	-3,8461538
864	1,1538462
865	18,1538462
865	-9,8461538
865	-3,8461538
865	2,1538462
866	-8,8461538
866	20,1538462
866	23,1538462
866	21,1538462
867	-0,8461538
867	-18,8461538
867	-3,8461538
867	20,1538462
868	14,1538462
868	-25,8461538
868	-1,8461538
868	18,1538462
869	6,1538462
869	12,1538462
869	8,1538462
869	-38,8461538
870	30,1538462
870	14,1538462
870	14,1538462
870	26,1538462
871	11,1538462
871	-12,8461538
871	3,1538462
871	-3,8461538
872	2,1538462
872	-13,8461538
872	-4,8461538
872	12,1538462
873	7,1538462
873	-6,8461538
873	-5,8461538
873	10,1538462
874	9,1538462
874	2,1538462
874	1,1538462
874	5,1538462
875	17,1538462
875	-22,8461538
875	-3,8461538
875	-3,8461538
876	-13,8461538
876	1,1538462
876	11,1538462
876	20,1538462
877	12,1538462
877	-26,8461538
877	-1,8461538
877	-7,8461538
878	-10,8461538
878	-21,8461538
878	10,1538462
878	37,1538462
879	14,1538462
879	-19,8461538
879	10,1538462
879	-9,8461538
880	6,1538462
880	0,1538462
880	0,1538462
880	-0,8461538
880	4,1538462
881	6,1538462
881	14,1538462
881	-12,8461538
881	-22,8461538
882	-8,8461538
882	0,1538462
882	-5,8461538
882	-6,8461538
883	-8,8461538
883	5,1538462
883	18,1538462
883	-4,8461538
884	25,1538462
884	10,1538462
884	-20,8461538
884	-4,8461538
885	-2,8461538
885	-3,8461538
885	-10,8461538
885	6,1538462
886	11,1538462
886	-13,8461538
886	-6,8461538
886	20,1538462
887	8,1538462
887	-18,8461538
887	-19,8461538
887	-14,8461538
888	-13,8461538
888	3,1538462
888	0,1538462
888	-19,8461538
889	-7,8461538
889	15,1538462
889	-18,8461538
889	-3,8461538
890	27,1538462
890	-18,8461538
890	8,1538462
890	-1,8461538
891	-6,8461538
891	9,1538462
891	22,1538462
891	20,1538462
892	-17,8461538
892	6,1538462
892	-3,8461538
892	31,1538462
893	-0,8461538
893	-21,8461538
893	-21,8461538
893	26,1538462
894	14,1538462
894	-3,8461538
894	17,1538462
894	9,1538462
894	-4,8461538
895	5,1538462
895	-4,8461538
895	13,1538462
895	-3,8461538
896	17,1538462
896	6,1538462
896	10,1538462
896	28,1538462
897	21,1538462
897	33,1538462
897	30,1538462
897	10,1538462
898	6,1538462
898	-13,8461538
898	-16,8461538
898	13,1538462
899	-7,8461538
899	-14,8461538
899	-5,8461538
899	-18,8461538
900	4,1538462
900	0,1538462
900	8,1538462
900	17,1538462
901	40,1538462
901	2,1538462
901	2,1538462
901	8,1538462
902	0,1538462
902	1,1538462
902	-6,8461538
902	3,1538462
903	-2,8461538
903	7,1538462
903	-25,8461538
903	-2,8461538
904	-1,8461538
904	23,1538462
904	-0,8461538
904	7,1538462
905	19,1538462
905	-0,8461538
905	12,1538462
905	10,1538462
906	1,1538462
906	24,1538462
906	14,1538462
906	14,1538462
906	24,1538462
907	8,1538462
907	0,1538462
907	-16,8461538
907	8,1538462
908	11,1538462
908	33,1538462
908	42,1538462
908	16,1538462
909	-17,8461538
909	-13,8461538
909	-17,8461538
909	7,1538462
910	-13,8461538
910	-4,8461538
910	10,1538462
910	0,1538462
911	2,1538462
911	-18,8461538
911	4,1538462
911	9,1538462
912	-16,8461538
912	-7,8461538
912	-12,8461538
912	19,1538462
913	10,1538462
913	3,1538462
913	32,1538462
913	-0,8461538
914	20,1538462
914	-8,8461538
914	-14,8461538
914	-0,8461538
915	-32,8461538
915	-26,8461538
915	-6,8461538
915	16,1538462
916	20,1538462
916	17,1538462
916	15,1538462
916	5,1538462
917	-5,8461538
917	12,1538462
917	-3,8461538
917	-12,8461538
917	-7,8461538
918	17,1538462
918	1,1538462
918	-20,8461538
918	3,1538462
919	3,1538462
919	4,1538462
919	30,1538462
919	-27,8461538
920	2,1538462
920	14,1538462
920	22,1538462
920	-1,8461538
921	2,1538462
921	18,1538462
921	-0,8461538
921	-12,8461538
922	-9,8461538
922	-11,8461538
922	3,1538462
922	-10,8461538
923	-21,8461538
923	0,1538462
923	-6,8461538
923	-2,8461538
924	22,1538462
924	-1,8461538
924	-17,8461538
924	-6,8461538
925	6,1538462
925	0,1538462
925	-3,8461538
925	20,1538462
926	14,1538462
926	-11,8461538
926	24,1538462
926	-3,8461538
927	3,1538462
927	-2,8461538
927	10,1538462
927	4,1538462
928	-34,8461538
928	-33,8461538
928	-30,8461538
928	7,1538462
928	20,1538462
929	8,1538462
929	4,1538462
929	0,1538462
929	-1,8461538
930	-0,8461538
930	20,1538462
930	-26,8461538
930	-3,8461538
931	8,1538462
931	-0,8461538
931	24,1538462
931	18,1538462
932	-1,8461538
932	20,1538462
932	-7,8461538
932	-9,8461538
933	24,1538462
933	3,1538462
933	2,1538462
933	6,1538462
934	25,1538462
934	22,1538462
934	24,1538462
934	12,1538462
935	44,1538462
935	11,1538462
935	14,1538462
935	4,1538462
936	-7,8461538
936	8,1538462
936	2,1538462
936	-8,8461538
937	12,1538462
937	22,1538462
937	8,1538462
937	4,1538462
938	1,1538462
938	4,1538462
938	8,1538462
938	12,1538462
938	19,1538462
939	26,1538462
939	-7,8461538
939	11,1538462
939	31,1538462
940	21,1538462
940	13,1538462
940	2,1538462
940	-2,8461538
941	11,1538462
941	6,1538462
941	-29,8461538
941	-8,8461538
942	5,1538462
942	15,1538462
942	-4,8461538
942	-0,8461538
943	4,1538462
943	-0,8461538
943	-0,8461538
943	2,1538462
944	-13,8461538
944	7,1538462
944	2,1538462
944	35,1538462
945	3,1538462
945	11,1538462
945	-1,8461538
945	5,1538462
946	8,1538462
946	15,1538462
946	10,1538462
946	-11,8461538
947	14,1538462
947	-5,8461538
947	0,1538462
947	-13,8461538
947	-11,8461538
948	-0,8461538
948	-7,8461538
948	-26,8461538
948	-1,8461538
949	11,1538462
949	-34,8461538
949	-6,8461538
949	17,1538462
950	0,1538462
950	2,1538462
950	5,1538462
950	6,1538462
951	19,1538462
951	6,1538462
951	13,1538462
951	-9,8461538
952	-2,8461538
952	17,1538462
952	1,1538462
952	31,1538462
953	-3,8461538
953	1,1538462
953	-2,8461538
953	-11,8461538
954	-19,8461538
954	1,1538462
954	2,1538462
954	-11,8461538
955	-30,8461538
955	-3,8461538
955	-20,8461538
955	-29,8461538
956	9,1538462
956	0,1538462
956	12,1538462
956	5,1538462
956	-14,8461538
957	18,1538462
957	9,1538462
957	-5,8461538
957	2,1538462
958	-3,8461538
958	-20,8461538
958	-23,8461538
958	9,1538462
959	14,1538462
959	5,1538462
959	-22,8461538
959	6,1538462
960	46,1538462
960	17,1538462
960	9,1538462
960	-2,8461538
961	-0,8461538
961	3,1538462
961	11,1538462
961	-0,8461538
962	11,1538462
962	-12,8461538
962	-4,8461538
962	0,1538462
963	-20,8461538
963	20,1538462
963	22,1538462
963	-15,8461538
964	2,1538462
964	11,1538462
964	-4,8461538
964	-15,8461538
964	-19,8461538
965	9,1538462
965	-19,8461538
965	5,1538462
965	-25,8461538
966	31,1538462
966	1,1538462
966	-1,8461538
966	-7,8461538
967	-2,8461538
967	4,1538462
967	18,1538462
967	-10,8461538
968	0,1538462
968	14,1538462
968	13,1538462
968	7,1538462
969	-3,8461538
969	-20,8461538
969	-9,8461538
969	-6,8461538
970	18,1538462
970	-7,8461538
970	16,1538462
970	10,1538462
971	17,1538462
971	6,1538462
971	12,1538462
971	-5,8461538
972	30,1538462
972	-32,8461538
972	18,1538462
972	-16,8461538
972	-8,8461538
973	-35,8461538
973	-3,8461538
973	9,1538462
973	-22,8461538
974	-16,8461538
974	-3,8461538
974	4,1538462
974	5,1538462
975	21,1538462
975	10,1538462
975	8,1538462
975	-2,8461538
976	-1,8461538
976	0,1538462
976	-5,8461538
976	-7,8461538
977	-5,8461538
977	-1,8461538
977	-7,8461538
977	7,1538462
978	48,1538462
978	35,1538462
978	-8,8461538
978	-7,8461538
979	11,1538462
979	7,1538462
979	4,1538462
979	24,1538462
980	12,1538462
980	1,1538462
980	5,1538462
980	3,1538462
980	13,1538462
981	7,1538462
981	0,1538462
981	18,1538462
981	-9,8461538
982	-32,8461538
982	-19,8461538
982	2,1538462
982	19,1538462
983	14,1538462
983	3,1538462
983	7,1538462
983	14,1538462
984	-9,8461538
984	9,1538462
984	-1,8461538
984	6,1538462
985	5,1538462
985	6,1538462
985	15,1538462
985	6,1538462
986	16,1538462
986	0,1538462
986	13,1538462
986	3,1538462
987	-13,8461538
987	6,1538462
987	16,1538462
987	-6,8461538
988	2,1538462
988	-13,8461538
988	-10,8461538
988	26,1538462
988	1,1538462
989	9,1538462
989	2,1538462
989	-3,8461538
989	15,1538462
990	-7,8461538
990	-21,8461538
990	-2,8461538
990	1,1538462
991	-3,8461538
991	17,1538462
991	-12,8461538
991	1,1538462
992	-4,8461538
992	-6,8461538
992	15,1538462
992	-1,8461538
993	13,1538462
993	0,1538462
993	-13,8461538
993	42,1538462
994	-10,8461538
994	4,1538462
994	12,1538462
994	-4,8461538
995	-14,8461538
995	-15,8461538
995	10,1538462
995	39,1538462
995	8,1538462
996	-10,8461538
996	11,1538462
996	22,1538462
996	11,1538462
997	31,1538462
997	-32,8461538
997	-3,8461538
997	35,1538462
998	6,1538462
998	-13,8461538
998	-7,8461538
998	22,1538462
999	-2,8461538
999	-15,8461538
999	5,1538462
999	-9,8461538
1000	6,1538462
1000	13,1538462
1000	3,1538462
1000	-10,8461538
1001	6,1538462
1001	4,1538462
1001	18,1538462
1001	3,1538462
1002	-9,8461538
1002	-4,8461538
1002	9,1538462
1002	18,1538462
1002	-8,8461538
1003	-1,8461538
1003	3,1538462
1003	13,1538462
1003	9,1538462
1004	18,1538462
1004	25,1538462
1004	29,1538462
1004	20,1538462
1005	-13,8461538
1005	-0,8461538
1005	0,1538462
1005	-0,8461538
1006	-28,8461538
1006	6,1538462
1006	21,1538462
1006	14,1538462
1007	22,1538462
1007	-1,8461538
1007	8,1538462
1007	-9,8461538
1008	-13,8461538
1008	1,1538462
1008	4,1538462
1008	12,1538462
1008	-14,8461538
1009	-3,8461538
1009	-6,8461538
1009	17,1538462
1009	6,1538462
1010	2,1538462
1010	-31,8461538
1010	-13,8461538
1010	-3,8461538
1011	1,1538462
1011	13,1538462
1011	-0,8461538
1011	14,1538462
1012	14,1538462
1012	-17,8461538
1012	-6,8461538
1012	1,1538462
1013	-25,8461538
1013	20,1538462
1013	14,1538462
1013	-6,8461538
1014	9,1538462
1014	23,1538462
1014	20,1538462
1014	10,1538462
1015	2,1538462
1015	9,1538462
1015	-5,8461538
1015	-10,8461538
1015	5,1538462
1016	16,1538462
1016	10,1538462
1016	3,1538462
1016	-20,8461538
1017	-6,8461538
1017	-8,8461538
1017	-8,8461538
1017	-16,8461538
1018	4,1538462
1018	-4,8461538
1018	-8,8461538
1018	-20,8461538
1019	-6,8461538
1019	21,1538462
1019	-10,8461538
1019	10,1538462
1020	-28,8461538
1020	2,1538462
1020	-11,8461538
1020	14,1538462
1021	9,1538462
1021	21,1538462
1021	13,1538462
1021	2,1538462
1021	12,1538462
1022	4,1538462
1022	8,1538462
1022	-1,8461538
1022	-7,8461538
1023	-11,8461538
1023	-10,8461538
1023	1,1538462
1023	2,1538462
1024	7,1538462
1024	-23,8461538
1024	7,1538462
1024	21,1538462
1025	18,1538462
1025	-3,8461538
1025	-19,8461538
1025	-0,8461538
1026	-6,8461538
1026	15,1538462
1026	5,1538462
1026	-5,8461538
1027	-4,8461538
1027	1,1538462
1027	15,1538462
1027	15,1538462
1027	-15,8461538
1028	0,1538462
1028	2,1538462
1028	-3,8461538
1028	26,1538462
1029	-28,8461538
1029	-8,8461538
1029	12,1538462
1029	9,1538462
1030	19,1538462
1030	1,1538462
1030	0,1538462
1030	-16,8461538
1031	10,1538462
1031	-13,8461538
1031	17,1538462
1031	-9,8461538
1032	14,1538462
1032	17,1538462
1032	-3,8461538
1032	20,1538462
1033	8,1538462
1033	18,1538462
1033	4,1538462
1033	14,1538462
1034	0,1538462
1034	-1,8461538
1034	-23,8461538
1034	-10,8461538
1034	-3,8461538
1035	39,1538462
1035	7,1538462
1035	7,1538462
1035	-6,8461538
1036	14,1538462
1036	10,1538462
1036	28,1538462
1036	7,1538462
1037	-7,8461538
1037	-13,8461538
1037	3,1538462
1037	29,1538462
1038	16,1538462
1038	-8,8461538
1038	-1,8461538
1038	-15,8461538
1039	-7,8461538
1039	-4,8461538
1039	-22,8461538
1039	-31,8461538
1039	1,1538462
1040	-10,8461538
1040	14,1538462
1040	2,1538462
1040	2,1538462
1041	20,1538462
1041	-2,8461538
1041	-3,8461538
1041	10,1538462
1042	17,1538462
1042	15,1538462
1042	-13,8461538
1042	15,1538462
1043	14,1538462
1043	42,1538462
1043	-0,8461538
1043	-13,8461538
1044	-2,8461538
1044	-24,8461538
1044	12,1538462
1044	-1,8461538
1045	11,1538462
1045	1,1538462
1045	-2,8461538
1045	-8,8461538
1045	-12,8461538
1046	-3,8461538
1046	11,1538462
1046	-8,8461538
1046	-4,8461538
1047	-9,8461538
1047	2,1538462
1047	10,1538462
1047	7,1538462
1048	3,1538462
1048	23,1538462
1048	22,1538462
1048	0,1538462
1049	-15,8461538
1049	1,1538462
1049	5,1538462
1049	37,1538462
1050	-21,8461538
1050	-9,8461538
1050	15,1538462
1050	6,1538462
1051	22,1538462
1051	4,1538462
1051	-28,8461538
1051	-31,8461538
1051	16,1538462
1052	-8,8461538
1052	14,1538462
1052	3,1538462
1052	-11,8461538
1053	-21,8461538
1053	-7,8461538
1053	-11,8461538
1053	-4,8461538
1054	13,1538462
1054	-6,8461538
1054	-0,8461538
1054	-9,8461538
1055	13,1538462
1055	-6,8461538
1055	-10,8461538
1055	3,1538462
1056	10,1538462
1056	8,1538462
1056	-10,8461538
1056	-3,8461538
1056	-15,8461538
1057	14,1538462
1057	-12,8461538
1057	-2,8461538
1057	21,1538462
1058	-8,8461538
1058	-16,8461538
1058	5,1538462
1058	40,1538462
1059	14,1538462
1059	-12,8461538
1059	-3,8461538
1059	-21,8461538
1060	15,1538462
1060	23,1538462
1060	4,1538462
1060	22,1538462
1061	22,1538462
1061	21,1538462
1061	15,1538462
1061	19,1538462
1062	17,1538462
1062	17,1538462
1062	17,1538462
1062	27,1538462
1062	15,1538462
1063	-2,8461538
1063	-12,8461538
1063	2,1538462
1063	18,1538462
1064	-20,8461538
1064	5,1538462
1064	-0,8461538
1064	-2,8461538
1065	21,1538462
1065	19,1538462
1065	-10,8461538
1065	7,1538462
1066	14,1538462
1066	8,1538462
1066	0,1538462
1066	0,1538462
1067	7,1538462
1067	25,1538462
1067	6,1538462
1067	1,1538462
1067	24,1538462
1068	-10,8461538
1068	6,1538462
1068	-10,8461538
1068	16,1538462
1069	7,1538462
1069	7,1538462
1069	-4,8461538
1069	11,1538462
1070	8,1538462
1070	-7,8461538
1070	18,1538462
1070	29,1538462
1071	11,1538462
1071	6,1538462
1071	5,1538462
1071	2,1538462
1072	13,1538462
1072	16,1538462
1072	4,1538462
1072	-6,8461538
1072	20,1538462
1073	20,1538462
1073	26,1538462
1073	-25,8461538
1073	5,1538462
1074	-10,8461538
1074	12,1538462
1074	20,1538462
1074	-3,8461538
1075	26,1538462
1075	8,1538462
1075	26,1538462
1075	13,1538462
1076	1,1538462
1076	25,1538462
1076	-0,8461538
1076	1,1538462
1077	13,1538462
1077	5,1538462
1077	12,1538462
1077	15,1538462
1077	16,1538462
1078	7,1538462
1078	-11,8461538
1078	6,1538462
1078	-23,8461538
1079	29,1538462
1079	22,1538462
1079	0,1538462
1079	20,1538462
1080	19,1538462
1080	-27,8461538
1080	-0,8461538
1080	11,1538462
1081	-15,8461538
1081	1,1538462
1081	14,1538462
1081	12,1538462
1082	24,1538462
1082	-23,8461538
1082	18,1538462
1082	8,1538462
1082	16,1538462
1083	11,1538462
1083	22,1538462
1083	3,1538462
1083	2,1538462
1084	16,1538462
1084	-0,8461538
1084	22,1538462
1084	12,1538462
1085	10,1538462
1085	-7,8461538
1085	30,1538462
1085	13,1538462
1086	-13,8461538
1086	-12,8461538
1086	6,1538462
1086	3,1538462
1087	3,1538462
1087	3,1538462
1087	-0,8461538
1087	-10,8461538
1087	8,1538462
1088	-13,8461538
1088	30,1538462
1088	3,1538462
1088	-3,8461538
1089	3,1538462
1089	13,1538462
1089	-29,8461538
1089	-7,8461538
1090	18,1538462
1090	15,1538462
1090	-1,8461538
1090	-8,8461538
1091	6,1538462
1091	11,1538462
1091	3,1538462
1091	-3,8461538
1092	34,1538462
1092	7,1538462
1092	-34,8461538
1092	-2,8461538
1092	-4,8461538
1093	10,1538462
1093	-6,8461538
1093	-11,8461538
1093	10,1538462
1094	-0,8461538
1094	-24,8461538
1094	7,1538462
1094	-2,8461538
1095	-1,8461538
1095	26,1538462
1095	14,1538462
1095	0,1538462
1096	29,1538462
1096	-28,8461538
1096	-24,8461538
1096	3,1538462
1097	15,1538462
1097	-12,8461538
1097	-6,8461538
1097	6,1538462
1097	-4,8461538
1098	14,1538462
1098	31,1538462
1098	-5,8461538
1098	-15,8461538
1099	-1,8461538
1099	15,1538462
1099	-13,8461538
1099	-16,8461538
1100	-15,8461538
1100	-24,8461538
1100	-8,8461538
1100	7,1538462
1101	4,1538462
1101	0,1538462
1101	19,1538462
1101	-0,8461538
1101	9,1538462
1102	-0,8461538
1102	29,1538462
1102	-12,8461538
1102	-6,8461538
1103	11,1538462
1103	-14,8461538
1103	8,1538462
1103	-3,8461538
1104	-19,8461538
1104	8,1538462
1104	15,1538462
1104	27,1538462
1105	22,1538462
1105	-8,8461538
1105	3,1538462
1105	26,1538462
1106	9,1538462
1106	4,1538462
1106	0,1538462
1106	-10,8461538
1106	-12,8461538
1107	21,1538462
1107	10,1538462
1107	20,1538462
1107	-3,8461538
1108	-3,8461538
1108	8,1538462
1108	35,1538462
1108	-10,8461538
1109	6,1538462
1109	16,1538462
1109	-8,8461538
1109	-0,8461538
1110	15,1538462
1110	10,1538462
1110	2,1538462
1110	2,1538462
1110	1,1538462
1111	16,1538462
1111	28,1538462
1111	7,1538462
1111	1,1538462
1112	-21,8461538
1112	-0,8461538
1112	15,1538462
1112	10,1538462
1113	-5,8461538
1113	-9,8461538
1113	1,1538462
1113	16,1538462
1114	24,1538462
1114	-3,8461538
1114	28,1538462
1114	24,1538462
1115	3,1538462
1115	15,1538462
1115	-7,8461538
1115	12,1538462
1115	44,1538462
1116	29,1538462
1116	0,1538462
1116	-7,8461538
1116	-2,8461538
1117	12,1538462
1117	-12,8461538
1117	-6,8461538
1117	-0,8461538
1118	8,1538462
