196	-19,3076923
196	-19,3076923
196	-19,3076923
197	-6,3076923
197	7,6923077
197	27,6923077
197	-3,3076923
198	-3,3076923
198	5,6923077
198	-21,3076923
199	-4,3076923
199	31,6923077
199	23,6923077
199	9,6923077
200	39,6923077
200	25,6923077
200	14,6923077
200	-2,3076923
201	11,6923077
201	5,6923077
201	18,6923077
201	6,6923077
202	19,6923077
202	-1,3076923
202	3,6923077
203	21,6923077
203	15,6923077
203	46,6923077
203	4,6923077
204	33,6923077
204	38,6923077
204	-17,3076923
204	2,6923077
205	12,6923077
205	7,6923077
205	-5,3076923
205	19,6923077
206	13,6923077
206	21,6923077
206	34,6923077
207	5,6923077
207	14,6923077
207	4,6923077
207	-6,3076923
208	12,6923077
208	8,6923077
208	-7,3076923
208	1,6923077
209	-3,3076923
209	11,6923077
209	14,6923077
209	10,6923077
210	3,6923077
210	-0,3076923
210	5,6923077
211	6,6923077
211	10,6923077
211	-2,3076923
211	5,6923077
212	-19,3076923
212	6,6923077
212	13,6923077
212	8,6923077
213	19,6923077
213	-1,3076923
213	8,6923077
213	4,6923077
214	0,6923077
214	-1,3076923
214	11,6923077
215	-6,3076923
215	7,6923077
215	-11,3076923
215	7,6923077
216	16,6923077
216	15,6923077
216	38,6923077
216	9,6923077
217	7,6923077
217	16,6923077
217	8,6923077
217	10,6923077
218	-3,3076923
218	-22,3076923
218	8,6923077
219	10,6923077
219	-7,3076923
219	21,6923077
219	12,6923077
220	12,6923077
220	5,6923077
220	-4,3076923
220	-5,3076923
221	7,6923077
221	-1,3076923
221	5,6923077
221	-9,3076923
222	10,6923077
222	20,6923077
222	7,6923077
223	30,6923077
223	9,6923077
223	-0,3076923
223	-11,3076923
224	4,6923077
224	5,6923077
224	11,6923077
224	5,6923077
225	26,6923077
225	15,6923077
225	20,6923077
225	18,6923077
226	12,6923077
226	5,6923077
226	25,6923077
227	32,6923077
227	29,6923077
227	4,6923077
227	19,6923077
228	5,6923077
228	8,6923077
228	15,6923077
228	21,6923077
229	24,6923077
229	-6,3076923
229	13,6923077
229	14,6923077
230	17,6923077
230	15,6923077
230	12,6923077
231	13,6923077
231	23,6923077
231	-17,3076923
231	33,6923077
232	33,6923077
232	6,6923077
232	13,6923077
232	8,6923077
233	-15,3076923
233	13,6923077
233	10,6923077
233	19,6923077
234	-12,3076923
234	19,6923077
234	-5,3076923
235	34,6923077
235	28,6923077
235	7,6923077
235	8,6923077
236	1,6923077
236	2,6923077
236	6,6923077
236	9,6923077
237	23,6923077
237	15,6923077
237	6,6923077
237	12,6923077
238	16,6923077
238	9,6923077
238	7,6923077
239	20,6923077
239	-12,3076923
239	-1,3076923
239	19,6923077
240	3,6923077
240	6,6923077
240	8,6923077
240	17,6923077
241	13,6923077
241	7,6923077
241	12,6923077
241	4,6923077
242	-6,3076923
242	3,6923077
242	1,6923077
243	-4,3076923
243	12,6923077
243	-20,3076923
243	5,6923077
244	5,6923077
244	-16,3076923
244	19,6923077
244	22,6923077
245	26,6923077
245	21,6923077
245	-11,3076923
245	13,6923077
246	-2,3076923
246	24,6923077
246	-8,3076923
247	9,6923077
247	8,6923077
247	19,6923077
247	19,6923077
248	7,6923077
248	20,6923077
248	23,6923077
248	29,6923077
249	7,6923077
249	12,6923077
249	-5,3076923
249	32,6923077
250	33,6923077
250	23,6923077
250	19,6923077
251	17,6923077
251	19,6923077
251	21,6923077
251	-14,3076923
252	-25,3076923
252	23,6923077
252	32,6923077
252	18,6923077
253	41,6923077
253	-5,3076923
253	-14,3076923
253	9,6923077
254	14,6923077
254	32,6923077
254	14,6923077
254	34,6923077
255	-20,3076923
255	-5,3076923
255	-21,3076923
256	-16,3076923
256	10,6923077
256	21,6923077
256	33,6923077
257	1,6923077
257	11,6923077
257	24,6923077
257	3,6923077
258	19,6923077
258	-10,3076923
258	12,6923077
258	14,6923077
259	-0,3076923
259	28,6923077
259	7,6923077
260	6,6923077
260	-28,3076923
260	18,6923077
260	0,6923077
261	18,6923077
261	26,6923077
261	4,6923077
261	-6,3076923
262	0,6923077
262	6,6923077
262	18,6923077
262	-18,3076923
263	46,6923077
263	14,6923077
263	0,6923077
264	27,6923077
264	19,6923077
264	22,6923077
264	-11,3076923
265	2,6923077
265	27,6923077
265	-8,3076923
265	-6,3076923
266	18,6923077
266	35,6923077
266	15,6923077
266	-10,3076923
267	26,6923077
267	28,6923077
267	36,6923077
268	14,6923077
268	26,6923077
268	11,6923077
268	39,6923077
269	7,6923077
269	30,6923077
269	-7,3076923
269	29,6923077
270	29,6923077
270	17,6923077
270	-2,3076923
270	3,6923077
271	1,6923077
271	-0,3076923
271	6,6923077
271	3,6923077
272	5,6923077
272	13,6923077
272	-17,3076923
273	12,6923077
273	10,6923077
273	13,6923077
273	14,6923077
274	1,6923077
274	10,6923077
274	10,6923077
274	-0,3076923
275	40,6923077
275	-9,3076923
275	-1,3076923
275	11,6923077
276	19,6923077
276	17,6923077
276	-1,3076923
277	36,6923077
277	24,6923077
277	29,6923077
277	3,6923077
278	6,6923077
278	23,6923077
278	11,6923077
278	17,6923077
279	12,6923077
279	1,6923077
279	27,6923077
279	27,6923077
280	8,6923077
280	1,6923077
280	-7,3076923
280	-7,3076923
281	15,6923077
281	25,6923077
281	24,6923077
282	15,6923077
282	34,6923077
282	-11,3076923
282	-7,3076923
283	3,6923077
283	-8,3076923
283	-7,3076923
283	17,6923077
284	22,6923077
284	4,6923077
284	-23,3076923
284	-8,3076923
285	9,6923077
285	10,6923077
285	26,6923077
286	29,6923077
286	11,6923077
286	11,6923077
286	-6,3076923
287	15,6923077
287	9,6923077
287	-8,3076923
287	12,6923077
288	25,6923077
288	8,6923077
288	0,6923077
288	6,6923077
289	31,6923077
289	7,6923077
289	19,6923077
290	14,6923077
290	14,6923077
290	24,6923077
290	16,6923077
291	39,6923077
291	40,6923077
291	22,6923077
291	17,6923077
292	34,6923077
292	31,6923077
292	38,6923077
292	47,6923077
293	35,6923077
293	41,6923077
293	91,6923077
293	60,6923077
294	48,6923077
294	49,6923077
294	77,6923077
295	87,6923077
295	66,6923077
295	78,6923077
295	58,6923077
296	56,6923077
296	65,6923077
296	70,6923077
296	46,6923077
297	34,6923077
297	72,6923077
297	76,6923077
297	91,6923077
298	83,6923077
298	39,6923077
298	76,6923077
299	47,6923077
299	82,6923077
299	76,6923077
299	51,6923077
300	34,6923077
300	31,6923077
300	23,6923077
300	45,6923077
301	28,6923077
301	31,6923077
301	-6,3076923
301	17,6923077
302	7,6923077
302	-3,3076923
302	22,6923077
302	40,6923077
303	45,6923077
303	8,6923077
303	18,6923077
304	39,6923077
304	26,6923077
304	44,6923077
304	28,6923077
305	59,6923077
305	63,6923077
305	33,6923077
305	3,6923077
306	29,6923077
306	29,6923077
306	39,6923077
306	63,6923077
307	48,6923077
307	74,6923077
307	56,6923077
307	58,6923077
308	74,6923077
308	66,6923077
308	100,6923077
309	105,6923077
309	96,6923077
309	103,6923077
309	98,6923077
310	126,6923077
310	108,6923077
310	127,6923077
310	141,6923077
311	164,6923077
311	188,6923077
311	207,6923077
311	180,6923077
312	210,6923077
312	237,6923077
312	225,6923077
313	211,6923077
313	241,6923077
313	200,6923077
313	205,6923077
314	225,6923077
314	228,6923077
314	224,6923077
314	190,6923077
315	193,6923077
315	219,6923077
315	203,6923077
315	212,6923077
316	209,6923077
316	212,6923077
316	229,6923077
316	211,6923077
317	186,6923077
317	192,6923077
317	165,6923077
318	164,6923077
318	178,6923077
318	162,6923077
318	157,6923077
319	148,6923077
319	98,6923077
319	131,6923077
319	127,6923077
320	124,6923077
320	101,6923077
320	98,6923077
320	76,6923077
321	67,6923077
321	50,6923077
321	20,6923077
321	53,6923077
322	46,6923077
322	50,6923077
322	22,6923077
323	28,6923077
323	38,6923077
323	21,6923077
323	57,6923077
324	21,6923077
324	37,6923077
324	13,6923077
324	44,6923077
325	18,6923077
325	22,6923077
325	39,6923077
325	38,6923077
326	13,6923077
326	17,6923077
326	39,6923077
327	61,6923077
327	42,6923077
327	44,6923077
327	22,6923077
328	44,6923077
328	51,6923077
328	80,6923077
328	71,6923077
329	59,6923077
329	49,6923077
329	110,6923077
329	100,6923077
330	80,6923077
330	87,6923077
330	127,6923077
330	138,6923077
331	122,6923077
331	129,6923077
331	204,6923077
332	222,6923077
332	238,6923077
332	254,6923077
332	284,6923077
333	244,6923077
333	279,6923077
333	300,6923077
333	285,6923077
334	291,6923077
334	310,6923077
334	347,6923077
334	313,6923077
335	301,6923077
335	309,6923077
335	317,6923077
335	331,6923077
336	335,6923077
336	381,6923077
336	365,6923077
337	359,6923077
337	393,6923077
337	397,6923077
337	389,6923077
338	381,6923077
338	355,6923077
338	329,6923077
338	314,6923077
339	321,6923077
339	304,6923077
339	301,6923077
339	289,6923077
340	242,6923077
340	217,6923077
340	178,6923077
340	199,6923077
341	172,6923077
341	196,6923077
341	207,6923077
342	227,6923077
342	209,6923077
342	193,6923077
342	126,6923077
343	125,6923077
343	124,6923077
343	89,6923077
343	95,6923077
344	113,6923077
344	89,6923077
344	60,6923077
344	78,6923077
345	45,6923077
345	49,6923077
345	43,6923077
345	64,6923077
346	37,6923077
346	46,6923077
346	59,6923077
347	73,6923077
347	51,6923077
347	70,6923077
347	60,6923077
348	70,6923077
348	71,6923077
348	120,6923077
348	105,6923077
349	114,6923077
349	112,6923077
349	144,6923077
349	121,6923077
350	112,6923077
350	147,6923077
350	141,6923077
350	153,6923077
351	173,6923077
351	162,6923077
351	157,6923077
352	173,6923077
352	222,6923077
352	254,6923077
352	248,6923077
353	264,6923077
353	269,6923077
353	234,6923077
353	265,6923077
354	260,6923077
354	327,6923077
354	284,6923077
354	283,6923077
355	278,6923077
355	297,6923077
355	270,6923077
355	268,6923077
356	266,6923077
356	280,6923077
356	310,6923077
357	288,6923077
357	302,6923077
357	336,6923077
357	346,6923077
358	361,6923077
358	380,6923077
358	355,6923077
358	297,6923077
359	251,6923077
359	275,6923077
359	267,6923077
359	261,6923077
360	234,6923077
360	204,6923077
360	201,6923077
360	206,6923077
361	185,6923077
361	171,6923077
361	189,6923077
362	241,6923077
362	259,6923077
362	216,6923077
362	194,6923077
363	153,6923077
363	157,6923077
363	128,6923077
363	120,6923077
364	122,6923077
364	107,6923077
364	83,6923077
364	96,6923077
365	91,6923077
365	74,6923077
365	41,6923077
365	75,6923077
366	68,6923077
366	68,6923077
366	99,6923077
367	70,6923077
367	79,6923077
367	73,6923077
367	58,6923077
368	34,6923077
368	52,6923077
368	69,6923077
368	92,6923077
369	70,6923077
369	82,6923077
369	81,6923077
369	71,6923077
370	101,6923077
370	71,6923077
370	86,6923077
370	144,6923077
371	134,6923077
371	115,6923077
371	145,6923077
371	118,6923077
372	112,6923077
372	120,6923077
372	118,6923077
373	109,6923077
373	139,6923077
373	117,6923077
373	150,6923077
374	115,6923077
374	148,6923077
374	165,6923077
374	160,6923077
375	178,6923077
375	196,6923077
375	185,6923077
375	181,6923077
376	198,6923077
376	185,6923077
376	179,6923077
376	174,6923077
377	154,6923077
377	189,6923077
377	190,6923077
378	187,6923077
378	164,6923077
378	185,6923077
378	168,6923077
379	195,6923077
379	166,6923077
379	197,6923077
379	189,6923077
380	206,6923077
380	192,6923077
380	192,6923077
380	196,6923077
381	202,6923077
381	163,6923077
381	160,6923077
381	147,6923077
382	160,6923077
382	125,6923077
382	149,6923077
383	150,6923077
383	120,6923077
383	121,6923077
383	130,6923077
384	111,6923077
384	121,6923077
384	144,6923077
384	151,6923077
385	148,6923077
385	127,6923077
385	144,6923077
385	134,6923077
386	130,6923077
386	107,6923077
386	98,6923077
386	93,6923077
387	95,6923077
387	69,6923077
387	69,6923077
387	62,6923077
388	64,6923077
388	80,6923077
388	67,6923077
389	38,6923077
389	47,6923077
389	41,6923077
389	58,6923077
390	52,6923077
390	55,6923077
390	57,6923077
390	35,6923077
391	58,6923077
391	80,6923077
391	67,6923077
391	58,6923077
392	88,6923077
392	81,6923077
392	65,6923077
392	77,6923077
393	72,6923077
393	89,6923077
393	114,6923077
394	92,6923077
394	74,6923077
394	110,6923077
394	123,6923077
395	94,6923077
395	92,6923077
395	82,6923077
395	99,6923077
396	105,6923077
396	106,6923077
396	83,6923077
396	105,6923077
397	79,6923077
397	104,6923077
397	80,6923077
397	125,6923077
398	116,6923077
398	120,6923077
398	125,6923077
398	110,6923077
399	97,6923077
399	109,6923077
399	133,6923077
400	116,6923077
400	111,6923077
400	107,6923077
400	125,6923077
401	136,6923077
401	130,6923077
401	116,6923077
401	88,6923077
402	132,6923077
402	131,6923077
402	122,6923077
402	87,6923077
403	116,6923077
403	139,6923077
403	119,6923077
403	104,6923077
404	110,6923077
404	144,6923077
404	128,6923077
405	111,6923077
405	134,6923077
405	117,6923077
405	156,6923077
406	126,6923077
406	121,6923077
406	139,6923077
406	108,6923077
407	118,6923077
407	70,6923077
407	83,6923077
407	92,6923077
408	89,6923077
408	85,6923077
408	34,6923077
408	64,6923077
409	86,6923077
409	70,6923077
409	93,6923077
409	89,6923077
410	107,6923077
410	115,6923077
410	102,6923077
411	102,6923077
411	74,6923077
411	81,6923077
411	51,6923077
412	66,6923077
412	83,6923077
412	59,6923077
412	65,6923077
413	34,6923077
413	35,6923077
413	45,6923077
413	32,6923077
414	44,6923077
414	41,6923077
414	19,6923077
414	52,6923077
415	64,6923077
415	44,6923077
415	59,6923077
415	38,6923077
416	47,6923077
416	38,6923077
416	45,6923077
417	49,6923077
417	70,6923077
417	53,6923077
417	53,6923077
418	40,6923077
418	42,6923077
418	37,6923077
418	20,6923077
419	65,6923077
419	54,6923077
419	44,6923077
419	45,6923077
420	65,6923077
420	47,6923077
420	61,6923077
420	62,6923077
421	83,6923077
421	57,6923077
421	63,6923077
421	50,6923077
422	15,6923077
422	33,6923077
422	42,6923077
423	72,6923077
423	68,6923077
423	85,6923077
423	63,6923077
424	84,6923077
424	54,6923077
424	69,6923077
424	66,6923077
425	61,6923077
425	50,6923077
425	66,6923077
425	82,6923077
426	71,6923077
426	75,6923077
426	61,6923077
426	87,6923077
427	81,6923077
427	56,6923077
427	77,6923077
427	83,6923077
428	76,6923077
428	97,6923077
428	69,6923077
429	55,6923077
429	99,6923077
429	56,6923077
429	83,6923077
430	76,6923077
430	61,6923077
430	60,6923077
430	71,6923077
431	89,6923077
431	69,6923077
431	72,6923077
431	95,6923077
432	68,6923077
432	83,6923077
432	76,6923077
432	78,6923077
433	54,6923077
433	58,6923077
433	77,6923077
433	31,6923077
434	44,6923077
434	37,6923077
434	49,6923077
435	18,6923077
435	34,6923077
435	48,6923077
435	28,6923077
436	50,6923077
436	70,6923077
436	56,6923077
436	33,6923077
437	46,6923077
437	43,6923077
437	7,6923077
437	27,6923077
438	49,6923077
438	75,6923077
438	76,6923077
438	88,6923077
439	70,6923077
439	64,6923077
439	36,6923077
439	65,6923077
440	54,6923077
440	36,6923077
440	60,6923077
441	22,6923077
441	13,6923077
441	30,6923077
441	42,6923077
442	19,6923077
442	27,6923077
442	23,6923077
442	19,6923077
443	47,6923077
443	36,6923077
443	48,6923077
443	12,6923077
444	-33,3076923
444	35,6923077
444	33,6923077
444	29,6923077
445	7,6923077
445	13,6923077
445	54,6923077
445	62,6923077
446	23,6923077
446	0,6923077
446	21,6923077
447	43,6923077
447	22,6923077
447	32,6923077
447	24,6923077
448	41,6923077
448	8,6923077
448	22,6923077
448	4,6923077
449	21,6923077
449	11,6923077
449	32,6923077
449	25,6923077
450	13,6923077
450	0,6923077
450	11,6923077
450	14,6923077
451	23,6923077
451	24,6923077
451	15,6923077
451	32,6923077
452	19,6923077
452	-8,3076923
452	16,6923077
452	44,6923077
453	43,6923077
453	44,6923077
453	22,6923077
454	26,6923077
454	28,6923077
454	36,6923077
454	35,6923077
455	-7,3076923
455	11,6923077
455	15,6923077
455	11,6923077
456	36,6923077
456	43,6923077
456	7,6923077
456	25,6923077
457	22,6923077
457	20,6923077
457	29,6923077
457	11,6923077
458	33,6923077
458	15,6923077
458	27,6923077
458	30,6923077
459	-1,3076923
459	10,6923077
459	50,6923077
460	53,6923077
460	40,6923077
460	46,6923077
460	10,6923077
461	38,6923077
461	17,6923077
461	35,6923077
461	51,6923077
462	36,6923077
462	14,6923077
462	14,6923077
462	18,6923077
463	18,6923077
463	1,6923077
463	-4,3076923
463	18,6923077
464	34,6923077
464	15,6923077
464	22,6923077
464	4,6923077
465	14,6923077
465	42,6923077
465	19,6923077
465	11,6923077
466	7,6923077
466	14,6923077
466	28,6923077
467	35,6923077
467	43,6923077
467	36,6923077
467	2,6923077
468	29,6923077
468	31,6923077
468	4,6923077
468	15,6923077
469	33,6923077
469	0,6923077
469	-20,3076923
469	16,6923077
470	31,6923077
470	34,6923077
470	33,6923077
470	8,6923077
471	27,6923077
471	0,6923077
471	37,6923077
471	34,6923077
472	29,6923077
472	49,6923077
472	34,6923077
472	54,6923077
473	9,6923077
473	59,6923077
473	29,6923077
474	35,6923077
474	9,6923077
474	52,6923077
474	17,6923077
475	7,6923077
475	16,6923077
475	29,6923077
475	29,6923077
476	5,6923077
476	1,6923077
476	12,6923077
476	26,6923077
477	18,6923077
477	32,6923077
477	8,6923077
477	26,6923077
478	13,6923077
478	-12,3076923
478	-7,3076923
478	18,6923077
479	-7,3076923
479	-5,3076923
479	-7,3076923
479	23,6923077
480	29,6923077
480	14,6923077
480	6,6923077
481	23,6923077
481	28,6923077
481	20,6923077
481	35,6923077
482	51,6923077
482	5,6923077
482	-3,3076923
482	1,6923077
483	14,6923077
483	10,6923077
483	13,6923077
483	14,6923077
484	11,6923077
484	54,6923077
484	43,6923077
484	10,6923077
485	20,6923077
485	30,6923077
485	32,6923077
485	34,6923077
486	28,6923077
486	28,6923077
486	18,6923077
486	14,6923077
487	-7,3076923
487	27,6923077
487	47,6923077
488	46,6923077
488	-3,3076923
488	-3,3076923
488	1,6923077
489	29,6923077
489	20,6923077
489	22,6923077
489	15,6923077
490	9,6923077
490	15,6923077
490	10,6923077
490	1,6923077
491	8,6923077
491	23,6923077
491	5,6923077
491	2,6923077
492	0,6923077
492	15,6923077
492	28,6923077
492	6,6923077
493	8,6923077
493	-2,3076923
493	15,6923077
493	-11,3076923
494	-8,3076923
494	30,6923077
494	14,6923077
495	1,6923077
495	-10,3076923
495	43,6923077
495	41,6923077
496	44,6923077
496	14,6923077
496	29,6923077
496	20,6923077
497	27,6923077
497	35,6923077
497	-5,3076923
497	10,6923077
498	27,6923077
498	0,6923077
498	16,6923077
498	9,6923077
499	13,6923077
499	11,6923077
499	-2,3076923
499	41,6923077
500	40,6923077
500	13,6923077
500	29,6923077
500	7,6923077
501	14,6923077
501	20,6923077
501	29,6923077
502	-4,3076923
502	11,6923077
502	6,6923077
502	9,6923077
503	17,6923077
503	6,6923077
503	9,6923077
503	2,6923077
504	13,6923077
504	8,6923077
504	6,6923077
504	43,6923077
505	34,6923077
505	26,6923077
505	7,6923077
505	7,6923077
506	40,6923077
506	30,6923077
506	-18,3076923
506	0,6923077
507	34,6923077
507	16,6923077
507	30,6923077
507	22,6923077
508	25,6923077
508	17,6923077
508	11,6923077
508	36,6923077
509	8,6923077
509	18,6923077
509	17,6923077
510	14,6923077
510	22,6923077
510	6,6923077
510	16,6923077
511	32,6923077
511	55,6923077
511	9,6923077
511	16,6923077
512	32,6923077
512	3,6923077
512	17,6923077
512	19,6923077
513	-14,3076923
513	31,6923077
513	29,6923077
513	-12,3076923
514	2,6923077
514	40,6923077
514	26,6923077
514	19,6923077
515	38,6923077
515	25,6923077
515	-3,3076923
515	29,6923077
516	33,6923077
516	40,6923077
516	27,6923077
516	-8,3076923
517	12,6923077
517	11,6923077
517	-2,3076923
518	2,6923077
518	32,6923077
518	27,6923077
518	23,6923077
519	68,6923077
519	35,6923077
519	13,6923077
519	65,6923077
520	6,6923077
520	-0,3076923
520	18,6923077
520	22,6923077
521	29,6923077
521	18,6923077
521	23,6923077
521	22,6923077
522	35,6923077
522	41,6923077
522	24,6923077
522	31,6923077
523	31,6923077
523	33,6923077
523	-9,3076923
523	4,6923077
524	17,6923077
524	8,6923077
524	37,6923077
524	48,6923077
525	25,6923077
525	21,6923077
525	28,6923077
526	26,6923077
526	44,6923077
526	61,6923077
526	15,6923077
527	-13,3076923
527	36,6923077
527	15,6923077
527	13,6923077
528	10,6923077
528	9,6923077
528	6,6923077
528	22,6923077
529	37,6923077
529	-20,3076923
529	-24,3076923
529	25,6923077
530	12,6923077
530	17,6923077
530	4,6923077
530	17,6923077
531	39,6923077
531	7,6923077
531	47,6923077
531	5,6923077
532	10,6923077
532	10,6923077
532	34,6923077
532	13,6923077
533	20,6923077
533	1,6923077
533	32,6923077
534	3,6923077
534	24,6923077
534	36,6923077
534	2,6923077
535	-11,3076923
535	0,6923077
535	49,6923077
535	8,6923077
536	36,6923077
536	18,6923077
536	-6,3076923
536	0,6923077
537	4,6923077
537	7,6923077
537	2,6923077
537	11,6923077
538	2,6923077
538	6,6923077
538	39,6923077
538	31,6923077
539	22,6923077
539	17,6923077
539	11,6923077
539	22,6923077
540	11,6923077
540	1,6923077
540	26,6923077
540	18,6923077
541	42,6923077
541	2,6923077
541	-15,3076923
541	2,6923077
542	35,6923077
542	-0,3076923
542	25,6923077
543	17,6923077
543	21,6923077
543	12,6923077
543	40,6923077
544	-12,3076923
544	3,6923077
544	13,6923077
544	31,6923077
545	-16,3076923
545	32,6923077
545	1,6923077
545	-19,3076923
546	21,6923077
546	23,6923077
546	24,6923077
546	14,6923077
547	19,6923077
547	9,6923077
547	16,6923077
547	0,6923077
548	18,6923077
548	28,6923077
548	10,6923077
548	16,6923077
549	15,6923077
549	32,6923077
549	21,6923077
549	-3,3076923
550	31,6923077
550	23,6923077
550	12,6923077
550	7,6923077
551	-10,3076923
551	14,6923077
551	18,6923077
552	10,6923077
552	14,6923077
552	9,6923077
552	5,6923077
553	-0,3076923
553	1,6923077
553	10,6923077
553	42,6923077
554	27,6923077
554	17,6923077
554	18,6923077
554	7,6923077
555	21,6923077
555	44,6923077
555	20,6923077
555	13,6923077
556	10,6923077
556	27,6923077
556	-9,3076923
556	9,6923077
557	35,6923077
557	23,6923077
557	3,6923077
557	-4,3076923
558	1,6923077
558	-9,3076923
558	14,6923077
558	9,6923077
559	21,6923077
559	21,6923077
559	-7,3076923
559	8,6923077
560	27,6923077
560	9,6923077
560	7,6923077
561	14,6923077
561	28,6923077
561	-0,3076923
561	34,6923077
562	5,6923077
562	19,6923077
562	28,6923077
562	18,6923077
563	45,6923077
563	10,6923077
563	5,6923077
563	17,6923077
564	16,6923077
564	19,6923077
564	7,6923077
564	22,6923077
565	25,6923077
565	9,6923077
565	12,6923077
565	12,6923077
566	8,6923077
566	14,6923077
566	8,6923077
566	33,6923077
567	12,6923077
567	16,6923077
567	15,6923077
567	4,6923077
568	11,6923077
568	31,6923077
568	29,6923077
568	-9,3076923
569	3,6923077
569	20,6923077
569	12,6923077
569	12,6923077
570	23,6923077
570	23,6923077
570	4,6923077
571	12,6923077
571	33,6923077
571	18,6923077
571	15,6923077
572	-2,3076923
572	15,6923077
572	7,6923077
572	16,6923077
573	19,6923077
573	6,6923077
573	22,6923077
573	22,6923077
574	18,6923077
574	32,6923077
574	1,6923077
574	35,6923077
575	31,6923077
575	8,6923077
575	38,6923077
575	20,6923077
576	19,6923077
576	8,6923077
576	55,6923077
576	-8,3076923
577	-15,3076923
577	10,6923077
577	3,6923077
577	9,6923077
578	7,6923077
578	5,6923077
578	8,6923077
578	23,6923077
579	15,6923077
579	2,6923077
579	-9,3076923
579	-3,3076923
580	13,6923077
580	18,6923077
580	20,6923077
581	57,6923077
581	19,6923077
581	35,6923077
581	-1,3076923
582	-16,3076923
582	24,6923077
582	53,6923077
582	30,6923077
583	20,6923077
583	6,6923077
583	23,6923077
583	9,6923077
584	27,6923077
584	32,6923077
584	33,6923077
584	36,6923077
585	22,6923077
585	18,6923077
585	7,6923077
585	24,6923077
586	28,6923077
586	11,6923077
586	28,6923077
586	27,6923077
587	7,6923077
587	-27,3076923
587	22,6923077
587	11,6923077
588	31,6923077
588	34,6923077
588	15,6923077
588	1,6923077
589	26,6923077
589	15,6923077
589	26,6923077
589	-5,3076923
590	19,6923077
590	29,6923077
590	15,6923077
590	26,6923077
591	11,6923077
591	18,6923077
591	26,6923077
592	11,6923077
592	15,6923077
592	18,6923077
592	6,6923077
593	47,6923077
593	-3,3076923
593	-8,3076923
593	32,6923077
594	49,6923077
594	12,6923077
594	22,6923077
594	22,6923077
595	17,6923077
595	11,6923077
595	23,6923077
595	-4,3076923
596	12,6923077
596	19,6923077
596	-15,3076923
596	35,6923077
597	40,6923077
597	15,6923077
597	19,6923077
597	-196,3076923
598	-15,3076923
598	2,6923077
598	-13,3076923
598	19,6923077
599	23,6923077
599	2,6923077
599	9,6923077
599	-1,3076923
600	14,6923077
600	22,6923077
600	15,6923077
600	21,6923077
601	-3,3076923
601	11,6923077
601	21,6923077
601	19,6923077
602	25,6923077
602	1,6923077
602	27,6923077
603	12,6923077
603	24,6923077
603	54,6923077
603	17,6923077
604	26,6923077
604	39,6923077
604	22,6923077
604	26,6923077
605	45,6923077
605	7,6923077
605	13,6923077
605	14,6923077
606	3,6923077
606	-10,3076923
606	29,6923077
606	37,6923077
607	4,6923077
607	-5,3076923
607	28,6923077
607	27,6923077
608	16,6923077
608	38,6923077
608	15,6923077
608	21,6923077
609	5,6923077
609	21,6923077
609	35,6923077
609	21,6923077
610	8,6923077
610	17,6923077
610	26,6923077
610	19,6923077
611	28,6923077
611	17,6923077
611	24,6923077
611	12,6923077
612	21,6923077
612	22,6923077
612	42,6923077
612	36,6923077
613	16,6923077
613	18,6923077
613	20,6923077
613	11,6923077
614	20,6923077
614	-3,3076923
614	-2,3076923
614	-6,3076923
615	9,6923077
615	22,6923077
615	25,6923077
616	-7,3076923
616	-0,3076923
616	26,6923077
616	-3,3076923
617	3,6923077
617	18,6923077
617	34,6923077
617	3,6923077
618	3,6923077
618	20,6923077
618	13,6923077
618	7,6923077
619	3,6923077
619	32,6923077
619	4,6923077
619	-6,3076923
620	13,6923077
620	23,6923077
620	9,6923077
620	5,6923077
621	-2,3076923
621	21,6923077
621	26,6923077
621	3,6923077
622	11,6923077
622	18,6923077
622	15,6923077
622	19,6923077
623	-12,3076923
623	2,6923077
623	22,6923077
623	18,6923077
624	16,6923077
624	20,6923077
624	25,6923077
624	0,6923077
625	27,6923077
625	25,6923077
625	6,6923077
625	17,6923077
626	20,6923077
626	3,6923077
626	9,6923077
626	15,6923077
627	23,6923077
627	11,6923077
627	18,6923077
627	33,6923077
628	16,6923077
628	-4,3076923
628	-7,3076923
629	-7,3076923
629	8,6923077
629	12,6923077
629	5,6923077
630	16,6923077
630	22,6923077
630	-4,3076923
630	14,6923077
631	-0,3076923
631	15,6923077
631	-0,3076923
631	12,6923077
632	20,6923077
632	17,6923077
632	27,6923077
632	14,6923077
633	18,6923077
633	18,6923077
633	34,6923077
633	14,6923077
634	21,6923077
634	3,6923077
634	1,6923077
634	13,6923077
635	10,6923077
635	51,6923077
635	-2,3076923
635	37,6923077
636	14,6923077
636	14,6923077
636	11,6923077
636	13,6923077
637	2,6923077
637	18,6923077
637	7,6923077
637	-7,3076923
638	36,6923077
638	18,6923077
638	12,6923077
638	29,6923077
639	0,6923077
639	-12,3076923
639	9,6923077
639	36,6923077
640	10,6923077
640	19,6923077
640	23,6923077
640	18,6923077
641	27,6923077
641	28,6923077
641	33,6923077
641	24,6923077
642	9,6923077
642	19,6923077
642	19,6923077
642	39,6923077
643	33,6923077
643	38,6923077
643	18,6923077
644	27,6923077
644	3,6923077
644	21,6923077
644	39,6923077
645	26,6923077
645	16,6923077
645	32,6923077
645	37,6923077
646	16,6923077
646	22,6923077
646	15,6923077
646	55,6923077
647	28,6923077
647	34,6923077
647	36,6923077
647	43,6923077
648	24,6923077
648	33,6923077
648	14,6923077
648	41,6923077
649	35,6923077
649	49,6923077
649	19,6923077
649	14,6923077
650	31,6923077
650	32,6923077
650	39,6923077
650	15,6923077
651	27,6923077
651	43,6923077
651	39,6923077
651	52,6923077
652	37,6923077
652	32,6923077
652	9,6923077
652	12,6923077
653	48,6923077
653	59,6923077
653	38,6923077
653	23,6923077
654	18,6923077
654	34,6923077
654	30,6923077
654	30,6923077
655	12,6923077
655	49,6923077
655	49,6923077
655	68,6923077
656	38,6923077
656	41,6923077
656	10,6923077
656	42,6923077
657	40,6923077
657	28,6923077
657	51,6923077
657	45,6923077
658	21,6923077
658	41,6923077
658	37,6923077
658	22,6923077
659	59,6923077
659	49,6923077
659	43,6923077
660	50,6923077
660	55,6923077
660	60,6923077
660	37,6923077
661	26,6923077
661	33,6923077
661	47,6923077
661	19,6923077
662	54,6923077
662	48,6923077
662	36,6923077
662	51,6923077
663	42,6923077
663	34,6923077
663	54,6923077
663	55,6923077
664	70,6923077
664	56,6923077
664	32,6923077
664	17,6923077
665	68,6923077
665	35,6923077
665	31,6923077
665	39,6923077
666	37,6923077
666	61,6923077
666	66,6923077
666	68,6923077
667	62,6923077
667	41,6923077
667	54,6923077
667	28,6923077
668	27,6923077
668	56,6923077
668	30,6923077
668	48,6923077
669	43,6923077
669	19,6923077
669	26,6923077
669	26,6923077
670	40,6923077
670	59,6923077
670	41,6923077
670	29,6923077
671	30,6923077
671	44,6923077
671	32,6923077
671	48,6923077
672	51,6923077
672	54,6923077
672	45,6923077
672	19,6923077
673	26,6923077
673	20,6923077
673	18,6923077
673	40,6923077
674	30,6923077
674	49,6923077
674	25,6923077
674	48,6923077
675	40,6923077
675	58,6923077
675	19,6923077
675	52,6923077
676	43,6923077
676	21,6923077
676	42,6923077
676	57,6923077
677	30,6923077
677	8,6923077
677	18,6923077
677	42,6923077
678	51,6923077
678	53,6923077
678	23,6923077
678	43,6923077
679	31,6923077
679	13,6923077
679	55,6923077
680	32,6923077
680	23,6923077
680	47,6923077
680	43,6923077
681	28,6923077
681	32,6923077
681	16,6923077
681	14,6923077
682	38,6923077
682	50,6923077
682	22,6923077
682	43,6923077
683	3,6923077
683	15,6923077
683	21,6923077
683	41,6923077
684	10,6923077
684	10,6923077
684	39,6923077
684	24,6923077
685	39,6923077
685	-0,3076923
685	10,6923077
685	-9,3076923
686	14,6923077
686	29,6923077
686	27,6923077
686	25,6923077
687	12,6923077
687	35,6923077
687	3,6923077
687	18,6923077
688	-1,3076923
688	23,6923077
688	1,6923077
688	6,6923077
689	3,6923077
689	12,6923077
689	23,6923077
689	-2,3076923
690	24,6923077
690	20,6923077
690	-12,3076923
690	25,6923077
691	13,6923077
691	20,6923077
691	17,6923077
691	35,6923077
692	17,6923077
692	27,6923077
692	0,6923077
692	31,6923077
693	4,6923077
693	-0,3076923
693	7,6923077
693	-5,3076923
694	3,6923077
694	12,6923077
694	15,6923077
694	24,6923077
695	3,6923077
695	-11,3076923
695	-1,3076923
695	11,6923077
696	12,6923077
696	-2,3076923
696	-5,3076923
696	-0,3076923
697	6,6923077
697	7,6923077
697	-4,3076923
697	25,6923077
698	-24,3076923
698	-7,3076923
698	-7,3076923
698	2,6923077
699	-2,3076923
699	-3,3076923
699	16,6923077
699	13,6923077
700	-2,3076923
700	-13,3076923
700	-2,3076923
700	-16,3076923
701	15,6923077
701	4,6923077
701	34,6923077
701	-14,3076923
702	-0,3076923
702	-12,3076923
702	-15,3076923
702	-1,3076923
703	20,6923077
703	16,6923077
703	2,6923077
703	10,6923077
704	-3,3076923
704	-1,3076923
704	5,6923077
704	44,6923077
705	6,6923077
705	1,6923077
705	19,6923077
706	0,6923077
706	9,6923077
706	-4,3076923
706	-8,3076923
707	0,6923077
707	-15,3076923
707	21,6923077
707	8,6923077
708	-4,3076923
708	1,6923077
708	12,6923077
708	-0,3076923
709	-18,3076923
709	5,6923077
709	10,6923077
709	5,6923077
710	10,6923077
710	17,6923077
710	-4,3076923
710	25,6923077
711	12,6923077
711	3,6923077
711	16,6923077
711	6,6923077
712	29,6923077
712	-8,3076923
712	8,6923077
712	7,6923077
713	5,6923077
713	16,6923077
713	-6,3076923
713	6,6923077
714	11,6923077
714	22,6923077
714	-2,3076923
714	-0,3076923
715	7,6923077
715	1,6923077
715	16,6923077
715	7,6923077
716	10,6923077
716	9,6923077
716	-16,3076923
716	11,6923077
717	0,6923077
717	16,6923077
717	11,6923077
717	3,6923077
718	16,6923077
718	-1,3076923
718	-17,3076923
718	12,6923077
719	9,6923077
719	-3,3076923
719	23,6923077
719	-11,3076923
720	-2,3076923
720	2,6923077
720	21,6923077
720	25,6923077
721	36,6923077
721	-4,3076923
721	9,6923077
721	9,6923077
722	17,6923077
722	0,6923077
722	-1,3076923
722	-26,3076923
723	24,6923077
723	24,6923077
723	6,6923077
723	17,6923077
724	19,6923077
724	18,6923077
724	-1,3076923
724	-1,3076923
725	-9,3076923
725	27,6923077
725	3,6923077
725	-2,3076923
726	2,6923077
726	16,6923077
726	34,6923077
726	27,6923077
727	18,6923077
727	-3,3076923
727	31,6923077
727	11,6923077
728	8,6923077
728	12,6923077
728	5,6923077
728	-2,3076923
729	2,6923077
729	28,6923077
729	27,6923077
729	17,6923077
730	32,6923077
730	-6,3076923
730	-2,3076923
730	-4,3076923
731	44,6923077
731	14,6923077
731	1,6923077
731	8,6923077
732	23,6923077
732	29,6923077
732	14,6923077
732	45,6923077
733	28,6923077
733	-2,3076923
733	18,6923077
733	25,6923077
734	22,6923077
734	12,6923077
734	32,6923077
734	24,6923077
735	0,6923077
735	3,6923077
735	34,6923077
735	27,6923077
736	-15,3076923
736	4,6923077
736	10,6923077
736	22,6923077
737	30,6923077
737	17,6923077
737	-6,3076923
737	26,6923077
738	13,6923077
738	24,6923077
738	23,6923077
738	38,6923077
739	38,6923077
739	45,6923077
739	5,6923077
739	22,6923077
740	21,6923077
740	21,6923077
740	28,6923077
740	20,6923077
741	16,6923077
741	11,6923077
741	8,6923077
741	42,6923077
742	34,6923077
742	58,6923077
742	22,6923077
742	39,6923077
743	5,6923077
743	39,6923077
743	33,6923077
743	33,6923077
744	56,6923077
744	29,6923077
744	28,6923077
744	18,6923077
745	24,6923077
745	13,6923077
745	32,6923077
745	14,6923077
746	34,6923077
746	14,6923077
746	21,6923077
746	38,6923077
747	49,6923077
747	36,6923077
747	19,6923077
747	16,6923077
748	37,6923077
748	38,6923077
748	29,6923077
748	45,6923077
749	5,6923077
749	47,6923077
749	25,6923077
749	11,6923077
750	30,6923077
750	18,6923077
750	38,6923077
750	24,6923077
751	52,6923077
751	47,6923077
751	27,6923077
751	39,6923077
752	38,6923077
752	24,6923077
752	59,6923077
752	27,6923077
753	25,6923077
753	36,6923077
753	34,6923077
753	30,6923077
754	21,6923077
754	23,6923077
754	14,6923077
754	21,6923077
755	37,6923077
755	35,6923077
755	29,6923077
755	32,6923077
756	29,6923077
756	30,6923077
756	43,6923077
756	49,6923077
757	-4,3076923
757	8,6923077
757	26,6923077
757	34,6923077
758	15,6923077
758	31,6923077
758	21,6923077
758	59,6923077
759	26,6923077
759	43,6923077
759	34,6923077
759	25,6923077
760	4,6923077
760	30,6923077
760	36,6923077
760	21,6923077
761	28,6923077
761	37,6923077
761	18,6923077
761	46,6923077
762	42,6923077
762	6,6923077
762	20,6923077
762	9,6923077
763	13,6923077
763	34,6923077
763	38,6923077
763	26,6923077
764	17,6923077
764	25,6923077
764	25,6923077
764	42,6923077
765	39,6923077
765	8,6923077
765	26,6923077
765	33,6923077
766	8,6923077
766	8,6923077
766	15,6923077
766	41,6923077
767	25,6923077
767	10,6923077
767	32,6923077
767	32,6923077
768	18,6923077
768	25,6923077
768	34,6923077
768	44,6923077
769	13,6923077
769	57,6923077
769	9,6923077
769	-3,3076923
770	26,6923077
770	14,6923077
770	35,6923077
770	11,6923077
771	8,6923077
771	6,6923077
771	11,6923077
771	22,6923077
772	49,6923077
772	28,6923077
772	47,6923077
772	26,6923077
773	5,6923077
773	15,6923077
773	25,6923077
773	17,6923077
774	21,6923077
774	14,6923077
774	1,6923077
774	26,6923077
775	29,6923077
775	23,6923077
775	23,6923077
775	25,6923077
776	7,6923077
776	45,6923077
776	44,6923077
776	20,6923077
777	41,6923077
777	32,6923077
777	43,6923077
777	27,6923077
778	11,6923077
778	33,6923077
778	55,6923077
778	15,6923077
779	37,6923077
779	23,6923077
779	31,6923077
779	55,6923077
780	46,6923077
780	17,6923077
780	11,6923077
780	-1,3076923
781	3,6923077
781	-0,3076923
781	38,6923077
781	30,6923077
782	43,6923077
782	17,6923077
782	20,6923077
782	36,6923077
783	28,6923077
783	2,6923077
783	5,6923077
783	27,6923077
784	13,6923077
784	12,6923077
784	6,6923077
784	-19,3076923
785	-11,3076923
785	19,6923077
785	0,6923077
785	-0,3076923
786	17,6923077
786	0,6923077
786	0,6923077
786	33,6923077
787	5,6923077
787	-0,3076923
787	-1,3076923
787	-6,3076923
788	-12,3076923
788	-2,3076923
788	-8,3076923
788	4,6923077
789	22,6923077
789	-5,3076923
789	-5,3076923
789	-12,3076923
790	11,6923077
790	-1,3076923
790	16,6923077
790	5,6923077
791	0,6923077
791	4,6923077
791	-4,3076923
791	-18,3076923
792	12,6923077
792	-1,3076923
792	50,6923077
792	25,6923077
793	6,6923077
793	-0,3076923
793	3,6923077
793	28,6923077
794	26,6923077
794	3,6923077
794	15,6923077
794	-13,3076923
795	8,6923077
795	28,6923077
795	17,6923077
795	-3,3076923
796	8,6923077
796	13,6923077
796	-18,3076923
796	1,6923077
797	-13,3076923
797	-5,3076923
797	15,6923077
797	5,6923077
798	0,6923077
798	-1,3076923
798	39,6923077
798	46,6923077
799	-6,3076923
799	-6,3076923
799	-5,3076923
799	-11,3076923
800	2,6923077
800	29,6923077
800	24,6923077
800	4,6923077
801	21,6923077
801	22,6923077
801	31,6923077
801	-1,3076923
802	22,6923077
802	16,6923077
802	2,6923077
802	-1,3076923
803	-2,3076923
803	17,6923077
803	34,6923077
803	-2,3076923
804	-7,3076923
804	-14,3076923
804	-26,3076923
804	19,6923077
805	-4,3076923
805	-35,3076923
805	10,6923077
805	-15,3076923
806	-16,3076923
806	-9,3076923
806	24,6923077
806	14,6923077
807	-11,3076923
807	32,6923077
807	12,6923077
807	26,6923077
808	5,6923077
808	-9,3076923
808	8,6923077
808	4,6923077
809	8,6923077
809	10,6923077
809	-3,3076923
809	-7,3076923
810	0,6923077
810	1,6923077
810	-5,3076923
810	4,6923077
811	5,6923077
811	-4,3076923
811	-2,3076923
811	11,6923077
812	1,6923077
812	7,6923077
812	19,6923077
812	1,6923077
813	-16,3076923
813	6,6923077
813	13,6923077
813	4,6923077
814	6,6923077
814	-8,3076923
814	-6,3076923
814	3,6923077
815	10,6923077
815	-5,3076923
815	27,6923077
815	-4,3076923
816	35,6923077
816	22,6923077
816	17,6923077
816	4,6923077
817	2,6923077
817	-1,3076923
817	-9,3076923
817	23,6923077
818	-1,3076923
818	11,6923077
818	-12,3076923
818	-21,3076923
819	7,6923077
819	9,6923077
819	37,6923077
819	5,6923077
820	-13,3076923
820	-5,3076923
820	11,6923077
820	7,6923077
820	8,6923077
821	-0,3076923
821	3,6923077
821	5,6923077
821	4,6923077
822	20,6923077
822	21,6923077
822	-5,3076923
822	-3,3076923
823	-18,3076923
823	1,6923077
823	15,6923077
823	9,6923077
824	10,6923077
824	24,6923077
824	-2,3076923
824	4,6923077
825	4,6923077
825	10,6923077
825	5,6923077
825	27,6923077
826	12,6923077
826	6,6923077
826	12,6923077
826	16,6923077
827	18,6923077
827	-8,3076923
827	-1,3076923
827	-2,3076923
828	16,6923077
828	-4,3076923
828	3,6923077
828	-4,3076923
829	35,6923077
829	49,6923077
829	15,6923077
829	1,6923077
830	-3,3076923
830	21,6923077
830	-0,3076923
830	-0,3076923
831	48,6923077
831	21,6923077
831	17,6923077
831	8,6923077
832	20,6923077
832	10,6923077
832	-8,3076923
832	14,6923077
833	14,6923077
833	-3,3076923
833	-27,3076923
833	13,6923077
834	30,6923077
834	11,6923077
834	1,6923077
834	1,6923077
835	-9,3076923
835	20,6923077
835	4,6923077
835	25,6923077
836	16,6923077
836	-6,3076923
836	13,6923077
836	31,6923077
837	-7,3076923
837	-5,3076923
837	2,6923077
837	11,6923077
838	-3,3076923
838	12,6923077
838	21,6923077
838	-0,3076923
839	4,6923077
839	-22,3076923
839	-4,3076923
839	38,6923077
840	29,6923077
840	-18,3076923
840	-0,3076923
840	0,6923077
841	-8,3076923
841	34,6923077
841	14,6923077
841	4,6923077
842	11,6923077
842	17,6923077
842	8,6923077
842	29,6923077
843	12,6923077
843	-6,3076923
843	21,6923077
843	24,6923077
844	17,6923077
844	6,6923077
844	25,6923077
844	6,6923077
845	0,6923077
845	9,6923077
845	-10,3076923
845	6,6923077
845	4,6923077
846	-3,3076923
846	19,6923077
846	17,6923077
846	18,6923077
847	23,6923077
847	-11,3076923
847	27,6923077
847	2,6923077
848	0,6923077
848	-11,3076923
848	21,6923077
848	-0,3076923
849	-1,3076923
849	-9,3076923
849	11,6923077
849	35,6923077
850	23,6923077
850	-1,3076923
850	26,6923077
850	38,6923077
851	27,6923077
851	-3,3076923
851	17,6923077
851	4,6923077
852	-18,3076923
852	13,6923077
852	19,6923077
852	-19,3076923
853	-20,3076923
853	-7,3076923
853	-34,3076923
853	-7,3076923
854	-10,3076923
854	0,6923077
854	-2,3076923
854	15,6923077
855	0,6923077
855	-2,3076923
855	-12,3076923
855	3,6923077
856	-8,3076923
856	4,6923077
856	-7,3076923
856	-1,3076923
857	-3,3076923
857	10,6923077
857	5,6923077
857	-12,3076923
858	16,6923077
858	1,6923077
858	19,6923077
858	6,6923077
859	18,6923077
859	9,6923077
859	11,6923077
859	-14,3076923
860	-10,3076923
860	-4,3076923
860	24,6923077
860	2,6923077
861	35,6923077
861	11,6923077
861	10,6923077
861	17,6923077
862	21,6923077
862	10,6923077
862	-2,3076923
862	9,6923077
863	0,6923077
863	-10,3076923
863	-4,3076923
863	13,6923077
864	25,6923077
864	3,6923077
864	-3,3076923
864	7,6923077
864	-5,3076923
865	19,6923077
865	4,6923077
865	-5,3076923
865	10,6923077
866	2,6923077
866	-7,3076923
866	10,6923077
866	27,6923077
867	41,6923077
867	-16,3076923
867	-2,3076923
867	7,6923077
868	15,6923077
868	-9,3076923
868	-1,3076923
868	21,6923077
869	9,6923077
869	12,6923077
869	9,6923077
869	14,6923077
870	50,6923077
870	19,6923077
870	10,6923077
870	33,6923077
871	12,6923077
871	-17,3076923
871	0,6923077
871	-1,3076923
872	36,6923077
872	-0,3076923
872	-9,3076923
872	13,6923077
873	6,6923077
873	-7,3076923
873	-12,3076923
873	29,6923077
874	14,6923077
874	16,6923077
874	18,6923077
874	0,6923077
875	25,6923077
875	-19,3076923
875	-12,3076923
875	15,6923077
876	-7,3076923
876	0,6923077
876	-2,3076923
876	-6,3076923
877	13,6923077
877	-4,3076923
877	12,6923077
877	10,6923077
878	3,6923077
878	-0,3076923
878	26,6923077
878	28,6923077
879	30,6923077
879	-16,3076923
879	27,6923077
879	2,6923077
880	18,6923077
880	11,6923077
880	31,6923077
880	18,6923077
880	20,6923077
881	12,6923077
881	25,6923077
881	3,6923077
881	-9,3076923
882	-5,3076923
882	-25,3076923
882	16,6923077
882	2,6923077
883	0,6923077
883	-31,3076923
883	1,6923077
883	25,6923077
884	24,6923077
884	6,6923077
884	-6,3076923
884	12,6923077
885	21,6923077
885	26,6923077
885	13,6923077
885	1,6923077
886	9,6923077
886	6,6923077
886	7,6923077
886	10,6923077
887	8,6923077
887	7,6923077
887	-22,3076923
887	-15,3076923
888	-4,3076923
888	-20,3076923
888	-8,3076923
888	-1,3076923
889	-3,3076923
889	23,6923077
889	-2,3076923
889	13,6923077
890	14,6923077
890	-26,3076923
890	12,6923077
890	8,6923077
891	-5,3076923
891	11,6923077
891	16,6923077
891	-0,3076923
892	-25,3076923
892	4,6923077
892	-12,3076923
892	30,6923077
893	-6,3076923
893	-3,3076923
893	-10,3076923
893	5,6923077
894	20,6923077
894	1,6923077
894	-0,3076923
894	-10,3076923
894	20,6923077
895	24,6923077
895	4,6923077
895	11,6923077
895	-5,3076923
896	37,6923077
896	3,6923077
896	-0,3076923
896	30,6923077
897	12,6923077
897	14,6923077
897	22,6923077
897	24,6923077
898	0,6923077
898	2,6923077
898	-18,3076923
898	-8,3076923
899	3,6923077
899	-17,3076923
899	-3,3076923
899	9,6923077
900	5,6923077
900	27,6923077
900	0,6923077
900	21,6923077
901	37,6923077
901	0,6923077
901	-2,3076923
901	-5,3076923
902	7,6923077
902	-12,3076923
902	4,6923077
902	-4,3076923
903	11,6923077
903	-4,3076923
903	-11,3076923
903	29,6923077
904	4,6923077
904	4,6923077
904	-6,3076923
904	3,6923077
905	-4,3076923
905	22,6923077
905	10,6923077
905	18,6923077
906	17,6923077
906	3,6923077
906	17,6923077
906	11,6923077
906	4,6923077
907	8,6923077
907	14,6923077
907	-3,3076923
907	9,6923077
908	-5,3076923
908	22,6923077
908	21,6923077
908	16,6923077
909	1,6923077
909	-14,3076923
909	0,6923077
909	9,6923077
910	-0,3076923
910	-17,3076923
910	31,6923077
910	-12,3076923
911	-3,3076923
911	-14,3076923
911	20,6923077
911	23,6923077
912	-0,3076923
912	31,6923077
912	0,6923077
912	18,6923077
913	-10,3076923
913	-11,3076923
913	-8,3076923
913	-8,3076923
914	4,6923077
914	-21,3076923
914	12,6923077
914	11,6923077
915	-18,3076923
915	-8,3076923
915	30,6923077
915	16,6923077
916	6,6923077
916	11,6923077
916	20,6923077
916	12,6923077
917	-11,3076923
917	19,6923077
917	14,6923077
917	3,6923077
917	-19,3076923
918	3,6923077
918	24,6923077
918	-0,3076923
918	1,6923077
919	-20,3076923
919	7,6923077
919	8,6923077
919	-2,3076923
920	16,6923077
920	8,6923077
920	14,6923077
920	-3,3076923
921	4,6923077
921	10,6923077
921	22,6923077
921	-0,3076923
922	1,6923077
922	-11,3076923
922	-9,3076923
922	9,6923077
923	-13,3076923
923	-9,3076923
923	-7,3076923
923	-4,3076923
924	15,6923077
924	-13,3076923
924	-18,3076923
924	-28,3076923
925	1,6923077
925	-1,3076923
925	14,6923077
925	28,6923077
926	-19,3076923
926	8,6923077
926	9,6923077
926	-6,3076923
927	-7,3076923
927	4,6923077
927	-10,3076923
927	1,6923077
928	-27,3076923
928	-25,3076923
928	-12,3076923
928	-15,3076923
928	30,6923077
929	10,6923077
929	-1,3076923
929	-7,3076923
929	-17,3076923
930	-8,3076923
930	-0,3076923
930	-21,3076923
930	9,6923077
931	1,6923077
931	10,6923077
931	11,6923077
931	17,6923077
932	30,6923077
932	16,6923077
932	7,6923077
932	-2,3076923
933	16,6923077
933	2,6923077
933	8,6923077
933	38,6923077
934	13,6923077
934	22,6923077
934	46,6923077
934	22,6923077
935	22,6923077
935	-3,3076923
935	-10,3076923
935	32,6923077
936	-9,3076923
936	-8,3076923
936	-3,3076923
936	-0,3076923
937	27,6923077
937	27,6923077
937	5,6923077
937	2,6923077
938	-8,3076923
938	11,6923077
938	5,6923077
938	23,6923077
938	10,6923077
939	6,6923077
939	-3,3076923
939	25,6923077
939	16,6923077
940	-20,3076923
940	26,6923077
940	-19,3076923
940	8,6923077
941	0,6923077
941	-12,3076923
941	-16,3076923
941	-3,3076923
942	-2,3076923
942	11,6923077
942	-2,3076923
942	11,6923077
943	27,6923077
943	-23,3076923
943	-23,3076923
943	25,6923077
944	6,6923077
944	0,6923077
944	6,6923077
944	5,6923077
945	4,6923077
945	6,6923077
945	-22,3076923
945	-0,3076923
946	19,6923077
946	3,6923077
946	-4,3076923
946	-10,3076923
947	19,6923077
947	23,6923077
947	9,6923077
947	-4,3076923
947	8,6923077
948	3,6923077
948	11,6923077
948	2,6923077
948	17,6923077
949	-8,3076923
949	-11,3076923
949	0,6923077
949	13,6923077
950	27,6923077
950	-12,3076923
950	-21,3076923
950	3,6923077
951	12,6923077
951	-9,3076923
951	-1,3076923
951	1,6923077
952	13,6923077
952	14,6923077
952	13,6923077
952	56,6923077
953	0,6923077
953	0,6923077
953	6,6923077
953	-12,3076923
954	-24,3076923
954	11,6923077
954	8,6923077
954	2,6923077
955	-11,3076923
955	21,6923077
955	2,6923077
955	-32,3076923
956	15,6923077
956	15,6923077
956	-11,3076923
956	-5,3076923
956	-6,3076923
957	6,6923077
957	3,6923077
957	10,6923077
957	5,6923077
958	0,6923077
958	-13,3076923
958	-17,3076923
958	16,6923077
959	0,6923077
959	3,6923077
959	-1,3076923
959	-7,3076923
960	18,6923077
960	11,6923077
960	9,6923077
960	-5,3076923
961	11,6923077
961	8,6923077
961	-2,3076923
961	-20,3076923
962	10,6923077
962	-15,3076923
962	2,6923077
962	18,6923077
963	0,6923077
963	-3,3076923
963	33,6923077
963	15,6923077
964	1,6923077
964	18,6923077
964	8,6923077
964	4,6923077
964	7,6923077
965	12,6923077
965	-11,3076923
965	0,6923077
965	-18,3076923
966	39,6923077
966	9,6923077
966	-1,3076923
966	14,6923077
967	-0,3076923
967	-5,3076923
967	3,6923077
967	0,6923077
968	-11,3076923
968	11,6923077
968	-3,3076923
968	24,6923077
969	3,6923077
969	-10,3076923
969	1,6923077
969	8,6923077
970	0,6923077
970	-14,3076923
970	6,6923077
970	11,6923077
971	2,6923077
971	0,6923077
971	22,6923077
971	2,6923077
972	24,6923077
972	-2,3076923
972	3,6923077
972	11,6923077
972	-17,3076923
973	-25,3076923
973	-16,3076923
973	10,6923077
973	-5,3076923
974	-9,3076923
974	16,6923077
974	18,6923077
974	-7,3076923
975	24,6923077
975	20,6923077
975	8,6923077
975	10,6923077
976	-26,3076923
976	-4,3076923
976	-1,3076923
976	-0,3076923
977	4,6923077
977	2,6923077
977	-12,3076923
977	3,6923077
978	34,6923077
978	31,6923077
978	-10,3076923
978	7,6923077
979	-1,3076923
979	-1,3076923
979	12,6923077
979	23,6923077
980	6,6923077
980	16,6923077
980	10,6923077
980	9,6923077
980	13,6923077
981	-3,3076923
981	-11,3076923
981	10,6923077
981	-16,3076923
982	-37,3076923
982	26,6923077
982	18,6923077
982	1,6923077
983	-6,3076923
983	4,6923077
983	-8,3076923
983	8,6923077
984	11,6923077
984	23,6923077
984	-15,3076923
984	-7,3076923
985	-3,3076923
985	22,6923077
985	14,6923077
985	9,6923077
986	-17,3076923
986	10,6923077
986	7,6923077
986	6,6923077
987	1,6923077
987	9,6923077
987	18,6923077
987	-7,3076923
988	-8,3076923
988	-8,3076923
988	-21,3076923
988	49,6923077
988	21,6923077
989	-8,3076923
989	-4,3076923
989	24,6923077
989	14,6923077
990	13,6923077
990	14,6923077
990	8,6923077
990	-18,3076923
991	-13,3076923
991	-1,3076923
991	1,6923077
991	-1,3076923
992	12,6923077
992	-1,3076923
992	-8,3076923
992	6,6923077
993	20,6923077
993	11,6923077
993	-12,3076923
993	12,6923077
994	10,6923077
994	16,6923077
994	7,6923077
994	4,6923077
995	-5,3076923
995	-4,3076923
995	-2,3076923
995	26,6923077
995	30,6923077
996	4,6923077
996	15,6923077
996	10,6923077
996	6,6923077
997	37,6923077
997	-8,3076923
997	18,6923077
997	35,6923077
998	-2,3076923
998	20,6923077
998	17,6923077
998	34,6923077
999	4,6923077
999	0,6923077
999	18,6923077
999	-25,3076923
1000	0,6923077
1000	27,6923077
1000	3,6923077
1000	-8,3076923
1001	1,6923077
1001	5,6923077
1001	8,6923077
1001	-1,3076923
1002	-14,3076923
1002	15,6923077
1002	51,6923077
1002	13,6923077
1002	-15,3076923
1003	10,6923077
1003	24,6923077
1003	18,6923077
1003	-1,3076923
1004	2,6923077
1004	-0,3076923
1004	3,6923077
1004	26,6923077
1005	-18,3076923
1005	-13,3076923
1005	7,6923077
1005	13,6923077
1006	-0,3076923
1006	-8,3076923
1006	2,6923077
1006	20,6923077
1007	7,6923077
1007	7,6923077
1007	-19,3076923
1007	-13,3076923
1008	-20,3076923
1008	9,6923077
1008	17,6923077
1008	9,6923077
1008	7,6923077
1009	9,6923077
1009	-24,3076923
1009	12,6923077
1009	16,6923077
1010	-8,3076923
1010	-9,3076923
1010	-2,3076923
1010	0,6923077
1011	14,6923077
1011	14,6923077
1011	32,6923077
1011	45,6923077
1012	20,6923077
1012	-8,3076923
1012	-1,3076923
1012	-9,3076923
1013	-4,3076923
1013	-4,3076923
1013	-4,3076923
1013	3,6923077
1014	-0,3076923
1014	-1,3076923
1014	12,6923077
1014	19,6923077
1015	4,6923077
1015	16,6923077
1015	7,6923077
1015	-1,3076923
1015	45,6923077
1016	19,6923077
1016	18,6923077
1016	17,6923077
1016	20,6923077
1017	5,6923077
1017	-5,3076923
1017	9,6923077
1017	8,6923077
1018	6,6923077
1018	18,6923077
1018	-1,3076923
1018	11,6923077
1019	-12,3076923
1019	12,6923077
1019	-15,3076923
1019	-0,3076923
1020	4,6923077
1020	22,6923077
1020	8,6923077
1020	13,6923077
1021	7,6923077
1021	16,6923077
1021	21,6923077
1021	-3,3076923
1021	6,6923077
1022	0,6923077
1022	27,6923077
1022	13,6923077
1022	-3,3076923
1023	-13,3076923
1023	12,6923077
1023	13,6923077
1023	14,6923077
1024	0,6923077
1024	-9,3076923
1024	16,6923077
1024	19,6923077
1025	26,6923077
1025	-13,3076923
1025	7,6923077
1025	22,6923077
1026	7,6923077
1026	12,6923077
1026	-15,3076923
1026	28,6923077
1027	33,6923077
1027	-9,3076923
1027	24,6923077
1027	19,6923077
1027	4,6923077
1028	2,6923077
1028	-10,3076923
1028	-7,3076923
1028	20,6923077
1029	-16,3076923
1029	6,6923077
1029	8,6923077
1029	5,6923077
1030	27,6923077
1030	1,6923077
1030	20,6923077
1030	-1,3076923
1031	16,6923077
1031	11,6923077
1031	33,6923077
1031	-26,3076923
1032	17,6923077
1032	34,6923077
1032	-6,3076923
1032	10,6923077
1033	25,6923077
1033	9,6923077
1033	7,6923077
1033	-5,3076923
1034	17,6923077
1034	-1,3076923
1034	-29,3076923
1034	-25,3076923
1034	-29,3076923
1035	10,6923077
1035	-5,3076923
1035	-2,3076923
1035	17,6923077
1036	19,6923077
1036	3,6923077
1036	17,6923077
1036	-2,3076923
1037	-6,3076923
1037	-3,3076923
1037	2,6923077
1037	23,6923077
1038	0,6923077
1038	18,6923077
1038	-9,3076923
1038	13,6923077
1039	7,6923077
1039	2,6923077
1039	-4,3076923
1039	-16,3076923
1039	1,6923077
1040	9,6923077
1040	30,6923077
1040	12,6923077
1040	16,6923077
1041	22,6923077
1041	-7,3076923
1041	4,6923077
1041	17,6923077
1042	19,6923077
1042	3,6923077
1042	2,6923077
1042	12,6923077
1043	0,6923077
1043	57,6923077
1043	2,6923077
1043	-1,3076923
1044	14,6923077
1044	-23,3076923
1044	12,6923077
1044	-14,3076923
1045	-7,3076923
1045	-0,3076923
1045	6,6923077
1045	-8,3076923
1045	-23,3076923
1046	-8,3076923
1046	7,6923077
1046	5,6923077
1046	-13,3076923
1047	2,6923077
1047	18,6923077
1047	-1,3076923
1047	24,6923077
1048	28,6923077
1048	-1,3076923
1048	10,6923077
1048	16,6923077
1049	2,6923077
1049	6,6923077
1049	11,6923077
1049	25,6923077
1050	-13,3076923
1050	-11,3076923
1050	-0,3076923
1050	8,6923077
1051	5,6923077
1051	14,6923077
1051	-20,3076923
1051	-1,3076923
1051	-0,3076923
1052	-12,3076923
1052	-8,3076923
1052	-15,3076923
1052	-35,3076923
1053	21,6923077
1053	12,6923077
1053	-4,3076923
1053	-7,3076923
1054	-7,3076923
1054	-2,3076923
1054	6,6923077
1054	11,6923077
1055	1,6923077
1055	10,6923077
1055	-2,3076923
1055	7,6923077
1056	10,6923077
1056	-1,3076923
1056	5,6923077
1056	-3,3076923
1056	-1,3076923
1057	25,6923077
1057	7,6923077
1057	5,6923077
1057	6,6923077
1058	-5,3076923
1058	-0,3076923
1058	-10,3076923
1058	9,6923077
1059	11,6923077
1059	-7,3076923
1059	-4,3076923
1059	-10,3076923
1060	20,6923077
1060	17,6923077
1060	6,6923077
1060	9,6923077
1061	24,6923077
1061	16,6923077
1061	5,6923077
1061	15,6923077
1062	17,6923077
1062	12,6923077
1062	-11,3076923
1062	13,6923077
1062	21,6923077
1063	0,6923077
1063	-0,3076923
1063	3,6923077
1063	15,6923077
1064	-22,3076923
1064	0,6923077
1064	14,6923077
1064	12,6923077
1065	12,6923077
1065	10,6923077
1065	-2,3076923
1065	-6,3076923
1066	22,6923077
1066	9,6923077
1066	7,6923077
1066	23,6923077
1067	-3,3076923
1067	38,6923077
1067	23,6923077
1067	8,6923077
1067	4,6923077
1068	15,6923077
1068	19,6923077
1068	1,6923077
1068	2,6923077
1069	20,6923077
1069	14,6923077
1069	-10,3076923
1069	-7,3076923
1070	6,6923077
1070	-14,3076923
1070	8,6923077
1070	-0,3076923
1071	-10,3076923
1071	3,6923077
1071	-0,3076923
1071	15,6923077
1072	14,6923077
1072	2,6923077
1072	-4,3076923
1072	10,6923077
1072	14,6923077
1073	11,6923077
1073	-0,3076923
1073	-40,3076923
1073	-16,3076923
1074	11,6923077
1074	6,6923077
1074	-10,3076923
1074	-3,3076923
1075	21,6923077
1075	-2,3076923
1075	6,6923077
1075	21,6923077
1076	7,6923077
1076	-1,3076923
1076	-16,3076923
1076	-1,3076923
1077	0,6923077
1077	1,6923077
1077	-9,3076923
1077	2,6923077
1077	38,6923077
1078	3,6923077
1078	1,6923077
1078	8,6923077
1078	-9,3076923
1079	29,6923077
1079	36,6923077
1079	10,6923077
1079	13,6923077
1080	10,6923077
1080	-16,3076923
1080	-3,3076923
1080	0,6923077
1081	-13,3076923
1081	-18,3076923
1081	22,6923077
1081	7,6923077
1082	28,6923077
1082	5,6923077
1082	-3,3076923
1082	2,6923077
1082	13,6923077
1083	27,6923077
1083	13,6923077
1083	20,6923077
1083	4,6923077
1084	5,6923077
1084	9,6923077
1084	18,6923077
1084	15,6923077
1085	-10,3076923
1085	3,6923077
1085	26,6923077
1085	-3,3076923
1086	-21,3076923
1086	11,6923077
1086	20,6923077
1086	4,6923077
1087	-22,3076923
1087	-24,3076923
1087	-7,3076923
1087	2,6923077
1087	2,6923077
1088	-18,3076923
1088	-7,3076923
1088	17,6923077
1088	17,6923077
1089	1,6923077
1089	5,6923077
1089	-14,3076923
1089	-1,3076923
1090	18,6923077
1090	1,6923077
1090	1,6923077
1090	5,6923077
1091	20,6923077
1091	9,6923077
1091	1,6923077
1091	13,6923077
1092	27,6923077
1092	17,6923077
1092	-9,3076923
1092	-6,3076923
1092	-28,3076923
1093	-22,3076923
1093	12,6923077
1093	-23,3076923
1093	5,6923077
1094	6,6923077
1094	-13,3076923
1094	-27,3076923
1094	-2,3076923
1095	2,6923077
1095	27,6923077
1095	42,6923077
1095	18,6923077
1096	-20,3076923
1096	-27,3076923
1096	-6,3076923
1096	28,6923077
1097	12,6923077
1097	-13,3076923
1097	0,6923077
1097	0,6923077
1097	12,6923077
1098	0,6923077
1098	7,6923077
1098	0,6923077
1098	-18,3076923
1099	21,6923077
1099	6,6923077
1099	14,6923077
1099	20,6923077
1100	-6,3076923
1100	-23,3076923
1100	13,6923077
1100	16,6923077
1101	-2,3076923
1101	-14,3076923
1101	49,6923077
1101	-13,3076923
1101	-1,3076923
1102	2,6923077
1102	12,6923077
1102	2,6923077
1102	-8,3076923
1103	8,6923077
1103	16,6923077
1103	3,6923077
1103	-5,3076923
1104	17,6923077
1104	8,6923077
1104	5,6923077
1104	13,6923077
1105	8,6923077
1105	-14,3076923
1105	11,6923077
1105	24,6923077
1106	27,6923077
1106	-15,3076923
1106	-10,3076923
1106	-1,3076923
1106	-9,3076923
1107	12,6923077
1107	32,6923077
1107	24,6923077
1107	-3,3076923
1108	-8,3076923
1108	9,6923077
1108	34,6923077
1108	-2,3076923
1109	-18,3076923
1109	8,6923077
1109	-7,3076923
1109	0,6923077
1110	21,6923077
1110	10,6923077
1110	12,6923077
1110	-9,3076923
1110	-9,3076923
1111	4,6923077
1111	5,6923077
1111	-20,3076923
1111	-6,3076923
1112	-5,3076923
1112	11,6923077
1112	28,6923077
1112	14,6923077
1113	-11,3076923
1113	-26,3076923
1113	-2,3076923
1113	9,6923077
1114	41,6923077
1114	0,6923077
1114	1,6923077
1114	10,6923077
1115	15,6923077
1115	-11,3076923
1115	-5,3076923
1115	-3,3076923
1115	31,6923077
1116	-1,3076923
1116	3,6923077
1116	0,6923077
1116	-5,3076923
1117	11,6923077
1117	-8,3076923
1117	-3,3076923
1117	7,6923077
1118	23,6923077
