196	1,6923077
196	1,6923077
196	1,6923077
197	-13,3076923
197	-4,3076923
197	10,6923077
197	-2,3076923
198	21,6923077
198	-7,3076923
198	-22,3076923
199	4,6923077
199	8,6923077
199	-1,3076923
199	0,6923077
200	42,6923077
200	5,6923077
200	21,6923077
200	-0,3076923
201	6,6923077
201	-24,3076923
201	7,6923077
201	4,6923077
202	34,6923077
202	19,6923077
202	-22,3076923
203	0,6923077
203	0,6923077
203	20,6923077
203	9,6923077
204	21,6923077
204	21,6923077
204	-22,3076923
204	10,6923077
205	0,6923077
205	-7,3076923
205	-8,3076923
205	25,6923077
206	0,6923077
206	4,6923077
206	23,6923077
207	-20,3076923
207	4,6923077
207	-10,3076923
207	-26,3076923
208	12,6923077
208	-1,3076923
208	-25,3076923
208	15,6923077
209	-29,3076923
209	-26,3076923
209	-3,3076923
209	-19,3076923
210	14,6923077
210	-2,3076923
210	8,6923077
211	-12,3076923
211	7,6923077
211	-1,3076923
211	21,6923077
212	-4,3076923
212	-19,3076923
212	5,6923077
212	-6,3076923
213	3,6923077
213	-17,3076923
213	5,6923077
213	30,6923077
214	-13,3076923
214	1,6923077
214	4,6923077
215	8,6923077
215	12,6923077
215	6,6923077
215	-3,3076923
216	15,6923077
216	7,6923077
216	15,6923077
216	-1,3076923
217	10,6923077
217	4,6923077
217	6,6923077
217	1,6923077
218	-32,3076923
218	-26,3076923
218	6,6923077
219	14,6923077
219	-2,3076923
219	12,6923077
219	15,6923077
220	14,6923077
220	0,6923077
220	-15,3076923
220	-5,3076923
221	-1,3076923
221	-9,3076923
221	2,6923077
221	-2,3076923
222	13,6923077
222	15,6923077
222	15,6923077
223	31,6923077
223	-17,3076923
223	-8,3076923
223	-25,3076923
224	24,6923077
224	-6,3076923
224	3,6923077
224	2,6923077
225	-7,3076923
225	-9,3076923
225	19,6923077
225	8,6923077
226	0,6923077
226	-4,3076923
226	24,6923077
227	-0,3076923
227	-5,3076923
227	-8,3076923
227	17,6923077
228	22,6923077
228	-6,3076923
228	3,6923077
228	7,6923077
229	17,6923077
229	4,6923077
229	-1,3076923
229	-1,3076923
230	23,6923077
230	-14,3076923
230	-12,3076923
231	-12,3076923
231	0,6923077
231	-21,3076923
231	17,6923077
232	15,6923077
232	-8,3076923
232	20,6923077
232	2,6923077
233	0,6923077
233	14,6923077
233	-9,3076923
233	-6,3076923
234	-17,3076923
234	22,6923077
234	-3,3076923
235	8,6923077
235	27,6923077
235	25,6923077
235	-1,3076923
236	-2,3076923
236	0,6923077
236	-17,3076923
236	-5,3076923
237	14,6923077
237	9,6923077
237	-1,3076923
237	1,6923077
238	21,6923077
238	-12,3076923
238	18,6923077
239	-13,3076923
239	-4,3076923
239	2,6923077
239	8,6923077
240	17,6923077
240	2,6923077
240	-3,3076923
240	16,6923077
241	6,6923077
241	25,6923077
241	1,6923077
241	34,6923077
242	-23,3076923
242	-10,3076923
242	6,6923077
243	19,6923077
243	43,6923077
243	-14,3076923
243	2,6923077
244	2,6923077
244	-7,3076923
244	3,6923077
244	-0,3076923
245	8,6923077
245	6,6923077
245	-28,3076923
245	-0,3076923
246	-12,3076923
246	33,6923077
246	-13,3076923
247	-5,3076923
247	-10,3076923
247	-8,3076923
247	7,6923077
248	10,6923077
248	16,6923077
248	21,6923077
248	17,6923077
249	21,6923077
249	0,6923077
249	-9,3076923
249	3,6923077
250	5,6923077
250	5,6923077
250	-9,3076923
251	-8,3076923
251	9,6923077
251	8,6923077
251	-32,3076923
252	-9,3076923
252	27,6923077
252	25,6923077
252	5,6923077
253	-0,3076923
253	3,6923077
253	3,6923077
253	6,6923077
254	17,6923077
254	-13,3076923
254	-5,3076923
254	17,6923077
255	1,6923077
255	5,6923077
255	1,6923077
256	-7,3076923
256	-6,3076923
256	6,6923077
256	29,6923077
257	8,6923077
257	-6,3076923
257	21,6923077
257	18,6923077
258	7,6923077
258	5,6923077
258	1,6923077
258	8,6923077
259	8,6923077
259	33,6923077
259	27,6923077
260	0,6923077
260	-14,3076923
260	7,6923077
260	6,6923077
261	9,6923077
261	16,6923077
261	2,6923077
261	11,6923077
262	21,6923077
262	-3,3076923
262	-12,3076923
262	-0,3076923
263	14,6923077
263	7,6923077
263	9,6923077
264	6,6923077
264	10,6923077
264	2,6923077
264	1,6923077
265	-17,3076923
265	-20,3076923
265	-8,3076923
265	-18,3076923
266	10,6923077
266	-5,3076923
266	-0,3076923
266	-21,3076923
267	27,6923077
267	-0,3076923
267	7,6923077
268	28,6923077
268	27,6923077
268	12,6923077
268	36,6923077
269	1,6923077
269	6,6923077
269	-14,3076923
269	6,6923077
270	3,6923077
270	-1,3076923
270	-6,3076923
270	-2,3076923
271	-2,3076923
271	8,6923077
271	34,6923077
271	1,6923077
272	5,6923077
272	-11,3076923
272	-24,3076923
273	-1,3076923
273	-0,3076923
273	30,6923077
273	-1,3076923
274	-2,3076923
274	-3,3076923
274	-20,3076923
274	-14,3076923
275	28,6923077
275	-5,3076923
275	7,6923077
275	12,6923077
276	12,6923077
276	1,6923077
276	-0,3076923
277	8,6923077
277	41,6923077
277	38,6923077
277	1,6923077
278	-1,3076923
278	15,6923077
278	-1,3076923
278	-10,3076923
279	2,6923077
279	3,6923077
279	31,6923077
279	28,6923077
280	13,6923077
280	3,6923077
280	-14,3076923
280	-7,3076923
281	9,6923077
281	21,6923077
281	-5,3076923
282	-22,3076923
282	2,6923077
282	-0,3076923
282	0,6923077
283	8,6923077
283	-25,3076923
283	-2,3076923
283	26,6923077
284	6,6923077
284	-21,3076923
284	-20,3076923
284	-0,3076923
285	-15,3076923
285	-3,3076923
285	-7,3076923
286	17,6923077
286	10,6923077
286	-7,3076923
286	8,6923077
287	6,6923077
287	7,6923077
287	-12,3076923
287	2,6923077
288	1,6923077
288	4,6923077
288	3,6923077
288	-3,3076923
289	11,6923077
289	-4,3076923
289	25,6923077
290	5,6923077
290	1,6923077
290	12,6923077
290	13,6923077
291	28,6923077
291	-1,3076923
291	-21,3076923
291	14,6923077
292	11,6923077
292	13,6923077
292	6,6923077
292	29,6923077
293	21,6923077
293	31,6923077
293	37,6923077
293	30,6923077
294	25,6923077
294	9,6923077
294	25,6923077
295	16,6923077
295	42,6923077
295	1,6923077
295	26,6923077
296	31,6923077
296	14,6923077
296	-6,3076923
296	4,6923077
297	-0,3076923
297	23,6923077
297	11,6923077
297	15,6923077
298	43,6923077
298	7,6923077
298	29,6923077
299	2,6923077
299	40,6923077
299	29,6923077
299	-4,3076923
300	-13,3076923
300	-0,3076923
300	-1,3076923
300	18,6923077
301	2,6923077
301	20,6923077
301	10,6923077
301	-7,3076923
302	6,6923077
302	-0,3076923
302	23,6923077
302	18,6923077
303	18,6923077
303	0,6923077
303	-5,3076923
304	17,6923077
304	14,6923077
304	2,6923077
304	7,6923077
305	23,6923077
305	33,6923077
305	10,6923077
305	-18,3076923
306	6,6923077
306	-3,3076923
306	-0,3076923
306	32,6923077
307	40,6923077
307	41,6923077
307	39,6923077
307	19,6923077
308	25,6923077
308	24,6923077
308	42,6923077
309	31,6923077
309	47,6923077
309	31,6923077
309	15,6923077
310	31,6923077
310	21,6923077
310	29,6923077
310	50,6923077
311	62,6923077
311	84,6923077
311	83,6923077
311	92,6923077
312	107,6923077
312	125,6923077
312	103,6923077
313	98,6923077
313	117,6923077
313	115,6923077
313	111,6923077
314	124,6923077
314	133,6923077
314	93,6923077
314	82,6923077
315	97,6923077
315	131,6923077
315	112,6923077
315	88,6923077
316	113,6923077
316	120,6923077
316	125,6923077
316	87,6923077
317	97,6923077
317	75,6923077
317	65,6923077
318	114,6923077
318	81,6923077
318	83,6923077
318	54,6923077
319	41,6923077
319	38,6923077
319	52,6923077
319	45,6923077
320	45,6923077
320	29,6923077
320	22,6923077
320	17,6923077
321	13,6923077
321	6,6923077
321	-24,3076923
321	-2,3076923
322	18,6923077
322	17,6923077
322	1,6923077
323	3,6923077
323	14,6923077
323	10,6923077
323	17,6923077
324	24,6923077
324	9,6923077
324	-16,3076923
324	29,6923077
325	-11,3076923
325	3,6923077
325	-3,3076923
325	3,6923077
326	5,6923077
326	12,6923077
326	13,6923077
327	-6,3076923
327	28,6923077
327	21,6923077
327	-13,3076923
328	21,6923077
328	6,6923077
328	47,6923077
328	27,6923077
329	23,6923077
329	4,6923077
329	7,6923077
329	38,6923077
330	58,6923077
330	26,6923077
330	46,6923077
330	42,6923077
331	27,6923077
331	45,6923077
331	82,6923077
332	101,6923077
332	107,6923077
332	165,6923077
332	117,6923077
333	117,6923077
333	123,6923077
333	166,6923077
333	159,6923077
334	160,6923077
334	203,6923077
334	205,6923077
334	230,6923077
335	195,6923077
335	183,6923077
335	181,6923077
335	213,6923077
336	188,6923077
336	231,6923077
336	225,6923077
337	187,6923077
337	241,6923077
337	247,6923077
337	232,6923077
338	229,6923077
338	225,6923077
338	191,6923077
338	195,6923077
339	196,6923077
339	154,6923077
339	191,6923077
339	159,6923077
340	114,6923077
340	102,6923077
340	99,6923077
340	62,6923077
341	71,6923077
341	94,6923077
341	104,6923077
342	86,6923077
342	106,6923077
342	88,6923077
342	32,6923077
343	39,6923077
343	47,6923077
343	13,6923077
343	40,6923077
344	41,6923077
344	15,6923077
344	54,6923077
344	9,6923077
345	-12,3076923
345	18,6923077
345	-7,3076923
345	16,6923077
346	32,6923077
346	28,6923077
346	5,6923077
347	42,6923077
347	11,6923077
347	15,6923077
347	4,6923077
348	-12,3076923
348	12,6923077
348	55,6923077
348	33,6923077
349	40,6923077
349	25,6923077
349	36,6923077
349	40,6923077
350	32,6923077
350	53,6923077
350	55,6923077
350	56,6923077
351	77,6923077
351	69,6923077
351	52,6923077
352	67,6923077
352	111,6923077
352	112,6923077
352	127,6923077
353	127,6923077
353	143,6923077
353	114,6923077
353	161,6923077
354	143,6923077
354	176,6923077
354	191,6923077
354	165,6923077
355	147,6923077
355	167,6923077
355	144,6923077
355	171,6923077
356	157,6923077
356	156,6923077
356	189,6923077
357	172,6923077
357	159,6923077
357	191,6923077
357	177,6923077
358	212,6923077
358	216,6923077
358	217,6923077
358	200,6923077
359	150,6923077
359	137,6923077
359	149,6923077
359	134,6923077
360	147,6923077
360	132,6923077
360	98,6923077
360	102,6923077
361	92,6923077
361	81,6923077
361	91,6923077
362	136,6923077
362	135,6923077
362	139,6923077
362	82,6923077
363	66,6923077
363	60,6923077
363	33,6923077
363	39,6923077
364	38,6923077
364	14,6923077
364	20,6923077
364	32,6923077
365	7,6923077
365	24,6923077
365	10,6923077
365	46,6923077
366	5,6923077
366	9,6923077
366	22,6923077
367	26,6923077
367	18,6923077
367	48,6923077
367	10,6923077
368	-10,3076923
368	15,6923077
368	-4,3076923
368	23,6923077
369	-2,3076923
369	16,6923077
369	33,6923077
369	24,6923077
370	34,6923077
370	44,6923077
370	14,6923077
370	31,6923077
371	38,6923077
371	20,6923077
371	34,6923077
371	76,6923077
372	36,6923077
372	33,6923077
372	57,6923077
373	74,6923077
373	52,6923077
373	59,6923077
373	41,6923077
374	43,6923077
374	80,6923077
374	61,6923077
374	63,6923077
375	69,6923077
375	93,6923077
375	68,6923077
375	96,6923077
376	96,6923077
376	77,6923077
376	82,6923077
376	81,6923077
377	73,6923077
377	97,6923077
377	97,6923077
378	89,6923077
378	59,6923077
378	80,6923077
378	61,6923077
379	65,6923077
379	68,6923077
379	94,6923077
379	94,6923077
380	82,6923077
380	87,6923077
380	82,6923077
380	78,6923077
381	87,6923077
381	69,6923077
381	75,6923077
381	66,6923077
382	60,6923077
382	43,6923077
382	67,6923077
383	38,6923077
383	20,6923077
383	51,6923077
383	54,6923077
384	56,6923077
384	48,6923077
384	62,6923077
384	47,6923077
385	48,6923077
385	71,6923077
385	78,6923077
385	65,6923077
386	40,6923077
386	37,6923077
386	19,6923077
386	31,6923077
387	50,6923077
387	6,6923077
387	44,6923077
387	-3,3076923
388	22,6923077
388	19,6923077
388	21,6923077
389	-17,3076923
389	-17,3076923
389	0,6923077
389	38,6923077
390	19,6923077
390	16,6923077
390	19,6923077
390	19,6923077
391	17,6923077
391	32,6923077
391	10,6923077
391	20,6923077
392	30,6923077
392	8,6923077
392	10,6923077
392	30,6923077
393	9,6923077
393	6,6923077
393	56,6923077
394	49,6923077
394	22,6923077
394	29,6923077
394	42,6923077
395	32,6923077
395	34,6923077
395	34,6923077
395	59,6923077
396	39,6923077
396	46,6923077
396	26,6923077
396	25,6923077
397	24,6923077
397	42,6923077
397	19,6923077
397	51,6923077
398	62,6923077
398	15,6923077
398	10,6923077
398	45,6923077
399	27,6923077
399	31,6923077
399	58,6923077
400	57,6923077
400	51,6923077
400	51,6923077
400	55,6923077
401	18,6923077
401	58,6923077
401	41,6923077
401	22,6923077
402	55,6923077
402	28,6923077
402	32,6923077
402	24,6923077
403	23,6923077
403	42,6923077
403	35,6923077
403	40,6923077
404	24,6923077
404	78,6923077
404	41,6923077
405	36,6923077
405	56,6923077
405	58,6923077
405	39,6923077
406	67,6923077
406	37,6923077
406	33,6923077
406	46,6923077
407	25,6923077
407	0,6923077
407	10,6923077
407	22,6923077
408	26,6923077
408	24,6923077
408	-3,3076923
408	22,6923077
409	37,6923077
409	19,6923077
409	21,6923077
409	26,6923077
410	26,6923077
410	36,6923077
410	54,6923077
411	23,6923077
411	21,6923077
411	17,6923077
411	5,6923077
412	14,6923077
412	10,6923077
412	7,6923077
412	26,6923077
413	1,6923077
413	4,6923077
413	24,6923077
413	-6,3076923
414	18,6923077
414	6,6923077
414	-0,3076923
414	4,6923077
415	51,6923077
415	21,6923077
415	-3,3076923
415	-15,3076923
416	12,6923077
416	-19,3076923
416	28,6923077
417	41,6923077
417	7,6923077
417	0,6923077
417	9,6923077
418	29,6923077
418	30,6923077
418	40,6923077
418	-6,3076923
419	8,6923077
419	18,6923077
419	29,6923077
419	17,6923077
420	20,6923077
420	19,6923077
420	26,6923077
420	43,6923077
421	17,6923077
421	17,6923077
421	20,6923077
421	-7,3076923
422	5,6923077
422	46,6923077
422	4,6923077
423	24,6923077
423	5,6923077
423	40,6923077
423	38,6923077
424	36,6923077
424	-16,3076923
424	9,6923077
424	27,6923077
425	60,6923077
425	-5,3076923
425	26,6923077
425	7,6923077
426	7,6923077
426	14,6923077
426	31,6923077
426	19,6923077
427	38,6923077
427	0,6923077
427	15,6923077
427	31,6923077
428	26,6923077
428	44,6923077
428	17,6923077
429	39,6923077
429	20,6923077
429	7,6923077
429	59,6923077
430	25,6923077
430	16,6923077
430	26,6923077
430	-0,3076923
431	25,6923077
431	9,6923077
431	-7,3076923
431	18,6923077
432	23,6923077
432	21,6923077
432	28,6923077
432	40,6923077
433	25,6923077
433	16,6923077
433	22,6923077
433	1,6923077
434	26,6923077
434	9,6923077
434	14,6923077
435	7,6923077
435	9,6923077
435	-14,3076923
435	4,6923077
436	8,6923077
436	41,6923077
436	9,6923077
436	18,6923077
437	29,6923077
437	22,6923077
437	20,6923077
437	-1,3076923
438	29,6923077
438	29,6923077
438	42,6923077
438	18,6923077
439	24,6923077
439	-0,3076923
439	10,6923077
439	20,6923077
440	32,6923077
440	40,6923077
440	9,6923077
441	-21,3076923
441	-18,3076923
441	25,6923077
441	39,6923077
442	6,6923077
442	4,6923077
442	28,6923077
442	28,6923077
443	5,6923077
443	7,6923077
443	27,6923077
443	-9,3076923
444	-28,3076923
444	24,6923077
444	9,6923077
444	13,6923077
445	-8,3076923
445	31,6923077
445	34,6923077
445	28,6923077
446	-9,3076923
446	-0,3076923
446	33,6923077
447	15,6923077
447	-4,3076923
447	5,6923077
447	19,6923077
448	25,6923077
448	-3,3076923
448	-22,3076923
448	-12,3076923
449	23,6923077
449	15,6923077
449	-4,3076923
449	-2,3076923
450	-20,3076923
450	-13,3076923
450	5,6923077
450	16,6923077
451	13,6923077
451	10,6923077
451	-15,3076923
451	5,6923077
452	-7,3076923
452	-4,3076923
452	9,6923077
452	4,6923077
453	0,6923077
453	8,6923077
453	-3,3076923
454	20,6923077
454	5,6923077
454	17,6923077
454	4,6923077
455	-25,3076923
455	-5,3076923
455	-18,3076923
455	-11,3076923
456	11,6923077
456	-2,3076923
456	-7,3076923
456	7,6923077
457	-15,3076923
457	-0,3076923
457	-5,3076923
457	-6,3076923
458	1,6923077
458	1,6923077
458	-4,3076923
458	8,6923077
459	-22,3076923
459	-4,3076923
459	22,6923077
460	25,6923077
460	2,6923077
460	27,6923077
460	6,6923077
461	1,6923077
461	-12,3076923
461	11,6923077
461	34,6923077
462	23,6923077
462	21,6923077
462	9,6923077
462	-2,3076923
463	-8,3076923
463	-2,3076923
463	-22,3076923
463	-9,3076923
464	-1,3076923
464	-0,3076923
464	10,6923077
464	-3,3076923
465	0,6923077
465	24,6923077
465	38,6923077
465	18,6923077
466	6,6923077
466	2,6923077
466	15,6923077
467	24,6923077
467	13,6923077
467	10,6923077
467	-2,3076923
468	10,6923077
468	19,6923077
468	-16,3076923
468	-1,3076923
469	30,6923077
469	-16,3076923
469	-20,3076923
469	-1,3076923
470	6,6923077
470	3,6923077
470	15,6923077
470	-8,3076923
471	10,6923077
471	-2,3076923
471	14,6923077
471	-5,3076923
472	-3,3076923
472	24,6923077
472	-12,3076923
472	28,6923077
473	15,6923077
473	36,6923077
473	-1,3076923
474	21,6923077
474	-19,3076923
474	14,6923077
474	-14,3076923
475	12,6923077
475	9,6923077
475	6,6923077
475	13,6923077
476	19,6923077
476	-4,3076923
476	19,6923077
476	3,6923077
477	29,6923077
477	3,6923077
477	-8,3076923
477	11,6923077
478	16,6923077
478	14,6923077
478	-6,3076923
478	-22,3076923
479	-9,3076923
479	14,6923077
479	7,6923077
479	-2,3076923
480	9,6923077
480	-3,3076923
480	1,6923077
481	-3,3076923
481	19,6923077
481	0,6923077
481	1,6923077
482	31,6923077
482	-1,3076923
482	-6,3076923
482	0,6923077
483	-7,3076923
483	14,6923077
483	5,6923077
483	-13,3076923
484	6,6923077
484	17,6923077
484	34,6923077
484	-11,3076923
485	-0,3076923
485	15,6923077
485	9,6923077
485	12,6923077
486	-2,3076923
486	3,6923077
486	9,6923077
486	4,6923077
487	-38,3076923
487	8,6923077
487	33,6923077
488	15,6923077
488	-2,3076923
488	-1,3076923
488	-7,3076923
489	10,6923077
489	8,6923077
489	-2,3076923
489	-14,3076923
490	14,6923077
490	8,6923077
490	7,6923077
490	17,6923077
491	-9,3076923
491	-0,3076923
491	-11,3076923
491	8,6923077
492	-2,3076923
492	-0,3076923
492	26,6923077
492	-13,3076923
493	0,6923077
493	-11,3076923
493	12,6923077
493	-10,3076923
494	-1,3076923
494	22,6923077
494	42,6923077
495	2,6923077
495	-11,3076923
495	14,6923077
495	-0,3076923
496	21,6923077
496	7,6923077
496	7,6923077
496	6,6923077
497	1,6923077
497	8,6923077
497	7,6923077
497	16,6923077
498	29,6923077
498	-3,3076923
498	1,6923077
498	-15,3076923
499	22,6923077
499	-0,3076923
499	21,6923077
499	32,6923077
500	11,6923077
500	9,6923077
500	-22,3076923
500	9,6923077
501	-1,3076923
501	-7,3076923
501	26,6923077
502	-4,3076923
502	4,6923077
502	3,6923077
502	-8,3076923
503	7,6923077
503	6,6923077
503	5,6923077
503	-30,3076923
504	8,6923077
504	-5,3076923
504	3,6923077
504	21,6923077
505	24,6923077
505	-1,3076923
505	-0,3076923
505	10,6923077
506	-2,3076923
506	8,6923077
506	4,6923077
506	8,6923077
507	-0,3076923
507	-2,3076923
507	12,6923077
507	-18,3076923
508	24,6923077
508	10,6923077
508	5,6923077
508	27,6923077
509	3,6923077
509	-2,3076923
509	-0,3076923
510	-9,3076923
510	-1,3076923
510	-2,3076923
510	-0,3076923
511	15,6923077
511	-10,3076923
511	-22,3076923
511	-19,3076923
512	17,6923077
512	3,6923077
512	8,6923077
512	6,6923077
513	-19,3076923
513	1,6923077
513	8,6923077
513	-7,3076923
514	-7,3076923
514	20,6923077
514	2,6923077
514	2,6923077
515	4,6923077
515	7,6923077
515	1,6923077
515	25,6923077
516	10,6923077
516	3,6923077
516	9,6923077
516	-18,3076923
517	-17,3076923
517	4,6923077
517	2,6923077
518	-3,3076923
518	12,6923077
518	13,6923077
518	8,6923077
519	26,6923077
519	10,6923077
519	1,6923077
519	11,6923077
520	-1,3076923
520	-0,3076923
520	27,6923077
520	15,6923077
521	-3,3076923
521	20,6923077
521	-3,3076923
521	16,6923077
522	27,6923077
522	21,6923077
522	31,6923077
522	27,6923077
523	18,6923077
523	1,6923077
523	5,6923077
523	-27,3076923
524	23,6923077
524	2,6923077
524	-3,3076923
524	18,6923077
525	14,6923077
525	-7,3076923
525	7,6923077
526	1,6923077
526	36,6923077
526	33,6923077
526	-13,3076923
527	-10,3076923
527	15,6923077
527	1,6923077
527	3,6923077
528	20,6923077
528	-3,3076923
528	9,6923077
528	14,6923077
529	25,6923077
529	-15,3076923
529	-28,3076923
529	43,6923077
530	2,6923077
530	-14,3076923
530	8,6923077
530	8,6923077
531	6,6923077
531	2,6923077
531	32,6923077
531	10,6923077
532	14,6923077
532	18,6923077
532	1,6923077
532	10,6923077
533	7,6923077
533	-13,3076923
533	-3,3076923
534	11,6923077
534	34,6923077
534	7,6923077
534	15,6923077
535	7,6923077
535	-9,3076923
535	31,6923077
535	18,6923077
536	20,6923077
536	24,6923077
536	4,6923077
536	-7,3076923
537	9,6923077
537	-9,3076923
537	9,6923077
537	4,6923077
538	3,6923077
538	-20,3076923
538	21,6923077
538	-14,3076923
539	21,6923077
539	30,6923077
539	10,6923077
539	8,6923077
540	-19,3076923
540	-20,3076923
540	13,6923077
540	-1,3076923
541	-0,3076923
541	1,6923077
541	-19,3076923
541	-6,3076923
542	24,6923077
542	5,6923077
542	33,6923077
543	-3,3076923
543	-10,3076923
543	-2,3076923
543	27,6923077
544	6,6923077
544	-6,3076923
544	-11,3076923
544	9,6923077
545	-30,3076923
545	-5,3076923
545	-14,3076923
545	-23,3076923
546	6,6923077
546	3,6923077
546	6,6923077
546	13,6923077
547	-4,3076923
547	-1,3076923
547	29,6923077
547	-0,3076923
548	19,6923077
548	22,6923077
548	15,6923077
548	13,6923077
549	-10,3076923
549	23,6923077
549	-20,3076923
549	-2,3076923
550	8,6923077
550	4,6923077
550	16,6923077
550	-8,3076923
551	-17,3076923
551	1,6923077
551	8,6923077
552	-9,3076923
552	-1,3076923
552	-13,3076923
552	-0,3076923
553	26,6923077
553	18,6923077
553	-2,3076923
553	32,6923077
554	-14,3076923
554	-1,3076923
554	-5,3076923
554	-9,3076923
555	30,6923077
555	31,6923077
555	5,6923077
555	-5,3076923
556	7,6923077
556	1,6923077
556	0,6923077
556	9,6923077
557	25,6923077
557	27,6923077
557	-21,3076923
557	13,6923077
558	-7,3076923
558	-56,3076923
558	20,6923077
558	15,6923077
559	25,6923077
559	6,6923077
559	5,6923077
559	-17,3076923
560	21,6923077
560	27,6923077
560	2,6923077
561	-9,3076923
561	-0,3076923
561	-3,3076923
561	10,6923077
562	3,6923077
562	17,6923077
562	19,6923077
562	8,6923077
563	31,6923077
563	8,6923077
563	-6,3076923
563	7,6923077
564	-8,3076923
564	-10,3076923
564	-9,3076923
564	15,6923077
565	15,6923077
565	20,6923077
565	-5,3076923
565	5,6923077
566	15,6923077
566	12,6923077
566	-5,3076923
566	15,6923077
567	3,6923077
567	-22,3076923
567	-13,3076923
567	-17,3076923
568	-6,3076923
568	4,6923077
568	18,6923077
568	-4,3076923
569	-14,3076923
569	12,6923077
569	-2,3076923
569	-18,3076923
570	7,6923077
570	16,6923077
570	19,6923077
571	-0,3076923
571	3,6923077
571	-20,3076923
571	14,6923077
572	4,6923077
572	11,6923077
572	16,6923077
572	20,6923077
573	0,6923077
573	-10,3076923
573	-0,3076923
573	-5,3076923
574	8,6923077
574	11,6923077
574	-17,3076923
574	1,6923077
575	-3,3076923
575	-17,3076923
575	-3,3076923
575	-6,3076923
576	12,6923077
576	6,6923077
576	28,6923077
576	-11,3076923
577	-15,3076923
577	20,6923077
577	11,6923077
577	-20,3076923
578	12,6923077
578	-5,3076923
578	-3,3076923
578	3,6923077
579	0,6923077
579	-1,3076923
579	-1,3076923
579	-12,3076923
580	5,6923077
580	25,6923077
580	15,6923077
581	27,6923077
581	-8,3076923
581	22,6923077
581	3,6923077
582	-2,3076923
582	0,6923077
582	11,6923077
582	0,6923077
583	-14,3076923
583	-11,3076923
583	-3,3076923
583	5,6923077
584	37,6923077
584	5,6923077
584	25,6923077
584	36,6923077
585	26,6923077
585	13,6923077
585	41,6923077
585	-5,3076923
586	18,6923077
586	13,6923077
586	3,6923077
586	25,6923077
587	4,6923077
587	-13,3076923
587	4,6923077
587	-10,3076923
588	-7,3076923
588	14,6923077
588	4,6923077
588	-13,3076923
589	3,6923077
589	-3,3076923
589	11,6923077
589	-13,3076923
590	-19,3076923
590	-4,3076923
590	-16,3076923
590	11,6923077
591	-7,3076923
591	18,6923077
591	-13,3076923
592	-8,3076923
592	-7,3076923
592	-4,3076923
592	3,6923077
593	21,6923077
593	-5,3076923
593	-7,3076923
593	13,6923077
594	54,6923077
594	-1,3076923
594	9,6923077
594	-9,3076923
595	8,6923077
595	-4,3076923
595	1,6923077
595	10,6923077
596	19,6923077
596	-4,3076923
596	-12,3076923
596	20,6923077
597	12,6923077
597	5,6923077
597	11,6923077
597	-219,3076923
598	-22,3076923
598	-0,3076923
598	6,6923077
598	-24,3076923
599	-38,3076923
599	-22,3076923
599	-16,3076923
599	-0,3076923
600	11,6923077
600	0,6923077
600	-14,3076923
600	-2,3076923
601	-7,3076923
601	-5,3076923
601	-3,3076923
601	2,6923077
602	18,6923077
602	-5,3076923
602	3,6923077
603	5,6923077
603	-0,3076923
603	22,6923077
603	16,6923077
604	0,6923077
604	3,6923077
604	17,6923077
604	1,6923077
605	27,6923077
605	7,6923077
605	-5,3076923
605	1,6923077
606	-0,3076923
606	-0,3076923
606	21,6923077
606	12,6923077
607	-9,3076923
607	-4,3076923
607	24,6923077
607	16,6923077
608	-5,3076923
608	31,6923077
608	2,6923077
608	10,6923077
609	-3,3076923
609	-6,3076923
609	20,6923077
609	-16,3076923
610	-13,3076923
610	23,6923077
610	13,6923077
610	-9,3076923
611	-18,3076923
611	-1,3076923
611	-15,3076923
611	-10,3076923
612	-1,3076923
612	18,6923077
612	18,6923077
612	8,6923077
613	0,6923077
613	21,6923077
613	28,6923077
613	2,6923077
614	19,6923077
614	-3,3076923
614	0,6923077
614	9,6923077
615	-0,3076923
615	6,6923077
615	0,6923077
616	-26,3076923
616	1,6923077
616	2,6923077
616	-6,3076923
617	-11,3076923
617	18,6923077
617	26,6923077
617	-15,3076923
618	-17,3076923
618	5,6923077
618	1,6923077
618	24,6923077
619	-2,3076923
619	23,6923077
619	-2,3076923
619	17,6923077
620	19,6923077
620	23,6923077
620	-19,3076923
620	-16,3076923
621	14,6923077
621	1,6923077
621	17,6923077
621	-12,3076923
622	1,6923077
622	16,6923077
622	8,6923077
622	-19,3076923
623	-9,3076923
623	8,6923077
623	6,6923077
623	23,6923077
624	-11,3076923
624	3,6923077
624	10,6923077
624	-5,3076923
625	15,6923077
625	2,6923077
625	-15,3076923
625	3,6923077
626	12,6923077
626	-1,3076923
626	18,6923077
626	28,6923077
627	6,6923077
627	0,6923077
627	29,6923077
627	-5,3076923
628	-1,3076923
628	11,6923077
628	0,6923077
629	-8,3076923
629	6,6923077
629	-4,3076923
629	20,6923077
630	6,6923077
630	3,6923077
630	6,6923077
630	2,6923077
631	-12,3076923
631	0,6923077
631	-11,3076923
631	8,6923077
632	7,6923077
632	9,6923077
632	-1,3076923
632	-14,3076923
633	-15,3076923
633	7,6923077
633	8,6923077
633	2,6923077
634	2,6923077
634	-9,3076923
634	-3,3076923
634	-3,3076923
635	-3,3076923
635	-3,3076923
635	-12,3076923
635	16,6923077
636	13,6923077
636	10,6923077
636	18,6923077
636	-3,3076923
637	-1,3076923
637	18,6923077
637	9,6923077
637	-1,3076923
638	-0,3076923
638	7,6923077
638	-3,3076923
638	7,6923077
639	-10,3076923
639	-35,3076923
639	15,6923077
639	50,6923077
640	0,6923077
640	-0,3076923
640	-9,3076923
640	9,6923077
641	-19,3076923
641	9,6923077
641	23,6923077
641	-3,3076923
642	-0,3076923
642	7,6923077
642	6,6923077
642	17,6923077
643	1,6923077
643	16,6923077
643	22,6923077
644	21,6923077
644	0,6923077
644	21,6923077
644	26,6923077
645	-2,3076923
645	-30,3076923
645	20,6923077
645	9,6923077
646	10,6923077
646	3,6923077
646	-12,3076923
646	31,6923077
647	16,6923077
647	32,6923077
647	13,6923077
647	22,6923077
648	21,6923077
648	-10,3076923
648	3,6923077
648	15,6923077
649	13,6923077
649	40,6923077
649	-5,3076923
649	-6,3076923
650	19,6923077
650	12,6923077
650	10,6923077
650	0,6923077
651	6,6923077
651	25,6923077
651	14,6923077
651	18,6923077
652	25,6923077
652	10,6923077
652	-5,3076923
652	-8,3076923
653	16,6923077
653	22,6923077
653	24,6923077
653	-14,3076923
654	-14,3076923
654	0,6923077
654	14,6923077
654	7,6923077
655	12,6923077
655	36,6923077
655	17,6923077
655	6,6923077
656	12,6923077
656	22,6923077
656	5,6923077
656	17,6923077
657	30,6923077
657	-11,3076923
657	19,6923077
657	15,6923077
658	5,6923077
658	-12,3076923
658	-6,3076923
658	-3,3076923
659	-9,3076923
659	19,6923077
659	19,6923077
660	8,6923077
660	-0,3076923
660	14,6923077
660	27,6923077
661	-12,3076923
661	30,6923077
661	10,6923077
661	3,6923077
662	19,6923077
662	36,6923077
662	5,6923077
662	-6,3076923
663	2,6923077
663	-0,3076923
663	7,6923077
663	19,6923077
664	13,6923077
664	7,6923077
664	23,6923077
664	3,6923077
665	20,6923077
665	13,6923077
665	18,6923077
665	-1,3076923
666	-6,3076923
666	17,6923077
666	13,6923077
666	2,6923077
667	45,6923077
667	2,6923077
667	0,6923077
667	-5,3076923
668	14,6923077
668	8,6923077
668	40,6923077
668	15,6923077
669	-5,3076923
669	-5,3076923
669	17,6923077
669	-8,3076923
670	-8,3076923
670	25,6923077
670	-7,3076923
670	-4,3076923
671	0,6923077
671	35,6923077
671	-8,3076923
671	26,6923077
672	-0,3076923
672	-2,3076923
672	27,6923077
672	17,6923077
673	24,6923077
673	-3,3076923
673	-8,3076923
673	11,6923077
674	6,6923077
674	10,6923077
674	3,6923077
674	17,6923077
675	-26,3076923
675	17,6923077
675	-2,3076923
675	-1,3076923
676	11,6923077
676	6,6923077
676	1,6923077
676	26,6923077
677	27,6923077
677	-5,3076923
677	-18,3076923
677	3,6923077
678	15,6923077
678	24,6923077
678	4,6923077
678	-8,3076923
679	-4,3076923
679	6,6923077
679	25,6923077
680	8,6923077
680	-1,3076923
680	24,6923077
680	8,6923077
681	23,6923077
681	6,6923077
681	21,6923077
681	0,6923077
682	28,6923077
682	-2,3076923
682	2,6923077
682	-5,3076923
683	-13,3076923
683	13,6923077
683	29,6923077
683	13,6923077
684	-1,3076923
684	-6,3076923
684	6,6923077
684	3,6923077
685	21,6923077
685	-7,3076923
685	5,6923077
685	-9,3076923
686	-4,3076923
686	3,6923077
686	1,6923077
686	-1,3076923
687	28,6923077
687	3,6923077
687	-4,3076923
687	5,6923077
688	-6,3076923
688	29,6923077
688	-9,3076923
688	-7,3076923
689	13,6923077
689	-8,3076923
689	21,6923077
689	8,6923077
690	-7,3076923
690	-3,3076923
690	-17,3076923
690	4,6923077
691	-1,3076923
691	-3,3076923
691	20,6923077
691	26,6923077
692	-6,3076923
692	10,6923077
692	8,6923077
692	7,6923077
693	11,6923077
693	-26,3076923
693	-16,3076923
693	-13,3076923
694	-4,3076923
694	13,6923077
694	-11,3076923
694	0,6923077
695	-5,3076923
695	4,6923077
695	-3,3076923
695	-13,3076923
696	-20,3076923
696	-5,3076923
696	-6,3076923
696	8,6923077
697	-28,3076923
697	4,6923077
697	14,6923077
697	22,6923077
698	-4,3076923
698	-19,3076923
698	0,6923077
698	8,6923077
699	-5,3076923
699	-29,3076923
699	9,6923077
699	22,6923077
700	32,6923077
700	10,6923077
700	7,6923077
700	1,6923077
701	-12,3076923
701	-30,3076923
701	7,6923077
701	6,6923077
702	-12,3076923
702	-21,3076923
702	-9,3076923
702	-22,3076923
703	-17,3076923
703	-9,3076923
703	4,6923077
703	-18,3076923
704	-9,3076923
704	13,6923077
704	-0,3076923
704	34,6923077
705	21,6923077
705	35,6923077
705	10,6923077
706	13,6923077
706	32,6923077
706	-1,3076923
706	-0,3076923
707	3,6923077
707	-9,3076923
707	6,6923077
707	8,6923077
708	-0,3076923
708	28,6923077
708	7,6923077
708	3,6923077
709	-6,3076923
709	-10,3076923
709	-2,3076923
709	-1,3076923
710	-1,3076923
710	2,6923077
710	-2,3076923
710	9,6923077
711	-6,3076923
711	7,6923077
711	11,6923077
711	21,6923077
712	13,6923077
712	-8,3076923
712	16,6923077
712	2,6923077
713	-16,3076923
713	28,6923077
713	-1,3076923
713	20,6923077
714	24,6923077
714	0,6923077
714	-4,3076923
714	-2,3076923
715	-2,3076923
715	-1,3076923
715	-1,3076923
715	20,6923077
716	8,6923077
716	16,6923077
716	-9,3076923
716	4,6923077
717	-18,3076923
717	8,6923077
717	8,6923077
717	11,6923077
718	13,6923077
718	1,6923077
718	-3,3076923
718	-3,3076923
719	17,6923077
719	-0,3076923
719	1,6923077
719	-17,3076923
720	-4,3076923
720	1,6923077
720	-4,3076923
720	0,6923077
721	24,6923077
721	3,6923077
721	-7,3076923
721	-15,3076923
722	26,6923077
722	26,6923077
722	4,6923077
722	-2,3076923
723	22,6923077
723	12,6923077
723	-2,3076923
723	-3,3076923
724	8,6923077
724	11,6923077
724	3,6923077
724	-11,3076923
725	-0,3076923
725	15,6923077
725	0,6923077
725	-1,3076923
726	-15,3076923
726	-8,3076923
726	20,6923077
726	16,6923077
727	-3,3076923
727	-17,3076923
727	11,6923077
727	22,6923077
728	8,6923077
728	-28,3076923
728	-1,3076923
728	15,6923077
729	9,6923077
729	4,6923077
729	-4,3076923
729	5,6923077
730	11,6923077
730	-26,3076923
730	-5,3076923
730	-14,3076923
731	22,6923077
731	-1,3076923
731	-5,3076923
731	30,6923077
732	14,6923077
732	-13,3076923
732	7,6923077
732	32,6923077
733	6,6923077
733	-10,3076923
733	-1,3076923
733	18,6923077
734	-1,3076923
734	7,6923077
734	14,6923077
734	28,6923077
735	-6,3076923
735	5,6923077
735	22,6923077
735	4,6923077
736	-30,3076923
736	-16,3076923
736	9,6923077
736	24,6923077
737	16,6923077
737	7,6923077
737	-2,3076923
737	8,6923077
738	-6,3076923
738	10,6923077
738	20,6923077
738	-3,3076923
739	14,6923077
739	23,6923077
739	-32,3076923
739	5,6923077
740	7,6923077
740	7,6923077
740	17,6923077
740	-8,3076923
741	4,6923077
741	-0,3076923
741	-1,3076923
741	-12,3076923
742	-4,3076923
742	-0,3076923
742	-18,3076923
742	-17,3076923
743	-21,3076923
743	28,6923077
743	10,6923077
743	1,6923077
744	7,6923077
744	11,6923077
744	3,6923077
744	-6,3076923
745	12,6923077
745	7,6923077
745	9,6923077
745	-34,3076923
746	4,6923077
746	5,6923077
746	-4,3076923
746	17,6923077
747	4,6923077
747	4,6923077
747	6,6923077
747	-3,3076923
748	2,6923077
748	-1,3076923
748	11,6923077
748	5,6923077
749	-6,3076923
749	6,6923077
749	7,6923077
749	-27,3076923
750	-12,3076923
750	0,6923077
750	-5,3076923
750	-13,3076923
751	18,6923077
751	32,6923077
751	-14,3076923
751	1,6923077
752	8,6923077
752	3,6923077
752	24,6923077
752	33,6923077
753	-8,3076923
753	-4,3076923
753	-5,3076923
753	-4,3076923
754	1,6923077
754	-4,3076923
754	-17,3076923
754	13,6923077
755	-4,3076923
755	-6,3076923
755	7,6923077
755	6,6923077
756	1,6923077
756	5,6923077
756	15,6923077
756	23,6923077
757	6,6923077
757	27,6923077
757	-5,3076923
757	5,6923077
758	-10,3076923
758	4,6923077
758	-0,3076923
758	31,6923077
759	-1,3076923
759	27,6923077
759	-0,3076923
759	14,6923077
760	24,6923077
760	2,6923077
760	-0,3076923
760	-8,3076923
761	3,6923077
761	12,6923077
761	-3,3076923
761	6,6923077
762	28,6923077
762	3,6923077
762	15,6923077
762	-21,3076923
763	-9,3076923
763	12,6923077
763	18,6923077
763	10,6923077
764	-6,3076923
764	-3,3076923
764	15,6923077
764	27,6923077
765	22,6923077
765	-16,3076923
765	2,6923077
765	30,6923077
766	-1,3076923
766	-17,3076923
766	-2,3076923
766	-3,3076923
767	-3,3076923
767	15,6923077
767	1,6923077
767	-13,3076923
768	12,6923077
768	-0,3076923
768	21,6923077
768	42,6923077
769	-10,3076923
769	23,6923077
769	-4,3076923
769	-32,3076923
770	6,6923077
770	-8,3076923
770	2,6923077
770	-6,3076923
771	12,6923077
771	7,6923077
771	18,6923077
771	19,6923077
772	2,6923077
772	-8,3076923
772	42,6923077
772	8,6923077
773	-6,3076923
773	5,6923077
773	6,6923077
773	12,6923077
774	-3,3076923
774	13,6923077
774	0,6923077
774	18,6923077
775	-0,3076923
775	-4,3076923
775	22,6923077
775	0,6923077
776	-4,3076923
776	6,6923077
776	17,6923077
776	-5,3076923
777	15,6923077
777	21,6923077
777	29,6923077
777	12,6923077
778	-14,3076923
778	2,6923077
778	15,6923077
778	7,6923077
779	-0,3076923
779	5,6923077
779	-0,3076923
779	10,6923077
780	16,6923077
780	8,6923077
780	-16,3076923
780	3,6923077
781	-4,3076923
781	-23,3076923
781	-0,3076923
781	1,6923077
782	18,6923077
782	-25,3076923
782	7,6923077
782	30,6923077
783	8,6923077
783	-4,3076923
783	-3,3076923
783	3,6923077
784	-0,3076923
784	6,6923077
784	13,6923077
784	-2,3076923
785	5,6923077
785	0,6923077
785	-28,3076923
785	-5,3076923
786	-4,3076923
786	1,6923077
786	6,6923077
786	28,6923077
787	-12,3076923
787	11,6923077
787	5,6923077
787	4,6923077
788	-19,3076923
788	-5,3076923
788	-12,3076923
788	-6,3076923
789	15,6923077
789	-4,3076923
789	-2,3076923
789	-13,3076923
790	22,6923077
790	-3,3076923
790	4,6923077
790	-1,3076923
791	15,6923077
791	13,6923077
791	-12,3076923
791	-23,3076923
792	9,6923077
792	20,6923077
792	23,6923077
792	6,6923077
793	-11,3076923
793	5,6923077
793	-12,3076923
793	16,6923077
794	5,6923077
794	5,6923077
794	23,6923077
794	-22,3076923
795	3,6923077
795	-0,3076923
795	7,6923077
795	4,6923077
796	12,6923077
796	4,6923077
796	-17,3076923
796	3,6923077
797	0,6923077
797	-42,3076923
797	18,6923077
797	-2,3076923
798	5,6923077
798	-18,3076923
798	19,6923077
798	43,6923077
799	-9,3076923
799	3,6923077
799	-8,3076923
799	-14,3076923
800	-5,3076923
800	12,6923077
800	8,6923077
800	-25,3076923
801	0,6923077
801	8,6923077
801	4,6923077
801	-17,3076923
802	10,6923077
802	4,6923077
802	8,6923077
802	20,6923077
803	-20,3076923
803	-7,3076923
803	-0,3076923
803	-11,3076923
804	11,6923077
804	7,6923077
804	-1,3076923
804	38,6923077
805	3,6923077
805	-42,3076923
805	8,6923077
805	-16,3076923
806	2,6923077
806	-1,3076923
806	46,6923077
806	21,6923077
807	-18,3076923
807	5,6923077
807	16,6923077
807	26,6923077
808	-17,3076923
808	-19,3076923
808	-3,3076923
808	-26,3076923
809	-8,3076923
809	0,6923077
809	6,6923077
809	-13,3076923
810	14,6923077
810	7,6923077
810	13,6923077
810	-0,3076923
811	-0,3076923
811	12,6923077
811	-12,3076923
811	27,6923077
812	-4,3076923
812	23,6923077
812	22,6923077
812	-4,3076923
813	-4,3076923
813	5,6923077
813	10,6923077
813	-11,3076923
814	-0,3076923
814	8,6923077
814	9,6923077
814	17,6923077
815	17,6923077
815	3,6923077
815	32,6923077
815	-9,3076923
816	20,6923077
816	5,6923077
816	-5,3076923
816	19,6923077
817	-17,3076923
817	18,6923077
817	-8,3076923
817	4,6923077
818	1,6923077
818	0,6923077
818	-19,3076923
818	20,6923077
819	4,6923077
819	34,6923077
819	17,6923077
819	5,6923077
820	-0,3076923
820	-11,3076923
820	1,6923077
820	18,6923077
820	7,6923077
821	0,6923077
821	2,6923077
821	1,6923077
821	17,6923077
822	16,6923077
822	-9,3076923
822	-39,3076923
822	14,6923077
823	-20,3076923
823	0,6923077
823	-0,3076923
823	-6,3076923
824	-16,3076923
824	23,6923077
824	2,6923077
824	-7,3076923
825	3,6923077
825	6,6923077
825	-3,3076923
825	25,6923077
826	21,6923077
826	3,6923077
826	18,6923077
826	3,6923077
827	14,6923077
827	1,6923077
827	-10,3076923
827	-14,3076923
828	-2,3076923
828	-16,3076923
828	17,6923077
828	-3,3076923
829	18,6923077
829	19,6923077
829	14,6923077
829	17,6923077
830	14,6923077
830	31,6923077
830	-2,3076923
830	-12,3076923
831	30,6923077
831	9,6923077
831	17,6923077
831	24,6923077
832	18,6923077
832	7,6923077
832	-9,3076923
832	10,6923077
833	16,6923077
833	-14,3076923
833	-27,3076923
833	14,6923077
834	37,6923077
834	3,6923077
834	-2,3076923
834	-3,3076923
835	8,6923077
835	21,6923077
835	8,6923077
835	19,6923077
836	3,6923077
836	-6,3076923
836	21,6923077
836	32,6923077
837	33,6923077
837	-1,3076923
837	-11,3076923
837	-0,3076923
838	-8,3076923
838	13,6923077
838	16,6923077
838	-8,3076923
839	-5,3076923
839	-21,3076923
839	-9,3076923
839	40,6923077
840	20,6923077
840	4,6923077
840	-5,3076923
840	-11,3076923
841	-10,3076923
841	17,6923077
841	7,6923077
841	6,6923077
842	-9,3076923
842	25,6923077
842	-3,3076923
842	19,6923077
843	15,6923077
843	-11,3076923
843	-15,3076923
843	12,6923077
844	-4,3076923
844	15,6923077
844	15,6923077
844	-20,3076923
845	-10,3076923
845	-5,3076923
845	10,6923077
845	1,6923077
845	-10,3076923
846	-14,3076923
846	5,6923077
846	-8,3076923
846	15,6923077
847	21,6923077
847	5,6923077
847	20,6923077
847	-20,3076923
848	16,6923077
848	-12,3076923
848	2,6923077
848	20,6923077
849	15,6923077
849	7,6923077
849	11,6923077
849	17,6923077
850	40,6923077
850	32,6923077
850	21,6923077
850	28,6923077
851	14,6923077
851	-18,3076923
851	3,6923077
851	-7,3076923
852	-23,3076923
852	0,6923077
852	7,6923077
852	-19,3076923
853	-1,3076923
853	-10,3076923
853	-38,3076923
853	-4,3076923
854	-13,3076923
854	-0,3076923
854	11,6923077
854	18,6923077
855	-0,3076923
855	11,6923077
855	4,6923077
855	-7,3076923
856	-1,3076923
856	3,6923077
856	-1,3076923
856	-16,3076923
857	14,6923077
857	19,6923077
857	1,6923077
857	11,6923077
858	44,6923077
858	1,6923077
858	12,6923077
858	7,6923077
859	21,6923077
859	5,6923077
859	23,6923077
859	9,6923077
860	-2,3076923
860	3,6923077
860	45,6923077
860	6,6923077
861	13,6923077
861	16,6923077
861	14,6923077
861	9,6923077
862	-2,3076923
862	18,6923077
862	-4,3076923
862	11,6923077
863	6,6923077
863	21,6923077
863	9,6923077
863	10,6923077
864	-3,3076923
864	-15,3076923
864	-22,3076923
864	-4,3076923
864	11,6923077
865	-7,3076923
865	10,6923077
865	-12,3076923
865	-4,3076923
866	-4,3076923
866	-4,3076923
866	30,6923077
866	19,6923077
867	-13,3076923
867	-18,3076923
867	13,6923077
867	8,6923077
868	0,6923077
868	-11,3076923
868	-6,3076923
868	17,6923077
869	5,6923077
869	9,6923077
869	-20,3076923
869	-1,3076923
870	36,6923077
870	29,6923077
870	5,6923077
870	22,6923077
871	2,6923077
871	-7,3076923
871	12,6923077
871	-14,3076923
872	20,6923077
872	-13,3076923
872	4,6923077
872	14,6923077
873	-8,3076923
873	-2,3076923
873	3,6923077
873	10,6923077
874	13,6923077
874	1,6923077
874	-5,3076923
874	7,6923077
875	4,6923077
875	-20,3076923
875	-26,3076923
875	13,6923077
876	10,6923077
876	10,6923077
876	-10,3076923
876	-10,3076923
877	9,6923077
877	-24,3076923
877	4,6923077
877	-0,3076923
878	-10,3076923
878	0,6923077
878	2,6923077
878	25,6923077
879	12,6923077
879	-23,3076923
879	2,6923077
879	2,6923077
880	4,6923077
880	10,6923077
880	13,6923077
880	-2,3076923
880	-24,3076923
881	15,6923077
881	8,6923077
881	-0,3076923
881	-5,3076923
882	-10,3076923
882	-8,3076923
882	-6,3076923
882	-4,3076923
883	6,6923077
883	-19,3076923
883	8,6923077
883	-25,3076923
884	29,6923077
884	-10,3076923
884	-15,3076923
884	-1,3076923
885	7,6923077
885	-7,3076923
885	6,6923077
885	2,6923077
886	-10,3076923
886	-5,3076923
886	-15,3076923
886	12,6923077
887	23,6923077
887	1,6923077
887	-13,3076923
887	0,6923077
888	10,6923077
888	-4,3076923
888	13,6923077
888	-8,3076923
889	-6,3076923
889	5,6923077
889	-11,3076923
889	7,6923077
890	17,6923077
890	-27,3076923
890	35,6923077
890	-0,3076923
891	-26,3076923
891	-7,3076923
891	16,6923077
891	25,6923077
892	17,6923077
892	17,6923077
892	-2,3076923
892	25,6923077
893	-3,3076923
893	-14,3076923
893	-25,3076923
893	4,6923077
894	14,6923077
894	-9,3076923
894	-9,3076923
894	10,6923077
894	1,6923077
895	-3,3076923
895	-2,3076923
895	23,6923077
895	10,6923077
896	30,6923077
896	16,6923077
896	10,6923077
896	6,6923077
897	11,6923077
897	15,6923077
897	0,6923077
897	22,6923077
898	-5,3076923
898	3,6923077
898	-22,3076923
898	0,6923077
899	-5,3076923
899	-15,3076923
899	-9,3076923
899	-5,3076923
900	5,6923077
900	43,6923077
900	4,6923077
900	20,6923077
901	23,6923077
901	2,6923077
901	7,6923077
901	2,6923077
902	3,6923077
902	0,6923077
902	5,6923077
902	-5,3076923
903	-8,3076923
903	3,6923077
903	-24,3076923
903	31,6923077
904	4,6923077
904	2,6923077
904	9,6923077
904	-14,3076923
905	3,6923077
905	20,6923077
905	8,6923077
905	11,6923077
906	4,6923077
906	23,6923077
906	-1,3076923
906	-5,3076923
906	-6,3076923
907	4,6923077
907	3,6923077
907	-8,3076923
907	-1,3076923
908	-0,3076923
908	29,6923077
908	26,6923077
908	-5,3076923
909	-12,3076923
909	-29,3076923
909	-0,3076923
909	19,6923077
910	11,6923077
910	-21,3076923
910	15,6923077
910	-3,3076923
911	-7,3076923
911	7,6923077
911	27,6923077
911	5,6923077
912	2,6923077
912	7,6923077
912	-8,3076923
912	20,6923077
913	-5,3076923
913	-11,3076923
913	11,6923077
913	-3,3076923
914	24,6923077
914	-5,3076923
914	24,6923077
914	-8,3076923
915	-5,3076923
915	-23,3076923
915	5,6923077
915	13,6923077
916	18,6923077
916	6,6923077
916	38,6923077
916	16,6923077
917	14,6923077
917	-0,3076923
917	-13,3076923
917	-10,3076923
917	-12,3076923
918	-4,3076923
918	18,6923077
918	3,6923077
918	14,6923077
919	-1,3076923
919	-14,3076923
919	20,6923077
919	3,6923077
920	-6,3076923
920	8,6923077
920	13,6923077
920	15,6923077
921	6,6923077
921	4,6923077
921	-9,3076923
921	-20,3076923
922	-3,3076923
922	1,6923077
922	-2,3076923
922	-19,3076923
923	-2,3076923
923	18,6923077
923	5,6923077
923	-15,3076923
924	14,6923077
924	-11,3076923
924	-1,3076923
924	-11,3076923
925	-8,3076923
925	7,6923077
925	17,6923077
925	20,6923077
926	5,6923077
926	2,6923077
926	2,6923077
926	5,6923077
927	-18,3076923
927	22,6923077
927	-0,3076923
927	-5,3076923
928	-21,3076923
928	-7,3076923
928	-7,3076923
928	-16,3076923
928	20,6923077
929	13,6923077
929	21,6923077
929	13,6923077
929	7,6923077
930	-4,3076923
930	-18,3076923
930	-10,3076923
930	12,6923077
931	1,6923077
931	7,6923077
931	21,6923077
931	17,6923077
932	-1,3076923
932	0,6923077
932	-7,3076923
932	-27,3076923
933	8,6923077
933	11,6923077
933	17,6923077
933	-5,3076923
934	7,6923077
934	22,6923077
934	27,6923077
934	16,6923077
935	14,6923077
935	27,6923077
935	4,6923077
935	13,6923077
936	-17,3076923
936	7,6923077
936	-16,3076923
936	4,6923077
937	21,6923077
937	21,6923077
937	19,6923077
937	22,6923077
938	5,6923077
938	16,6923077
938	20,6923077
938	9,6923077
938	8,6923077
939	16,6923077
939	13,6923077
939	18,6923077
939	11,6923077
940	-19,3076923
940	-2,3076923
940	-35,3076923
940	4,6923077
941	-9,3076923
941	11,6923077
941	-5,3076923
941	1,6923077
942	-1,3076923
942	0,6923077
942	21,6923077
942	12,6923077
943	6,6923077
943	7,6923077
943	-27,3076923
943	4,6923077
944	-6,3076923
944	-10,3076923
944	14,6923077
944	-1,3076923
945	2,6923077
945	-1,3076923
945	-11,3076923
945	-9,3076923
946	12,6923077
946	17,6923077
946	11,6923077
946	-37,3076923
947	10,6923077
947	6,6923077
947	-6,3076923
947	11,6923077
947	9,6923077
948	20,6923077
948	-9,3076923
948	-10,3076923
948	5,6923077
949	8,6923077
949	-23,3076923
949	13,6923077
949	-3,3076923
950	25,6923077
950	8,6923077
950	4,6923077
950	-5,3076923
951	-4,3076923
951	2,6923077
951	7,6923077
951	1,6923077
952	-2,3076923
952	20,6923077
952	29,6923077
952	29,6923077
953	-24,3076923
953	-10,3076923
953	0,6923077
953	-1,3076923
954	-27,3076923
954	-2,3076923
954	-0,3076923
954	-10,3076923
955	-15,3076923
955	15,6923077
955	-25,3076923
955	-9,3076923
956	20,6923077
956	11,6923077
956	-6,3076923
956	-19,3076923
956	2,6923077
957	20,6923077
957	26,6923077
957	-8,3076923
957	9,6923077
958	3,6923077
958	-12,3076923
958	8,6923077
958	23,6923077
959	-6,3076923
959	8,6923077
959	-32,3076923
959	-24,3076923
960	28,6923077
960	-5,3076923
960	-12,3076923
960	-14,3076923
961	11,6923077
961	2,6923077
961	-3,3076923
961	-11,3076923
962	-3,3076923
962	2,6923077
962	4,6923077
962	11,6923077
963	-13,3076923
963	13,6923077
963	27,6923077
963	1,6923077
964	-3,3076923
964	9,6923077
964	-12,3076923
964	4,6923077
964	-6,3076923
965	14,6923077
965	-6,3076923
965	26,6923077
965	6,6923077
966	25,6923077
966	7,6923077
966	-3,3076923
966	17,6923077
967	13,6923077
967	-18,3076923
967	-14,3076923
967	-15,3076923
968	-3,3076923
968	-3,3076923
968	-2,3076923
968	5,6923077
969	5,6923077
969	-1,3076923
969	1,6923077
969	-7,3076923
970	12,6923077
970	-12,3076923
970	-0,3076923
970	-4,3076923
971	16,6923077
971	-11,3076923
971	7,6923077
971	-6,3076923
972	6,6923077
972	-7,3076923
972	6,6923077
972	-7,3076923
972	-4,3076923
973	-27,3076923
973	-13,3076923
973	7,6923077
973	-4,3076923
974	-8,3076923
974	-6,3076923
974	15,6923077
974	-0,3076923
975	15,6923077
975	2,6923077
975	18,6923077
975	5,6923077
976	-16,3076923
976	-4,3076923
976	21,6923077
976	9,6923077
977	11,6923077
977	1,6923077
977	-14,3076923
977	30,6923077
978	45,6923077
978	17,6923077
978	-0,3076923
978	9,6923077
979	-16,3076923
979	7,6923077
979	28,6923077
979	24,6923077
980	8,6923077
980	26,6923077
980	-8,3076923
980	-8,3076923
980	1,6923077
981	-12,3076923
981	30,6923077
981	-0,3076923
981	-13,3076923
982	-21,3076923
982	-4,3076923
982	32,6923077
982	1,6923077
983	15,6923077
983	6,6923077
983	-13,3076923
983	-1,3076923
984	7,6923077
984	-8,3076923
984	3,6923077
984	10,6923077
985	4,6923077
985	-6,3076923
985	15,6923077
985	5,6923077
986	-7,3076923
986	-11,3076923
986	-0,3076923
986	5,6923077
987	-2,3076923
987	10,6923077
987	16,6923077
987	3,6923077
988	13,6923077
988	-6,3076923
988	-4,3076923
988	19,6923077
988	22,6923077
989	-2,3076923
989	-16,3076923
989	-4,3076923
989	17,6923077
990	5,6923077
990	-3,3076923
990	-14,3076923
990	-10,3076923
991	-2,3076923
991	18,6923077
991	-11,3076923
991	8,6923077
992	4,6923077
992	-16,3076923
992	3,6923077
992	-17,3076923
993	7,6923077
993	13,6923077
993	-1,3076923
993	21,6923077
994	0,6923077
994	14,6923077
994	0,6923077
994	-26,3076923
995	0,6923077
995	-16,3076923
995	-0,3076923
995	33,6923077
995	18,6923077
996	-3,3076923
996	23,6923077
996	2,6923077
996	-4,3076923
997	33,6923077
997	-13,3076923
997	-1,3076923
997	18,6923077
998	-13,3076923
998	0,6923077
998	-3,3076923
998	30,6923077
999	2,6923077
999	-7,3076923
999	16,6923077
999	-27,3076923
1000	-9,3076923
1000	22,6923077
1000	16,6923077
1000	-16,3076923
1001	9,6923077
1001	6,6923077
1001	11,6923077
1001	-24,3076923
1002	-22,3076923
1002	5,6923077
1002	21,6923077
1002	11,6923077
1002	-4,3076923
1003	-6,3076923
1003	-2,3076923
1003	-4,3076923
1003	17,6923077
1004	11,6923077
1004	19,6923077
1004	30,6923077
1004	21,6923077
1005	-13,3076923
1005	-3,3076923
1005	18,6923077
1005	25,6923077
1006	-8,3076923
1006	-18,3076923
1006	3,6923077
1006	11,6923077
1007	15,6923077
1007	-3,3076923
1007	-23,3076923
1007	-10,3076923
1008	-22,3076923
1008	9,6923077
1008	8,6923077
1008	-7,3076923
1008	12,6923077
1009	-1,3076923
1009	-15,3076923
1009	7,6923077
1009	27,6923077
1010	5,6923077
1010	2,6923077
1010	-20,3076923
1010	8,6923077
1011	8,6923077
1011	15,6923077
1011	-1,3076923
1011	16,6923077
1012	1,6923077
1012	-1,3076923
1012	5,6923077
1012	-10,3076923
1013	-16,3076923
1013	3,6923077
1013	19,6923077
1013	-3,3076923
1014	26,6923077
1014	-8,3076923
1014	-6,3076923
1014	-2,3076923
1015	-10,3076923
1015	-5,3076923
1015	9,6923077
1015	-10,3076923
1015	13,6923077
1016	25,6923077
1016	22,6923077
1016	4,6923077
1016	11,6923077
1017	22,6923077
1017	-2,3076923
1017	-12,3076923
1017	0,6923077
1018	7,6923077
1018	3,6923077
1018	3,6923077
1018	-19,3076923
1019	-18,3076923
1019	31,6923077
1019	7,6923077
1019	13,6923077
1020	-5,3076923
1020	-7,3076923
1020	-0,3076923
1020	2,6923077
1021	1,6923077
1021	-4,3076923
1021	4,6923077
1021	-12,3076923
1021	-2,3076923
1022	-8,3076923
1022	21,6923077
1022	10,6923077
1022	1,6923077
1023	-41,3076923
1023	-4,3076923
1023	-4,3076923
1023	14,6923077
1024	10,6923077
1024	-33,3076923
1024	10,6923077
1024	28,6923077
1025	7,6923077
1025	-4,3076923
1025	-1,3076923
1025	30,6923077
1026	3,6923077
1026	13,6923077
1026	8,6923077
1026	6,6923077
1027	-4,3076923
1027	9,6923077
1027	22,6923077
1027	28,6923077
1027	-18,3076923
1028	0,6923077
1028	-9,3076923
1028	22,6923077
1028	30,6923077
1029	-7,3076923
1029	10,6923077
1029	-2,3076923
1029	5,6923077
1030	-0,3076923
1030	1,6923077
1030	3,6923077
1030	2,6923077
1031	18,6923077
1031	-3,3076923
1031	29,6923077
1031	-18,3076923
1032	13,6923077
1032	26,6923077
1032	-15,3076923
1032	19,6923077
1033	17,6923077
1033	24,6923077
1033	-11,3076923
1033	11,6923077
1034	-4,3076923
1034	8,6923077
1034	-6,3076923
1034	-7,3076923
1034	-18,3076923
1035	9,6923077
1035	-10,3076923
1035	5,6923077
1035	-1,3076923
1036	28,6923077
1036	37,6923077
1036	24,6923077
1036	-3,3076923
1037	-5,3076923
1037	-6,3076923
1037	8,6923077
1037	7,6923077
1038	33,6923077
1038	-0,3076923
1038	-1,3076923
1038	2,6923077
1039	-11,3076923
1039	14,6923077
1039	5,6923077
1039	-10,3076923
1039	-0,3076923
1040	-19,3076923
1040	8,6923077
1040	5,6923077
1040	-16,3076923
1041	4,6923077
1041	-25,3076923
1041	3,6923077
1041	17,6923077
1042	11,6923077
1042	0,6923077
1042	5,6923077
1042	11,6923077
1043	11,6923077
1043	37,6923077
1043	14,6923077
1043	-0,3076923
1044	3,6923077
1044	-27,3076923
1044	-13,3076923
1044	4,6923077
1045	-11,3076923
1045	-35,3076923
1045	13,6923077
1045	-4,3076923
1045	-1,3076923
1046	5,6923077
1046	-14,3076923
1046	-0,3076923
1046	3,6923077
1047	-18,3076923
1047	-13,3076923
1047	-9,3076923
1047	18,6923077
1048	23,6923077
1048	11,6923077
1048	23,6923077
1048	5,6923077
1049	-9,3076923
1049	8,6923077
1049	10,6923077
1049	18,6923077
1050	-2,3076923
1050	12,6923077
1050	-5,3076923
1050	17,6923077
1051	6,6923077
1051	0,6923077
1051	2,6923077
1051	-2,3076923
1051	4,6923077
1052	3,6923077
1052	-0,3076923
1052	-26,3076923
1052	-16,3076923
1053	-1,3076923
1053	11,6923077
1053	-3,3076923
1053	2,6923077
1054	13,6923077
1054	2,6923077
1054	13,6923077
1054	15,6923077
1055	7,6923077
1055	2,6923077
1055	-5,3076923
1055	11,6923077
1056	-5,3076923
1056	2,6923077
1056	1,6923077
1056	11,6923077
1056	-2,3076923
1057	10,6923077
1057	7,6923077
1057	17,6923077
1057	13,6923077
1058	-8,3076923
1058	-14,3076923
1058	-30,3076923
1058	4,6923077
1059	24,6923077
1059	8,6923077
1059	-6,3076923
1059	-13,3076923
1060	29,6923077
1060	11,6923077
1060	17,6923077
1060	19,6923077
1061	26,6923077
1061	9,6923077
1061	2,6923077
1061	8,6923077
1062	-3,3076923
1062	15,6923077
1062	5,6923077
1062	4,6923077
1062	22,6923077
1063	2,6923077
1063	13,6923077
1063	24,6923077
1063	20,6923077
1064	-19,3076923
1064	-23,3076923
1064	4,6923077
1064	-7,3076923
1065	2,6923077
1065	14,6923077
1065	1,6923077
1065	0,6923077
1066	16,6923077
1066	18,6923077
1066	1,6923077
1066	30,6923077
1067	9,6923077
1067	2,6923077
1067	3,6923077
1067	7,6923077
1067	2,6923077
1068	18,6923077
1068	25,6923077
1068	0,6923077
1068	22,6923077
1069	19,6923077
1069	4,6923077
1069	15,6923077
1069	9,6923077
1070	6,6923077
1070	-2,3076923
1070	22,6923077
1070	15,6923077
1071	-9,3076923
1071	16,6923077
1071	2,6923077
1071	1,6923077
1072	21,6923077
1072	4,6923077
1072	-7,3076923
1072	4,6923077
1072	21,6923077
1073	-3,3076923
1073	-1,3076923
1073	-23,3076923
1073	14,6923077
1074	-20,3076923
1074	-7,3076923
1074	0,6923077
1074	-11,3076923
1075	2,6923077
1075	18,6923077
1075	14,6923077
1075	0,6923077
1076	13,6923077
1076	11,6923077
1076	4,6923077
1076	25,6923077
1077	8,6923077
1077	-9,3076923
1077	13,6923077
1077	4,6923077
1077	34,6923077
1078	12,6923077
1078	6,6923077
1078	15,6923077
1078	3,6923077
1079	10,6923077
1079	34,6923077
1079	-17,3076923
1079	27,6923077
1080	4,6923077
1080	-31,3076923
1080	-4,3076923
1080	18,6923077
1081	-26,3076923
1081	-4,3076923
1081	23,6923077
1081	6,6923077
1082	4,6923077
1082	-9,3076923
1082	2,6923077
1082	-14,3076923
1082	-4,3076923
1083	11,6923077
1083	45,6923077
1083	16,6923077
1083	-5,3076923
1084	-3,3076923
1084	5,6923077
1084	-3,3076923
1084	14,6923077
1085	18,6923077
1085	15,6923077
1085	18,6923077
1085	12,6923077
1086	13,6923077
1086	7,6923077
1086	16,6923077
1086	11,6923077
1087	5,6923077
1087	-3,3076923
1087	-16,3076923
1087	4,6923077
1087	8,6923077
1088	-1,3076923
1088	4,6923077
1088	15,6923077
1088	-5,3076923
1089	-19,3076923
1089	-3,3076923
1089	-10,3076923
1089	5,6923077
1090	10,6923077
1090	-18,3076923
1090	-10,3076923
1090	7,6923077
1091	-1,3076923
1091	18,6923077
1091	10,6923077
1091	10,6923077
1092	38,6923077
1092	20,6923077
1092	-10,3076923
1092	17,6923077
1092	5,6923077
1093	0,6923077
1093	8,6923077
1093	-19,3076923
1093	15,6923077
1094	-2,3076923
1094	-5,3076923
1094	-8,3076923
1094	22,6923077
1095	-9,3076923
1095	27,6923077
1095	-1,3076923
1095	-2,3076923
1096	9,6923077
1096	-42,3076923
1096	-0,3076923
1096	5,6923077
1097	4,6923077
1097	-3,3076923
1097	27,6923077
1097	7,6923077
1097	4,6923077
1098	13,6923077
1098	33,6923077
1098	4,6923077
1098	-20,3076923
1099	20,6923077
1099	9,6923077
1099	-10,3076923
1099	-2,3076923
1100	9,6923077
1100	-15,3076923
1100	7,6923077
1100	-2,3076923
1101	2,6923077
1101	-10,3076923
1101	23,6923077
1101	-5,3076923
1101	19,6923077
1102	2,6923077
1102	18,6923077
1102	-9,3076923
1102	-13,3076923
1103	-5,3076923
1103	-11,3076923
1103	-4,3076923
1103	-16,3076923
1104	10,6923077
1104	-5,3076923
1104	-17,3076923
1104	25,6923077
1105	20,6923077
1105	20,6923077
1105	7,6923077
1105	28,6923077
1106	10,6923077
1106	-0,3076923
1106	9,6923077
1106	4,6923077
1106	-2,3076923
1107	15,6923077
1107	27,6923077
1107	27,6923077
1107	-22,3076923
1108	-17,3076923
1108	-6,3076923
1108	24,6923077
1108	-4,3076923
1109	-15,3076923
1109	7,6923077
1109	-9,3076923
1109	7,6923077
1110	-0,3076923
1110	16,6923077
1110	0,6923077
1110	1,6923077
1110	-22,3076923
1111	3,6923077
1111	41,6923077
1111	-2,3076923
1111	-2,3076923
1112	-4,3076923
1112	-6,3076923
1112	28,6923077
1112	3,6923077
1113	4,6923077
1113	2,6923077
1113	-0,3076923
1113	29,6923077
1114	15,6923077
1114	0,6923077
1114	10,6923077
1114	2,6923077
1115	-10,3076923
1115	8,6923077
1115	-0,3076923
1115	6,6923077
1115	8,6923077
1116	15,6923077
1116	7,6923077
1116	-11,3076923
1116	-9,3076923
1117	4,6923077
1117	15,6923077
1117	-6,3076923
1117	-5,3076923
1118	-3,3076923
