196	2,6923077
196	2,6923077
196	2,6923077
197	-4,3076923
197	-18,3076923
197	36,6923077
197	-10,3076923
198	-1,3076923
198	4,6923077
198	-23,3076923
199	-4,3076923
199	12,6923077
199	-0,3076923
199	1,6923077
200	41,6923077
200	2,6923077
200	7,6923077
200	-27,3076923
201	-17,3076923
201	1,6923077
201	-17,3076923
201	-19,3076923
202	23,6923077
202	-0,3076923
202	-45,3076923
203	0,6923077
203	-10,3076923
203	21,6923077
203	5,6923077
204	29,6923077
204	16,6923077
204	-3,3076923
204	-9,3076923
205	10,6923077
205	-24,3076923
205	-25,3076923
205	14,6923077
206	-15,3076923
206	14,6923077
206	9,6923077
207	-6,3076923
207	-17,3076923
207	10,6923077
207	-13,3076923
208	3,6923077
208	-2,3076923
208	-6,3076923
208	8,6923077
209	2,6923077
209	-5,3076923
209	10,6923077
209	-7,3076923
210	14,6923077
210	0,6923077
210	8,6923077
211	-3,3076923
211	12,6923077
211	-22,3076923
211	-24,3076923
212	-20,3076923
212	-24,3076923
212	-3,3076923
212	-15,3076923
213	-8,3076923
213	-6,3076923
213	-2,3076923
213	22,6923077
214	5,6923077
214	-3,3076923
214	4,6923077
215	-8,3076923
215	-17,3076923
215	-4,3076923
215	-14,3076923
216	8,6923077
216	-5,3076923
216	16,6923077
216	7,6923077
217	-10,3076923
217	-2,3076923
217	6,6923077
217	8,6923077
218	-11,3076923
218	-20,3076923
218	-2,3076923
219	5,6923077
219	-10,3076923
219	11,6923077
219	4,6923077
220	-7,3076923
220	-7,3076923
220	-6,3076923
220	6,6923077
221	10,6923077
221	2,6923077
221	5,6923077
221	-1,3076923
222	-3,3076923
222	10,6923077
222	15,6923077
223	24,6923077
223	-0,3076923
223	-8,3076923
223	-44,3076923
224	9,6923077
224	-32,3076923
224	-9,3076923
224	-24,3076923
225	1,6923077
225	-9,3076923
225	10,6923077
225	11,6923077
226	14,6923077
226	7,6923077
226	14,6923077
227	19,6923077
227	5,6923077
227	7,6923077
227	11,6923077
228	-4,3076923
228	14,6923077
228	0,6923077
228	10,6923077
229	20,6923077
229	-7,3076923
229	-14,3076923
229	6,6923077
230	16,6923077
230	5,6923077
230	-16,3076923
231	-14,3076923
231	-6,3076923
231	-27,3076923
231	19,6923077
232	-4,3076923
232	-1,3076923
232	8,6923077
232	9,6923077
233	-22,3076923
233	-8,3076923
233	-0,3076923
233	-15,3076923
234	-25,3076923
234	9,6923077
234	-6,3076923
235	19,6923077
235	23,6923077
235	-9,3076923
235	2,6923077
236	-8,3076923
236	-3,3076923
236	-5,3076923
236	-20,3076923
237	22,6923077
237	9,6923077
237	-6,3076923
237	5,6923077
238	23,6923077
238	19,6923077
238	2,6923077
239	-19,3076923
239	-31,3076923
239	1,6923077
239	9,6923077
240	-24,3076923
240	-9,3076923
240	-11,3076923
240	8,6923077
241	-15,3076923
241	6,6923077
241	-1,3076923
241	-3,3076923
242	-24,3076923
242	-31,3076923
242	2,6923077
243	23,6923077
243	7,6923077
243	-31,3076923
243	6,6923077
244	-17,3076923
244	-1,3076923
244	14,6923077
244	-5,3076923
245	12,6923077
245	6,6923077
245	-19,3076923
245	2,6923077
246	-13,3076923
246	25,6923077
246	-22,3076923
247	-18,3076923
247	-10,3076923
247	7,6923077
247	5,6923077
248	7,6923077
248	-2,3076923
248	11,6923077
248	11,6923077
249	9,6923077
249	-9,3076923
249	-5,3076923
249	12,6923077
250	-4,3076923
250	6,6923077
250	4,6923077
251	-0,3076923
251	17,6923077
251	12,6923077
251	-27,3076923
252	2,6923077
252	0,6923077
252	17,6923077
252	11,6923077
253	13,6923077
253	0,6923077
253	-16,3076923
253	7,6923077
254	6,6923077
254	-16,3076923
254	5,6923077
254	11,6923077
255	-23,3076923
255	-11,3076923
255	-35,3076923
256	-1,3076923
256	-2,3076923
256	-8,3076923
256	30,6923077
257	-6,3076923
257	-7,3076923
257	15,6923077
257	1,6923077
258	12,6923077
258	5,6923077
258	6,6923077
258	10,6923077
259	13,6923077
259	9,6923077
259	17,6923077
260	-5,3076923
260	-5,3076923
260	-8,3076923
260	-3,3076923
261	4,6923077
261	3,6923077
261	-2,3076923
261	-11,3076923
262	-0,3076923
262	5,6923077
262	-3,3076923
262	-12,3076923
263	39,6923077
263	6,6923077
263	7,6923077
264	8,6923077
264	-9,3076923
264	3,6923077
264	-18,3076923
265	-23,3076923
265	18,6923077
265	-0,3076923
265	-32,3076923
266	-1,3076923
266	0,6923077
266	-15,3076923
266	-34,3076923
267	11,6923077
267	6,6923077
267	17,6923077
268	-2,3076923
268	5,6923077
268	2,6923077
268	36,6923077
269	16,6923077
269	8,6923077
269	-6,3076923
269	-13,3076923
270	2,6923077
270	4,6923077
270	-15,3076923
270	-7,3076923
271	-6,3076923
271	6,6923077
271	10,6923077
271	-1,3076923
272	3,6923077
272	-11,3076923
272	-10,3076923
273	5,6923077
273	0,6923077
273	1,6923077
273	6,6923077
274	-24,3076923
274	-4,3076923
274	-2,3076923
274	1,6923077
275	16,6923077
275	-9,3076923
275	-9,3076923
275	-2,3076923
276	6,6923077
276	-0,3076923
276	-33,3076923
277	14,6923077
277	36,6923077
277	3,6923077
277	-4,3076923
278	0,6923077
278	17,6923077
278	2,6923077
278	11,6923077
279	-10,3076923
279	-2,3076923
279	25,6923077
279	12,6923077
280	-24,3076923
280	-16,3076923
280	-18,3076923
280	-22,3076923
281	-8,3076923
281	18,6923077
281	-2,3076923
282	-2,3076923
282	-9,3076923
282	-13,3076923
282	-23,3076923
283	-26,3076923
283	-40,3076923
283	-21,3076923
283	8,6923077
284	-0,3076923
284	4,6923077
284	-18,3076923
284	4,6923077
285	3,6923077
285	-11,3076923
285	-23,3076923
286	6,6923077
286	15,6923077
286	-3,3076923
286	-5,3076923
287	6,6923077
287	-2,3076923
287	-12,3076923
287	7,6923077
288	6,6923077
288	-13,3076923
288	-12,3076923
288	0,6923077
289	16,6923077
289	2,6923077
289	13,6923077
290	-1,3076923
290	-15,3076923
290	6,6923077
290	-16,3076923
291	2,6923077
291	5,6923077
291	-10,3076923
291	0,6923077
292	20,6923077
292	-7,3076923
292	3,6923077
292	17,6923077
293	-3,3076923
293	2,6923077
293	19,6923077
293	1,6923077
294	-6,3076923
294	13,6923077
294	12,6923077
295	10,6923077
295	24,6923077
295	-2,3076923
295	-17,3076923
296	-11,3076923
296	5,6923077
296	-2,3076923
296	-39,3076923
297	-35,3076923
297	-0,3076923
297	-7,3076923
297	-3,3076923
298	31,6923077
298	-18,3076923
298	3,6923077
299	-12,3076923
299	11,6923077
299	37,6923077
299	22,6923077
300	-6,3076923
300	2,6923077
300	-6,3076923
300	-4,3076923
301	-19,3076923
301	-10,3076923
301	-18,3076923
301	3,6923077
302	-24,3076923
302	-2,3076923
302	9,6923077
302	17,6923077
303	1,6923077
303	-22,3076923
303	-24,3076923
304	-0,3076923
304	0,6923077
304	-4,3076923
304	-8,3076923
305	11,6923077
305	9,6923077
305	-20,3076923
305	-33,3076923
306	-3,3076923
306	2,6923077
306	-13,3076923
306	21,6923077
307	18,6923077
307	39,6923077
307	8,6923077
307	11,6923077
308	-6,3076923
308	-11,3076923
308	-0,3076923
309	20,6923077
309	10,6923077
309	21,6923077
309	-14,3076923
310	3,6923077
310	-15,3076923
310	-2,3076923
310	-14,3076923
311	5,6923077
311	6,6923077
311	5,6923077
311	5,6923077
312	-8,3076923
312	12,6923077
312	21,6923077
313	1,6923077
313	27,6923077
313	-7,3076923
313	-4,3076923
314	19,6923077
314	0,6923077
314	-9,3076923
314	2,6923077
315	-7,3076923
315	9,6923077
315	-3,3076923
315	10,6923077
316	-3,3076923
316	-1,3076923
316	19,6923077
316	2,6923077
317	8,6923077
317	-19,3076923
317	-18,3076923
318	12,6923077
318	-6,3076923
318	12,6923077
318	10,6923077
319	14,6923077
319	-3,3076923
319	9,6923077
319	10,6923077
320	6,6923077
320	-5,3076923
320	-33,3076923
320	-22,3076923
321	13,6923077
321	-2,3076923
321	-3,3076923
321	1,6923077
322	3,6923077
322	-2,3076923
322	3,6923077
323	-10,3076923
323	7,6923077
323	-0,3076923
323	5,6923077
324	-25,3076923
324	17,6923077
324	-20,3076923
324	17,6923077
325	-35,3076923
325	-28,3076923
325	2,6923077
325	0,6923077
326	-0,3076923
326	0,6923077
326	7,6923077
327	-13,3076923
327	10,6923077
327	20,6923077
327	-33,3076923
328	10,6923077
328	-10,3076923
328	13,6923077
328	-0,3076923
329	-24,3076923
329	-42,3076923
329	-25,3076923
329	0,6923077
330	5,6923077
330	-1,3076923
330	15,6923077
330	3,6923077
331	-18,3076923
331	-10,3076923
331	5,6923077
332	12,6923077
332	19,6923077
332	25,6923077
332	9,6923077
333	3,6923077
333	-20,3076923
333	18,6923077
333	13,6923077
334	2,6923077
334	5,6923077
334	13,6923077
334	20,6923077
335	14,6923077
335	10,6923077
335	-4,3076923
335	15,6923077
336	0,6923077
336	40,6923077
336	44,6923077
337	-11,3076923
337	10,6923077
337	20,6923077
337	19,6923077
338	36,6923077
338	14,6923077
338	19,6923077
338	30,6923077
339	5,6923077
339	3,6923077
339	25,6923077
339	19,6923077
340	26,6923077
340	5,6923077
340	-13,3076923
340	-14,3076923
341	6,6923077
341	0,6923077
341	7,6923077
342	-21,3076923
342	-5,3076923
342	4,6923077
342	-25,3076923
343	-13,3076923
343	-10,3076923
343	-7,3076923
343	-5,3076923
344	20,6923077
344	12,6923077
344	6,6923077
344	9,6923077
345	-5,3076923
345	8,6923077
345	-11,3076923
345	27,6923077
346	10,6923077
346	6,6923077
346	2,6923077
347	5,6923077
347	6,6923077
347	5,6923077
347	-10,3076923
348	-16,3076923
348	-5,3076923
348	16,6923077
348	1,6923077
349	-3,3076923
349	-22,3076923
349	15,6923077
349	10,6923077
350	2,6923077
350	14,6923077
350	6,6923077
350	3,6923077
351	10,6923077
351	-11,3076923
351	-6,3076923
352	-15,3076923
352	28,6923077
352	23,6923077
352	28,6923077
353	8,6923077
353	20,6923077
353	-2,3076923
353	5,6923077
354	-2,3076923
354	32,6923077
354	20,6923077
354	19,6923077
355	-2,3076923
355	17,6923077
355	-11,3076923
355	4,6923077
356	-0,3076923
356	-5,3076923
356	4,6923077
357	5,6923077
357	4,6923077
357	25,6923077
357	16,6923077
358	34,6923077
358	21,6923077
358	29,6923077
358	27,6923077
359	-30,3076923
359	9,6923077
359	-15,3076923
359	36,6923077
360	4,6923077
360	14,6923077
360	19,6923077
360	-4,3076923
361	-2,3076923
361	-5,3076923
361	25,6923077
362	16,6923077
362	12,6923077
362	0,6923077
362	0,6923077
363	-0,3076923
363	3,6923077
363	-22,3076923
363	8,6923077
364	13,6923077
364	-8,3076923
364	1,6923077
364	14,6923077
365	-11,3076923
365	19,6923077
365	-15,3076923
365	3,6923077
366	3,6923077
366	0,6923077
366	4,6923077
367	-6,3076923
367	24,6923077
367	3,6923077
367	-6,3076923
368	-24,3076923
368	-6,3076923
368	-1,3076923
368	-17,3076923
369	-34,3076923
369	-0,3076923
369	-28,3076923
369	-26,3076923
370	8,6923077
370	0,6923077
370	-19,3076923
370	13,6923077
371	21,6923077
371	-9,3076923
371	1,6923077
371	-7,3076923
372	0,6923077
372	11,6923077
372	6,6923077
373	-1,3076923
373	14,6923077
373	-14,3076923
373	10,6923077
374	3,6923077
374	-8,3076923
374	-6,3076923
374	22,6923077
375	5,6923077
375	14,6923077
375	23,6923077
375	-9,3076923
376	10,6923077
376	27,6923077
376	3,6923077
376	21,6923077
377	-7,3076923
377	15,6923077
377	17,6923077
378	-11,3076923
378	1,6923077
378	21,6923077
378	1,6923077
379	18,6923077
379	-1,3076923
379	3,6923077
379	9,6923077
380	22,6923077
380	11,6923077
380	-1,3076923
380	-9,3076923
381	15,6923077
381	-1,3076923
381	23,6923077
381	12,6923077
382	-0,3076923
382	-6,3076923
382	20,6923077
383	-13,3076923
383	14,6923077
383	14,6923077
383	8,6923077
384	-13,3076923
384	3,6923077
384	16,6923077
384	2,6923077
385	-3,3076923
385	3,6923077
385	6,6923077
385	7,6923077
386	5,6923077
386	16,6923077
386	-5,3076923
386	11,6923077
387	28,6923077
387	9,6923077
387	4,6923077
387	-18,3076923
388	-8,3076923
388	5,6923077
388	-23,3076923
389	-7,3076923
389	-40,3076923
389	-16,3076923
389	3,6923077
390	-11,3076923
390	-4,3076923
390	0,6923077
390	-15,3076923
391	-3,3076923
391	-11,3076923
391	0,6923077
391	-5,3076923
392	5,6923077
392	-8,3076923
392	-11,3076923
392	-21,3076923
393	-1,3076923
393	-9,3076923
393	2,6923077
394	-2,3076923
394	1,6923077
394	8,6923077
394	24,6923077
395	-2,3076923
395	0,6923077
395	10,6923077
395	2,6923077
396	-22,3076923
396	-1,3076923
396	-11,3076923
396	36,6923077
397	-5,3076923
397	9,6923077
397	-7,3076923
397	21,6923077
398	31,6923077
398	6,6923077
398	3,6923077
398	8,6923077
399	-4,3076923
399	-2,3076923
399	12,6923077
400	11,6923077
400	2,6923077
400	11,6923077
400	22,6923077
401	-4,3076923
401	11,6923077
401	-6,3076923
401	0,6923077
402	9,6923077
402	2,6923077
402	-8,3076923
402	-7,3076923
403	11,6923077
403	28,6923077
403	14,6923077
403	-19,3076923
404	-29,3076923
404	13,6923077
404	5,6923077
405	-7,3076923
405	19,6923077
405	28,6923077
405	-6,3076923
406	-0,3076923
406	13,6923077
406	-17,3076923
406	-6,3076923
407	22,6923077
407	-22,3076923
407	-5,3076923
407	8,6923077
408	6,6923077
408	-8,3076923
408	-29,3076923
408	2,6923077
409	7,6923077
409	3,6923077
409	-8,3076923
409	-9,3076923
410	4,6923077
410	7,6923077
410	18,6923077
411	3,6923077
411	35,6923077
411	13,6923077
411	-17,3076923
412	24,6923077
412	8,6923077
412	-10,3076923
412	11,6923077
413	-15,3076923
413	-4,3076923
413	3,6923077
413	-7,3076923
414	6,6923077
414	-14,3076923
414	-21,3076923
414	20,6923077
415	30,6923077
415	19,6923077
415	7,6923077
415	-7,3076923
416	10,6923077
416	-5,3076923
416	-3,3076923
417	-0,3076923
417	14,6923077
417	8,6923077
417	2,6923077
418	5,6923077
418	-6,3076923
418	-5,3076923
418	-23,3076923
419	11,6923077
419	-2,3076923
419	25,6923077
419	0,6923077
420	-10,3076923
420	-28,3076923
420	4,6923077
420	-18,3076923
421	16,6923077
421	5,6923077
421	8,6923077
421	-6,3076923
422	7,6923077
422	23,6923077
422	-19,3076923
423	-5,3076923
423	5,6923077
423	32,6923077
423	-5,3076923
424	11,6923077
424	-23,3076923
424	3,6923077
424	33,6923077
425	3,6923077
425	-6,3076923
425	-1,3076923
425	7,6923077
426	-34,3076923
426	-3,3076923
426	0,6923077
426	4,6923077
427	-0,3076923
427	-12,3076923
427	3,6923077
427	17,6923077
428	7,6923077
428	24,6923077
428	-11,3076923
429	12,6923077
429	10,6923077
429	-11,3076923
429	27,6923077
430	10,6923077
430	0,6923077
430	8,6923077
430	-19,3076923
431	17,6923077
431	-25,3076923
431	-12,3076923
431	3,6923077
432	19,6923077
432	2,6923077
432	3,6923077
432	16,6923077
433	5,6923077
433	-13,3076923
433	7,6923077
433	-2,3076923
434	8,6923077
434	-7,3076923
434	-7,3076923
435	9,6923077
435	-1,3076923
435	12,6923077
435	-0,3076923
436	-0,3076923
436	39,6923077
436	-5,3076923
436	-5,3076923
437	1,6923077
437	7,6923077
437	-13,3076923
437	-15,3076923
438	7,6923077
438	20,6923077
438	24,6923077
438	-11,3076923
439	7,6923077
439	11,6923077
439	-7,3076923
439	-1,3076923
440	9,6923077
440	-9,3076923
440	-4,3076923
441	-8,3076923
441	-24,3076923
441	11,6923077
441	9,6923077
442	11,6923077
442	-4,3076923
442	19,6923077
442	1,6923077
443	22,6923077
443	22,6923077
443	18,6923077
443	-16,3076923
444	-31,3076923
444	28,6923077
444	-0,3076923
444	11,6923077
445	-14,3076923
445	-32,3076923
445	-9,3076923
445	11,6923077
446	-12,3076923
446	-15,3076923
446	-4,3076923
447	-7,3076923
447	-17,3076923
447	16,6923077
447	11,6923077
448	26,6923077
448	-24,3076923
448	-13,3076923
448	-20,3076923
449	-9,3076923
449	2,6923077
449	-19,3076923
449	-17,3076923
450	-12,3076923
450	-34,3076923
450	-17,3076923
450	-3,3076923
451	6,6923077
451	-19,3076923
451	-11,3076923
451	-4,3076923
452	-16,3076923
452	-41,3076923
452	-32,3076923
452	4,6923077
453	6,6923077
453	-9,3076923
453	-22,3076923
454	13,6923077
454	-16,3076923
454	-3,3076923
454	3,6923077
455	7,6923077
455	-0,3076923
455	-13,3076923
455	-8,3076923
456	22,6923077
456	-9,3076923
456	-17,3076923
456	33,6923077
457	-14,3076923
457	9,6923077
457	23,6923077
457	-2,3076923
458	34,6923077
458	-1,3076923
458	-28,3076923
458	-13,3076923
459	-16,3076923
459	-21,3076923
459	3,6923077
460	42,6923077
460	-1,3076923
460	8,6923077
460	-3,3076923
461	-3,3076923
461	-11,3076923
461	-13,3076923
461	-2,3076923
462	-3,3076923
462	6,6923077
462	-10,3076923
462	2,6923077
463	-11,3076923
463	1,6923077
463	-22,3076923
463	-9,3076923
464	-26,3076923
464	5,6923077
464	-18,3076923
464	-13,3076923
465	6,6923077
465	19,6923077
465	26,6923077
465	14,6923077
466	-1,3076923
466	-7,3076923
466	2,6923077
467	17,6923077
467	3,6923077
467	0,6923077
467	-2,3076923
468	-0,3076923
468	19,6923077
468	-24,3076923
468	1,6923077
469	1,6923077
469	-25,3076923
469	-29,3076923
469	-11,3076923
470	5,6923077
470	-12,3076923
470	9,6923077
470	7,6923077
471	-1,3076923
471	-19,3076923
471	4,6923077
471	24,6923077
472	20,6923077
472	23,6923077
472	-0,3076923
472	-0,3076923
473	-29,3076923
473	10,6923077
473	-19,3076923
474	23,6923077
474	-36,3076923
474	1,6923077
474	-10,3076923
475	3,6923077
475	9,6923077
475	13,6923077
475	-4,3076923
476	-22,3076923
476	-8,3076923
476	-8,3076923
476	-11,3076923
477	1,6923077
477	12,6923077
477	-38,3076923
477	2,6923077
478	-5,3076923
478	-10,3076923
478	-11,3076923
478	-4,3076923
479	-3,3076923
479	23,6923077
479	6,6923077
479	15,6923077
480	18,6923077
480	-4,3076923
480	-16,3076923
481	-15,3076923
481	-3,3076923
481	6,6923077
481	11,6923077
482	29,6923077
482	10,6923077
482	-12,3076923
482	7,6923077
483	-29,3076923
483	3,6923077
483	2,6923077
483	-12,3076923
484	-27,3076923
484	10,6923077
484	-9,3076923
484	-2,3076923
485	-8,3076923
485	-6,3076923
485	2,6923077
485	-9,3076923
486	-4,3076923
486	-0,3076923
486	7,6923077
486	-10,3076923
487	-7,3076923
487	20,6923077
487	-10,3076923
488	11,6923077
488	5,6923077
488	-18,3076923
488	9,6923077
489	-2,3076923
489	10,6923077
489	-11,3076923
489	-11,3076923
490	14,6923077
490	-26,3076923
490	-22,3076923
490	-6,3076923
491	-16,3076923
491	17,6923077
491	-15,3076923
491	-10,3076923
492	-0,3076923
492	-0,3076923
492	22,6923077
492	-8,3076923
493	-3,3076923
493	-15,3076923
493	-20,3076923
493	-9,3076923
494	-12,3076923
494	-6,3076923
494	24,6923077
495	15,6923077
495	-22,3076923
495	15,6923077
495	-13,3076923
496	21,6923077
496	-20,3076923
496	-12,3076923
496	5,6923077
497	-25,3076923
497	5,6923077
497	-3,3076923
497	15,6923077
498	1,6923077
498	-12,3076923
498	8,6923077
498	-26,3076923
499	11,6923077
499	-7,3076923
499	-11,3076923
499	28,6923077
500	30,6923077
500	-8,3076923
500	-11,3076923
500	11,6923077
501	17,6923077
501	2,6923077
501	-1,3076923
502	-6,3076923
502	8,6923077
502	-6,3076923
502	-14,3076923
503	-7,3076923
503	2,6923077
503	-9,3076923
503	-30,3076923
504	-19,3076923
504	-2,3076923
504	0,6923077
504	12,6923077
505	0,6923077
505	-6,3076923
505	-13,3076923
505	-26,3076923
506	-5,3076923
506	-21,3076923
506	-16,3076923
506	12,6923077
507	2,6923077
507	3,6923077
507	-2,3076923
507	-27,3076923
508	6,6923077
508	-18,3076923
508	-3,3076923
508	31,6923077
509	-19,3076923
509	-7,3076923
509	-33,3076923
510	-9,3076923
510	0,6923077
510	-31,3076923
510	-4,3076923
511	15,6923077
511	2,6923077
511	6,6923077
511	-18,3076923
512	7,6923077
512	-15,3076923
512	2,6923077
512	-14,3076923
513	-22,3076923
513	2,6923077
513	14,6923077
513	-14,3076923
514	-11,3076923
514	-1,3076923
514	0,6923077
514	-3,3076923
515	3,6923077
515	-12,3076923
515	-28,3076923
515	-1,3076923
516	-1,3076923
516	14,6923077
516	-0,3076923
516	-27,3076923
517	-23,3076923
517	-27,3076923
517	12,6923077
518	-5,3076923
518	1,6923077
518	16,6923077
518	4,6923077
519	30,6923077
519	-1,3076923
519	-10,3076923
519	17,6923077
520	-34,3076923
520	9,6923077
520	17,6923077
520	-14,3076923
521	-7,3076923
521	14,6923077
521	-20,3076923
521	24,6923077
522	23,6923077
522	14,6923077
522	-13,3076923
522	-10,3076923
523	-0,3076923
523	13,6923077
523	-11,3076923
523	-13,3076923
524	1,6923077
524	-36,3076923
524	8,6923077
524	21,6923077
525	6,6923077
525	3,6923077
525	12,6923077
526	14,6923077
526	14,6923077
526	-1,3076923
526	5,6923077
527	-25,3076923
527	12,6923077
527	22,6923077
527	5,6923077
528	2,6923077
528	-0,3076923
528	-3,3076923
528	26,6923077
529	10,6923077
529	-13,3076923
529	-17,3076923
529	19,6923077
530	21,6923077
530	-14,3076923
530	16,6923077
530	-0,3076923
531	2,6923077
531	-8,3076923
531	23,6923077
531	5,6923077
532	-11,3076923
532	0,6923077
532	2,6923077
532	-4,3076923
533	-4,3076923
533	-14,3076923
533	-20,3076923
534	2,6923077
534	17,6923077
534	0,6923077
534	17,6923077
535	21,6923077
535	-17,3076923
535	-1,3076923
535	13,6923077
536	22,6923077
536	21,6923077
536	-15,3076923
536	-11,3076923
537	-6,3076923
537	-26,3076923
537	-1,3076923
537	-15,3076923
538	-15,3076923
538	-20,3076923
538	4,6923077
538	8,6923077
539	-5,3076923
539	-14,3076923
539	4,6923077
539	13,6923077
540	-8,3076923
540	1,6923077
540	-18,3076923
540	-2,3076923
541	-1,3076923
541	-14,3076923
541	2,6923077
541	-3,3076923
542	-10,3076923
542	-11,3076923
542	5,6923077
543	-2,3076923
543	-18,3076923
543	-12,3076923
543	42,6923077
544	-0,3076923
544	3,6923077
544	12,6923077
544	7,6923077
545	-31,3076923
545	0,6923077
545	-9,3076923
545	-10,3076923
546	21,6923077
546	-12,3076923
546	19,6923077
546	2,6923077
547	-15,3076923
547	10,6923077
547	18,6923077
547	-15,3076923
548	-1,3076923
548	-7,3076923
548	9,6923077
548	15,6923077
549	7,6923077
549	26,6923077
549	-14,3076923
549	-24,3076923
550	13,6923077
550	1,6923077
550	-6,3076923
550	-5,3076923
551	-12,3076923
551	8,6923077
551	21,6923077
552	-5,3076923
552	-0,3076923
552	6,6923077
552	-6,3076923
553	8,6923077
553	6,6923077
553	-9,3076923
553	11,6923077
554	-0,3076923
554	-12,3076923
554	0,6923077
554	-23,3076923
555	-3,3076923
555	10,6923077
555	0,6923077
555	-17,3076923
556	-14,3076923
556	-10,3076923
556	-16,3076923
556	25,6923077
557	21,6923077
557	-0,3076923
557	-18,3076923
557	-13,3076923
558	-15,3076923
558	-18,3076923
558	7,6923077
558	6,6923077
559	-2,3076923
559	-10,3076923
559	-12,3076923
559	-4,3076923
560	11,6923077
560	23,6923077
560	-2,3076923
561	-11,3076923
561	8,6923077
561	6,6923077
561	-12,3076923
562	-5,3076923
562	6,6923077
562	17,6923077
562	-0,3076923
563	7,6923077
563	11,6923077
563	4,6923077
563	11,6923077
564	1,6923077
564	-3,3076923
564	-9,3076923
564	16,6923077
565	11,6923077
565	15,6923077
565	-0,3076923
565	15,6923077
566	2,6923077
566	-17,3076923
566	4,6923077
566	27,6923077
567	-2,3076923
567	-19,3076923
567	-27,3076923
567	-7,3076923
568	-22,3076923
568	8,6923077
568	18,6923077
568	-6,3076923
569	-18,3076923
569	6,6923077
569	-16,3076923
569	-10,3076923
570	-7,3076923
570	-27,3076923
570	5,6923077
571	-5,3076923
571	-35,3076923
571	6,6923077
571	-0,3076923
572	-13,3076923
572	-15,3076923
572	-25,3076923
572	-0,3076923
573	-10,3076923
573	-14,3076923
573	-17,3076923
573	-13,3076923
574	1,6923077
574	-15,3076923
574	-13,3076923
574	-6,3076923
575	-8,3076923
575	-7,3076923
575	13,6923077
575	12,6923077
576	12,6923077
576	-9,3076923
576	31,6923077
576	-19,3076923
577	-22,3076923
577	-10,3076923
577	-1,3076923
577	-16,3076923
578	8,6923077
578	-3,3076923
578	-28,3076923
578	28,6923077
579	9,6923077
579	-15,3076923
579	-28,3076923
579	-12,3076923
580	-1,3076923
580	6,6923077
580	-18,3076923
581	8,6923077
581	-31,3076923
581	-2,3076923
581	-12,3076923
582	-13,3076923
582	-22,3076923
582	1,6923077
582	14,6923077
583	-17,3076923
583	-27,3076923
583	4,6923077
583	-11,3076923
584	8,6923077
584	6,6923077
584	8,6923077
584	8,6923077
585	-6,3076923
585	-17,3076923
585	4,6923077
585	2,6923077
586	-1,3076923
586	-15,3076923
586	14,6923077
586	0,6923077
587	10,6923077
587	-34,3076923
587	-8,3076923
587	-10,3076923
588	2,6923077
588	4,6923077
588	-12,3076923
588	-20,3076923
589	-16,3076923
589	-17,3076923
589	0,6923077
589	-40,3076923
590	-18,3076923
590	5,6923077
590	-7,3076923
590	12,6923077
591	-10,3076923
591	16,6923077
591	-6,3076923
592	-12,3076923
592	-14,3076923
592	-6,3076923
592	-1,3076923
593	7,6923077
593	-1,3076923
593	-19,3076923
593	14,6923077
594	47,6923077
594	-15,3076923
594	-9,3076923
594	-0,3076923
595	-4,3076923
595	-22,3076923
595	4,6923077
595	-7,3076923
596	5,6923077
596	8,6923077
596	-27,3076923
596	10,6923077
597	10,6923077
597	9,6923077
597	-14,3076923
597	-244,3076923
598	-51,3076923
598	-5,3076923
598	-13,3076923
598	-3,3076923
599	7,6923077
599	-13,3076923
599	-8,3076923
599	0,6923077
600	-2,3076923
600	-12,3076923
600	-14,3076923
600	-6,3076923
601	-9,3076923
601	3,6923077
601	17,6923077
601	9,6923077
602	-7,3076923
602	19,6923077
602	7,6923077
603	-6,3076923
603	5,6923077
603	10,6923077
603	-4,3076923
604	-16,3076923
604	9,6923077
604	-2,3076923
604	-10,3076923
605	20,6923077
605	1,6923077
605	-3,3076923
605	-2,3076923
606	-18,3076923
606	-0,3076923
606	-0,3076923
606	-8,3076923
607	-20,3076923
607	-16,3076923
607	17,6923077
607	11,6923077
608	6,6923077
608	19,6923077
608	8,6923077
608	4,6923077
609	-11,3076923
609	-0,3076923
609	1,6923077
609	-7,3076923
610	-7,3076923
610	6,6923077
610	16,6923077
610	-21,3076923
611	-5,3076923
611	-17,3076923
611	-17,3076923
611	22,6923077
612	10,6923077
612	-2,3076923
612	8,6923077
612	10,6923077
613	22,6923077
613	3,6923077
613	1,6923077
613	6,6923077
614	13,6923077
614	-17,3076923
614	-0,3076923
614	-20,3076923
615	-9,3076923
615	-0,3076923
615	-12,3076923
616	-16,3076923
616	-2,3076923
616	9,6923077
616	-13,3076923
617	-23,3076923
617	8,6923077
617	-5,3076923
617	-16,3076923
618	-28,3076923
618	8,6923077
618	-13,3076923
618	-13,3076923
619	2,6923077
619	7,6923077
619	-32,3076923
619	-20,3076923
620	-1,3076923
620	-1,3076923
620	-11,3076923
620	-1,3076923
621	-5,3076923
621	3,6923077
621	-10,3076923
621	-8,3076923
622	-10,3076923
622	7,6923077
622	12,6923077
622	-7,3076923
623	-50,3076923
623	-25,3076923
623	15,6923077
623	7,6923077
624	-7,3076923
624	10,6923077
624	-0,3076923
624	-12,3076923
625	11,6923077
625	21,6923077
625	-3,3076923
625	0,6923077
626	-6,3076923
626	0,6923077
626	2,6923077
626	8,6923077
627	16,6923077
627	2,6923077
627	15,6923077
627	3,6923077
628	12,6923077
628	-11,3076923
628	0,6923077
629	-11,3076923
629	7,6923077
629	-9,3076923
629	-0,3076923
630	-3,3076923
630	-15,3076923
630	10,6923077
630	15,6923077
631	-20,3076923
631	-0,3076923
631	6,6923077
631	2,6923077
632	-15,3076923
632	-2,3076923
632	-5,3076923
632	-0,3076923
633	2,6923077
633	10,6923077
633	-4,3076923
633	2,6923077
634	2,6923077
634	-3,3076923
634	-13,3076923
634	-6,3076923
635	1,6923077
635	-19,3076923
635	-37,3076923
635	8,6923077
636	-15,3076923
636	-1,3076923
636	-2,3076923
636	-5,3076923
637	-18,3076923
637	4,6923077
637	10,6923077
637	-11,3076923
638	5,6923077
638	-3,3076923
638	-13,3076923
638	10,6923077
639	-2,3076923
639	-15,3076923
639	14,6923077
639	15,6923077
640	4,6923077
640	34,6923077
640	-31,3076923
640	23,6923077
641	-5,3076923
641	-9,3076923
641	5,6923077
641	-14,3076923
642	-13,3076923
642	-10,3076923
642	-44,3076923
642	-3,3076923
643	-21,3076923
643	-9,3076923
643	-1,3076923
644	-8,3076923
644	-13,3076923
644	-9,3076923
644	10,6923077
645	10,6923077
645	0,6923077
645	5,6923077
645	2,6923077
646	-10,3076923
646	-5,3076923
646	-20,3076923
646	10,6923077
647	16,6923077
647	25,6923077
647	8,6923077
647	-1,3076923
648	-0,3076923
648	-7,3076923
648	-19,3076923
648	4,6923077
649	9,6923077
649	23,6923077
649	-3,3076923
649	5,6923077
650	7,6923077
650	1,6923077
650	5,6923077
650	8,6923077
651	3,6923077
651	9,6923077
651	5,6923077
651	-1,3076923
652	-3,3076923
652	-13,3076923
652	-12,3076923
652	-13,3076923
653	18,6923077
653	4,6923077
653	-1,3076923
653	-2,3076923
654	-3,3076923
654	-0,3076923
654	5,6923077
654	23,6923077
655	5,6923077
655	7,6923077
655	-2,3076923
655	1,6923077
656	8,6923077
656	-10,3076923
656	-23,3076923
656	8,6923077
657	27,6923077
657	-33,3076923
657	-3,3076923
657	-1,3076923
658	-5,3076923
658	-6,3076923
658	1,6923077
658	-0,3076923
659	5,6923077
659	10,6923077
659	13,6923077
660	-5,3076923
660	-17,3076923
660	7,6923077
660	7,6923077
661	2,6923077
661	29,6923077
661	4,6923077
661	-11,3076923
662	5,6923077
662	14,6923077
662	2,6923077
662	-13,3076923
663	-6,3076923
663	0,6923077
663	12,6923077
663	5,6923077
664	5,6923077
664	18,6923077
664	4,6923077
664	9,6923077
665	18,6923077
665	2,6923077
665	13,6923077
665	-22,3076923
666	-0,3076923
666	-3,3076923
666	10,6923077
666	4,6923077
667	8,6923077
667	9,6923077
667	0,6923077
667	-25,3076923
668	-24,3076923
668	-10,3076923
668	-4,3076923
668	16,6923077
669	-0,3076923
669	-21,3076923
669	4,6923077
669	-30,3076923
670	1,6923077
670	29,6923077
670	12,6923077
670	0,6923077
671	-14,3076923
671	-0,3076923
671	11,6923077
671	-11,3076923
672	0,6923077
672	2,6923077
672	23,6923077
672	12,6923077
673	10,6923077
673	-8,3076923
673	-7,3076923
673	-17,3076923
674	-8,3076923
674	18,6923077
674	-15,3076923
674	4,6923077
675	-19,3076923
675	2,6923077
675	-14,3076923
675	8,6923077
676	2,6923077
676	2,6923077
676	-28,3076923
676	-11,3076923
677	-2,3076923
677	-6,3076923
677	-3,3076923
677	7,6923077
678	15,6923077
678	14,6923077
678	10,6923077
678	3,6923077
679	3,6923077
679	-12,3076923
679	17,6923077
680	12,6923077
680	-19,3076923
680	0,6923077
680	-6,3076923
681	14,6923077
681	-2,3076923
681	3,6923077
681	-19,3076923
682	-25,3076923
682	-20,3076923
682	-0,3076923
682	9,6923077
683	-15,3076923
683	-9,3076923
683	15,6923077
683	7,6923077
684	-13,3076923
684	-5,3076923
684	-2,3076923
684	-10,3076923
685	-0,3076923
685	-22,3076923
685	9,6923077
685	-18,3076923
686	-17,3076923
686	3,6923077
686	10,6923077
686	3,6923077
687	10,6923077
687	10,6923077
687	-3,3076923
687	7,6923077
688	-23,3076923
688	-5,3076923
688	-11,3076923
688	-22,3076923
689	-11,3076923
689	3,6923077
689	1,6923077
689	-9,3076923
690	-16,3076923
690	-27,3076923
690	-30,3076923
690	-3,3076923
691	7,6923077
691	4,6923077
691	10,6923077
691	13,6923077
692	17,6923077
692	-5,3076923
692	10,6923077
692	-7,3076923
693	18,6923077
693	-9,3076923
693	6,6923077
693	-12,3076923
694	-13,3076923
694	-1,3076923
694	-8,3076923
694	-1,3076923
695	-5,3076923
695	18,6923077
695	-22,3076923
695	-41,3076923
696	-28,3076923
696	-21,3076923
696	-38,3076923
696	-26,3076923
697	-6,3076923
697	-5,3076923
697	-29,3076923
697	-2,3076923
698	-2,3076923
698	-20,3076923
698	-23,3076923
698	-1,3076923
699	-8,3076923
699	-30,3076923
699	5,6923077
699	5,6923077
700	7,6923077
700	-1,3076923
700	-9,3076923
700	-5,3076923
701	9,6923077
701	-19,3076923
701	3,6923077
701	1,6923077
702	-34,3076923
702	-20,3076923
702	2,6923077
702	-19,3076923
703	-16,3076923
703	-12,3076923
703	-0,3076923
703	-19,3076923
704	3,6923077
704	-31,3076923
704	0,6923077
704	31,6923077
705	4,6923077
705	-7,3076923
705	19,6923077
706	15,6923077
706	28,6923077
706	8,6923077
706	0,6923077
707	11,6923077
707	-21,3076923
707	-1,3076923
707	-26,3076923
708	-6,3076923
708	13,6923077
708	-4,3076923
708	-3,3076923
709	-16,3076923
709	-17,3076923
709	-18,3076923
709	-17,3076923
710	-10,3076923
710	9,6923077
710	11,6923077
710	7,6923077
711	6,6923077
711	14,6923077
711	-5,3076923
711	0,6923077
712	4,6923077
712	-0,3076923
712	-0,3076923
712	4,6923077
713	0,6923077
713	3,6923077
713	3,6923077
713	-5,3076923
714	26,6923077
714	5,6923077
714	-14,3076923
714	-19,3076923
715	9,6923077
715	-8,3076923
715	2,6923077
715	0,6923077
716	-10,3076923
716	12,6923077
716	-9,3076923
716	-15,3076923
717	-0,3076923
717	19,6923077
717	16,6923077
717	-8,3076923
718	3,6923077
718	-6,3076923
718	3,6923077
718	-5,3076923
719	3,6923077
719	-12,3076923
719	9,6923077
719	-21,3076923
720	-17,3076923
720	-32,3076923
720	-11,3076923
720	0,6923077
721	-3,3076923
721	14,6923077
721	-10,3076923
721	-21,3076923
722	22,6923077
722	-1,3076923
722	-18,3076923
722	-30,3076923
723	15,6923077
723	13,6923077
723	-19,3076923
723	-3,3076923
724	-3,3076923
724	-9,3076923
724	-6,3076923
724	-24,3076923
725	-10,3076923
725	14,6923077
725	5,6923077
725	4,6923077
726	-3,3076923
726	10,6923077
726	4,6923077
726	-4,3076923
727	-20,3076923
727	-19,3076923
727	7,6923077
727	-4,3076923
728	-0,3076923
728	-17,3076923
728	-17,3076923
728	-3,3076923
729	-15,3076923
729	2,6923077
729	-4,3076923
729	4,6923077
730	32,6923077
730	-23,3076923
730	-8,3076923
730	-8,3076923
731	-0,3076923
731	-29,3076923
731	-43,3076923
731	-8,3076923
732	5,6923077
732	-19,3076923
732	-28,3076923
732	6,6923077
733	14,6923077
733	-9,3076923
733	-1,3076923
733	4,6923077
734	-12,3076923
734	-8,3076923
734	-22,3076923
734	11,6923077
735	11,6923077
735	-12,3076923
735	11,6923077
735	11,6923077
736	-15,3076923
736	-12,3076923
736	-33,3076923
736	1,6923077
737	6,6923077
737	-13,3076923
737	-16,3076923
737	-2,3076923
738	-8,3076923
738	-8,3076923
738	-17,3076923
738	-7,3076923
739	-11,3076923
739	21,6923077
739	-23,3076923
739	4,6923077
740	-4,3076923
740	-1,3076923
740	-1,3076923
740	-16,3076923
741	-28,3076923
741	-4,3076923
741	-25,3076923
741	-0,3076923
742	10,6923077
742	12,6923077
742	4,6923077
742	-17,3076923
743	-16,3076923
743	35,6923077
743	4,6923077
743	0,6923077
744	0,6923077
744	13,6923077
744	8,6923077
744	-14,3076923
745	-5,3076923
745	-10,3076923
745	-16,3076923
745	-24,3076923
746	-3,3076923
746	-0,3076923
746	-9,3076923
746	3,6923077
747	23,6923077
747	-3,3076923
747	6,6923077
747	-4,3076923
748	15,6923077
748	0,6923077
748	-9,3076923
748	2,6923077
749	-4,3076923
749	6,6923077
749	9,6923077
749	-19,3076923
750	-5,3076923
750	0,6923077
750	-0,3076923
750	8,6923077
751	5,6923077
751	9,6923077
751	-19,3076923
751	1,6923077
752	-5,3076923
752	-18,3076923
752	14,6923077
752	5,6923077
753	-29,3076923
753	0,6923077
753	-12,3076923
753	2,6923077
754	-9,3076923
754	-7,3076923
754	-23,3076923
754	3,6923077
755	-7,3076923
755	-10,3076923
755	-0,3076923
755	-12,3076923
756	-8,3076923
756	-11,3076923
756	2,6923077
756	10,6923077
757	11,6923077
757	-10,3076923
757	-18,3076923
757	-15,3076923
758	5,6923077
758	-4,3076923
758	-4,3076923
758	41,6923077
759	23,6923077
759	36,6923077
759	5,6923077
759	10,6923077
760	-7,3076923
760	-16,3076923
760	4,6923077
760	-17,3076923
761	5,6923077
761	10,6923077
761	-12,3076923
761	-5,3076923
762	23,6923077
762	11,6923077
762	3,6923077
762	-33,3076923
763	-19,3076923
763	12,6923077
763	14,6923077
763	-2,3076923
764	-9,3076923
764	-31,3076923
764	6,6923077
764	6,6923077
765	9,6923077
765	-24,3076923
765	-14,3076923
765	6,6923077
766	6,6923077
766	1,6923077
766	8,6923077
766	10,6923077
767	-12,3076923
767	-0,3076923
767	-10,3076923
767	15,6923077
768	-3,3076923
768	3,6923077
768	-8,3076923
768	7,6923077
769	-10,3076923
769	11,6923077
769	-10,3076923
769	-9,3076923
770	14,6923077
770	-10,3076923
770	-18,3076923
770	12,6923077
771	-5,3076923
771	14,6923077
771	5,6923077
771	25,6923077
772	9,6923077
772	-13,3076923
772	-3,3076923
772	1,6923077
773	-22,3076923
773	-7,3076923
773	3,6923077
773	-1,3076923
774	-9,3076923
774	-8,3076923
774	-11,3076923
774	8,6923077
775	-21,3076923
775	-23,3076923
775	-11,3076923
775	-22,3076923
776	-23,3076923
776	2,6923077
776	2,6923077
776	-27,3076923
777	26,6923077
777	-3,3076923
777	8,6923077
777	14,6923077
778	1,6923077
778	-0,3076923
778	10,6923077
778	10,6923077
779	3,6923077
779	16,6923077
779	-11,3076923
779	24,6923077
780	29,6923077
780	-2,3076923
780	-18,3076923
780	-5,3076923
781	18,6923077
781	20,6923077
781	13,6923077
781	-2,3076923
782	20,6923077
782	-11,3076923
782	-17,3076923
782	31,6923077
783	16,6923077
783	-19,3076923
783	-10,3076923
783	-19,3076923
784	-23,3076923
784	2,6923077
784	3,6923077
784	-2,3076923
785	-0,3076923
785	-1,3076923
785	-16,3076923
785	-8,3076923
786	3,6923077
786	-5,3076923
786	-2,3076923
786	10,6923077
787	7,6923077
787	-11,3076923
787	-5,3076923
787	-19,3076923
788	-23,3076923
788	-15,3076923
788	-18,3076923
788	-9,3076923
789	11,6923077
789	-15,3076923
789	-5,3076923
789	-17,3076923
790	-5,3076923
790	-7,3076923
790	7,6923077
790	-1,3076923
791	2,6923077
791	-27,3076923
791	0,6923077
791	-8,3076923
792	16,6923077
792	16,6923077
792	14,6923077
792	-3,3076923
793	12,6923077
793	16,6923077
793	-20,3076923
793	7,6923077
794	14,6923077
794	-21,3076923
794	-3,3076923
794	-26,3076923
795	-1,3076923
795	8,6923077
795	9,6923077
795	-3,3076923
796	17,6923077
796	26,6923077
796	-17,3076923
796	-11,3076923
797	-19,3076923
797	-28,3076923
797	16,6923077
797	-13,3076923
798	-14,3076923
798	1,6923077
798	16,6923077
798	21,6923077
799	-10,3076923
799	-24,3076923
799	11,6923077
799	-30,3076923
800	0,6923077
800	23,6923077
800	17,6923077
800	-3,3076923
801	18,6923077
801	-1,3076923
801	10,6923077
801	-5,3076923
802	-4,3076923
802	20,6923077
802	1,6923077
802	-10,3076923
803	8,6923077
803	-10,3076923
803	7,6923077
803	4,6923077
804	10,6923077
804	-22,3076923
804	-5,3076923
804	28,6923077
805	-1,3076923
805	-30,3076923
805	-7,3076923
805	-14,3076923
806	-11,3076923
806	-0,3076923
806	15,6923077
806	9,6923077
807	-7,3076923
807	4,6923077
807	9,6923077
807	2,6923077
808	-13,3076923
808	-25,3076923
808	-3,3076923
808	-11,3076923
809	-14,3076923
809	20,6923077
809	1,6923077
809	2,6923077
810	2,6923077
810	7,6923077
810	-12,3076923
810	-16,3076923
811	-7,3076923
811	6,6923077
811	-15,3076923
811	13,6923077
812	0,6923077
812	7,6923077
812	-17,3076923
812	-11,3076923
813	-17,3076923
813	6,6923077
813	29,6923077
813	-7,3076923
814	-6,3076923
814	-7,3076923
814	0,6923077
814	2,6923077
815	23,6923077
815	9,6923077
815	7,6923077
815	-1,3076923
816	14,6923077
816	19,6923077
816	-2,3076923
816	13,6923077
817	8,6923077
817	-12,3076923
817	0,6923077
817	-14,3076923
818	-13,3076923
818	-4,3076923
818	-18,3076923
818	-0,3076923
819	-10,3076923
819	23,6923077
819	-19,3076923
819	-1,3076923
820	-11,3076923
820	-6,3076923
820	2,6923077
820	-5,3076923
820	-16,3076923
821	-38,3076923
821	-9,3076923
821	-6,3076923
821	-1,3076923
822	3,6923077
822	-7,3076923
822	-20,3076923
822	5,6923077
823	-21,3076923
823	5,6923077
823	-3,3076923
823	4,6923077
824	-21,3076923
824	13,6923077
824	1,6923077
824	-3,3076923
825	-3,3076923
825	19,6923077
825	-5,3076923
825	-3,3076923
826	-5,3076923
826	-8,3076923
826	1,6923077
826	18,6923077
827	2,6923077
827	-17,3076923
827	7,6923077
827	-33,3076923
828	-0,3076923
828	-20,3076923
828	-3,3076923
828	-16,3076923
829	10,6923077
829	30,6923077
829	12,6923077
829	-0,3076923
830	10,6923077
830	25,6923077
830	0,6923077
830	2,6923077
831	31,6923077
831	2,6923077
831	-7,3076923
831	3,6923077
832	18,6923077
832	-0,3076923
832	1,6923077
832	1,6923077
833	6,6923077
833	0,6923077
833	-14,3076923
833	-10,3076923
834	32,6923077
834	13,6923077
834	27,6923077
834	-15,3076923
835	-29,3076923
835	4,6923077
835	4,6923077
835	11,6923077
836	-20,3076923
836	-7,3076923
836	12,6923077
836	15,6923077
837	13,6923077
837	3,6923077
837	3,6923077
837	7,6923077
838	-14,3076923
838	26,6923077
838	22,6923077
838	-3,3076923
839	-3,3076923
839	-16,3076923
839	8,6923077
839	10,6923077
840	-0,3076923
840	-8,3076923
840	-24,3076923
840	-17,3076923
841	-9,3076923
841	35,6923077
841	4,6923077
841	-2,3076923
842	-1,3076923
842	5,6923077
842	-12,3076923
842	0,6923077
843	15,6923077
843	10,6923077
843	-2,3076923
843	-3,3076923
844	-20,3076923
844	10,6923077
844	-7,3076923
844	-20,3076923
845	-6,3076923
845	10,6923077
845	2,6923077
845	14,6923077
845	-7,3076923
846	-7,3076923
846	7,6923077
846	-7,3076923
846	-19,3076923
847	4,6923077
847	-14,3076923
847	15,6923077
847	4,6923077
848	-19,3076923
848	-17,3076923
848	-2,3076923
848	-3,3076923
849	-12,3076923
849	-13,3076923
849	9,6923077
849	-2,3076923
850	4,6923077
850	5,6923077
850	7,6923077
850	22,6923077
851	-1,3076923
851	-12,3076923
851	2,6923077
851	-17,3076923
852	-33,3076923
852	2,6923077
852	7,6923077
852	-3,3076923
853	-6,3076923
853	-33,3076923
853	-27,3076923
853	-21,3076923
854	-14,3076923
854	5,6923077
854	-15,3076923
854	6,6923077
855	-23,3076923
855	4,6923077
855	7,6923077
855	-6,3076923
856	-7,3076923
856	17,6923077
856	11,6923077
856	1,6923077
857	-3,3076923
857	22,6923077
857	23,6923077
857	-6,3076923
858	34,6923077
858	2,6923077
858	24,6923077
858	-7,3076923
859	12,6923077
859	-12,3076923
859	-1,3076923
859	5,6923077
860	-20,3076923
860	2,6923077
860	31,6923077
860	5,6923077
861	10,6923077
861	-9,3076923
861	4,6923077
861	10,6923077
862	17,6923077
862	20,6923077
862	-10,3076923
862	-2,3076923
863	3,6923077
863	6,6923077
863	5,6923077
863	-11,3076923
864	24,6923077
864	-18,3076923
864	-20,3076923
864	15,6923077
864	-9,3076923
865	-13,3076923
865	-12,3076923
865	-19,3076923
865	-1,3076923
866	-39,3076923
866	-17,3076923
866	-6,3076923
866	7,6923077
867	9,6923077
867	-20,3076923
867	-23,3076923
867	14,6923077
868	-1,3076923
868	-21,3076923
868	-16,3076923
868	2,6923077
869	6,6923077
869	6,6923077
869	-24,3076923
869	-13,3076923
870	5,6923077
870	-11,3076923
870	7,6923077
870	21,6923077
871	-0,3076923
871	-3,3076923
871	7,6923077
871	-7,3076923
872	21,6923077
872	-17,3076923
872	-9,3076923
872	10,6923077
873	-28,3076923
873	-34,3076923
873	-8,3076923
873	8,6923077
874	-25,3076923
874	-10,3076923
874	-14,3076923
874	-12,3076923
875	-12,3076923
875	-29,3076923
875	-38,3076923
875	7,6923077
876	-11,3076923
876	19,6923077
876	5,6923077
876	-16,3076923
877	8,6923077
877	-12,3076923
877	23,6923077
877	3,6923077
878	-5,3076923
878	-27,3076923
878	10,6923077
878	2,6923077
879	-0,3076923
879	-35,3076923
879	-9,3076923
879	-1,3076923
880	17,6923077
880	4,6923077
880	9,6923077
880	14,6923077
880	-14,3076923
881	-2,3076923
881	2,6923077
881	-27,3076923
881	-13,3076923
882	-0,3076923
882	-23,3076923
882	10,6923077
882	11,6923077
883	7,6923077
883	-16,3076923
883	-13,3076923
883	-29,3076923
884	5,6923077
884	-9,3076923
884	-2,3076923
884	-11,3076923
885	-8,3076923
885	1,6923077
885	9,6923077
885	11,6923077
886	-23,3076923
886	-16,3076923
886	-14,3076923
886	5,6923077
887	8,6923077
887	-4,3076923
887	-28,3076923
887	-36,3076923
888	-0,3076923
888	-14,3076923
888	-6,3076923
888	-13,3076923
889	-9,3076923
889	2,6923077
889	-28,3076923
889	-15,3076923
890	20,6923077
890	-21,3076923
890	20,6923077
890	26,6923077
891	-2,3076923
891	23,6923077
891	8,6923077
891	-1,3076923
892	-23,3076923
892	-25,3076923
892	-16,3076923
892	16,6923077
893	19,6923077
893	-0,3076923
893	1,6923077
893	6,6923077
894	21,6923077
894	8,6923077
894	15,6923077
894	7,6923077
894	10,6923077
895	9,6923077
895	6,6923077
895	18,6923077
895	-10,3076923
896	19,6923077
896	-0,3076923
896	-15,3076923
896	21,6923077
897	5,6923077
897	11,6923077
897	22,6923077
897	10,6923077
898	1,6923077
898	-5,3076923
898	-19,3076923
898	-19,3076923
899	-12,3076923
899	-31,3076923
899	-12,3076923
899	-17,3076923
900	-13,3076923
900	14,6923077
900	-1,3076923
900	8,6923077
901	11,6923077
901	-5,3076923
901	13,6923077
901	-12,3076923
902	-0,3076923
902	-10,3076923
902	7,6923077
902	20,6923077
903	3,6923077
903	-4,3076923
903	-34,3076923
903	17,6923077
904	15,6923077
904	-5,3076923
904	14,6923077
904	-1,3076923
905	9,6923077
905	15,6923077
905	0,6923077
905	7,6923077
906	9,6923077
906	18,6923077
906	-2,3076923
906	-5,3076923
906	-20,3076923
907	-1,3076923
907	3,6923077
907	-29,3076923
907	-1,3076923
908	-12,3076923
908	19,6923077
908	18,6923077
908	-17,3076923
909	-20,3076923
909	-21,3076923
909	3,6923077
909	-13,3076923
910	-9,3076923
910	-8,3076923
910	11,6923077
910	-38,3076923
911	-0,3076923
911	-7,3076923
911	28,6923077
911	-0,3076923
912	-9,3076923
912	-4,3076923
912	-4,3076923
912	3,6923077
913	0,6923077
913	-17,3076923
913	5,6923077
913	-18,3076923
914	5,6923077
914	-15,3076923
914	-19,3076923
914	-27,3076923
915	-32,3076923
915	3,6923077
915	12,6923077
915	-1,3076923
916	-4,3076923
916	18,6923077
916	26,6923077
916	-16,3076923
917	5,6923077
917	18,6923077
917	-13,3076923
917	-7,3076923
917	-11,3076923
918	-6,3076923
918	23,6923077
918	-16,3076923
918	9,6923077
919	3,6923077
919	12,6923077
919	13,6923077
919	-31,3076923
920	-24,3076923
920	-15,3076923
920	-3,3076923
920	15,6923077
921	5,6923077
921	-0,3076923
921	1,6923077
921	-12,3076923
922	5,6923077
922	-20,3076923
922	-9,3076923
922	-28,3076923
923	-11,3076923
923	18,6923077
923	-16,3076923
923	-33,3076923
924	-14,3076923
924	-16,3076923
924	-3,3076923
924	-11,3076923
925	-20,3076923
925	-19,3076923
925	-0,3076923
925	6,6923077
926	-6,3076923
926	-15,3076923
926	-10,3076923
926	8,6923077
927	-2,3076923
927	-26,3076923
927	-15,3076923
927	-8,3076923
928	-33,3076923
928	-21,3076923
928	-25,3076923
928	-12,3076923
928	7,6923077
929	0,6923077
929	-10,3076923
929	1,6923077
929	-10,3076923
930	-9,3076923
930	0,6923077
930	-27,3076923
930	-3,3076923
931	-0,3076923
931	-10,3076923
931	0,6923077
931	8,6923077
932	4,6923077
932	4,6923077
932	-11,3076923
932	-4,3076923
933	20,6923077
933	-28,3076923
933	3,6923077
933	-7,3076923
934	-7,3076923
934	32,6923077
934	13,6923077
934	9,6923077
935	6,6923077
935	-9,3076923
935	9,6923077
935	16,6923077
936	4,6923077
936	7,6923077
936	-7,3076923
936	-19,3076923
937	12,6923077
937	31,6923077
937	-1,3076923
937	11,6923077
938	-16,3076923
938	-1,3076923
938	4,6923077
938	13,6923077
938	1,6923077
939	-1,3076923
939	0,6923077
939	7,6923077
939	-9,3076923
940	-8,3076923
940	10,6923077
940	-16,3076923
940	-16,3076923
941	-0,3076923
941	-26,3076923
941	-27,3076923
941	-2,3076923
942	-7,3076923
942	1,6923077
942	9,6923077
942	8,6923077
943	15,6923077
943	-5,3076923
943	-7,3076923
943	9,6923077
944	-6,3076923
944	10,6923077
944	-8,3076923
944	18,6923077
945	6,6923077
945	-4,3076923
945	15,6923077
945	-11,3076923
946	-8,3076923
946	11,6923077
946	-9,3076923
946	-0,3076923
947	23,6923077
947	15,6923077
947	-15,3076923
947	-18,3076923
947	1,6923077
948	-4,3076923
948	-0,3076923
948	0,6923077
948	13,6923077
949	10,6923077
949	-18,3076923
949	-1,3076923
949	-13,3076923
950	-0,3076923
950	-1,3076923
950	-1,3076923
950	-21,3076923
951	-8,3076923
951	-5,3076923
951	8,6923077
951	2,6923077
952	8,6923077
952	15,6923077
952	-9,3076923
952	46,6923077
953	-14,3076923
953	1,6923077
953	16,6923077
953	-6,3076923
954	-51,3076923
954	1,6923077
954	-18,3076923
954	-11,3076923
955	6,6923077
955	-19,3076923
955	-18,3076923
955	-24,3076923
956	-11,3076923
956	-16,3076923
956	-7,3076923
956	-15,3076923
956	-25,3076923
957	37,6923077
957	20,6923077
957	21,6923077
957	-8,3076923
958	-14,3076923
958	-19,3076923
958	-11,3076923
958	-0,3076923
959	3,6923077
959	1,6923077
959	-27,3076923
959	-17,3076923
960	29,6923077
960	5,6923077
960	-8,3076923
960	3,6923077
961	7,6923077
961	0,6923077
961	-5,3076923
961	-6,3076923
962	-6,3076923
962	-24,3076923
962	-8,3076923
962	8,6923077
963	-11,3076923
963	-4,3076923
963	10,6923077
963	-12,3076923
964	6,6923077
964	13,6923077
964	-14,3076923
964	-15,3076923
964	-13,3076923
965	4,6923077
965	-22,3076923
965	6,6923077
965	2,6923077
966	28,6923077
966	4,6923077
966	-12,3076923
966	-18,3076923
967	-16,3076923
967	-14,3076923
967	-9,3076923
967	-7,3076923
968	-3,3076923
968	-22,3076923
968	-3,3076923
968	9,6923077
969	6,6923077
969	-23,3076923
969	-7,3076923
969	6,6923077
970	-6,3076923
970	-22,3076923
970	-1,3076923
970	-12,3076923
971	-9,3076923
971	-12,3076923
971	7,6923077
971	20,6923077
972	16,6923077
972	-0,3076923
972	19,6923077
972	-18,3076923
972	-29,3076923
973	-37,3076923
973	-6,3076923
973	14,6923077
973	-18,3076923
974	-26,3076923
974	4,6923077
974	9,6923077
974	-3,3076923
975	2,6923077
975	-1,3076923
975	12,6923077
975	13,6923077
976	-23,3076923
976	-23,3076923
976	-8,3076923
976	-16,3076923
977	-0,3076923
977	-14,3076923
977	-10,3076923
977	1,6923077
978	11,6923077
978	11,6923077
978	-17,3076923
978	29,6923077
979	22,6923077
979	15,6923077
979	16,6923077
979	25,6923077
980	12,6923077
980	0,6923077
980	-0,3076923
980	-14,3076923
980	-21,3076923
981	-25,3076923
981	1,6923077
981	-5,3076923
981	-19,3076923
982	-28,3076923
982	6,6923077
982	-5,3076923
982	-1,3076923
983	0,6923077
983	8,6923077
983	-15,3076923
983	9,6923077
984	28,6923077
984	4,6923077
984	2,6923077
984	-10,3076923
985	-4,3076923
985	10,6923077
985	4,6923077
985	2,6923077
986	-9,3076923
986	-9,3076923
986	-4,3076923
986	-41,3076923
987	-14,3076923
987	9,6923077
987	-14,3076923
987	-27,3076923
988	1,6923077
988	-7,3076923
988	-22,3076923
988	-4,3076923
988	-0,3076923
989	-5,3076923
989	3,6923077
989	-3,3076923
989	-4,3076923
990	15,6923077
990	-5,3076923
990	-3,3076923
990	8,6923077
991	-1,3076923
991	-1,3076923
991	-3,3076923
991	-12,3076923
992	7,6923077
992	15,6923077
992	13,6923077
992	0,6923077
993	-21,3076923
993	-8,3076923
993	-31,3076923
993	-10,3076923
994	-5,3076923
994	-1,3076923
994	6,6923077
994	-10,3076923
995	-5,3076923
995	-5,3076923
995	-2,3076923
995	30,6923077
995	13,6923077
996	-6,3076923
996	-14,3076923
996	2,6923077
996	1,6923077
997	30,6923077
997	-22,3076923
997	-21,3076923
997	31,6923077
998	-10,3076923
998	-4,3076923
998	-9,3076923
998	11,6923077
999	3,6923077
999	-19,3076923
999	34,6923077
999	-12,3076923
1000	-15,3076923
1000	11,6923077
1000	0,6923077
1000	-16,3076923
1001	-0,3076923
1001	2,6923077
1001	13,6923077
1001	-8,3076923
1002	-5,3076923
1002	10,6923077
1002	9,6923077
1002	12,6923077
1002	3,6923077
1003	-2,3076923
1003	-5,3076923
1003	11,6923077
1003	3,6923077
1004	7,6923077
1004	-9,3076923
1004	5,6923077
1004	24,6923077
1005	2,6923077
1005	-5,3076923
1005	-1,3076923
1005	4,6923077
1006	-5,3076923
1006	-4,3076923
1006	19,6923077
1006	4,6923077
1007	-4,3076923
1007	0,6923077
1007	-27,3076923
1007	-12,3076923
1008	-24,3076923
1008	18,6923077
1008	21,6923077
1008	5,6923077
1008	11,6923077
1009	-7,3076923
1009	-9,3076923
1009	-9,3076923
1009	-2,3076923
1010	-10,3076923
1010	-36,3076923
1010	-8,3076923
1010	-10,3076923
1011	-12,3076923
1011	0,6923077
1011	-14,3076923
1011	-2,3076923
1012	2,6923077
1012	3,6923077
1012	-5,3076923
1012	-14,3076923
1013	-15,3076923
1013	-3,3076923
1013	5,6923077
1013	26,6923077
1014	37,6923077
1014	5,6923077
1014	16,6923077
1014	-0,3076923
1015	-9,3076923
1015	-8,3076923
1015	-1,3076923
1015	-26,3076923
1015	12,6923077
1016	7,6923077
1016	5,6923077
1016	12,6923077
1016	-24,3076923
1017	25,6923077
1017	3,6923077
1017	-23,3076923
1017	-20,3076923
1018	-12,3076923
1018	0,6923077
1018	6,6923077
1018	5,6923077
1019	-3,3076923
1019	2,6923077
1019	-12,3076923
1019	-11,3076923
1020	-23,3076923
1020	-7,3076923
1020	1,6923077
1020	2,6923077
1021	-10,3076923
1021	-4,3076923
1021	5,6923077
1021	-9,3076923
1021	1,6923077
1022	-0,3076923
1022	12,6923077
1022	16,6923077
1022	7,6923077
1023	-7,3076923
1023	-5,3076923
1023	-7,3076923
1023	-10,3076923
1024	6,6923077
1024	-23,3076923
1024	1,6923077
1024	4,6923077
1025	14,6923077
1025	-0,3076923
1025	-23,3076923
1025	5,6923077
1026	-2,3076923
1026	6,6923077
1026	1,6923077
1026	11,6923077
1027	-3,3076923
1027	-20,3076923
1027	14,6923077
1027	8,6923077
1027	-30,3076923
1028	-21,3076923
1028	-19,3076923
1028	-14,3076923
1028	-9,3076923
1029	-21,3076923
1029	-2,3076923
1029	-10,3076923
1029	5,6923077
1030	15,6923077
1030	10,6923077
1030	-8,3076923
1030	-28,3076923
1031	9,6923077
1031	23,6923077
1031	21,6923077
1031	-37,3076923
1032	-9,3076923
1032	12,6923077
1032	-3,3076923
1032	4,6923077
1033	23,6923077
1033	-5,3076923
1033	1,6923077
1033	-14,3076923
1034	-0,3076923
1034	0,6923077
1034	-39,3076923
1034	-23,3076923
1034	-3,3076923
1035	16,6923077
1035	-4,3076923
1035	-10,3076923
1035	-1,3076923
1036	26,6923077
1036	8,6923077
1036	6,6923077
1036	-22,3076923
1037	-8,3076923
1037	-0,3076923
1037	4,6923077
1037	21,6923077
1038	4,6923077
1038	-2,3076923
1038	-19,3076923
1038	20,6923077
1039	6,6923077
1039	4,6923077
1039	-0,3076923
1039	10,6923077
1039	6,6923077
1040	-13,3076923
1040	11,6923077
1040	10,6923077
1040	-8,3076923
1041	2,6923077
1041	-25,3076923
1041	-14,3076923
1041	2,6923077
1042	8,6923077
1042	-0,3076923
1042	20,6923077
1042	0,6923077
1043	9,6923077
1043	32,6923077
1043	1,6923077
1043	-3,3076923
1044	17,6923077
1044	-33,3076923
1044	20,6923077
1044	-24,3076923
1045	-18,3076923
1045	-18,3076923
1045	5,6923077
1045	-15,3076923
1045	-7,3076923
1046	-23,3076923
1046	-17,3076923
1046	-10,3076923
1046	-7,3076923
1047	-4,3076923
1047	9,6923077
1047	-20,3076923
1047	15,6923077
1048	26,6923077
1048	9,6923077
1048	13,6923077
1048	6,6923077
1049	-15,3076923
1049	-9,3076923
1049	-0,3076923
1049	5,6923077
1050	-30,3076923
1050	-3,3076923
1050	9,6923077
1050	-3,3076923
1051	6,6923077
1051	12,6923077
1051	-16,3076923
1051	6,6923077
1051	-22,3076923
1052	1,6923077
1052	-10,3076923
1052	-14,3076923
1052	-18,3076923
1053	-6,3076923
1053	10,6923077
1053	0,6923077
1053	-8,3076923
1054	0,6923077
1054	-41,3076923
1054	-15,3076923
1054	-11,3076923
1055	-13,3076923
1055	-0,3076923
1055	2,6923077
1055	-4,3076923
1056	0,6923077
1056	-5,3076923
1056	-9,3076923
1056	-7,3076923
1056	-11,3076923
1057	-1,3076923
1057	7,6923077
1057	-1,3076923
1057	5,6923077
1058	-4,3076923
1058	-6,3076923
1058	-1,3076923
1058	10,6923077
1059	13,6923077
1059	-19,3076923
1059	-32,3076923
1059	-6,3076923
1060	9,6923077
1060	0,6923077
1060	-6,3076923
1060	15,6923077
1061	11,6923077
1061	23,6923077
1061	-7,3076923
1061	12,6923077
1062	6,6923077
1062	11,6923077
1062	0,6923077
1062	34,6923077
1062	14,6923077
1063	-17,3076923
1063	1,6923077
1063	8,6923077
1063	-1,3076923
1064	-24,3076923
1064	4,6923077
1064	4,6923077
1064	-11,3076923
1065	18,6923077
1065	1,6923077
1065	-17,3076923
1065	-4,3076923
1066	6,6923077
1066	8,6923077
1066	-9,3076923
1066	5,6923077
1067	0,6923077
1067	2,6923077
1067	27,6923077
1067	6,6923077
1067	17,6923077
1068	-6,3076923
1068	14,6923077
1068	10,6923077
1068	33,6923077
1069	22,6923077
1069	-4,3076923
1069	-8,3076923
1069	21,6923077
1070	9,6923077
1070	-8,3076923
1070	6,6923077
1070	7,6923077
1071	16,6923077
1071	11,6923077
1071	2,6923077
1071	-6,3076923
1072	-1,3076923
1072	-5,3076923
1072	-8,3076923
1072	-10,3076923
1072	-4,3076923
1073	-1,3076923
1073	-6,3076923
1073	-19,3076923
1073	-20,3076923
1074	-16,3076923
1074	-1,3076923
1074	-2,3076923
1074	-0,3076923
1075	22,6923077
1075	5,6923077
1075	-2,3076923
1075	-12,3076923
1076	-15,3076923
1076	-0,3076923
1076	-12,3076923
1076	5,6923077
1077	-7,3076923
1077	-12,3076923
1077	-1,3076923
1077	-13,3076923
1077	2,6923077
1078	-9,3076923
1078	-22,3076923
1078	-6,3076923
1078	-15,3076923
1079	16,6923077
1079	32,6923077
1079	-3,3076923
1079	0,6923077
1080	5,6923077
1080	-27,3076923
1080	-3,3076923
1080	5,6923077
1081	-26,3076923
1081	-5,3076923
1081	31,6923077
1081	14,6923077
1082	2,6923077
1082	-14,3076923
1082	12,6923077
1082	-6,3076923
1082	-7,3076923
1083	-12,3076923
1083	4,6923077
1083	1,6923077
1083	-12,3076923
1084	8,6923077
1084	13,6923077
1084	29,6923077
1084	3,6923077
1085	11,6923077
1085	-7,3076923
1085	14,6923077
1085	-1,3076923
1086	1,6923077
1086	1,6923077
1086	3,6923077
1086	6,6923077
1087	-8,3076923
1087	-9,3076923
1087	-17,3076923
1087	-6,3076923
1087	-6,3076923
1088	-8,3076923
1088	3,6923077
1088	19,6923077
1088	3,6923077
1089	1,6923077
1089	6,6923077
1089	-2,3076923
1089	15,6923077
1090	19,6923077
1090	-2,3076923
1090	8,6923077
1090	6,6923077
1091	-5,3076923
1091	11,6923077
1091	8,6923077
1091	-2,3076923
1092	17,6923077
1092	9,6923077
1092	-20,3076923
1092	-3,3076923
1092	-10,3076923
1093	-24,3076923
1093	-7,3076923
1093	-7,3076923
1093	5,6923077
1094	10,6923077
1094	-5,3076923
1094	7,6923077
1094	9,6923077
1095	-8,3076923
1095	36,6923077
1095	6,6923077
1095	28,6923077
1096	29,6923077
1096	-34,3076923
1096	-14,3076923
1096	17,6923077
1097	20,6923077
1097	-12,3076923
1097	-21,3076923
1097	9,6923077
1097	-5,3076923
1098	12,6923077
1098	24,6923077
1098	-9,3076923
1098	-20,3076923
1099	-1,3076923
1099	15,6923077
1099	-6,3076923
1099	9,6923077
1100	-3,3076923
1100	-6,3076923
1100	-14,3076923
1100	1,6923077
1101	7,6923077
1101	-11,3076923
1101	23,6923077
1101	-10,3076923
1101	8,6923077
1102	-8,3076923
1102	0,6923077
1102	-18,3076923
1102	-14,3076923
1103	5,6923077
1103	-6,3076923
1103	-7,3076923
1103	6,6923077
1104	-17,3076923
1104	10,6923077
1104	9,6923077
1104	5,6923077
1105	-8,3076923
1105	-0,3076923
1105	1,6923077
1105	22,6923077
1106	29,6923077
1106	-22,3076923
1106	-16,3076923
1106	-33,3076923
1106	-22,3076923
1107	-5,3076923
1107	38,6923077
1107	19,6923077
1107	4,6923077
1108	-18,3076923
1108	-3,3076923
1108	-1,3076923
1108	-9,3076923
1109	-20,3076923
1109	18,6923077
1109	-22,3076923
1109	-7,3076923
1110	10,6923077
1110	0,6923077
1110	20,6923077
1110	-16,3076923
1110	8,6923077
1111	7,6923077
1111	32,6923077
1111	-10,3076923
1111	-9,3076923
1112	-5,3076923
1112	-8,3076923
1112	8,6923077
1112	-20,3076923
1113	-10,3076923
1113	-54,3076923
1113	-13,3076923
1113	30,6923077
1114	17,6923077
1114	-5,3076923
1114	-17,3076923
1114	-1,3076923
1115	2,6923077
1115	2,6923077
1115	-15,3076923
1115	-8,3076923
1115	20,6923077
1116	17,6923077
1116	-11,3076923
1116	-15,3076923
1116	-14,3076923
1117	5,6923077
1117	19,6923077
1117	-0,3076923
1117	3,6923077
1118	-1,3076923
