196	-3,6153846
196	-3,6153846
196	-3,6153846
197	-1,6153846
197	9,3846154
197	13,3846154
197	-2,6153846
198	6,3846154
198	4,3846154
198	-12,6153846
199	0,3846154
199	0,3846154
199	-6,6153846
199	-6,6153846
200	24,3846154
200	2,3846154
200	18,3846154
200	-35,6153846
201	-3,6153846
201	-12,6153846
201	-8,6153846
201	-0,6153846
202	19,3846154
202	5,3846154
202	-24,6153846
203	11,3846154
203	3,3846154
203	4,3846154
203	11,3846154
204	27,3846154
204	18,3846154
204	-20,6153846
204	9,3846154
205	-15,6153846
205	-7,6153846
205	-14,6153846
205	-3,6153846
206	-29,6153846
206	-3,6153846
206	17,3846154
207	-19,6153846
207	1,3846154
207	-19,6153846
207	-5,6153846
208	-1,6153846
208	-10,6153846
208	-27,6153846
208	-6,6153846
209	-6,6153846
209	-0,6153846
209	3,3846154
209	-18,6153846
210	4,3846154
210	-0,6153846
210	12,3846154
211	-14,6153846
211	8,3846154
211	-17,6153846
211	-7,6153846
212	-25,6153846
212	-1,6153846
212	4,3846154
212	0,3846154
213	-9,6153846
213	-34,6153846
213	6,3846154
213	27,3846154
214	7,3846154
214	-20,6153846
214	0,3846154
215	-9,6153846
215	-2,6153846
215	-12,6153846
215	-19,6153846
216	23,3846154
216	-3,6153846
216	3,3846154
216	-10,6153846
217	-11,6153846
217	-15,6153846
217	-0,6153846
217	-13,6153846
218	-28,6153846
218	-22,6153846
218	-10,6153846
219	15,3846154
219	-20,6153846
219	15,3846154
219	-0,6153846
220	2,3846154
220	-7,6153846
220	-5,6153846
220	-6,6153846
221	-23,6153846
221	-21,6153846
221	-10,6153846
221	-8,6153846
222	11,3846154
222	-3,6153846
222	5,3846154
223	38,3846154
223	7,3846154
223	1,3846154
223	-33,6153846
224	-5,6153846
224	-25,6153846
224	-8,6153846
224	-18,6153846
225	-20,6153846
225	8,3846154
225	8,3846154
225	-0,6153846
226	-5,6153846
226	-42,6153846
226	9,3846154
227	10,3846154
227	1,3846154
227	-3,6153846
227	9,3846154
228	-7,6153846
228	-14,6153846
228	-5,6153846
228	10,3846154
229	-19,6153846
229	-22,6153846
229	0,3846154
229	4,3846154
230	4,3846154
230	-12,6153846
230	-10,6153846
231	-9,6153846
231	10,3846154
231	-35,6153846
231	9,3846154
232	27,3846154
232	8,3846154
232	1,3846154
232	-19,6153846
233	-7,6153846
233	13,3846154
233	3,3846154
233	3,3846154
234	-5,6153846
234	-8,6153846
234	-22,6153846
235	8,3846154
235	22,3846154
235	8,3846154
235	-5,6153846
236	2,3846154
236	-6,6153846
236	-8,6153846
236	-3,6153846
237	12,3846154
237	-13,6153846
237	-7,6153846
237	2,3846154
238	7,3846154
238	-6,6153846
238	-8,6153846
239	-11,6153846
239	-11,6153846
239	1,3846154
239	-0,6153846
240	-4,6153846
240	-2,6153846
240	-2,6153846
240	16,3846154
241	-3,6153846
241	-27,6153846
241	14,3846154
241	12,3846154
242	-10,6153846
242	-22,6153846
242	-1,6153846
243	14,3846154
243	7,3846154
243	-28,6153846
243	13,3846154
244	-11,6153846
244	-13,6153846
244	-6,6153846
244	-11,6153846
245	-9,6153846
245	1,3846154
245	-16,6153846
245	17,3846154
246	-13,6153846
246	11,3846154
246	-22,6153846
247	-6,6153846
247	-10,6153846
247	-17,6153846
247	4,3846154
248	-1,6153846
248	1,3846154
248	-9,6153846
248	18,3846154
249	1,3846154
249	-15,6153846
249	-23,6153846
249	-2,6153846
250	11,3846154
250	16,3846154
250	-0,6153846
251	-22,6153846
251	9,3846154
251	5,3846154
251	-14,6153846
252	-17,6153846
252	-1,6153846
252	17,3846154
252	15,3846154
253	-3,6153846
253	-1,6153846
253	-17,6153846
253	12,3846154
254	-0,6153846
254	-3,6153846
254	-15,6153846
254	12,3846154
255	-26,6153846
255	-19,6153846
255	-14,6153846
256	-25,6153846
256	-12,6153846
256	2,3846154
256	6,3846154
257	-6,6153846
257	-5,6153846
257	4,3846154
257	-4,6153846
258	4,3846154
258	-10,6153846
258	-8,6153846
258	-8,6153846
259	4,3846154
259	13,3846154
259	4,3846154
260	-6,6153846
260	-9,6153846
260	-11,6153846
260	-3,6153846
261	12,3846154
261	-5,6153846
261	-6,6153846
261	8,3846154
262	8,3846154
262	4,3846154
262	1,3846154
262	-16,6153846
263	8,3846154
263	-16,6153846
263	-8,6153846
264	4,3846154
264	-10,6153846
264	22,3846154
264	-8,6153846
265	-22,6153846
265	-5,6153846
265	-8,6153846
265	-5,6153846
266	-6,6153846
266	-1,6153846
266	-3,6153846
266	-32,6153846
267	35,3846154
267	16,3846154
267	24,3846154
268	23,3846154
268	8,3846154
268	2,3846154
268	54,3846154
269	16,3846154
269	10,3846154
269	-18,6153846
269	-7,6153846
270	-0,6153846
270	3,3846154
270	0,3846154
270	-5,6153846
271	2,3846154
271	-12,6153846
271	3,3846154
271	-7,6153846
272	9,3846154
272	6,3846154
272	-12,6153846
273	-10,6153846
273	-4,6153846
273	-3,6153846
273	4,3846154
274	12,3846154
274	-4,6153846
274	-6,6153846
274	9,3846154
275	20,3846154
275	-1,6153846
275	12,3846154
275	10,3846154
276	15,3846154
276	19,3846154
276	-37,6153846
277	4,3846154
277	27,3846154
277	24,3846154
277	-0,6153846
278	31,3846154
278	30,3846154
278	4,3846154
278	-7,6153846
279	3,3846154
279	7,3846154
279	-3,6153846
279	4,3846154
280	-8,6153846
280	6,3846154
280	-10,6153846
280	-8,6153846
281	12,3846154
281	32,3846154
281	-8,6153846
282	3,3846154
282	2,3846154
282	-2,6153846
282	6,3846154
283	-26,6153846
283	-19,6153846
283	-4,6153846
283	15,3846154
284	25,3846154
284	23,3846154
284	2,3846154
284	-5,6153846
285	9,3846154
285	-9,6153846
285	5,3846154
286	23,3846154
286	8,3846154
286	-10,6153846
286	-18,6153846
287	17,3846154
287	-11,6153846
287	3,3846154
287	6,3846154
288	7,3846154
288	19,3846154
288	3,3846154
288	10,3846154
289	2,3846154
289	3,3846154
289	12,3846154
290	5,3846154
290	-1,6153846
290	26,3846154
290	-6,6153846
291	28,3846154
291	37,3846154
291	23,3846154
291	12,3846154
292	23,3846154
292	16,3846154
292	17,3846154
292	46,3846154
293	46,3846154
293	54,3846154
293	49,3846154
293	74,3846154
294	64,3846154
294	55,3846154
294	58,3846154
295	75,3846154
295	105,3846154
295	64,3846154
295	56,3846154
296	50,3846154
296	52,3846154
296	56,3846154
296	62,3846154
297	42,3846154
297	66,3846154
297	64,3846154
297	53,3846154
298	102,3846154
298	47,3846154
298	72,3846154
299	48,3846154
299	79,3846154
299	66,3846154
299	53,3846154
300	44,3846154
300	36,3846154
300	31,3846154
300	37,3846154
301	15,3846154
301	41,3846154
301	17,3846154
301	-2,6153846
302	6,3846154
302	-6,6153846
302	33,3846154
302	53,3846154
303	20,3846154
303	3,3846154
303	7,3846154
304	19,3846154
304	17,3846154
304	12,3846154
304	15,3846154
305	13,3846154
305	53,3846154
305	30,3846154
305	5,3846154
306	34,3846154
306	22,3846154
306	42,3846154
306	66,3846154
307	55,3846154
307	85,3846154
307	82,3846154
307	93,3846154
308	60,3846154
308	76,3846154
308	107,3846154
309	119,3846154
309	149,3846154
309	160,3846154
309	146,3846154
310	187,3846154
310	148,3846154
310	211,3846154
310	187,3846154
311	231,3846154
311	290,3846154
311	298,3846154
311	272,3846154
312	300,3846154
312	307,3846154
312	310,3846154
313	333,3846154
313	333,3846154
313	364,3846154
313	352,3846154
314	341,3846154
314	341,3846154
314	347,3846154
314	347,3846154
315	324,3846154
315	343,3846154
315	344,3846154
315	342,3846154
316	365,3846154
316	370,3846154
316	357,3846154
316	307,3846154
317	278,3846154
317	272,3846154
317	255,3846154
318	246,3846154
318	215,3846154
318	225,3846154
318	196,3846154
319	197,3846154
319	174,3846154
319	169,3846154
319	167,3846154
320	167,3846154
320	130,3846154
320	122,3846154
320	103,3846154
321	88,3846154
321	67,3846154
321	41,3846154
321	28,3846154
322	30,3846154
322	52,3846154
322	25,3846154
323	19,3846154
323	49,3846154
323	-3,6153846
323	21,3846154
324	44,3846154
324	13,3846154
324	5,3846154
324	36,3846154
325	2,3846154
325	-11,6153846
325	-3,6153846
325	12,3846154
326	12,3846154
326	9,3846154
326	28,3846154
327	20,3846154
327	44,3846154
327	43,3846154
327	33,3846154
328	36,3846154
328	39,3846154
328	64,3846154
328	63,3846154
329	69,3846154
329	65,3846154
329	79,3846154
329	111,3846154
330	130,3846154
330	141,3846154
330	146,3846154
330	193,3846154
331	174,3846154
331	207,3846154
331	274,3846154
332	325,3846154
332	375,3846154
332	422,3846154
332	446,3846154
333	455,3846154
333	465,3846154
333	521,3846154
333	540,3846154
334	521,3846154
334	537,3846154
334	547,3846154
334	527,3846154
335	531,3846154
335	540,3846154
335	554,3846154
335	577,3846154
336	571,3846154
336	638,3846154
336	599,3846154
337	597,3846154
337	660,3846154
337	679,3846154
337	694,3846154
338	649,3846154
338	613,3846154
338	542,3846154
338	552,3846154
339	498,3846154
339	479,3846154
339	476,3846154
339	419,3846154
340	343,3846154
340	321,3846154
340	271,3846154
340	295,3846154
341	299,3846154
341	309,3846154
341	313,3846154
342	314,3846154
342	302,3846154
342	240,3846154
342	168,3846154
343	180,3846154
343	140,3846154
343	114,3846154
343	110,3846154
344	110,3846154
344	96,3846154
344	70,3846154
344	39,3846154
345	18,3846154
345	37,3846154
345	37,3846154
345	63,3846154
346	61,3846154
346	52,3846154
346	51,3846154
347	55,3846154
347	51,3846154
347	71,3846154
347	62,3846154
348	72,3846154
348	107,3846154
348	119,3846154
348	122,3846154
349	130,3846154
349	128,3846154
349	169,3846154
349	158,3846154
350	147,3846154
350	189,3846154
350	206,3846154
350	204,3846154
351	260,3846154
351	229,3846154
351	243,3846154
352	279,3846154
352	334,3846154
352	353,3846154
352	393,3846154
353	393,3846154
353	412,3846154
353	406,3846154
353	430,3846154
354	415,3846154
354	490,3846154
354	498,3846154
354	486,3846154
355	450,3846154
355	494,3846154
355	447,3846154
355	480,3846154
356	497,3846154
356	481,3846154
356	493,3846154
357	482,3846154
357	495,3846154
357	513,3846154
357	534,3846154
358	593,3846154
358	609,3846154
358	574,3846154
358	495,3846154
359	438,3846154
359	434,3846154
359	411,3846154
359	387,3846154
360	379,3846154
360	340,3846154
360	324,3846154
360	292,3846154
361	275,3846154
361	282,3846154
361	296,3846154
362	331,3846154
362	380,3846154
362	315,3846154
362	291,3846154
363	229,3846154
363	198,3846154
363	156,3846154
363	145,3846154
364	127,3846154
364	106,3846154
364	98,3846154
364	76,3846154
365	57,3846154
365	75,3846154
365	51,3846154
365	73,3846154
366	51,3846154
366	38,3846154
366	52,3846154
367	47,3846154
367	72,3846154
367	92,3846154
367	68,3846154
368	34,3846154
368	58,3846154
368	85,3846154
368	76,3846154
369	56,3846154
369	76,3846154
369	104,3846154
369	93,3846154
370	98,3846154
370	122,3846154
370	106,3846154
370	142,3846154
371	154,3846154
371	154,3846154
371	152,3846154
371	180,3846154
372	169,3846154
372	143,3846154
372	158,3846154
373	185,3846154
373	186,3846154
373	161,3846154
373	187,3846154
374	190,3846154
374	253,3846154
374	219,3846154
374	240,3846154
375	268,3846154
375	275,3846154
375	305,3846154
375	288,3846154
376	294,3846154
376	288,3846154
376	266,3846154
376	284,3846154
377	254,3846154
377	289,3846154
377	273,3846154
378	278,3846154
378	274,3846154
378	286,3846154
378	252,3846154
379	272,3846154
379	263,3846154
379	298,3846154
379	292,3846154
380	293,3846154
380	300,3846154
380	302,3846154
380	290,3846154
381	296,3846154
381	258,3846154
381	235,3846154
381	214,3846154
382	211,3846154
382	191,3846154
382	200,3846154
383	172,3846154
383	159,3846154
383	162,3846154
383	161,3846154
384	167,3846154
384	180,3846154
384	175,3846154
384	217,3846154
385	218,3846154
385	200,3846154
385	188,3846154
385	164,3846154
386	140,3846154
386	117,3846154
386	106,3846154
386	95,3846154
387	77,3846154
387	76,3846154
387	52,3846154
387	73,3846154
388	77,3846154
388	59,3846154
388	78,3846154
389	46,3846154
389	42,3846154
389	59,3846154
389	73,3846154
390	62,3846154
390	78,3846154
390	74,3846154
390	64,3846154
391	66,3846154
391	75,3846154
391	75,3846154
391	74,3846154
392	73,3846154
392	49,3846154
392	67,3846154
392	65,3846154
393	76,3846154
393	96,3846154
393	109,3846154
394	101,3846154
394	100,3846154
394	110,3846154
394	126,3846154
395	97,3846154
395	106,3846154
395	105,3846154
395	98,3846154
396	86,3846154
396	113,3846154
396	120,3846154
396	135,3846154
397	102,3846154
397	114,3846154
397	104,3846154
397	128,3846154
398	159,3846154
398	146,3846154
398	134,3846154
398	163,3846154
399	174,3846154
399	164,3846154
399	158,3846154
400	146,3846154
400	145,3846154
400	176,3846154
400	166,3846154
401	149,3846154
401	165,3846154
401	155,3846154
401	148,3846154
402	135,3846154
402	135,3846154
402	133,3846154
402	113,3846154
403	130,3846154
403	169,3846154
403	180,3846154
403	164,3846154
404	149,3846154
404	191,3846154
404	165,3846154
405	146,3846154
405	136,3846154
405	143,3846154
405	153,3846154
406	152,3846154
406	142,3846154
406	152,3846154
406	143,3846154
407	124,3846154
407	92,3846154
407	72,3846154
407	96,3846154
408	96,3846154
408	88,3846154
408	61,3846154
408	76,3846154
409	93,3846154
409	86,3846154
409	79,3846154
409	87,3846154
410	146,3846154
410	121,3846154
410	101,3846154
411	101,3846154
411	96,3846154
411	75,3846154
411	60,3846154
412	59,3846154
412	48,3846154
412	66,3846154
412	55,3846154
413	50,3846154
413	8,3846154
413	20,3846154
413	18,3846154
414	38,3846154
414	27,3846154
414	27,3846154
414	25,3846154
415	56,3846154
415	49,3846154
415	23,3846154
415	26,3846154
416	33,3846154
416	15,3846154
416	46,3846154
417	49,3846154
417	36,3846154
417	42,3846154
417	47,3846154
418	17,3846154
418	47,3846154
418	53,3846154
418	7,3846154
419	59,3846154
419	46,3846154
419	43,3846154
419	50,3846154
420	66,3846154
420	66,3846154
420	77,3846154
420	63,3846154
421	61,3846154
421	58,3846154
421	48,3846154
421	58,3846154
422	47,3846154
422	65,3846154
422	33,3846154
423	44,3846154
423	51,3846154
423	87,3846154
423	52,3846154
424	61,3846154
424	40,3846154
424	62,3846154
424	89,3846154
425	96,3846154
425	60,3846154
425	70,3846154
425	59,3846154
426	27,3846154
426	66,3846154
426	81,3846154
426	68,3846154
427	62,3846154
427	55,3846154
427	46,3846154
427	79,3846154
428	73,3846154
428	79,3846154
428	53,3846154
429	73,3846154
429	88,3846154
429	59,3846154
429	76,3846154
430	77,3846154
430	53,3846154
430	52,3846154
430	69,3846154
431	93,3846154
431	81,3846154
431	66,3846154
431	84,3846154
432	74,3846154
432	63,3846154
432	79,3846154
432	107,3846154
433	54,3846154
433	25,3846154
433	50,3846154
433	30,3846154
434	42,3846154
434	46,3846154
434	51,3846154
435	41,3846154
435	34,3846154
435	47,3846154
435	25,3846154
436	27,3846154
436	52,3846154
436	32,3846154
436	22,3846154
437	40,3846154
437	16,3846154
437	27,3846154
437	44,3846154
438	36,3846154
438	56,3846154
438	69,3846154
438	56,3846154
439	78,3846154
439	38,3846154
439	22,3846154
439	45,3846154
440	38,3846154
440	32,3846154
440	32,3846154
441	0,3846154
441	11,3846154
441	46,3846154
441	31,3846154
442	7,3846154
442	16,3846154
442	13,3846154
442	15,3846154
443	26,3846154
443	27,3846154
443	21,3846154
443	2,3846154
444	-3,6153846
444	17,3846154
444	0,3846154
444	32,3846154
445	20,3846154
445	3,3846154
445	42,3846154
445	40,3846154
446	-18,6153846
446	-10,6153846
446	7,3846154
447	19,3846154
447	24,3846154
447	22,3846154
447	25,3846154
448	25,3846154
448	2,3846154
448	-6,6153846
448	-11,6153846
449	13,3846154
449	39,3846154
449	11,3846154
449	14,3846154
450	9,3846154
450	-5,6153846
450	3,3846154
450	3,3846154
451	6,3846154
451	9,3846154
451	14,3846154
451	2,3846154
452	3,3846154
452	-11,6153846
452	16,3846154
452	22,3846154
453	25,3846154
453	16,3846154
453	12,3846154
454	39,3846154
454	13,3846154
454	25,3846154
454	23,3846154
455	0,3846154
455	14,3846154
455	9,3846154
455	-9,6153846
456	8,3846154
456	33,3846154
456	-4,6153846
456	25,3846154
457	2,3846154
457	21,3846154
457	1,3846154
457	25,3846154
458	37,3846154
458	-1,6153846
458	-17,6153846
458	4,3846154
459	-0,6153846
459	-3,6153846
459	27,3846154
460	37,3846154
460	12,3846154
460	23,3846154
460	10,3846154
461	4,3846154
461	3,3846154
461	38,3846154
461	24,3846154
462	32,3846154
462	1,3846154
462	-3,6153846
462	25,3846154
463	0,3846154
463	14,3846154
463	4,3846154
463	4,3846154
464	-17,6153846
464	37,3846154
464	0,3846154
464	-3,6153846
465	17,3846154
465	32,3846154
465	46,3846154
465	2,3846154
466	-6,6153846
466	3,3846154
466	20,3846154
467	23,3846154
467	-2,6153846
467	20,3846154
467	5,3846154
468	9,3846154
468	17,3846154
468	8,3846154
468	-2,6153846
469	25,3846154
469	7,3846154
469	-24,6153846
469	8,3846154
470	30,3846154
470	-9,6153846
470	22,3846154
470	9,3846154
471	24,3846154
471	5,3846154
471	28,3846154
471	-11,6153846
472	29,3846154
472	22,3846154
472	3,3846154
472	34,3846154
473	15,3846154
473	24,3846154
473	6,3846154
474	29,3846154
474	-24,6153846
474	11,3846154
474	9,3846154
475	-5,6153846
475	-4,6153846
475	1,3846154
475	7,3846154
476	-3,6153846
476	5,3846154
476	-13,6153846
476	1,3846154
477	15,3846154
477	8,3846154
477	-12,6153846
477	17,3846154
478	-8,6153846
478	-18,6153846
478	-3,6153846
478	-5,6153846
479	-5,6153846
479	8,3846154
479	12,3846154
479	7,3846154
480	5,3846154
480	8,3846154
480	-2,6153846
481	12,3846154
481	19,3846154
481	33,3846154
481	-1,6153846
482	36,3846154
482	11,3846154
482	-14,6153846
482	15,3846154
483	6,3846154
483	26,3846154
483	-10,6153846
483	1,3846154
484	11,3846154
484	32,3846154
484	9,3846154
484	14,3846154
485	5,3846154
485	7,3846154
485	14,3846154
485	11,3846154
486	-21,6153846
486	32,3846154
486	18,3846154
486	6,3846154
487	-7,6153846
487	10,3846154
487	18,3846154
488	18,3846154
488	-2,6153846
488	-28,6153846
488	-6,6153846
489	7,3846154
489	11,3846154
489	5,3846154
489	18,3846154
490	14,3846154
490	11,3846154
490	7,3846154
490	7,3846154
491	3,3846154
491	18,3846154
491	-9,6153846
491	3,3846154
492	-5,6153846
492	7,3846154
492	48,3846154
492	6,3846154
493	-11,6153846
493	-21,6153846
493	6,3846154
493	3,3846154
494	-9,6153846
494	19,3846154
494	27,3846154
495	9,3846154
495	-11,6153846
495	15,3846154
495	6,3846154
496	41,3846154
496	8,3846154
496	8,3846154
496	-2,6153846
497	6,3846154
497	21,3846154
497	22,3846154
497	-2,6153846
498	16,3846154
498	-0,6153846
498	18,3846154
498	-17,6153846
499	16,3846154
499	7,3846154
499	-12,6153846
499	30,3846154
500	37,3846154
500	0,3846154
500	4,3846154
500	2,3846154
501	15,3846154
501	12,3846154
501	14,3846154
502	-8,6153846
502	10,3846154
502	14,3846154
502	6,3846154
503	12,3846154
503	-2,6153846
503	0,3846154
503	-4,6153846
504	6,3846154
504	6,3846154
504	22,3846154
504	20,3846154
505	15,3846154
505	-1,6153846
505	13,3846154
505	17,3846154
506	10,3846154
506	9,3846154
506	-3,6153846
506	17,3846154
507	17,3846154
507	13,3846154
507	22,3846154
507	10,3846154
508	21,3846154
508	25,3846154
508	16,3846154
508	25,3846154
509	-9,6153846
509	27,3846154
509	21,3846154
510	9,3846154
510	8,3846154
510	-15,6153846
510	0,3846154
511	23,3846154
511	18,3846154
511	-11,6153846
511	9,3846154
512	14,3846154
512	0,3846154
512	21,3846154
512	0,3846154
513	-7,6153846
513	-1,6153846
513	-3,6153846
513	-21,6153846
514	-7,6153846
514	25,3846154
514	7,3846154
514	-2,6153846
515	25,3846154
515	5,3846154
515	8,3846154
515	30,3846154
516	15,3846154
516	29,3846154
516	19,3846154
516	-8,6153846
517	-0,6153846
517	5,3846154
517	21,3846154
518	-15,6153846
518	8,3846154
518	43,3846154
518	-2,6153846
519	29,3846154
519	25,3846154
519	16,3846154
519	15,3846154
520	-21,6153846
520	16,3846154
520	15,3846154
520	27,3846154
521	-7,6153846
521	-5,6153846
521	11,3846154
521	23,3846154
522	37,3846154
522	45,3846154
522	11,3846154
522	28,3846154
523	-5,6153846
523	-17,6153846
523	1,3846154
523	-10,6153846
524	-3,6153846
524	-3,6153846
524	22,3846154
524	28,3846154
525	9,3846154
525	11,3846154
525	13,3846154
526	5,3846154
526	23,3846154
526	34,3846154
526	11,3846154
527	-5,6153846
527	31,3846154
527	18,3846154
527	8,3846154
528	1,3846154
528	13,3846154
528	-3,6153846
528	15,3846154
529	21,3846154
529	24,3846154
529	-7,6153846
529	10,3846154
530	22,3846154
530	-9,6153846
530	9,3846154
530	9,3846154
531	19,3846154
531	18,3846154
531	23,3846154
531	0,3846154
532	5,3846154
532	9,3846154
532	25,3846154
532	11,3846154
533	12,3846154
533	-2,6153846
533	1,3846154
534	-8,6153846
534	12,3846154
534	29,3846154
534	21,3846154
535	12,3846154
535	9,3846154
535	24,3846154
535	17,3846154
536	25,3846154
536	25,3846154
536	-5,6153846
536	0,3846154
537	-0,6153846
537	-4,6153846
537	-4,6153846
537	-2,6153846
538	-3,6153846
538	-5,6153846
538	18,3846154
538	24,3846154
539	27,3846154
539	5,3846154
539	-8,6153846
539	14,3846154
540	-0,6153846
540	-16,6153846
540	18,3846154
540	-6,6153846
541	-2,6153846
541	4,3846154
541	-12,6153846
541	4,3846154
542	25,3846154
542	7,3846154
542	20,3846154
543	-0,6153846
543	-1,6153846
543	19,3846154
543	39,3846154
544	-6,6153846
544	5,3846154
544	7,3846154
544	26,3846154
545	-3,6153846
545	27,3846154
545	12,3846154
545	-5,6153846
546	35,3846154
546	15,3846154
546	2,3846154
546	16,3846154
547	-1,6153846
547	18,3846154
547	5,3846154
547	-17,6153846
548	11,3846154
548	12,3846154
548	-4,6153846
548	8,3846154
549	-2,6153846
549	38,3846154
549	14,3846154
549	3,3846154
550	40,3846154
550	11,3846154
550	5,3846154
550	-4,6153846
551	-13,6153846
551	26,3846154
551	14,3846154
552	-13,6153846
552	5,3846154
552	6,3846154
552	13,3846154
553	-2,6153846
553	1,3846154
553	14,3846154
553	10,3846154
554	-8,6153846
554	16,3846154
554	16,3846154
554	-33,6153846
555	23,3846154
555	37,3846154
555	-10,6153846
555	-5,6153846
556	1,3846154
556	7,3846154
556	10,3846154
556	11,3846154
557	26,3846154
557	8,3846154
557	-29,6153846
557	11,3846154
558	-1,6153846
558	-0,6153846
558	27,3846154
558	8,3846154
559	13,3846154
559	9,3846154
559	2,3846154
559	-5,6153846
560	13,3846154
560	21,3846154
560	5,3846154
561	-8,6153846
561	8,3846154
561	0,3846154
561	16,3846154
562	0,3846154
562	0,3846154
562	35,3846154
562	-8,6153846
563	17,3846154
563	9,3846154
563	6,3846154
563	7,3846154
564	1,3846154
564	-0,6153846
564	-1,6153846
564	28,3846154
565	17,3846154
565	0,3846154
565	14,3846154
565	6,3846154
566	7,3846154
566	-18,6153846
566	-4,6153846
566	14,3846154
567	21,3846154
567	-20,6153846
567	-20,6153846
567	-11,6153846
568	-12,6153846
568	7,3846154
568	34,3846154
568	8,3846154
569	-8,6153846
569	15,3846154
569	16,3846154
569	0,3846154
570	-21,6153846
570	-22,6153846
570	-6,6153846
571	15,3846154
571	-5,6153846
571	7,3846154
571	38,3846154
572	-5,6153846
572	13,3846154
572	6,3846154
572	16,3846154
573	18,3846154
573	20,3846154
573	-1,6153846
573	2,3846154
574	27,3846154
574	-5,6153846
574	7,3846154
574	28,3846154
575	5,3846154
575	8,3846154
575	19,3846154
575	-1,6153846
576	22,3846154
576	17,3846154
576	29,3846154
576	-8,6153846
577	4,3846154
577	35,3846154
577	9,3846154
577	5,3846154
578	1,3846154
578	0,3846154
578	14,3846154
578	21,3846154
579	23,3846154
579	-5,6153846
579	-3,6153846
579	-4,6153846
580	1,3846154
580	10,3846154
580	10,3846154
581	26,3846154
581	8,3846154
581	39,3846154
581	9,3846154
582	-13,6153846
582	-25,6153846
582	20,3846154
582	12,3846154
583	19,3846154
583	10,3846154
583	30,3846154
583	11,3846154
584	19,3846154
584	30,3846154
584	22,3846154
584	33,3846154
585	11,3846154
585	-0,6153846
585	20,3846154
585	11,3846154
586	20,3846154
586	3,3846154
586	7,3846154
586	31,3846154
587	30,3846154
587	-18,6153846
587	22,3846154
587	-2,6153846
588	6,3846154
588	30,3846154
588	30,3846154
588	19,3846154
589	13,3846154
589	-1,6153846
589	53,3846154
589	-6,6153846
590	-3,6153846
590	23,3846154
590	-10,6153846
590	11,3846154
591	-1,6153846
591	23,3846154
591	20,3846154
592	11,3846154
592	24,3846154
592	13,3846154
592	5,3846154
593	35,3846154
593	6,3846154
593	8,3846154
593	24,3846154
594	49,3846154
594	0,3846154
594	35,3846154
594	27,3846154
595	5,3846154
595	-25,6153846
595	10,3846154
595	23,3846154
596	21,3846154
596	24,3846154
596	-32,6153846
596	24,3846154
597	26,3846154
597	-7,6153846
597	4,3846154
597	27,3846154
598	-2,6153846
598	0,3846154
598	-1,6153846
598	12,3846154
599	11,3846154
599	-0,6153846
599	-14,6153846
599	33,3846154
600	-2,6153846
600	20,3846154
600	-4,6153846
600	11,3846154
601	-14,6153846
601	13,3846154
601	2,3846154
601	7,3846154
602	22,3846154
602	20,3846154
602	67,3846154
603	12,3846154
603	21,3846154
603	21,3846154
603	12,3846154
604	25,3846154
604	23,3846154
604	18,3846154
604	9,3846154
605	23,3846154
605	24,3846154
605	-4,6153846
605	15,3846154
606	4,3846154
606	28,3846154
606	24,3846154
606	14,3846154
607	-10,6153846
607	-4,6153846
607	33,3846154
607	39,3846154
608	24,3846154
608	19,3846154
608	0,3846154
608	10,3846154
609	15,3846154
609	18,3846154
609	-1,6153846
609	-1,6153846
610	-14,6153846
610	1,3846154
610	40,3846154
610	3,3846154
611	18,3846154
611	14,3846154
611	-4,6153846
611	-4,6153846
612	13,3846154
612	0,3846154
612	36,3846154
612	21,3846154
613	10,3846154
613	5,3846154
613	1,3846154
613	26,3846154
614	36,3846154
614	13,3846154
614	3,3846154
614	29,3846154
615	4,3846154
615	6,3846154
615	-2,6153846
616	-10,6153846
616	3,3846154
616	-1,6153846
616	4,3846154
617	9,3846154
617	13,3846154
617	-1,6153846
617	-2,6153846
618	4,3846154
618	30,3846154
618	9,3846154
618	20,3846154
619	13,3846154
619	14,3846154
619	0,3846154
619	-1,6153846
620	29,3846154
620	8,3846154
620	-4,6153846
620	-0,6153846
621	9,3846154
621	16,3846154
621	-1,6153846
621	-22,6153846
622	-1,6153846
622	-9,6153846
622	12,3846154
622	-4,6153846
623	-16,6153846
623	10,3846154
623	30,3846154
623	13,3846154
624	-6,6153846
624	4,3846154
624	4,3846154
624	-14,6153846
625	7,3846154
625	7,3846154
625	18,3846154
625	14,3846154
626	18,3846154
626	-17,6153846
626	-1,6153846
626	15,3846154
627	1,3846154
627	3,3846154
627	2,3846154
627	8,3846154
628	-6,6153846
628	14,3846154
628	17,3846154
629	-3,6153846
629	21,3846154
629	-6,6153846
629	-7,6153846
630	17,3846154
630	23,3846154
630	12,3846154
630	15,3846154
631	4,3846154
631	-7,6153846
631	-11,6153846
631	11,3846154
632	-16,6153846
632	11,3846154
632	-1,6153846
632	26,3846154
633	4,3846154
633	4,3846154
633	2,3846154
633	-0,6153846
634	14,3846154
634	-19,6153846
634	-0,6153846
634	20,3846154
635	16,3846154
635	5,3846154
635	-15,6153846
635	17,3846154
636	16,3846154
636	33,3846154
636	0,3846154
636	0,3846154
637	4,3846154
637	13,3846154
637	10,3846154
637	-5,6153846
638	34,3846154
638	13,3846154
638	8,3846154
638	11,3846154
639	-18,6153846
639	-21,6153846
639	8,3846154
639	23,3846154
640	-1,6153846
640	10,3846154
640	-15,6153846
640	28,3846154
641	-14,6153846
641	7,3846154
641	-9,6153846
641	-3,6153846
642	3,3846154
642	29,3846154
642	33,3846154
642	15,3846154
643	14,3846154
643	4,3846154
643	31,3846154
644	29,3846154
644	4,3846154
644	19,3846154
644	39,3846154
645	32,3846154
645	-7,6153846
645	33,3846154
645	31,3846154
646	-5,6153846
646	0,3846154
646	17,3846154
646	28,3846154
647	16,3846154
647	30,3846154
647	4,3846154
647	27,3846154
648	36,3846154
648	34,3846154
648	10,3846154
648	38,3846154
649	23,3846154
649	31,3846154
649	11,3846154
649	24,3846154
650	32,3846154
650	3,3846154
650	22,3846154
650	7,3846154
651	16,3846154
651	34,3846154
651	46,3846154
651	49,3846154
652	6,3846154
652	-1,6153846
652	16,3846154
652	15,3846154
653	37,3846154
653	30,3846154
653	2,3846154
653	19,3846154
654	-9,6153846
654	27,3846154
654	36,3846154
654	42,3846154
655	22,3846154
655	22,3846154
655	28,3846154
655	36,3846154
656	35,3846154
656	22,3846154
656	10,3846154
656	45,3846154
657	32,3846154
657	-9,6153846
657	41,3846154
657	41,3846154
658	33,3846154
658	13,3846154
658	30,3846154
658	39,3846154
659	52,3846154
659	28,3846154
659	29,3846154
660	25,3846154
660	31,3846154
660	28,3846154
660	36,3846154
661	-4,6153846
661	53,3846154
661	45,3846154
661	14,3846154
662	57,3846154
662	42,3846154
662	47,3846154
662	37,3846154
663	30,3846154
663	34,3846154
663	51,3846154
663	43,3846154
664	60,3846154
664	33,3846154
664	40,3846154
664	39,3846154
665	43,3846154
665	55,3846154
665	50,3846154
665	35,3846154
666	45,3846154
666	37,3846154
666	56,3846154
666	50,3846154
667	33,3846154
667	46,3846154
667	56,3846154
667	32,3846154
668	35,3846154
668	33,3846154
668	38,3846154
668	52,3846154
669	24,3846154
669	18,3846154
669	25,3846154
669	19,3846154
670	12,3846154
670	43,3846154
670	36,3846154
670	31,3846154
671	43,3846154
671	42,3846154
671	31,3846154
671	23,3846154
672	43,3846154
672	35,3846154
672	36,3846154
672	52,3846154
673	37,3846154
673	15,3846154
673	27,3846154
673	36,3846154
674	41,3846154
674	67,3846154
674	35,3846154
674	18,3846154
675	7,3846154
675	35,3846154
675	23,3846154
675	32,3846154
676	41,3846154
676	43,3846154
676	30,3846154
676	49,3846154
677	24,3846154
677	3,3846154
677	13,3846154
677	-0,6153846
678	33,3846154
678	36,3846154
678	25,3846154
678	26,3846154
679	26,3846154
679	26,3846154
679	18,3846154
680	30,3846154
680	18,3846154
680	13,3846154
680	35,3846154
681	22,3846154
681	2,3846154
681	7,3846154
681	36,3846154
682	27,3846154
682	24,3846154
682	31,3846154
682	30,3846154
683	17,3846154
683	19,3846154
683	40,3846154
683	26,3846154
684	-3,6153846
684	10,3846154
684	13,3846154
684	8,3846154
685	21,3846154
685	-1,6153846
685	8,3846154
685	8,3846154
686	-0,6153846
686	8,3846154
686	4,3846154
686	-3,6153846
687	27,3846154
687	28,3846154
687	-3,6153846
687	11,3846154
688	-8,6153846
688	21,3846154
688	-2,6153846
688	1,3846154
689	16,3846154
689	-6,6153846
689	11,3846154
689	-5,6153846
690	-18,6153846
690	-2,6153846
690	-7,6153846
690	15,3846154
691	9,3846154
691	9,3846154
691	21,3846154
691	5,3846154
692	13,3846154
692	11,3846154
692	19,3846154
692	17,3846154
693	12,3846154
693	12,3846154
693	4,3846154
693	-24,6153846
694	-3,6153846
694	17,3846154
694	-7,6153846
694	-5,6153846
695	-15,6153846
695	4,3846154
695	-21,6153846
695	-16,6153846
696	-28,6153846
696	-7,6153846
696	-3,6153846
696	-15,6153846
697	-15,6153846
697	-3,6153846
697	-7,6153846
697	-0,6153846
698	-20,6153846
698	-22,6153846
698	-12,6153846
698	-0,6153846
699	-13,6153846
699	-3,6153846
699	8,3846154
699	-3,6153846
700	6,3846154
700	6,3846154
700	-6,6153846
700	-16,6153846
701	2,3846154
701	-6,6153846
701	-0,6153846
701	-6,6153846
702	-25,6153846
702	-7,6153846
702	-6,6153846
702	-24,6153846
703	6,3846154
703	33,3846154
703	9,3846154
703	-1,6153846
704	-9,6153846
704	9,3846154
704	2,3846154
704	26,3846154
705	-7,6153846
705	-5,6153846
705	19,3846154
706	29,3846154
706	11,3846154
706	-3,6153846
706	-0,6153846
707	7,3846154
707	-17,6153846
707	31,3846154
707	12,3846154
708	-6,6153846
708	5,3846154
708	-16,6153846
708	9,3846154
709	-11,6153846
709	-9,6153846
709	11,3846154
709	-17,6153846
710	-2,6153846
710	7,3846154
710	3,3846154
710	7,3846154
711	-8,6153846
711	-5,6153846
711	7,3846154
711	20,3846154
712	22,3846154
712	-4,6153846
712	8,3846154
712	-15,6153846
713	-4,6153846
713	3,3846154
713	8,3846154
713	17,3846154
714	13,3846154
714	8,3846154
714	7,3846154
714	-2,6153846
715	4,3846154
715	-13,6153846
715	0,3846154
715	10,3846154
716	-0,6153846
716	14,3846154
716	-3,6153846
716	-0,6153846
717	-11,6153846
717	11,3846154
717	23,3846154
717	3,3846154
718	-10,6153846
718	7,3846154
718	-28,6153846
718	9,3846154
719	2,3846154
719	-8,6153846
719	-2,6153846
719	-28,6153846
720	-12,6153846
720	-21,6153846
720	-10,6153846
720	10,3846154
721	35,3846154
721	-3,6153846
721	-6,6153846
721	-11,6153846
722	33,3846154
722	12,3846154
722	-5,6153846
722	-30,6153846
723	29,3846154
723	13,3846154
723	-13,6153846
723	3,3846154
724	4,3846154
724	16,3846154
724	-17,6153846
724	-30,6153846
725	-9,6153846
725	45,3846154
725	-1,6153846
725	-11,6153846
726	-22,6153846
726	17,3846154
726	25,3846154
726	-6,6153846
727	16,3846154
727	-17,6153846
727	22,3846154
727	-6,6153846
728	25,3846154
728	-19,6153846
728	11,3846154
728	13,3846154
729	1,3846154
729	4,3846154
729	7,3846154
729	27,3846154
730	18,3846154
730	-4,6153846
730	3,3846154
730	6,3846154
731	16,3846154
731	22,3846154
731	-8,6153846
731	25,3846154
732	4,3846154
732	-1,6153846
732	-1,6153846
732	27,3846154
733	16,3846154
733	-4,6153846
733	25,3846154
733	28,3846154
734	-13,6153846
734	-7,6153846
734	15,3846154
734	24,3846154
735	-18,6153846
735	-4,6153846
735	22,3846154
735	1,3846154
736	-12,6153846
736	3,3846154
736	-33,6153846
736	14,3846154
737	10,3846154
737	1,3846154
737	-17,6153846
737	6,3846154
738	27,3846154
738	22,3846154
738	26,3846154
738	20,3846154
739	22,3846154
739	37,3846154
739	4,3846154
739	24,3846154
740	25,3846154
740	6,3846154
740	-3,6153846
740	5,3846154
741	-3,6153846
741	0,3846154
741	17,3846154
741	-18,6153846
742	27,3846154
742	45,3846154
742	10,3846154
742	-7,6153846
743	-25,6153846
743	40,3846154
743	22,3846154
743	17,3846154
744	23,3846154
744	20,3846154
744	31,3846154
744	-0,6153846
745	9,3846154
745	6,3846154
745	17,3846154
745	-9,6153846
746	0,3846154
746	27,3846154
746	12,3846154
746	24,3846154
747	-0,6153846
747	15,3846154
747	2,3846154
747	16,3846154
748	13,3846154
748	31,3846154
748	10,3846154
748	42,3846154
749	1,3846154
749	29,3846154
749	18,3846154
749	-7,6153846
750	20,3846154
750	19,3846154
750	29,3846154
750	34,3846154
751	51,3846154
751	33,3846154
751	-1,6153846
751	31,3846154
752	18,3846154
752	15,3846154
752	19,3846154
752	38,3846154
753	7,3846154
753	19,3846154
753	20,3846154
753	37,3846154
754	16,3846154
754	-3,6153846
754	-16,6153846
754	18,3846154
755	21,3846154
755	14,3846154
755	23,3846154
755	6,3846154
756	-2,6153846
756	17,3846154
756	42,3846154
756	29,3846154
757	23,3846154
757	-2,6153846
757	0,3846154
757	20,3846154
758	25,3846154
758	15,3846154
758	33,3846154
758	46,3846154
759	20,3846154
759	23,3846154
759	12,3846154
759	-9,6153846
760	14,3846154
760	15,3846154
760	12,3846154
760	15,3846154
761	3,3846154
761	31,3846154
761	-10,6153846
761	30,3846154
762	41,3846154
762	12,3846154
762	13,3846154
762	6,3846154
763	19,3846154
763	44,3846154
763	9,3846154
763	16,3846154
764	32,3846154
764	19,3846154
764	39,3846154
764	42,3846154
765	45,3846154
765	6,3846154
765	23,3846154
765	35,3846154
766	12,3846154
766	16,3846154
766	4,3846154
766	29,3846154
767	16,3846154
767	24,3846154
767	20,3846154
767	6,3846154
768	35,3846154
768	6,3846154
768	24,3846154
768	36,3846154
769	19,3846154
769	55,3846154
769	14,3846154
769	7,3846154
770	41,3846154
770	7,3846154
770	6,3846154
770	1,3846154
771	3,3846154
771	28,3846154
771	10,3846154
771	9,3846154
772	39,3846154
772	30,3846154
772	39,3846154
772	30,3846154
773	18,3846154
773	10,3846154
773	33,3846154
773	35,3846154
774	23,3846154
774	26,3846154
774	25,3846154
774	23,3846154
775	7,3846154
775	19,3846154
775	4,3846154
775	23,3846154
776	-9,6153846
776	3,3846154
776	46,3846154
776	1,3846154
777	22,3846154
777	37,3846154
777	38,3846154
777	4,3846154
778	24,3846154
778	34,3846154
778	26,3846154
778	32,3846154
779	26,3846154
779	3,3846154
779	4,3846154
779	47,3846154
780	40,3846154
780	11,3846154
780	7,3846154
780	11,3846154
781	2,3846154
781	3,3846154
781	20,3846154
781	5,3846154
782	30,3846154
782	-3,6153846
782	10,3846154
782	24,3846154
783	9,3846154
783	-6,6153846
783	11,3846154
783	0,3846154
784	10,3846154
784	9,3846154
784	7,3846154
784	-13,6153846
785	-21,6153846
785	-8,6153846
785	-7,6153846
785	-9,6153846
786	1,3846154
786	-14,6153846
786	0,3846154
786	24,3846154
787	3,3846154
787	-14,6153846
787	-29,6153846
787	0,3846154
788	-35,6153846
788	-4,6153846
788	-20,6153846
788	-11,6153846
789	10,3846154
789	-4,6153846
789	16,3846154
789	-10,6153846
790	-7,6153846
790	-26,6153846
790	-16,6153846
790	-1,6153846
791	-18,6153846
791	-6,6153846
791	-17,6153846
791	-27,6153846
792	-19,6153846
792	-0,6153846
792	16,3846154
792	-14,6153846
793	-19,6153846
793	23,3846154
793	-21,6153846
793	31,3846154
794	10,3846154
794	-27,6153846
794	-18,6153846
794	-45,6153846
795	-17,6153846
795	-14,6153846
795	6,3846154
795	-1,6153846
796	17,3846154
796	-0,6153846
796	-18,6153846
796	-14,6153846
797	-6,6153846
797	-32,6153846
797	26,3846154
797	1,3846154
798	-6,6153846
798	0,3846154
798	18,3846154
798	42,3846154
799	-26,6153846
799	-19,6153846
799	-8,6153846
799	-24,6153846
800	3,3846154
800	13,3846154
800	26,3846154
800	-3,6153846
801	4,3846154
801	1,3846154
801	-5,6153846
801	-18,6153846
802	-1,6153846
802	-11,6153846
802	6,3846154
802	-5,6153846
803	-2,6153846
803	-23,6153846
803	-0,6153846
803	5,3846154
804	3,3846154
804	-5,6153846
804	-26,6153846
804	0,3846154
805	-12,6153846
805	-37,6153846
805	10,3846154
805	-12,6153846
806	10,3846154
806	-0,6153846
806	21,3846154
806	30,3846154
807	-29,6153846
807	4,3846154
807	-3,6153846
807	10,3846154
808	-8,6153846
808	-12,6153846
808	-24,6153846
808	-4,6153846
809	-2,6153846
809	1,3846154
809	-13,6153846
809	-9,6153846
810	-3,6153846
810	-32,6153846
810	-17,6153846
810	-8,6153846
811	-8,6153846
811	12,3846154
811	-7,6153846
811	4,3846154
812	-11,6153846
812	21,3846154
812	3,3846154
812	-7,6153846
813	-14,6153846
813	-1,6153846
813	18,3846154
813	6,3846154
814	0,3846154
814	8,3846154
814	6,3846154
814	28,3846154
815	22,3846154
815	1,3846154
815	11,3846154
815	-13,6153846
816	20,3846154
816	28,3846154
816	-13,6153846
816	1,3846154
817	-5,6153846
817	23,3846154
817	-2,6153846
817	10,3846154
818	-13,6153846
818	3,3846154
818	-14,6153846
818	-6,6153846
819	0,3846154
819	22,3846154
819	2,3846154
819	-12,6153846
820	-17,6153846
820	-19,6153846
820	13,3846154
820	13,3846154
820	11,3846154
821	-19,6153846
821	-20,6153846
821	-3,6153846
821	-15,6153846
822	-1,6153846
822	-0,6153846
822	-34,6153846
822	-9,6153846
823	-24,6153846
823	5,3846154
823	-3,6153846
823	-3,6153846
824	-1,6153846
824	8,3846154
824	4,3846154
824	10,3846154
825	2,3846154
825	30,3846154
825	11,3846154
825	15,3846154
826	21,3846154
826	-3,6153846
826	9,3846154
826	-13,6153846
827	-12,6153846
827	-12,6153846
827	-5,6153846
827	-32,6153846
828	-5,6153846
828	0,3846154
828	-8,6153846
828	-8,6153846
829	11,3846154
829	22,3846154
829	12,3846154
829	-6,6153846
830	-0,6153846
830	5,3846154
830	-5,6153846
830	-12,6153846
831	22,3846154
831	8,3846154
831	1,3846154
831	-6,6153846
832	15,3846154
832	0,3846154
832	-4,6153846
832	-3,6153846
833	1,3846154
833	-14,6153846
833	-33,6153846
833	11,3846154
834	37,3846154
834	4,3846154
834	10,3846154
834	-11,6153846
835	-24,6153846
835	14,3846154
835	7,3846154
835	36,3846154
836	-7,6153846
836	-29,6153846
836	-2,6153846
836	24,3846154
837	20,3846154
837	-6,6153846
837	-7,6153846
837	9,3846154
838	-8,6153846
838	2,3846154
838	20,3846154
838	14,3846154
839	8,3846154
839	-7,6153846
839	-1,6153846
839	18,3846154
840	11,3846154
840	-2,6153846
840	-19,6153846
840	-16,6153846
841	-27,6153846
841	7,3846154
841	9,3846154
841	-14,6153846
842	-12,6153846
842	10,3846154
842	-6,6153846
842	23,3846154
843	-2,6153846
843	-17,6153846
843	10,3846154
843	0,3846154
844	0,3846154
844	11,3846154
844	4,3846154
844	-27,6153846
845	1,3846154
845	4,3846154
845	14,3846154
845	5,3846154
845	7,3846154
846	-20,6153846
846	11,3846154
846	-9,6153846
846	16,3846154
847	13,3846154
847	-18,6153846
847	-7,6153846
847	-4,6153846
848	-20,6153846
848	-1,6153846
848	11,3846154
848	-2,6153846
849	5,3846154
849	7,3846154
849	17,3846154
849	13,3846154
850	31,3846154
850	7,3846154
850	3,3846154
850	41,3846154
851	5,3846154
851	-15,6153846
851	-5,6153846
851	0,3846154
852	-24,6153846
852	3,3846154
852	8,3846154
852	-12,6153846
853	-17,6153846
853	-7,6153846
853	-45,6153846
853	-9,6153846
854	-3,6153846
854	-0,6153846
854	-5,6153846
854	-3,6153846
855	-21,6153846
855	1,3846154
855	2,3846154
855	5,3846154
856	-11,6153846
856	6,3846154
856	6,3846154
856	-16,6153846
857	-38,6153846
857	-4,6153846
857	12,3846154
857	-3,6153846
858	35,3846154
858	6,3846154
858	8,3846154
858	20,3846154
859	11,3846154
859	-20,6153846
859	12,3846154
859	2,3846154
860	-5,6153846
860	9,3846154
860	20,3846154
860	9,3846154
861	3,3846154
861	-34,6153846
861	-1,6153846
861	-6,6153846
862	-5,6153846
862	12,3846154
862	-24,6153846
862	-4,6153846
863	-11,6153846
863	-3,6153846
863	-17,6153846
863	-1,6153846
864	9,3846154
864	-7,6153846
864	-13,6153846
864	-2,6153846
864	2,3846154
865	0,3846154
865	-1,6153846
865	-10,6153846
865	17,3846154
866	-12,6153846
866	-2,6153846
866	11,3846154
866	10,3846154
867	23,3846154
867	-5,6153846
867	-4,6153846
867	19,3846154
868	15,3846154
868	-24,6153846
868	6,3846154
868	25,3846154
869	-3,6153846
869	9,3846154
869	2,3846154
869	11,3846154
870	31,3846154
870	17,3846154
870	3,3846154
870	19,3846154
871	-7,6153846
871	-10,6153846
871	-12,6153846
871	-12,6153846
872	17,3846154
872	-18,6153846
872	6,3846154
872	15,3846154
873	-20,6153846
873	-25,6153846
873	-26,6153846
873	21,3846154
874	7,3846154
874	-3,6153846
874	19,3846154
874	-3,6153846
875	7,3846154
875	-29,6153846
875	-40,6153846
875	18,3846154
876	-11,6153846
876	17,3846154
876	4,3846154
876	-16,6153846
877	-15,6153846
877	3,3846154
877	24,3846154
877	-0,6153846
878	-16,6153846
878	-6,6153846
878	14,3846154
878	39,3846154
879	9,3846154
879	-41,6153846
879	6,3846154
879	0,3846154
880	-5,6153846
880	-16,6153846
880	21,3846154
880	20,3846154
880	8,3846154
881	20,3846154
881	10,3846154
881	-2,6153846
881	-7,6153846
882	-3,6153846
882	-25,6153846
882	2,3846154
882	5,3846154
883	-0,6153846
883	-4,6153846
883	-4,6153846
883	3,3846154
884	42,3846154
884	8,3846154
884	-19,6153846
884	-6,6153846
885	16,3846154
885	19,3846154
885	2,3846154
885	29,3846154
886	8,3846154
886	-1,6153846
886	-2,6153846
886	22,3846154
887	28,3846154
887	19,3846154
887	-17,6153846
887	-2,6153846
888	11,3846154
888	-20,6153846
888	5,3846154
888	-7,6153846
889	6,3846154
889	27,3846154
889	-13,6153846
889	3,3846154
890	-10,6153846
890	-34,6153846
890	39,3846154
890	0,3846154
891	2,3846154
891	5,3846154
891	15,3846154
891	10,3846154
892	-2,6153846
892	-2,6153846
892	-19,6153846
892	40,3846154
893	7,3846154
893	-25,6153846
893	-9,6153846
893	20,3846154
894	17,3846154
894	14,3846154
894	28,3846154
894	20,3846154
894	6,3846154
895	4,3846154
895	6,3846154
895	25,3846154
895	-0,6153846
896	12,3846154
896	-7,6153846
896	2,3846154
896	32,3846154
897	10,3846154
897	2,3846154
897	37,3846154
897	-2,6153846
898	-11,6153846
898	-5,6153846
898	-25,6153846
898	-3,6153846
899	-3,6153846
899	-27,6153846
899	-28,6153846
899	-11,6153846
900	6,3846154
900	8,3846154
900	-6,6153846
900	12,3846154
901	22,3846154
901	0,3846154
901	12,3846154
901	4,3846154
902	19,3846154
902	-7,6153846
902	-0,6153846
902	-31,6153846
903	-8,6153846
903	3,3846154
903	-10,6153846
903	17,3846154
904	7,3846154
904	5,3846154
904	8,3846154
904	16,3846154
905	7,3846154
905	28,3846154
905	-0,6153846
905	0,3846154
906	2,3846154
906	6,3846154
906	-7,6153846
906	-6,6153846
906	-9,6153846
907	-15,6153846
907	8,3846154
907	-10,6153846
907	6,3846154
908	2,3846154
908	-4,6153846
908	30,3846154
908	8,3846154
909	-0,6153846
909	-38,6153846
909	-21,6153846
909	-10,6153846
910	-17,6153846
910	-28,6153846
910	-5,6153846
910	-27,6153846
911	-12,6153846
911	-7,6153846
911	-13,6153846
911	16,3846154
912	6,3846154
912	2,3846154
912	-2,6153846
912	3,3846154
913	7,3846154
913	-22,6153846
913	-11,6153846
913	-4,6153846
914	7,3846154
914	-2,6153846
914	-12,6153846
914	-28,6153846
915	-16,6153846
915	-5,6153846
915	17,3846154
915	7,3846154
916	4,3846154
916	21,3846154
916	14,3846154
916	8,3846154
917	-14,6153846
917	-5,6153846
917	-18,6153846
917	-2,6153846
917	-26,6153846
918	2,3846154
918	14,3846154
918	-15,6153846
918	-0,6153846
919	-11,6153846
919	-21,6153846
919	38,3846154
919	-16,6153846
920	-9,6153846
920	-2,6153846
920	-9,6153846
920	16,3846154
921	2,3846154
921	-23,6153846
921	2,3846154
921	-18,6153846
922	6,3846154
922	-15,6153846
922	-17,6153846
922	-10,6153846
923	-6,6153846
923	-12,6153846
923	-17,6153846
923	1,3846154
924	11,3846154
924	-13,6153846
924	-15,6153846
924	8,3846154
925	-0,6153846
925	-9,6153846
925	9,3846154
925	4,3846154
926	-23,6153846
926	-4,6153846
926	3,3846154
926	-8,6153846
927	-13,6153846
927	7,3846154
927	-1,6153846
927	-7,6153846
928	-14,6153846
928	-29,6153846
928	-20,6153846
928	-5,6153846
928	19,3846154
929	12,3846154
929	-8,6153846
929	15,3846154
929	-0,6153846
930	-16,6153846
930	-16,6153846
930	-49,6153846
930	-12,6153846
931	-17,6153846
931	-14,6153846
931	4,3846154
931	16,3846154
932	-10,6153846
932	-25,6153846
932	-21,6153846
932	-27,6153846
933	2,3846154
933	-21,6153846
933	14,3846154
933	-7,6153846
934	20,3846154
934	20,3846154
934	7,3846154
934	8,3846154
935	7,3846154
935	13,3846154
935	-13,6153846
935	-12,6153846
936	-11,6153846
936	0,3846154
936	-9,6153846
936	-15,6153846
937	7,3846154
937	14,3846154
937	1,3846154
937	-18,6153846
938	2,3846154
938	11,3846154
938	-1,6153846
938	14,3846154
938	3,3846154
939	-4,6153846
939	-10,6153846
939	3,3846154
939	8,3846154
940	6,3846154
940	-3,6153846
940	-14,6153846
940	-9,6153846
941	-1,6153846
941	-9,6153846
941	-9,6153846
941	5,3846154
942	3,3846154
942	19,3846154
942	6,3846154
942	-0,6153846
943	-8,6153846
943	-26,6153846
943	-3,6153846
943	1,3846154
944	-10,6153846
944	4,3846154
944	2,3846154
944	6,3846154
945	2,3846154
945	-0,6153846
945	-31,6153846
945	-9,6153846
946	13,3846154
946	18,3846154
946	-15,6153846
946	-17,6153846
947	-1,6153846
947	-1,6153846
947	-12,6153846
947	-0,6153846
947	4,3846154
948	-2,6153846
948	-17,6153846
948	-6,6153846
948	-6,6153846
949	19,3846154
949	-16,6153846
949	2,3846154
949	-9,6153846
950	10,3846154
950	-21,6153846
950	-10,6153846
950	-8,6153846
951	0,3846154
951	4,3846154
951	7,3846154
951	-22,6153846
952	-9,6153846
952	-11,6153846
952	-18,6153846
952	27,3846154
953	-5,6153846
953	20,3846154
953	3,3846154
953	-13,6153846
954	-42,6153846
954	-17,6153846
954	-29,6153846
954	-19,6153846
955	-2,6153846
955	1,3846154
955	-1,6153846
955	-11,6153846
956	17,3846154
956	20,3846154
956	4,3846154
956	-10,6153846
956	-15,6153846
957	5,3846154
957	-4,6153846
957	-12,6153846
957	-9,6153846
958	-11,6153846
958	-23,6153846
958	1,3846154
958	-1,6153846
959	-17,6153846
959	-0,6153846
959	-23,6153846
959	-0,6153846
960	17,3846154
960	16,3846154
960	-16,6153846
960	-45,6153846
961	0,3846154
961	5,3846154
961	-11,6153846
961	-16,6153846
962	-14,6153846
962	-11,6153846
962	-6,6153846
962	10,3846154
963	-19,6153846
963	-1,6153846
963	12,3846154
963	-21,6153846
964	-21,6153846
964	10,3846154
964	-23,6153846
964	-11,6153846
964	-12,6153846
965	-13,6153846
965	-30,6153846
965	-27,6153846
965	-16,6153846
966	18,3846154
966	-3,6153846
966	-11,6153846
966	-0,6153846
967	-9,6153846
967	-11,6153846
967	-12,6153846
967	-15,6153846
968	-10,6153846
968	1,3846154
968	-0,6153846
968	7,3846154
969	-14,6153846
969	-18,6153846
969	-22,6153846
969	-11,6153846
970	1,3846154
970	-25,6153846
970	9,3846154
970	-9,6153846
971	-8,6153846
971	-8,6153846
971	-10,6153846
971	6,3846154
972	0,3846154
972	-29,6153846
972	10,3846154
972	-2,6153846
972	-22,6153846
973	-33,6153846
973	-18,6153846
973	8,3846154
973	-29,6153846
974	-11,6153846
974	6,3846154
974	-8,6153846
974	-22,6153846
975	-9,6153846
975	4,3846154
975	-3,6153846
975	6,3846154
976	-14,6153846
976	-18,6153846
976	2,3846154
976	-9,6153846
977	-6,6153846
977	-9,6153846
977	-9,6153846
977	-11,6153846
978	-2,6153846
978	-3,6153846
978	-0,6153846
978	20,3846154
979	-2,6153846
979	0,3846154
979	22,3846154
979	1,3846154
980	-5,6153846
980	11,3846154
980	-11,6153846
980	3,3846154
980	0,3846154
981	-6,6153846
981	0,3846154
981	21,3846154
981	-22,6153846
982	-25,6153846
982	0,3846154
982	-4,6153846
982	-1,6153846
983	-9,6153846
983	-12,6153846
983	-18,6153846
983	13,3846154
984	19,3846154
984	8,3846154
984	9,3846154
984	-0,6153846
985	3,3846154
985	16,3846154
985	-12,6153846
985	0,3846154
986	-10,6153846
986	0,3846154
986	-18,6153846
986	-17,6153846
987	0,3846154
987	7,3846154
987	-2,6153846
987	-8,6153846
988	-4,6153846
988	1,3846154
988	-13,6153846
988	37,3846154
988	-15,6153846
989	-26,6153846
989	-20,6153846
989	-21,6153846
989	3,3846154
990	-12,6153846
990	-4,6153846
990	-14,6153846
990	7,3846154
991	-2,6153846
991	8,3846154
991	-16,6153846
991	2,3846154
992	4,3846154
992	-11,6153846
992	-2,6153846
992	4,3846154
993	-10,6153846
993	-16,6153846
993	-12,6153846
993	2,3846154
994	-8,6153846
994	9,3846154
994	-0,6153846
994	-12,6153846
995	18,3846154
995	-3,6153846
995	0,3846154
995	8,3846154
995	-1,6153846
996	-8,6153846
996	8,3846154
996	-4,6153846
996	-13,6153846
997	11,3846154
997	-40,6153846
997	-25,6153846
997	24,3846154
998	-2,6153846
998	-12,6153846
998	-21,6153846
998	19,3846154
999	-1,6153846
999	-17,6153846
999	2,3846154
999	2,3846154
1000	-8,6153846
1000	2,3846154
1000	5,3846154
1000	-5,6153846
1001	-14,6153846
1001	5,3846154
1001	1,3846154
1001	-9,6153846
1002	-12,6153846
1002	9,3846154
1002	15,3846154
1002	11,3846154
1002	2,3846154
1003	-16,6153846
1003	10,3846154
1003	15,3846154
1003	1,3846154
1004	-4,6153846
1004	-23,6153846
1004	1,3846154
1004	21,3846154
1005	-1,6153846
1005	-19,6153846
1005	-7,6153846
1005	12,3846154
1006	-24,6153846
1006	-21,6153846
1006	-0,6153846
1006	11,3846154
1007	11,3846154
1007	0,3846154
1007	-15,6153846
1007	-7,6153846
1008	-16,6153846
1008	-3,6153846
1008	0,3846154
1008	-4,6153846
1008	-18,6153846
1009	10,3846154
1009	-18,6153846
1009	-4,6153846
1009	8,3846154
1010	3,3846154
1010	-34,6153846
1010	-15,6153846
1010	-4,6153846
1011	-10,6153846
1011	2,3846154
1011	15,3846154
1011	20,3846154
1012	9,3846154
1012	-1,6153846
1012	15,3846154
1012	-16,6153846
1013	-29,6153846
1013	-5,6153846
1013	5,3846154
1013	-14,6153846
1014	17,3846154
1014	10,3846154
1014	35,3846154
1014	-20,6153846
1015	-3,6153846
1015	2,3846154
1015	-9,6153846
1015	0,3846154
1015	0,3846154
1016	10,3846154
1016	7,3846154
1016	-16,6153846
1016	-3,6153846
1017	-8,6153846
1017	-10,6153846
1017	-17,6153846
1017	-9,6153846
1018	-10,6153846
1018	5,3846154
1018	-12,6153846
1018	-3,6153846
1019	-6,6153846
1019	5,3846154
1019	1,3846154
1019	3,3846154
1020	-27,6153846
1020	-6,6153846
1020	-23,6153846
1020	-23,6153846
1021	-9,6153846
1021	-5,6153846
1021	15,3846154
1021	-20,6153846
1021	11,3846154
1022	8,3846154
1022	1,3846154
1022	-8,6153846
1022	-13,6153846
1023	-40,6153846
1023	-4,6153846
1023	9,3846154
1023	-12,6153846
1024	-5,6153846
1024	-25,6153846
1024	4,3846154
1024	2,3846154
1025	9,3846154
1025	-9,6153846
1025	-3,6153846
1025	6,3846154
1026	-16,6153846
1026	16,3846154
1026	16,3846154
1026	11,3846154
1027	9,3846154
1027	-17,6153846
1027	11,3846154
1027	24,3846154
1027	-18,6153846
1028	-19,6153846
1028	-39,6153846
1028	8,3846154
1028	11,3846154
1029	-30,6153846
1029	0,3846154
1029	4,3846154
1029	-1,6153846
1030	1,3846154
1030	-4,6153846
1030	5,3846154
1030	-20,6153846
1031	13,3846154
1031	-17,6153846
1031	6,3846154
1031	-24,6153846
1032	7,3846154
1032	9,3846154
1032	10,3846154
1032	30,3846154
1033	5,3846154
1033	4,3846154
1033	-11,6153846
1033	-3,6153846
1034	-0,6153846
1034	-14,6153846
1034	-9,6153846
1034	4,3846154
1034	-15,6153846
1035	-2,6153846
1035	-24,6153846
1035	1,3846154
1035	-22,6153846
1036	22,3846154
1036	9,3846154
1036	-3,6153846
1036	7,3846154
1037	-14,6153846
1037	-19,6153846
1037	4,3846154
1037	13,3846154
1038	2,3846154
1038	-20,6153846
1038	-9,6153846
1038	6,3846154
1039	11,3846154
1039	-6,6153846
1039	-17,6153846
1039	5,3846154
1039	-19,6153846
1040	11,3846154
1040	0,3846154
1040	-10,6153846
1040	8,3846154
1041	7,3846154
1041	11,3846154
1041	9,3846154
1041	5,3846154
1042	13,3846154
1042	1,3846154
1042	-9,6153846
1042	32,3846154
1043	-1,6153846
1043	35,3846154
1043	-0,6153846
1043	5,3846154
1044	-9,6153846
1044	-30,6153846
1044	4,3846154
1044	7,3846154
1045	7,3846154
1045	-29,6153846
1045	19,3846154
1045	-27,6153846
1045	-30,6153846
1046	2,3846154
1046	-23,6153846
1046	-1,6153846
1046	2,3846154
1047	-1,6153846
1047	3,3846154
1047	-25,6153846
1047	-0,6153846
1048	17,3846154
1048	6,3846154
1048	27,3846154
1048	10,3846154
1049	-3,6153846
1049	9,3846154
1049	8,3846154
1049	17,3846154
1050	-29,6153846
1050	10,3846154
1050	3,3846154
1050	-4,6153846
1051	-0,6153846
1051	4,3846154
1051	-15,6153846
1051	-15,6153846
1051	-4,6153846
1052	-4,6153846
1052	-0,6153846
1052	-28,6153846
1052	-18,6153846
1053	-8,6153846
1053	4,3846154
1053	-5,6153846
1053	-6,6153846
1054	18,3846154
1054	-16,6153846
1054	-16,6153846
1054	7,3846154
1055	8,3846154
1055	-5,6153846
1055	-9,6153846
1055	-12,6153846
1056	1,3846154
1056	-14,6153846
1056	-18,6153846
1056	-4,6153846
1056	-27,6153846
1057	2,3846154
1057	-3,6153846
1057	13,3846154
1057	16,3846154
1058	-18,6153846
1058	-18,6153846
1058	-18,6153846
1058	13,3846154
1059	9,3846154
1059	-15,6153846
1059	-25,6153846
1059	-7,6153846
1060	27,3846154
1060	-3,6153846
1060	-7,6153846
1060	-2,6153846
1061	-1,6153846
1061	32,3846154
1061	2,3846154
1061	24,3846154
1062	-6,6153846
1062	13,3846154
1062	-12,6153846
1062	6,3846154
1062	23,3846154
1063	-0,6153846
1063	0,3846154
1063	-1,6153846
1063	0,3846154
1064	-5,6153846
1064	3,3846154
1064	11,3846154
1064	-7,6153846
1065	6,3846154
1065	1,3846154
1065	-6,6153846
1065	-15,6153846
1066	-12,6153846
1066	-14,6153846
1066	-0,6153846
1066	28,3846154
1067	-0,6153846
1067	-6,6153846
1067	16,3846154
1067	-1,6153846
1067	5,3846154
1068	0,3846154
1068	5,3846154
1068	12,3846154
1068	11,3846154
1069	11,3846154
1069	-12,6153846
1069	-2,6153846
1069	-1,6153846
1070	-14,6153846
1070	-16,6153846
1070	-8,6153846
1070	5,3846154
1071	10,3846154
1071	5,3846154
1071	-4,6153846
1071	-9,6153846
1072	-23,6153846
1072	-12,6153846
1072	-21,6153846
1072	-10,6153846
1072	12,3846154
1073	-14,6153846
1073	-19,6153846
1073	-19,6153846
1073	-8,6153846
1074	-0,6153846
1074	12,3846154
1074	-3,6153846
1074	7,3846154
1075	0,3846154
1075	-2,6153846
1075	16,3846154
1075	-0,6153846
1076	3,3846154
1076	7,3846154
1076	1,3846154
1076	22,3846154
1077	20,3846154
1077	-15,6153846
1077	2,3846154
1077	-0,6153846
1077	24,3846154
1078	-12,6153846
1078	-18,6153846
1078	-5,6153846
1078	-12,6153846
1079	-2,6153846
1079	-0,6153846
1079	-15,6153846
1079	8,3846154
1080	-4,6153846
1080	-19,6153846
1080	-11,6153846
1080	-5,6153846
1081	-31,6153846
1081	6,3846154
1081	5,3846154
1081	-22,6153846
1082	-0,6153846
1082	-14,6153846
1082	0,3846154
1082	-11,6153846
1082	-1,6153846
1083	13,3846154
1083	17,3846154
1083	6,3846154
1083	7,3846154
1084	1,3846154
1084	13,3846154
1084	7,3846154
1084	2,3846154
1085	2,3846154
1085	-15,6153846
1085	8,3846154
1085	2,3846154
1086	-18,6153846
1086	0,3846154
1086	-1,6153846
1086	10,3846154
1087	-9,6153846
1087	-9,6153846
1087	-4,6153846
1087	-8,6153846
1087	-11,6153846
1088	-14,6153846
1088	-6,6153846
1088	1,3846154
1088	4,3846154
1089	1,3846154
1089	-5,6153846
1089	-20,6153846
1089	4,3846154
1090	6,3846154
1090	-5,6153846
1090	-7,6153846
1090	0,3846154
1091	9,3846154
1091	-8,6153846
1091	6,3846154
1091	5,3846154
1092	21,3846154
1092	4,3846154
1092	-12,6153846
1092	-7,6153846
1092	-18,6153846
1093	0,3846154
1093	1,3846154
1093	-2,6153846
1093	-0,6153846
1094	-2,6153846
1094	-6,6153846
1094	-11,6153846
1094	3,3846154
1095	-11,6153846
1095	18,3846154
1095	-0,6153846
1095	19,3846154
1096	-19,6153846
1096	-44,6153846
1096	-22,6153846
1096	16,3846154
1097	3,3846154
1097	-7,6153846
1097	0,3846154
1097	30,3846154
1097	17,3846154
1098	-1,6153846
1098	7,3846154
1098	0,3846154
1098	-11,6153846
1099	-0,6153846
1099	-9,6153846
1099	-11,6153846
1099	-10,6153846
1100	-25,6153846
1100	-17,6153846
1100	10,3846154
1100	-14,6153846
1101	-3,6153846
1101	-25,6153846
1101	28,3846154
1101	-11,6153846
1101	-16,6153846
1102	7,3846154
1102	-6,6153846
1102	-16,6153846
1102	-10,6153846
1103	-18,6153846
1103	-6,6153846
1103	8,3846154
1103	25,3846154
1104	0,3846154
1104	-16,6153846
1104	-23,6153846
1104	7,3846154
1105	-7,6153846
1105	-20,6153846
1105	-15,6153846
1105	28,3846154
1106	5,3846154
1106	-23,6153846
1106	-14,6153846
1106	-15,6153846
1106	-20,6153846
1107	7,3846154
1107	16,3846154
1107	14,3846154
1107	-10,6153846
1108	-27,6153846
1108	3,3846154
1108	31,3846154
1108	-14,6153846
1109	-0,6153846
1109	18,3846154
1109	-23,6153846
1109	-2,6153846
1110	3,3846154
1110	-1,6153846
1110	-3,6153846
1110	-12,6153846
1110	-9,6153846
1111	0,3846154
1111	11,3846154
1111	-12,6153846
1111	-14,6153846
1112	-14,6153846
1112	-4,6153846
1112	5,3846154
1112	0,3846154
1113	-18,6153846
1113	-28,6153846
1113	-12,6153846
1113	16,3846154
1114	16,3846154
1114	13,3846154
1114	8,3846154
1114	-0,6153846
1115	-8,6153846
1115	-12,6153846
1115	-27,6153846
1115	-7,6153846
1115	-2,6153846
1116	-2,6153846
1116	-16,6153846
1116	-19,6153846
1116	-14,6153846
1117	-7,6153846
1117	-8,6153846
1117	10,3846154
1117	-10,6153846
1118	0,3846154
