196	-10,3846154
196	-10,3846154
196	-10,3846154
197	17,6153846
197	17,6153846
197	8,6153846
197	16,6153846
198	-17,3846154
198	1,6153846
198	27,6153846
199	7,6153846
199	-10,3846154
199	-38,3846154
199	-1,3846154
200	8,6153846
200	-14,3846154
200	-1,3846154
200	126,6153846
201	252,6153846
201	271,6153846
201	280,6153846
201	257,6153846
202	248,6153846
202	301,6153846
202	301,6153846
203	296,6153846
203	315,6153846
203	278,6153846
203	319,6153846
204	312,6153846
204	306,6153846
204	357,6153846
204	356,6153846
205	368,6153846
205	396,6153846
205	387,6153846
205	419,6153846
206	430,6153846
206	479,6153846
206	479,6153846
207	504,6153846
207	526,6153846
207	495,6153846
207	538,6153846
208	538,6153846
208	531,6153846
208	556,6153846
208	589,6153846
209	575,6153846
209	560,6153846
209	562,6153846
209	612,6153846
210	594,6153846
210	630,6153846
210	655,6153846
211	648,6153846
211	660,6153846
211	695,6153846
211	706,6153846
212	696,6153846
212	700,6153846
212	728,6153846
212	772,6153846
213	789,6153846
213	823,6153846
213	773,6153846
213	802,6153846
214	816,6153846
214	859,6153846
214	869,6153846
215	858,6153846
215	857,6153846
215	822,6153846
215	844,6153846
216	848,6153846
216	812,6153846
216	819,6153846
216	886,6153846
217	893,6153846
217	865,6153846
217	878,6153846
217	889,6153846
218	954,6153846
218	1003,6153846
218	999,6153846
219	996,6153846
219	1006,6153846
219	997,6153846
219	1058,6153846
220	1106,6153846
220	1115,6153846
220	1146,6153846
220	1092,6153846
221	1163,6153846
221	1162,6153846
221	1165,6153846
221	1244,6153846
222	1235,6153846
222	1263,6153846
222	1243,6153846
223	1238,6153846
223	1238,6153846
223	1324,6153846
223	1357,6153846
224	1393,6153846
224	1360,6153846
224	1354,6153846
224	1343,6153846
225	1372,6153846
225	1371,6153846
225	1469,6153846
225	1385,6153846
226	1425,6153846
226	1347,6153846
226	1322,6153846
227	1330,6153846
227	1308,6153846
227	1306,6153846
227	1291,6153846
228	1255,6153846
228	1300,6153846
228	1261,6153846
228	1298,6153846
229	1250,6153846
229	1298,6153846
229	1339,6153846
229	1326,6153846
230	1349,6153846
230	1390,6153846
230	1439,6153846
231	1497,6153846
231	1571,6153846
231	1660,6153846
231	1646,6153846
232	1776,6153846
232	1851,6153846
232	1953,6153846
232	2079,6153846
233	2193,6153846
233	2334,6153846
233	2515,6153846
233	2625,6153846
234	2651,6153846
234	2791,6153846
234	2955,6153846
235	3067,6153846
235	3241,6153846
235	3286,6153846
235	3391,6153846
236	3427,6153846
236	3538,6153846
236	3691,6153846
236	4009,6153846
237	4042,6153846
237	4097,6153846
237	4116,6153846
237	4210,6153846
238	4289,6153846
238	4394,6153846
238	4608,6153846
239	4832,6153846
239	4884,6153846
239	4903,6153846
239	4719,6153846
240	4772,6153846
240	4796,6153846
240	4963,6153846
240	4744,6153846
241	4827,6153846
241	4785,6153846
241	4893,6153846
241	4843,6153846
242	4855,6153846
242	4664,6153846
242	4645,6153846
243	4617,6153846
243	4649,6153846
243	4485,6153846
243	4525,6153846
244	4494,6153846
244	4429,6153846
244	4405,6153846
244	4398,6153846
245	4396,6153846
245	4384,6153846
245	4357,6153846
245	4275,6153846
246	4238,6153846
246	4339,6153846
246	4302,6153846
247	4446,6153846
247	4551,6153846
247	4628,6153846
247	4589,6153846
248	4750,6153846
248	4645,6153846
248	4614,6153846
248	4710,6153846
249	4803,6153846
249	4740,6153846
249	4815,6153846
249	4855,6153846
250	5023,6153846
250	4971,6153846
250	5098,6153846
251	5206,6153846
251	5341,6153846
251	5243,6153846
251	5406,6153846
252	5467,6153846
252	5471,6153846
252	5425,6153846
252	5406,6153846
253	5415,6153846
253	5607,6153846
253	5543,6153846
253	5509,6153846
254	5415,6153846
254	5580,6153846
254	5686,6153846
254	5618,6153846
255	5533,6153846
255	5502,6153846
255	5485,6153846
256	5498,6153846
256	5323,6153846
256	5270,6153846
256	5497,6153846
257	5514,6153846
257	5465,6153846
257	5669,6153846
257	5591,6153846
258	5747,6153846
258	5769,6153846
258	5834,6153846
258	5819,6153846
259	5904,6153846
259	5938,6153846
259	5929,6153846
260	5853,6153846
260	6065,6153846
260	6244,6153846
260	6425,6153846
261	6209,6153846
261	6220,6153846
261	6121,6153846
261	6103,6153846
262	6048,6153846
262	5893,6153846
262	5718,6153846
262	5571,6153846
263	5369,6153846
263	5445,6153846
263	5278,6153846
264	5289,6153846
264	5074,6153846
264	4818,6153846
264	4555,6153846
265	4467,6153846
265	4291,6153846
265	4256,6153846
265	4100,6153846
266	3910,6153846
266	3769,6153846
266	3601,6153846
266	3647,6153846
267	3702,6153846
267	3628,6153846
267	3634,6153846
268	3512,6153846
268	3604,6153846
268	3555,6153846
268	3706,6153846
269	3731,6153846
269	3860,6153846
269	3886,6153846
269	4047,6153846
270	4070,6153846
270	4170,6153846
270	4250,6153846
270	4452,6153846
271	4635,6153846
271	4894,6153846
271	5141,6153846
271	5446,6153846
272	5709,6153846
272	6120,6153846
272	6206,6153846
273	6393,6153846
273	6363,6153846
273	6551,6153846
273	6520,6153846
274	6439,6153846
274	6516,6153846
274	6685,6153846
274	6748,6153846
275	6797,6153846
275	6920,6153846
275	6980,6153846
275	6881,6153846
276	6784,6153846
276	6478,6153846
276	6455,6153846
277	6173,6153846
277	6130,6153846
277	5865,6153846
277	5719,6153846
278	5386,6153846
278	5200,6153846
278	4916,6153846
278	4812,6153846
279	4655,6153846
279	4544,6153846
279	4257,6153846
279	4103,6153846
280	3973,6153846
280	3926,6153846
280	3824,6153846
280	3829,6153846
281	3771,6153846
281	3731,6153846
281	3697,6153846
282	3700,6153846
282	3731,6153846
282	3777,6153846
282	3775,6153846
283	3789,6153846
283	3737,6153846
283	3836,6153846
283	3857,6153846
284	3878,6153846
284	4002,6153846
284	4034,6153846
284	4063,6153846
285	4211,6153846
285	4216,6153846
285	4268,6153846
286	4168,6153846
286	4268,6153846
286	4308,6153846
286	4262,6153846
287	4253,6153846
287	4319,6153846
287	4276,6153846
287	4332,6153846
288	4358,6153846
288	4346,6153846
288	4354,6153846
288	4393,6153846
289	4395,6153846
289	4450,6153846
289	4434,6153846
290	4421,6153846
290	4392,6153846
290	4414,6153846
290	4329,6153846
291	4406,6153846
291	4484,6153846
291	4539,6153846
291	4473,6153846
292	4535,6153846
292	4488,6153846
292	4480,6153846
292	4499,6153846
293	4582,6153846
293	4630,6153846
293	4738,6153846
293	4702,6153846
294	4672,6153846
294	4777,6153846
294	4877,6153846
295	4892,6153846
295	5018,6153846
295	5066,6153846
295	5150,6153846
296	5086,6153846
296	5119,6153846
296	5127,6153846
296	5184,6153846
297	5193,6153846
297	5163,6153846
297	5230,6153846
297	5383,6153846
298	5424,6153846
298	5379,6153846
298	5457,6153846
299	5561,6153846
299	5536,6153846
299	5524,6153846
299	5395,6153846
300	5428,6153846
300	5399,6153846
300	5398,6153846
300	5358,6153846
301	5433,6153846
301	5432,6153846
301	5397,6153846
301	5291,6153846
302	5234,6153846
302	5234,6153846
302	5097,6153846
302	5249,6153846
303	5118,6153846
303	4986,6153846
303	5007,6153846
304	5011,6153846
304	4855,6153846
304	4788,6153846
304	4759,6153846
305	4761,6153846
305	4696,6153846
305	4672,6153846
305	4662,6153846
306	4553,6153846
306	4563,6153846
306	4567,6153846
306	4516,6153846
307	4381,6153846
307	4424,6153846
307	4307,6153846
307	4396,6153846
308	4340,6153846
308	4365,6153846
308	4289,6153846
309	4306,6153846
309	4291,6153846
309	4377,6153846
309	4445,6153846
310	4425,6153846
310	4403,6153846
310	4427,6153846
310	4373,6153846
311	4278,6153846
311	4339,6153846
311	4406,6153846
311	4389,6153846
312	4325,6153846
312	4347,6153846
312	4386,6153846
313	4357,6153846
313	4398,6153846
313	4299,6153846
313	4486,6153846
314	4408,6153846
314	4365,6153846
314	4424,6153846
314	4439,6153846
315	4393,6153846
315	4362,6153846
315	4293,6153846
315	4305,6153846
316	4265,6153846
316	4174,6153846
316	4181,6153846
316	4089,6153846
317	4101,6153846
317	4083,6153846
317	4107,6153846
318	4088,6153846
318	4094,6153846
318	4118,6153846
318	4068,6153846
319	3988,6153846
319	3956,6153846
319	3951,6153846
319	3923,6153846
320	3997,6153846
320	3946,6153846
320	4048,6153846
320	3968,6153846
321	4093,6153846
321	4116,6153846
321	4154,6153846
321	4180,6153846
322	4213,6153846
322	4240,6153846
322	4279,6153846
323	4326,6153846
323	4450,6153846
323	4460,6153846
323	4487,6153846
324	4518,6153846
324	4588,6153846
324	4513,6153846
324	4529,6153846
325	4754,6153846
325	4748,6153846
325	4709,6153846
325	4775,6153846
326	4771,6153846
326	4846,6153846
326	4795,6153846
327	4967,6153846
327	4949,6153846
327	4993,6153846
327	5055,6153846
328	5304,6153846
328	5307,6153846
328	5467,6153846
328	5528,6153846
329	5677,6153846
329	5721,6153846
329	5918,6153846
329	5859,6153846
330	5919,6153846
330	5939,6153846
330	6031,6153846
330	6004,6153846
331	6221,6153846
331	6149,6153846
331	6402,6153846
332	6363,6153846
332	6368,6153846
332	6382,6153846
332	6433,6153846
333	6400,6153846
333	6500,6153846
333	6594,6153846
333	6712,6153846
334	6686,6153846
334	6869,6153846
334	6636,6153846
334	6596,6153846
335	6529,6153846
335	6440,6153846
335	6448,6153846
335	6385,6153846
336	6192,6153846
336	6276,6153846
336	6203,6153846
337	6063,6153846
337	6044,6153846
337	6014,6153846
337	5989,6153846
338	5939,6153846
338	5832,6153846
338	5898,6153846
338	5693,6153846
339	5544,6153846
339	5413,6153846
339	5409,6153846
339	5264,6153846
340	5393,6153846
340	5219,6153846
340	5100,6153846
340	5096,6153846
341	5161,6153846
341	5041,6153846
341	5042,6153846
342	5003,6153846
342	4937,6153846
342	4867,6153846
342	4906,6153846
343	4841,6153846
343	4736,6153846
343	4707,6153846
343	4740,6153846
344	4677,6153846
344	4839,6153846
344	4865,6153846
344	4968,6153846
345	4791,6153846
345	4778,6153846
345	4681,6153846
345	4780,6153846
346	4744,6153846
346	4776,6153846
346	4812,6153846
347	4702,6153846
347	4562,6153846
347	4529,6153846
347	4483,6153846
348	4471,6153846
348	4485,6153846
348	4593,6153846
348	4539,6153846
349	4539,6153846
349	4458,6153846
349	4341,6153846
349	4261,6153846
350	4264,6153846
350	4128,6153846
350	4101,6153846
350	4095,6153846
351	4097,6153846
351	4077,6153846
351	4108,6153846
352	4060,6153846
352	4058,6153846
352	4051,6153846
352	4039,6153846
353	4172,6153846
353	4179,6153846
353	4072,6153846
353	4109,6153846
354	4119,6153846
354	4201,6153846
354	4252,6153846
354	4207,6153846
355	4242,6153846
355	4255,6153846
355	4316,6153846
355	4288,6153846
356	4315,6153846
356	4322,6153846
356	4428,6153846
357	4354,6153846
357	4471,6153846
357	4531,6153846
357	4511,6153846
358	4497,6153846
358	4506,6153846
358	4487,6153846
358	4506,6153846
359	4615,6153846
359	4518,6153846
359	4522,6153846
359	4508,6153846
360	4544,6153846
360	4464,6153846
360	4469,6153846
360	4412,6153846
361	4334,6153846
361	4368,6153846
361	4406,6153846
362	4398,6153846
362	4372,6153846
362	4373,6153846
362	4384,6153846
363	4342,6153846
363	4310,6153846
363	4219,6153846
363	4190,6153846
364	4116,6153846
364	4211,6153846
364	4158,6153846
364	4182,6153846
365	4136,6153846
365	4191,6153846
365	4199,6153846
365	4134,6153846
366	4240,6153846
366	4292,6153846
366	4211,6153846
367	4290,6153846
367	4317,6153846
367	4362,6153846
367	4480,6153846
368	4450,6153846
368	4428,6153846
368	4598,6153846
368	4553,6153846
369	4675,6153846
369	4825,6153846
369	4942,6153846
369	4909,6153846
370	4958,6153846
370	5017,6153846
370	5132,6153846
370	5088,6153846
371	5223,6153846
371	5139,6153846
371	5312,6153846
371	5272,6153846
372	5366,6153846
372	5329,6153846
372	5454,6153846
373	5429,6153846
373	5593,6153846
373	5550,6153846
373	5606,6153846
374	5545,6153846
374	5721,6153846
374	5589,6153846
374	5619,6153846
375	5668,6153846
375	5784,6153846
375	5745,6153846
375	5805,6153846
376	5770,6153846
376	5774,6153846
376	5774,6153846
376	5833,6153846
377	5706,6153846
377	5831,6153846
377	5822,6153846
378	5881,6153846
378	5760,6153846
378	5787,6153846
378	5825,6153846
379	5831,6153846
379	5860,6153846
379	6112,6153846
379	6153,6153846
380	6174,6153846
380	6179,6153846
380	6284,6153846
380	6059,6153846
381	6147,6153846
381	6220,6153846
381	6222,6153846
381	6130,6153846
382	6245,6153846
382	6224,6153846
382	6288,6153846
383	6222,6153846
383	6234,6153846
383	6210,6153846
383	6345,6153846
384	6342,6153846
384	6402,6153846
384	6392,6153846
384	6502,6153846
385	6469,6153846
385	6522,6153846
385	6549,6153846
385	6725,6153846
386	6611,6153846
386	6682,6153846
386	6684,6153846
386	6839,6153846
387	6783,6153846
387	6883,6153846
387	6838,6153846
387	7151,6153846
388	7000,6153846
388	7184,6153846
388	7287,6153846
389	7340,6153846
389	7327,6153846
389	7443,6153846
389	7493,6153846
390	7426,6153846
390	7570,6153846
390	7541,6153846
390	7661,6153846
391	7678,6153846
391	7602,6153846
391	7726,6153846
391	7687,6153846
392	8001,6153846
392	7920,6153846
392	8020,6153846
392	8205,6153846
393	8214,6153846
393	8269,6153846
393	8414,6153846
394	8466,6153846
394	8654,6153846
394	8752,6153846
394	9134,6153846
395	9101,6153846
395	9115,6153846
395	9116,6153846
395	9384,6153846
396	9542,6153846
396	9790,6153846
396	10017,6153846
396	10196,6153846
397	10130,6153846
397	10296,6153846
397	10365,6153846
397	10802,6153846
398	10771,6153846
398	10962,6153846
398	11008,6153846
398	11317,6153846
399	11237,6153846
399	11393,6153846
399	11782,6153846
400	12090,6153846
400	12406,6153846
400	12502,6153846
400	12427,6153846
401	12307,6153846
401	12283,6153846
401	12637,6153846
401	12523,6153846
402	12634,6153846
402	12865,6153846
402	12739,6153846
402	12656,6153846
403	12926,6153846
403	12996,6153846
403	13315,6153846
403	13811,6153846
404	14272,6153846
404	14472,6153846
404	14335,6153846
405	14146,6153846
405	14253,6153846
405	13946,6153846
405	14021,6153846
406	13904,6153846
406	13890,6153846
406	13731,6153846
406	13719,6153846
407	13629,6153846
407	13614,6153846
407	13744,6153846
407	14045,6153846
408	14111,6153846
408	14070,6153846
408	14011,6153846
408	14257,6153846
409	14069,6153846
409	14066,6153846
409	13869,6153846
409	13842,6153846
410	13669,6153846
410	13462,6153846
410	13413,6153846
411	13122,6153846
411	12816,6153846
411	13026,6153846
411	13207,6153846
412	13540,6153846
412	13450,6153846
412	13452,6153846
412	13109,6153846
413	12985,6153846
413	12819,6153846
413	12862,6153846
413	12814,6153846
414	12899,6153846
414	12975,6153846
414	12922,6153846
414	12780,6153846
415	12717,6153846
415	12306,6153846
415	12472,6153846
415	12195,6153846
416	12389,6153846
416	12439,6153846
416	12506,6153846
417	12160,6153846
417	12283,6153846
417	11897,6153846
417	11971,6153846
418	11783,6153846
418	12025,6153846
418	11873,6153846
418	12144,6153846
419	12150,6153846
419	12243,6153846
419	11996,6153846
419	12147,6153846
420	12150,6153846
420	12119,6153846
420	11982,6153846
420	12027,6153846
421	12071,6153846
421	12078,6153846
421	12035,6153846
421	12264,6153846
422	12075,6153846
422	12259,6153846
422	11806,6153846
423	12145,6153846
423	12055,6153846
423	12127,6153846
423	12001,6153846
424	12311,6153846
424	12089,6153846
424	12172,6153846
424	12116,6153846
425	11919,6153846
425	11745,6153846
425	11494,6153846
425	11486,6153846
426	11366,6153846
426	11218,6153846
426	11194,6153846
426	10942,6153846
427	11108,6153846
427	11052,6153846
427	11066,6153846
427	11238,6153846
428	11488,6153846
428	11530,6153846
428	11675,6153846
429	11436,6153846
429	11297,6153846
429	10940,6153846
429	11224,6153846
430	10765,6153846
430	11006,6153846
430	10660,6153846
430	10740,6153846
431	10386,6153846
431	10296,6153846
431	10148,6153846
431	10215,6153846
432	10294,6153846
432	10203,6153846
432	10064,6153846
432	10277,6153846
433	10014,6153846
433	10134,6153846
433	10077,6153846
433	10099,6153846
434	9908,6153846
434	10206,6153846
434	10087,6153846
435	10312,6153846
435	10376,6153846
435	10261,6153846
435	10342,6153846
436	10327,6153846
436	10528,6153846
436	10571,6153846
436	10624,6153846
437	10764,6153846
437	10786,6153846
437	10812,6153846
437	10794,6153846
438	11239,6153846
438	11122,6153846
438	11078,6153846
438	11230,6153846
439	11549,6153846
439	11578,6153846
439	11859,6153846
439	11691,6153846
440	11882,6153846
440	11685,6153846
440	11577,6153846
441	11617,6153846
441	11874,6153846
441	11625,6153846
441	11785,6153846
442	11877,6153846
442	11951,6153846
442	11364,6153846
442	11565,6153846
443	11527,6153846
443	11517,6153846
443	11225,6153846
443	11333,6153846
444	11311,6153846
444	11364,6153846
444	11205,6153846
444	11354,6153846
445	11274,6153846
445	11480,6153846
445	11380,6153846
445	11833,6153846
446	11694,6153846
446	11560,6153846
446	11361,6153846
447	11514,6153846
447	11464,6153846
447	11592,6153846
447	11202,6153846
448	11154,6153846
448	10878,6153846
448	11090,6153846
448	11213,6153846
449	11464,6153846
449	11741,6153846
449	11557,6153846
449	11267,6153846
450	10970,6153846
450	10481,6153846
450	10365,6153846
450	10087,6153846
451	10164,6153846
451	9792,6153846
451	9859,6153846
451	9826,6153846
452	9404,6153846
452	9330,6153846
452	9242,6153846
452	9137,6153846
453	9292,6153846
453	8861,6153846
453	9056,6153846
454	8921,6153846
454	9099,6153846
454	8903,6153846
454	9081,6153846
455	9013,6153846
455	9216,6153846
455	9381,6153846
455	9602,6153846
456	9853,6153846
456	9948,6153846
456	10022,6153846
456	10227,6153846
457	10173,6153846
457	10513,6153846
457	10882,6153846
457	11023,6153846
458	10880,6153846
458	10805,6153846
458	10868,6153846
458	11244,6153846
459	11341,6153846
459	11501,6153846
459	11445,6153846
460	11547,6153846
460	11873,6153846
460	11862,6153846
460	12034,6153846
461	12060,6153846
461	11947,6153846
461	11969,6153846
461	11913,6153846
462	12094,6153846
462	11877,6153846
462	12146,6153846
462	12236,6153846
463	12263,6153846
463	12517,6153846
463	12579,6153846
463	12792,6153846
464	12678,6153846
464	12942,6153846
464	13214,6153846
464	13319,6153846
465	13474,6153846
465	13266,6153846
465	13194,6153846
465	13055,6153846
466	13161,6153846
466	12798,6153846
466	12777,6153846
467	12810,6153846
467	13285,6153846
467	13420,6153846
467	13875,6153846
468	13852,6153846
468	13880,6153846
468	13766,6153846
468	13682,6153846
469	13595,6153846
469	13396,6153846
469	13418,6153846
469	13055,6153846
470	12364,6153846
470	12132,6153846
470	11614,6153846
470	11216,6153846
471	11072,6153846
471	10669,6153846
471	10242,6153846
471	10199,6153846
472	10014,6153846
472	9988,6153846
472	9647,6153846
472	9345,6153846
473	9276,6153846
473	9202,6153846
473	9144,6153846
474	9293,6153846
474	9250,6153846
474	9563,6153846
474	9580,6153846
475	9803,6153846
475	9771,6153846
475	9931,6153846
475	9662,6153846
476	9654,6153846
476	9451,6153846
476	9553,6153846
476	9269,6153846
477	9282,6153846
477	9263,6153846
477	9151,6153846
477	9171,6153846
478	9010,6153846
478	9094,6153846
478	9134,6153846
478	8995,6153846
479	9088,6153846
479	9148,6153846
479	9088,6153846
479	9227,6153846
480	9181,6153846
480	9198,6153846
480	9335,6153846
481	9367,6153846
481	9348,6153846
481	9209,6153846
481	9314,6153846
482	9473,6153846
482	9625,6153846
482	9709,6153846
482	9918,6153846
483	9890,6153846
483	10174,6153846
483	10086,6153846
483	10238,6153846
484	10121,6153846
484	10346,6153846
484	10516,6153846
484	10914,6153846
485	10879,6153846
485	10899,6153846
485	10635,6153846
485	10359,6153846
486	10299,6153846
486	10314,6153846
486	10157,6153846
486	10096,6153846
487	10048,6153846
487	10025,6153846
487	9785,6153846
488	9753,6153846
488	9699,6153846
488	9739,6153846
488	9635,6153846
489	9686,6153846
489	9676,6153846
489	9839,6153846
489	9924,6153846
490	10259,6153846
490	10432,6153846
490	10635,6153846
490	10776,6153846
491	11027,6153846
491	11229,6153846
491	11337,6153846
491	11420,6153846
492	11663,6153846
492	11668,6153846
492	11925,6153846
492	12046,6153846
493	12307,6153846
493	12594,6153846
493	13030,6153846
493	13184,6153846
494	13544,6153846
494	13644,6153846
494	14010,6153846
495	14220,6153846
495	14445,6153846
495	14582,6153846
495	14743,6153846
496	14839,6153846
496	14853,6153846
496	14942,6153846
496	14889,6153846
497	14941,6153846
497	14877,6153846
497	14841,6153846
497	14868,6153846
498	14896,6153846
498	14959,6153846
498	14902,6153846
498	14886,6153846
499	14875,6153846
499	14908,6153846
499	14890,6153846
499	14914,6153846
500	14876,6153846
500	14874,6153846
500	14922,6153846
500	14907,6153846
501	14893,6153846
501	14858,6153846
501	14815,6153846
502	14848,6153846
502	14868,6153846
502	14887,6153846
502	14868,6153846
503	14876,6153846
503	14895,6153846
503	14914,6153846
503	14894,6153846
504	14903,6153846
504	14870,6153846
504	14904,6153846
504	14913,6153846
505	14898,6153846
505	14834,6153846
505	14856,6153846
505	14894,6153846
506	14905,6153846
506	14869,6153846
506	14927,6153846
506	14896,6153846
507	14939,6153846
507	14883,6153846
507	14838,6153846
507	14890,6153846
508	14855,6153846
508	14844,6153846
508	14882,6153846
508	14866,6153846
509	14872,6153846
509	13880,6153846
509	13046,6153846
510	12528,6153846
510	12175,6153846
510	11769,6153846
510	11462,6153846
511	11150,6153846
511	10904,6153846
511	10634,6153846
511	10609,6153846
512	10313,6153846
512	10303,6153846
512	10307,6153846
512	10166,6153846
513	10076,6153846
513	10298,6153846
513	10133,6153846
513	10284,6153846
514	10243,6153846
514	10294,6153846
514	10352,6153846
514	10351,6153846
515	10213,6153846
515	10392,6153846
515	10374,6153846
515	10337,6153846
516	10388,6153846
516	10358,6153846
516	10323,6153846
516	10342,6153846
517	10469,6153846
517	10561,6153846
517	10557,6153846
518	10775,6153846
518	10752,6153846
518	10727,6153846
518	10658,6153846
519	10471,6153846
519	10368,6153846
519	10435,6153846
519	10347,6153846
520	10407,6153846
520	10269,6153846
520	10197,6153846
520	10244,6153846
521	10445,6153846
521	10785,6153846
521	11295,6153846
521	11776,6153846
522	12275,6153846
522	12519,6153846
522	12572,6153846
522	12337,6153846
523	12078,6153846
523	11756,6153846
523	11513,6153846
523	11047,6153846
524	10785,6153846
524	10509,6153846
524	10300,6153846
524	10031,6153846
525	9771,6153846
525	9512,6153846
525	9276,6153846
526	9142,6153846
526	9086,6153846
526	8870,6153846
526	8839,6153846
527	8635,6153846
527	8588,6153846
527	8472,6153846
527	8410,6153846
528	8276,6153846
528	8345,6153846
528	8180,6153846
528	8207,6153846
529	8068,6153846
529	8052,6153846
529	8030,6153846
529	7975,6153846
530	7949,6153846
530	7954,6153846
530	7897,6153846
530	7998,6153846
531	7975,6153846
531	8022,6153846
531	7911,6153846
531	7916,6153846
532	7881,6153846
532	7948,6153846
532	7936,6153846
532	7951,6153846
533	7857,6153846
533	7849,6153846
533	7857,6153846
534	7875,6153846
534	7818,6153846
534	7774,6153846
534	7717,6153846
535	7786,6153846
535	7756,6153846
535	7864,6153846
535	7752,6153846
536	7934,6153846
536	7844,6153846
536	8022,6153846
536	7911,6153846
537	8028,6153846
537	7865,6153846
537	7959,6153846
537	7898,6153846
538	7811,6153846
538	7948,6153846
538	7927,6153846
538	7811,6153846
539	7843,6153846
539	7750,6153846
539	7828,6153846
539	7718,6153846
540	7836,6153846
540	7704,6153846
540	7690,6153846
540	7574,6153846
541	7621,6153846
541	7595,6153846
541	7540,6153846
541	7535,6153846
542	7631,6153846
542	7572,6153846
542	7613,6153846
543	7484,6153846
543	7621,6153846
543	7492,6153846
543	7584,6153846
544	7554,6153846
544	7539,6153846
544	7494,6153846
544	7710,6153846
545	7646,6153846
545	7712,6153846
545	7658,6153846
545	7735,6153846
546	7718,6153846
546	7777,6153846
546	7784,6153846
546	7853,6153846
547	7800,6153846
547	7855,6153846
547	7911,6153846
547	7953,6153846
548	7970,6153846
548	8041,6153846
548	8059,6153846
548	8141,6153846
549	8155,6153846
549	8276,6153846
549	8299,6153846
549	8525,6153846
550	8612,6153846
550	8711,6153846
550	8695,6153846
550	8583,6153846
551	8513,6153846
551	8564,6153846
551	8417,6153846
552	8584,6153846
552	8629,6153846
552	8697,6153846
552	8644,6153846
553	8665,6153846
553	8676,6153846
553	8736,6153846
553	8916,6153846
554	9055,6153846
554	9011,6153846
554	8906,6153846
554	8718,6153846
555	8690,6153846
555	8452,6153846
555	8341,6153846
555	8239,6153846
556	8276,6153846
556	8142,6153846
556	8187,6153846
556	8308,6153846
557	8500,6153846
557	8619,6153846
557	8877,6153846
557	9185,6153846
558	9266,6153846
558	9040,6153846
558	9073,6153846
558	9063,6153846
559	8984,6153846
559	8929,6153846
559	8963,6153846
559	8837,6153846
560	8838,6153846
560	8678,6153846
560	8812,6153846
561	8668,6153846
561	8714,6153846
561	8735,6153846
561	8845,6153846
562	8829,6153846
562	9001,6153846
562	8956,6153846
562	9072,6153846
563	9129,6153846
563	9363,6153846
563	9443,6153846
563	9563,6153846
564	9559,6153846
564	9648,6153846
564	9852,6153846
564	9904,6153846
565	9972,6153846
565	10057,6153846
565	10124,6153846
565	10142,6153846
566	10193,6153846
566	10425,6153846
566	10385,6153846
566	10577,6153846
567	10472,6153846
567	10591,6153846
567	10646,6153846
567	10765,6153846
568	10929,6153846
568	10979,6153846
568	10862,6153846
568	10699,6153846
569	10505,6153846
569	10360,6153846
569	10325,6153846
569	10200,6153846
570	10340,6153846
570	10666,6153846
570	11189,6153846
571	11893,6153846
571	12354,6153846
571	12662,6153846
571	13135,6153846
572	14045,6153846
572	14543,6153846
572	14752,6153846
572	14629,6153846
573	14293,6153846
573	13847,6153846
573	13273,6153846
573	12699,6153846
574	12169,6153846
574	11387,6153846
574	10984,6153846
574	10525,6153846
575	10286,6153846
575	9944,6153846
575	9706,6153846
575	9182,6153846
576	8788,6153846
576	8279,6153846
576	7970,6153846
576	7648,6153846
577	7397,6153846
577	7223,6153846
577	7027,6153846
577	6787,6153846
578	6588,6153846
578	6348,6153846
578	6374,6153846
578	6230,6153846
579	6200,6153846
579	6206,6153846
579	5994,6153846
579	6003,6153846
580	5926,6153846
580	5791,6153846
580	5788,6153846
581	5787,6153846
581	5802,6153846
581	5752,6153846
581	5701,6153846
582	5657,6153846
582	5657,6153846
582	5521,6153846
582	5575,6153846
583	5579,6153846
583	5619,6153846
583	5493,6153846
583	5548,6153846
584	5559,6153846
584	5596,6153846
584	5503,6153846
584	5558,6153846
585	5599,6153846
585	5620,6153846
585	5599,6153846
585	5698,6153846
586	5671,6153846
586	5651,6153846
586	5649,6153846
586	5805,6153846
587	5882,6153846
587	5956,6153846
587	5979,6153846
587	6012,6153846
588	6037,6153846
588	6102,6153846
588	6213,6153846
588	6269,6153846
589	6363,6153846
589	6375,6153846
589	6373,6153846
589	6499,6153846
590	6556,6153846
590	6594,6153846
590	6617,6153846
590	6682,6153846
591	6673,6153846
591	6797,6153846
591	6772,6153846
592	6866,6153846
592	6833,6153846
592	6962,6153846
592	6927,6153846
593	6995,6153846
593	7055,6153846
593	7018,6153846
593	7054,6153846
594	7217,6153846
594	7224,6153846
594	7164,6153846
594	7157,6153846
595	7139,6153846
595	7023,6153846
595	7104,6153846
595	7003,6153846
596	7007,6153846
596	6962,6153846
596	7239,6153846
596	7325,6153846
597	7615,6153846
597	7922,6153846
597	8214,6153846
597	8516,6153846
598	8800,6153846
598	9142,6153846
598	9428,6153846
598	9359,6153846
599	9179,6153846
599	8714,6153846
599	8487,6153846
599	8272,6153846
600	8042,6153846
600	7618,6153846
600	7431,6153846
600	7114,6153846
601	6930,6153846
601	6643,6153846
601	6549,6153846
601	6262,6153846
602	6141,6153846
602	5953,6153846
602	5844,6153846
603	5662,6153846
603	5643,6153846
603	5467,6153846
603	5474,6153846
604	5293,6153846
604	5298,6153846
604	5149,6153846
604	5215,6153846
605	5058,6153846
605	5073,6153846
605	5025,6153846
605	5092,6153846
606	5030,6153846
606	5048,6153846
606	5015,6153846
606	5049,6153846
607	4991,6153846
607	5000,6153846
607	5026,6153846
607	5028,6153846
608	4975,6153846
608	4997,6153846
608	4956,6153846
608	5029,6153846
609	4950,6153846
609	5071,6153846
609	5065,6153846
609	5014,6153846
610	4968,6153846
610	5080,6153846
610	4951,6153846
610	5073,6153846
611	5069,6153846
611	5066,6153846
611	5070,6153846
611	5110,6153846
612	5079,6153846
612	5150,6153846
612	5061,6153846
612	5177,6153846
613	5084,6153846
613	5190,6153846
613	5225,6153846
613	5240,6153846
614	5216,6153846
614	5245,6153846
614	5227,6153846
614	5275,6153846
615	5285,6153846
615	5347,6153846
615	5280,6153846
616	5262,6153846
616	5316,6153846
616	5335,6153846
616	5301,6153846
617	5325,6153846
617	5264,6153846
617	5381,6153846
617	5371,6153846
618	5437,6153846
618	5379,6153846
618	5377,6153846
618	5337,6153846
619	5357,6153846
619	5370,6153846
619	5477,6153846
619	5432,6153846
620	5522,6153846
620	5498,6153846
620	5567,6153846
620	5594,6153846
621	5694,6153846
621	5647,6153846
621	5733,6153846
621	5762,6153846
622	5840,6153846
622	5809,6153846
622	5795,6153846
622	5761,6153846
623	5785,6153846
623	5734,6153846
623	5773,6153846
623	5639,6153846
624	5632,6153846
624	5561,6153846
624	5528,6153846
624	5466,6153846
625	5498,6153846
625	5416,6153846
625	5393,6153846
625	5324,6153846
626	5326,6153846
626	5234,6153846
626	5321,6153846
626	5147,6153846
627	5236,6153846
627	5139,6153846
627	5077,6153846
627	5059,6153846
628	5156,6153846
628	5036,6153846
628	5079,6153846
629	5025,6153846
629	5081,6153846
629	4997,6153846
629	5103,6153846
630	5030,6153846
630	5079,6153846
630	5022,6153846
630	5067,6153846
631	5056,6153846
631	5004,6153846
631	5018,6153846
631	5098,6153846
632	4996,6153846
632	4980,6153846
632	4940,6153846
632	5013,6153846
633	5003,6153846
633	4951,6153846
633	4901,6153846
633	4896,6153846
634	4865,6153846
634	4862,6153846
634	4832,6153846
634	4927,6153846
635	4762,6153846
635	4874,6153846
635	4839,6153846
635	4863,6153846
636	4827,6153846
636	4801,6153846
636	4772,6153846
636	4771,6153846
637	4799,6153846
637	4812,6153846
637	4749,6153846
637	4859,6153846
638	4815,6153846
638	4840,6153846
638	4815,6153846
638	4888,6153846
639	4862,6153846
639	4861,6153846
639	4884,6153846
639	4946,6153846
640	4938,6153846
640	4967,6153846
640	4869,6153846
640	4979,6153846
641	4964,6153846
641	5004,6153846
641	4971,6153846
641	5033,6153846
642	5043,6153846
642	5137,6153846
642	5047,6153846
642	5148,6153846
643	5066,6153846
643	5103,6153846
643	5105,6153846
644	5148,6153846
644	5080,6153846
644	5087,6153846
644	5115,6153846
645	5187,6153846
645	5102,6153846
645	5170,6153846
645	5168,6153846
646	5168,6153846
646	5180,6153846
646	5232,6153846
646	5170,6153846
647	5228,6153846
647	5219,6153846
647	5254,6153846
647	5242,6153846
648	5406,6153846
648	5385,6153846
648	5442,6153846
648	5530,6153846
649	5558,6153846
649	5590,6153846
649	5604,6153846
649	5612,6153846
650	5721,6153846
650	5802,6153846
650	5934,6153846
650	5935,6153846
651	5995,6153846
651	5997,6153846
651	6093,6153846
651	6118,6153846
652	6484,6153846
652	6679,6153846
652	6974,6153846
652	7043,6153846
653	7077,6153846
653	6940,6153846
653	6963,6153846
653	6945,6153846
654	6951,6153846
654	6848,6153846
654	6900,6153846
654	6887,6153846
655	6844,6153846
655	6824,6153846
655	6909,6153846
655	6775,6153846
656	6816,6153846
656	6903,6153846
656	6859,6153846
656	6815,6153846
657	6850,6153846
657	6770,6153846
657	6745,6153846
657	6716,6153846
658	6773,6153846
658	6727,6153846
658	6831,6153846
658	6780,6153846
659	6875,6153846
659	6969,6153846
659	7036,6153846
660	7133,6153846
660	7316,6153846
660	7639,6153846
660	7933,6153846
661	7993,6153846
661	8097,6153846
661	7967,6153846
661	7927,6153846
662	7691,6153846
662	7540,6153846
662	7420,6153846
662	7316,6153846
663	7089,6153846
663	6942,6153846
663	6789,6153846
663	6728,6153846
664	6472,6153846
664	6412,6153846
664	6375,6153846
664	6399,6153846
665	6503,6153846
665	6611,6153846
665	6586,6153846
665	6522,6153846
666	6167,6153846
666	5952,6153846
666	5805,6153846
666	5694,6153846
667	5433,6153846
667	5398,6153846
667	5156,6153846
667	5106,6153846
668	4929,6153846
668	4939,6153846
668	4776,6153846
668	4698,6153846
669	4526,6153846
669	4487,6153846
669	4386,6153846
669	4303,6153846
670	4229,6153846
670	4226,6153846
670	4115,6153846
670	4066,6153846
671	3963,6153846
671	3944,6153846
671	3876,6153846
671	3820,6153846
672	3838,6153846
672	3803,6153846
672	3764,6153846
672	3718,6153846
673	3679,6153846
673	3654,6153846
673	3650,6153846
673	3608,6153846
674	3485,6153846
674	3524,6153846
674	3501,6153846
674	3455,6153846
675	3404,6153846
675	3408,6153846
675	3397,6153846
675	3393,6153846
676	3457,6153846
676	3455,6153846
676	3404,6153846
676	3421,6153846
677	3350,6153846
677	3330,6153846
677	3323,6153846
677	3295,6153846
678	3242,6153846
678	3323,6153846
678	3273,6153846
678	3245,6153846
679	3173,6153846
679	3183,6153846
679	3190,6153846
680	3182,6153846
680	3158,6153846
680	3131,6153846
680	3105,6153846
681	3106,6153846
681	3076,6153846
681	3112,6153846
681	3025,6153846
682	3035,6153846
682	3039,6153846
682	3016,6153846
682	2955,6153846
683	3025,6153846
683	2983,6153846
683	2946,6153846
683	2949,6153846
684	2980,6153846
684	2965,6153846
684	2946,6153846
684	2876,6153846
685	2900,6153846
685	2913,6153846
685	2995,6153846
685	2946,6153846
686	2895,6153846
686	2894,6153846
686	2907,6153846
686	2858,6153846
687	2914,6153846
687	2871,6153846
687	2882,6153846
687	2842,6153846
688	2906,6153846
688	2871,6153846
688	2912,6153846
688	2836,6153846
689	2848,6153846
689	2850,6153846
689	2873,6153846
689	2835,6153846
690	2865,6153846
690	2828,6153846
690	2819,6153846
690	2842,6153846
691	2794,6153846
691	2752,6153846
691	2808,6153846
691	2726,6153846
692	2793,6153846
692	2772,6153846
692	2739,6153846
692	2714,6153846
693	2723,6153846
693	2698,6153846
693	2729,6153846
693	2688,6153846
694	2728,6153846
694	2638,6153846
694	2689,6153846
694	2636,6153846
695	2692,6153846
695	2648,6153846
695	2633,6153846
695	2642,6153846
696	2625,6153846
696	2618,6153846
696	2603,6153846
696	2582,6153846
697	2560,6153846
697	2559,6153846
697	2573,6153846
697	2597,6153846
698	2601,6153846
698	2557,6153846
698	2574,6153846
698	2547,6153846
699	2556,6153846
699	2524,6153846
699	2511,6153846
699	2542,6153846
700	2515,6153846
700	2458,6153846
700	2506,6153846
700	2490,6153846
701	2495,6153846
701	2453,6153846
701	2455,6153846
701	2445,6153846
702	2387,6153846
702	2402,6153846
702	2408,6153846
702	2405,6153846
703	2404,6153846
703	2392,6153846
703	2394,6153846
703	2358,6153846
704	2379,6153846
704	2321,6153846
704	2374,6153846
704	2325,6153846
705	2329,6153846
705	2281,6153846
705	2302,6153846
706	2320,6153846
706	2276,6153846
706	2232,6153846
706	2240,6153846
707	2237,6153846
707	2225,6153846
707	2234,6153846
707	2269,6153846
708	2240,6153846
708	2203,6153846
708	2150,6153846
708	2212,6153846
709	2186,6153846
709	2166,6153846
709	2128,6153846
709	2156,6153846
710	2166,6153846
710	2187,6153846
710	2156,6153846
710	2170,6153846
711	2161,6153846
711	2141,6153846
711	2086,6153846
711	2141,6153846
712	2127,6153846
712	2128,6153846
712	2147,6153846
712	2164,6153846
713	2102,6153846
713	2076,6153846
713	2107,6153846
713	2125,6153846
714	2075,6153846
714	2098,6153846
714	2103,6153846
714	2098,6153846
715	2082,6153846
715	2062,6153846
715	2122,6153846
715	2109,6153846
716	2064,6153846
716	2084,6153846
716	2088,6153846
716	2069,6153846
717	2038,6153846
717	2042,6153846
717	2037,6153846
717	2040,6153846
718	2029,6153846
718	2034,6153846
718	2022,6153846
718	2025,6153846
719	1989,6153846
719	2046,6153846
719	2068,6153846
719	2113,6153846
720	2225,6153846
720	2267,6153846
720	2286,6153846
720	2245,6153846
721	2206,6153846
721	2206,6153846
721	2155,6153846
721	2067,6153846
722	2112,6153846
722	2096,6153846
722	2030,6153846
722	2034,6153846
723	1979,6153846
723	1968,6153846
723	1887,6153846
723	1905,6153846
724	1884,6153846
724	1837,6153846
724	1739,6153846
724	1776,6153846
725	1777,6153846
725	1770,6153846
725	1755,6153846
725	1768,6153846
726	1767,6153846
726	1707,6153846
726	1707,6153846
726	1764,6153846
727	1712,6153846
727	1719,6153846
727	1716,6153846
727	1693,6153846
728	1671,6153846
728	1707,6153846
728	1636,6153846
728	1652,6153846
729	1653,6153846
729	1669,6153846
729	1669,6153846
729	1640,6153846
730	1671,6153846
730	1678,6153846
730	1609,6153846
730	1665,6153846
731	1658,6153846
731	1634,6153846
731	1620,6153846
731	1665,6153846
732	1628,6153846
732	1668,6153846
732	1613,6153846
732	1605,6153846
733	1627,6153846
733	1571,6153846
733	1596,6153846
733	1609,6153846
734	1573,6153846
734	1603,6153846
734	1605,6153846
734	1638,6153846
735	1608,6153846
735	1586,6153846
735	1616,6153846
735	1616,6153846
736	1636,6153846
736	1653,6153846
736	1689,6153846
736	1680,6153846
737	1678,6153846
737	1701,6153846
737	1741,6153846
737	1760,6153846
738	1761,6153846
738	1823,6153846
738	1804,6153846
738	1809,6153846
739	1854,6153846
739	1908,6153846
739	1886,6153846
739	1928,6153846
740	1986,6153846
740	2021,6153846
740	1968,6153846
740	2044,6153846
741	2071,6153846
741	2144,6153846
741	2132,6153846
741	2173,6153846
742	2181,6153846
742	2263,6153846
742	2323,6153846
742	2401,6153846
743	2360,6153846
743	2324,6153846
743	2318,6153846
743	2444,6153846
744	2468,6153846
744	2467,6153846
744	2479,6153846
744	2480,6153846
745	2481,6153846
745	2432,6153846
745	2425,6153846
745	2395,6153846
746	2422,6153846
746	2615,6153846
746	2776,6153846
746	2950,6153846
747	2987,6153846
747	2884,6153846
747	2730,6153846
747	2743,6153846
748	2849,6153846
748	3071,6153846
748	3338,6153846
748	3567,6153846
749	3475,6153846
749	3285,6153846
749	2986,6153846
749	2907,6153846
750	2796,6153846
750	2744,6153846
750	2803,6153846
750	3152,6153846
751	3518,6153846
751	3928,6153846
751	3914,6153846
751	3703,6153846
752	3301,6153846
752	3127,6153846
752	3025,6153846
752	2947,6153846
753	2781,6153846
753	2692,6153846
753	2570,6153846
753	2437,6153846
754	2264,6153846
754	2138,6153846
754	1942,6153846
754	1876,6153846
755	1724,6153846
755	1671,6153846
755	1615,6153846
755	1589,6153846
756	1507,6153846
756	1464,6153846
756	1453,6153846
756	1406,6153846
757	1417,6153846
757	1410,6153846
757	1377,6153846
757	1349,6153846
758	1324,6153846
758	1328,6153846
758	1303,6153846
758	1329,6153846
759	1304,6153846
759	1305,6153846
759	1263,6153846
759	1297,6153846
760	1274,6153846
760	1285,6153846
760	1263,6153846
760	1226,6153846
761	1288,6153846
761	1271,6153846
761	1255,6153846
761	1305,6153846
762	1260,6153846
762	1258,6153846
762	1230,6153846
762	1219,6153846
763	1245,6153846
763	1218,6153846
763	1200,6153846
763	1242,6153846
764	1251,6153846
764	1247,6153846
764	1211,6153846
764	1205,6153846
765	1193,6153846
765	1210,6153846
765	1221,6153846
765	1246,6153846
766	1227,6153846
766	1261,6153846
766	1214,6153846
766	1203,6153846
767	1235,6153846
767	1246,6153846
767	1243,6153846
767	1272,6153846
768	1312,6153846
768	1337,6153846
768	1371,6153846
768	1363,6153846
769	1426,6153846
769	1489,6153846
769	1493,6153846
769	1618,6153846
770	1674,6153846
770	1737,6153846
770	1818,6153846
770	1854,6153846
771	1916,6153846
771	2032,6153846
771	2089,6153846
771	2205,6153846
772	2167,6153846
772	2288,6153846
772	2380,6153846
772	2477,6153846
773	2578,6153846
773	2605,6153846
773	2664,6153846
773	2710,6153846
774	2770,6153846
774	2877,6153846
774	2880,6153846
774	2970,6153846
775	2985,6153846
775	3033,6153846
775	3128,6153846
775	3125,6153846
776	3021,6153846
776	3038,6153846
776	3012,6153846
776	3229,6153846
777	3383,6153846
777	3523,6153846
777	3571,6153846
777	3655,6153846
778	3519,6153846
778	3210,6153846
778	2934,6153846
778	2975,6153846
779	3107,6153846
779	3226,6153846
779	3279,6153846
779	3107,6153846
780	2883,6153846
780	2759,6153846
780	2779,6153846
780	3179,6153846
781	4119,6153846
781	5741,6153846
781	7433,6153846
781	8816,6153846
782	9051,6153846
782	8074,6153846
782	6845,6153846
782	6205,6153846
783	5957,6153846
783	5641,6153846
783	5031,6153846
783	4420,6153846
784	3739,6153846
784	3113,6153846
784	2549,6153846
784	2238,6153846
785	1911,6153846
785	1689,6153846
785	1599,6153846
785	1478,6153846
786	1412,6153846
786	1316,6153846
786	1273,6153846
786	1249,6153846
787	1198,6153846
787	1148,6153846
787	1172,6153846
787	1173,6153846
788	1154,6153846
788	1164,6153846
788	1119,6153846
788	1122,6153846
789	1147,6153846
789	1155,6153846
789	1141,6153846
789	1150,6153846
790	1153,6153846
790	1135,6153846
790	1131,6153846
790	1188,6153846
791	1124,6153846
791	1171,6153846
791	1133,6153846
791	1152,6153846
792	1161,6153846
792	1162,6153846
792	1150,6153846
792	1125,6153846
793	1182,6153846
793	1199,6153846
793	1180,6153846
793	1212,6153846
794	1166,6153846
794	1199,6153846
794	1191,6153846
794	1210,6153846
795	1196,6153846
795	1202,6153846
795	1225,6153846
795	1227,6153846
796	1173,6153846
796	1183,6153846
796	1144,6153846
796	1147,6153846
797	1163,6153846
797	1131,6153846
797	1112,6153846
797	1105,6153846
798	1085,6153846
798	1113,6153846
798	1163,6153846
798	1281,6153846
799	1387,6153846
799	1555,6153846
799	1659,6153846
799	1687,6153846
800	1616,6153846
800	1539,6153846
800	1453,6153846
800	1412,6153846
801	1249,6153846
801	1215,6153846
801	1153,6153846
801	1097,6153846
802	1051,6153846
802	992,6153846
802	967,6153846
802	896,6153846
803	893,6153846
803	893,6153846
803	869,6153846
803	838,6153846
804	866,6153846
804	825,6153846
804	793,6153846
804	810,6153846
805	812,6153846
805	791,6153846
805	810,6153846
805	827,6153846
806	816,6153846
806	764,6153846
806	811,6153846
806	801,6153846
807	796,6153846
807	773,6153846
807	795,6153846
807	795,6153846
808	753,6153846
808	763,6153846
808	731,6153846
808	779,6153846
809	764,6153846
809	785,6153846
809	778,6153846
809	771,6153846
810	774,6153846
810	777,6153846
810	780,6153846
810	806,6153846
811	800,6153846
811	841,6153846
811	855,6153846
811	855,6153846
812	862,6153846
812	868,6153846
812	883,6153846
812	961,6153846
813	949,6153846
813	984,6153846
813	951,6153846
813	1010,6153846
814	1022,6153846
814	1068,6153846
814	1096,6153846
814	1163,6153846
815	1206,6153846
815	1256,6153846
815	1291,6153846
815	1350,6153846
816	1384,6153846
816	1448,6153846
816	1537,6153846
816	1506,6153846
817	1565,6153846
817	1596,6153846
817	1585,6153846
817	1653,6153846
818	1700,6153846
818	1700,6153846
818	1769,6153846
818	1856,6153846
819	1806,6153846
819	1922,6153846
819	1868,6153846
819	1877,6153846
820	1861,6153846
820	1897,6153846
820	1893,6153846
820	1968,6153846
820	2004,6153846
821	1985,6153846
821	1934,6153846
821	1990,6153846
821	2030,6153846
822	2066,6153846
822	2205,6153846
822	2407,6153846
822	2552,6153846
823	2802,6153846
823	2909,6153846
823	2947,6153846
823	2731,6153846
824	2538,6153846
824	2450,6153846
824	2269,6153846
824	2201,6153846
825	2111,6153846
825	2126,6153846
825	2388,6153846
825	2702,6153846
826	3140,6153846
826	3404,6153846
826	3482,6153846
826	3314,6153846
827	3044,6153846
827	2705,6153846
827	2422,6153846
827	2193,6153846
828	2030,6153846
828	1861,6153846
828	1866,6153846
828	1819,6153846
829	1753,6153846
829	1570,6153846
829	1366,6153846
829	1216,6153846
830	1129,6153846
830	1005,6153846
830	958,6153846
830	877,6153846
831	814,6153846
831	815,6153846
831	822,6153846
831	723,6153846
832	712,6153846
832	662,6153846
832	674,6153846
832	664,6153846
833	654,6153846
833	617,6153846
833	601,6153846
833	598,6153846
834	602,6153846
834	612,6153846
834	616,6153846
834	571,6153846
835	573,6153846
835	571,6153846
835	606,6153846
835	565,6153846
836	560,6153846
836	588,6153846
836	589,6153846
836	575,6153846
837	616,6153846
837	572,6153846
837	636,6153846
837	595,6153846
838	639,6153846
838	652,6153846
838	690,6153846
838	718,6153846
839	735,6153846
839	714,6153846
839	731,6153846
839	764,6153846
840	763,6153846
840	762,6153846
840	789,6153846
840	759,6153846
841	835,6153846
841	825,6153846
841	819,6153846
841	869,6153846
842	871,6153846
842	822,6153846
842	860,6153846
842	896,6153846
843	854,6153846
843	896,6153846
843	900,6153846
843	890,6153846
844	900,6153846
844	911,6153846
844	912,6153846
844	953,6153846
845	951,6153846
845	993,6153846
845	973,6153846
845	926,6153846
845	862,6153846
846	872,6153846
846	906,6153846
846	915,6153846
846	951,6153846
847	888,6153846
847	894,6153846
847	806,6153846
847	838,6153846
848	851,6153846
848	949,6153846
848	1173,6153846
848	1533,6153846
849	1795,6153846
849	1975,6153846
849	1798,6153846
849	1535,6153846
850	1232,6153846
850	1042,6153846
850	903,6153846
850	813,6153846
851	750,6153846
851	674,6153846
851	628,6153846
851	608,6153846
852	546,6153846
852	574,6153846
852	552,6153846
852	524,6153846
853	498,6153846
853	504,6153846
853	503,6153846
853	497,6153846
854	461,6153846
854	489,6153846
854	536,6153846
854	483,6153846
855	516,6153846
855	505,6153846
855	526,6153846
855	557,6153846
856	550,6153846
856	542,6153846
856	558,6153846
856	587,6153846
857	562,6153846
857	581,6153846
857	593,6153846
857	627,6153846
858	561,6153846
858	642,6153846
858	625,6153846
858	622,6153846
859	642,6153846
859	639,6153846
859	714,6153846
859	693,6153846
860	735,6153846
860	746,6153846
860	730,6153846
860	769,6153846
861	869,6153846
861	907,6153846
861	962,6153846
861	967,6153846
862	985,6153846
862	975,6153846
862	999,6153846
862	1060,6153846
863	1090,6153846
863	1139,6153846
863	1183,6153846
863	1307,6153846
864	1312,6153846
864	1374,6153846
864	1406,6153846
864	1384,6153846
864	1393,6153846
865	1417,6153846
865	1407,6153846
865	1409,6153846
865	1379,6153846
866	1423,6153846
866	1416,6153846
866	1493,6153846
866	1545,6153846
867	1639,6153846
867	1759,6153846
867	1861,6153846
867	1848,6153846
868	1908,6153846
868	1845,6153846
868	1738,6153846
868	1644,6153846
869	1567,6153846
869	1508,6153846
869	1472,6153846
869	1446,6153846
870	1500,6153846
870	1530,6153846
870	1575,6153846
870	1423,6153846
871	1389,6153846
871	1311,6153846
871	1301,6153846
871	1442,6153846
872	1781,6153846
872	2130,6153846
872	2455,6153846
872	2598,6153846
873	2546,6153846
873	2201,6153846
873	1797,6153846
873	1505,6153846
874	1225,6153846
874	1110,6153846
874	1098,6153846
874	1053,6153846
875	1044,6153846
875	1048,6153846
875	1010,6153846
875	998,6153846
876	992,6153846
876	920,6153846
876	888,6153846
876	776,6153846
877	733,6153846
877	630,6153846
877	561,6153846
877	506,6153846
878	475,6153846
878	450,6153846
878	423,6153846
878	411,6153846
879	390,6153846
879	385,6153846
879	371,6153846
879	345,6153846
880	327,6153846
880	352,6153846
880	332,6153846
880	299,6153846
880	328,6153846
881	297,6153846
881	287,6153846
881	292,6153846
881	269,6153846
882	278,6153846
882	240,6153846
882	282,6153846
882	263,6153846
883	269,6153846
883	258,6153846
883	252,6153846
883	236,6153846
884	278,6153846
884	253,6153846
884	262,6153846
884	256,6153846
885	261,6153846
885	254,6153846
885	268,6153846
885	222,6153846
886	216,6153846
886	253,6153846
886	268,6153846
886	240,6153846
887	265,6153846
887	248,6153846
887	229,6153846
887	245,6153846
888	227,6153846
888	228,6153846
888	238,6153846
888	220,6153846
889	244,6153846
889	252,6153846
889	220,6153846
889	221,6153846
890	219,6153846
890	225,6153846
890	238,6153846
890	213,6153846
891	171,6153846
891	202,6153846
891	210,6153846
891	223,6153846
892	216,6153846
892	220,6153846
892	207,6153846
892	189,6153846
893	180,6153846
893	216,6153846
893	219,6153846
893	189,6153846
894	201,6153846
894	183,6153846
894	168,6153846
894	218,6153846
894	209,6153846
895	226,6153846
895	214,6153846
895	234,6153846
895	199,6153846
896	206,6153846
896	229,6153846
896	207,6153846
896	212,6153846
897	245,6153846
897	213,6153846
897	248,6153846
897	248,6153846
898	235,6153846
898	239,6153846
898	256,6153846
898	249,6153846
899	264,6153846
899	292,6153846
899	259,6153846
899	275,6153846
900	317,6153846
900	316,6153846
900	340,6153846
900	328,6153846
901	327,6153846
901	325,6153846
901	309,6153846
901	340,6153846
902	356,6153846
902	343,6153846
902	347,6153846
902	355,6153846
903	322,6153846
903	376,6153846
903	391,6153846
903	378,6153846
904	376,6153846
904	406,6153846
904	378,6153846
904	396,6153846
905	402,6153846
905	406,6153846
905	368,6153846
905	379,6153846
906	396,6153846
906	395,6153846
906	392,6153846
906	386,6153846
906	371,6153846
907	377,6153846
907	368,6153846
907	382,6153846
907	363,6153846
908	317,6153846
908	323,6153846
908	318,6153846
908	316,6153846
909	310,6153846
909	378,6153846
909	361,6153846
909	327,6153846
910	331,6153846
910	286,6153846
910	306,6153846
910	312,6153846
911	278,6153846
911	233,6153846
911	267,6153846
911	238,6153846
912	251,6153846
912	229,6153846
912	204,6153846
912	242,6153846
913	186,6153846
913	220,6153846
913	189,6153846
913	206,6153846
914	176,6153846
914	228,6153846
914	227,6153846
914	188,6153846
915	197,6153846
915	190,6153846
915	180,6153846
915	185,6153846
916	196,6153846
916	177,6153846
916	207,6153846
916	188,6153846
917	163,6153846
917	193,6153846
917	186,6153846
917	190,6153846
917	207,6153846
918	180,6153846
918	159,6153846
918	197,6153846
918	168,6153846
919	178,6153846
919	208,6153846
919	179,6153846
919	181,6153846
920	208,6153846
920	209,6153846
920	171,6153846
920	212,6153846
921	208,6153846
921	212,6153846
921	265,6153846
921	241,6153846
922	265,6153846
922	262,6153846
922	257,6153846
922	273,6153846
923	259,6153846
923	273,6153846
923	313,6153846
923	308,6153846
924	292,6153846
924	264,6153846
924	288,6153846
924	299,6153846
925	304,6153846
925	293,6153846
925	300,6153846
925	295,6153846
926	309,6153846
926	303,6153846
926	305,6153846
926	307,6153846
927	308,6153846
927	318,6153846
927	315,6153846
927	312,6153846
928	323,6153846
928	278,6153846
928	300,6153846
928	313,6153846
928	285,6153846
929	280,6153846
929	294,6153846
929	239,6153846
929	217,6153846
930	232,6153846
930	220,6153846
930	201,6153846
930	202,6153846
931	205,6153846
931	223,6153846
931	213,6153846
931	207,6153846
932	221,6153846
932	242,6153846
932	194,6153846
932	204,6153846
933	214,6153846
933	221,6153846
933	217,6153846
933	222,6153846
934	270,6153846
934	235,6153846
934	220,6153846
934	258,6153846
935	224,6153846
935	237,6153846
935	246,6153846
935	230,6153846
936	269,6153846
936	245,6153846
936	218,6153846
936	229,6153846
937	234,6153846
937	265,6153846
937	238,6153846
937	224,6153846
938	250,6153846
938	215,6153846
938	227,6153846
938	207,6153846
938	251,6153846
939	238,6153846
939	226,6153846
939	248,6153846
939	265,6153846
940	230,6153846
940	215,6153846
940	210,6153846
940	184,6153846
941	188,6153846
941	188,6153846
941	186,6153846
941	162,6153846
942	156,6153846
942	139,6153846
942	136,6153846
942	144,6153846
943	112,6153846
943	106,6153846
943	119,6153846
943	86,6153846
944	120,6153846
944	118,6153846
944	93,6153846
944	72,6153846
945	85,6153846
945	72,6153846
945	110,6153846
945	100,6153846
946	73,6153846
946	79,6153846
946	72,6153846
946	62,6153846
947	94,6153846
947	66,6153846
947	86,6153846
947	96,6153846
947	92,6153846
948	63,6153846
948	65,6153846
948	93,6153846
948	118,6153846
949	80,6153846
949	98,6153846
949	79,6153846
949	78,6153846
950	72,6153846
950	60,6153846
950	55,6153846
950	79,6153846
951	70,6153846
951	60,6153846
951	50,6153846
951	48,6153846
952	74,6153846
952	63,6153846
952	85,6153846
952	75,6153846
953	68,6153846
953	64,6153846
953	59,6153846
953	64,6153846
954	52,6153846
954	55,6153846
954	47,6153846
954	68,6153846
955	68,6153846
955	53,6153846
955	63,6153846
955	47,6153846
956	47,6153846
956	57,6153846
956	58,6153846
956	48,6153846
956	71,6153846
957	63,6153846
957	69,6153846
957	60,6153846
957	61,6153846
958	87,6153846
958	50,6153846
958	23,6153846
958	42,6153846
959	51,6153846
959	29,6153846
959	52,6153846
959	52,6153846
960	25,6153846
960	23,6153846
960	32,6153846
960	36,6153846
961	37,6153846
961	32,6153846
961	56,6153846
961	58,6153846
962	36,6153846
962	44,6153846
962	51,6153846
962	53,6153846
963	61,6153846
963	53,6153846
963	32,6153846
963	56,6153846
964	36,6153846
964	35,6153846
964	55,6153846
964	21,6153846
964	46,6153846
965	49,6153846
965	48,6153846
965	62,6153846
965	61,6153846
966	46,6153846
966	44,6153846
966	24,6153846
966	43,6153846
967	12,6153846
967	68,6153846
967	17,6153846
967	35,6153846
968	37,6153846
968	30,6153846
968	55,6153846
968	26,6153846
969	8,6153846
969	40,6153846
969	63,6153846
969	58,6153846
970	22,6153846
970	7,6153846
970	21,6153846
970	41,6153846
971	5,6153846
971	44,6153846
971	67,6153846
971	37,6153846
972	30,6153846
972	51,6153846
972	49,6153846
972	47,6153846
972	49,6153846
973	66,6153846
973	34,6153846
973	61,6153846
973	29,6153846
974	28,6153846
974	36,6153846
974	42,6153846
974	38,6153846
975	32,6153846
975	42,6153846
975	33,6153846
975	51,6153846
976	58,6153846
976	55,6153846
976	36,6153846
976	50,6153846
977	53,6153846
977	62,6153846
977	54,6153846
977	37,6153846
978	37,6153846
978	28,6153846
978	47,6153846
978	50,6153846
979	35,6153846
979	63,6153846
979	18,6153846
979	56,6153846
980	50,6153846
980	37,6153846
980	20,6153846
980	64,6153846
980	27,6153846
981	77,6153846
981	54,6153846
981	43,6153846
981	67,6153846
982	69,6153846
982	40,6153846
982	55,6153846
982	67,6153846
983	41,6153846
983	29,6153846
983	36,6153846
983	44,6153846
984	73,6153846
984	55,6153846
984	42,6153846
984	53,6153846
985	52,6153846
985	52,6153846
985	58,6153846
985	54,6153846
986	25,6153846
986	45,6153846
986	48,6153846
986	64,6153846
987	66,6153846
987	43,6153846
987	46,6153846
987	17,6153846
988	57,6153846
988	31,6153846
988	50,6153846
988	28,6153846
988	53,6153846
989	43,6153846
989	37,6153846
989	43,6153846
989	26,6153846
990	27,6153846
990	57,6153846
990	51,6153846
990	12,6153846
991	34,6153846
991	27,6153846
991	14,6153846
991	39,6153846
992	40,6153846
992	27,6153846
992	56,6153846
992	40,6153846
993	41,6153846
993	57,6153846
993	32,6153846
993	18,6153846
994	17,6153846
994	31,6153846
994	62,6153846
994	32,6153846
995	52,6153846
995	39,6153846
995	7,6153846
995	46,6153846
995	39,6153846
996	21,6153846
996	17,6153846
996	36,6153846
996	33,6153846
997	23,6153846
997	15,6153846
997	39,6153846
997	25,6153846
998	24,6153846
998	40,6153846
998	22,6153846
998	34,6153846
999	44,6153846
999	32,6153846
999	-2,3846154
999	21,6153846
1000	26,6153846
1000	36,6153846
1000	9,6153846
1000	15,6153846
1001	33,6153846
1001	24,6153846
1001	36,6153846
1001	44,6153846
1002	39,6153846
1002	30,6153846
1002	54,6153846
1002	18,6153846
1002	32,6153846
1003	24,6153846
1003	39,6153846
1003	43,6153846
1003	-1,3846154
1004	17,6153846
1004	33,6153846
1004	30,6153846
1004	30,6153846
1005	30,6153846
1005	51,6153846
1005	29,6153846
1005	61,6153846
1006	47,6153846
1006	53,6153846
1006	93,6153846
1006	67,6153846
1007	86,6153846
1007	79,6153846
1007	88,6153846
1007	73,6153846
1008	67,6153846
1008	66,6153846
1008	97,6153846
1008	65,6153846
1008	81,6153846
1009	82,6153846
1009	98,6153846
1009	83,6153846
1009	75,6153846
1010	81,6153846
1010	97,6153846
1010	73,6153846
1010	100,6153846
1011	93,6153846
1011	72,6153846
1011	89,6153846
1011	75,6153846
1012	77,6153846
1012	60,6153846
1012	91,6153846
1012	72,6153846
1013	66,6153846
1013	61,6153846
1013	88,6153846
1013	49,6153846
1014	66,6153846
1014	62,6153846
1014	36,6153846
1014	55,6153846
1015	51,6153846
1015	42,6153846
1015	34,6153846
1015	46,6153846
1015	30,6153846
1016	31,6153846
1016	36,6153846
1016	49,6153846
1016	34,6153846
1017	40,6153846
1017	23,6153846
1017	9,6153846
1017	-17,3846154
1018	34,6153846
1018	15,6153846
1018	17,6153846
1018	41,6153846
1019	19,6153846
1019	20,6153846
1019	19,6153846
1019	27,6153846
1020	17,6153846
1020	8,6153846
1020	6,6153846
1020	26,6153846
1021	34,6153846
1021	16,6153846
1021	3,6153846
1021	-5,3846154
1021	29,6153846
1022	-2,3846154
1022	21,6153846
1022	33,6153846
1022	39,6153846
1023	30,6153846
1023	19,6153846
1023	23,6153846
1023	48,6153846
1024	19,6153846
1024	-2,3846154
1024	16,6153846
1024	-12,3846154
1025	22,6153846
1025	18,6153846
1025	5,6153846
1025	9,6153846
1026	20,6153846
1026	0,6153846
1026	10,6153846
1026	15,6153846
1027	2,6153846
1027	21,6153846
1027	20,6153846
1027	-2,3846154
1027	-8,3846154
1028	19,6153846
1028	-6,3846154
1028	44,6153846
1028	8,6153846
1029	11,6153846
1029	-1,3846154
1029	-3,3846154
1029	1,6153846
1030	18,6153846
1030	15,6153846
1030	6,6153846
1030	-16,3846154
1031	20,6153846
1031	26,6153846
1031	15,6153846
1031	-3,3846154
1032	19,6153846
1032	11,6153846
1032	25,6153846
1032	-5,3846154
1033	-9,3846154
1033	15,6153846
1033	42,6153846
1033	-5,3846154
1034	-27,3846154
1034	-5,3846154
1034	6,6153846
1034	11,6153846
1034	31,6153846
1035	17,6153846
1035	-6,3846154
1035	-10,3846154
1035	12,6153846
1036	-0,3846154
1036	3,6153846
1036	4,6153846
1036	16,6153846
1037	22,6153846
1037	21,6153846
1037	8,6153846
1037	17,6153846
1038	-17,3846154
1038	27,6153846
1038	12,6153846
1038	13,6153846
1039	9,6153846
1039	28,6153846
1039	22,6153846
1039	0,6153846
1039	17,6153846
1040	-3,3846154
1040	-9,3846154
1040	2,6153846
1040	23,6153846
1041	-10,3846154
1041	-12,3846154
1041	4,6153846
1041	3,6153846
1042	17,6153846
1042	-5,3846154
1042	21,6153846
1042	26,6153846
1043	24,6153846
1043	6,6153846
1043	-19,3846154
1043	-1,3846154
1044	32,6153846
1044	10,6153846
1044	13,6153846
1044	1,6153846
1045	-9,3846154
1045	16,6153846
1045	11,6153846
1045	27,6153846
1045	11,6153846
1046	20,6153846
1046	10,6153846
1046	1,6153846
1046	-7,3846154
1047	5,6153846
1047	9,6153846
1047	12,6153846
1047	23,6153846
1048	8,6153846
1048	-7,3846154
1048	2,6153846
1048	16,6153846
1049	11,6153846
1049	16,6153846
1049	30,6153846
1049	-22,3846154
1050	3,6153846
1050	17,6153846
1050	23,6153846
1050	17,6153846
1051	4,6153846
1051	15,6153846
1051	9,6153846
1051	49,6153846
1051	9,6153846
1052	6,6153846
1052	22,6153846
1052	20,6153846
1052	5,6153846
1053	0,6153846
1053	19,6153846
1053	-1,3846154
1053	11,6153846
1054	15,6153846
1054	21,6153846
1054	35,6153846
1054	2,6153846
1055	-25,3846154
1055	1,6153846
1055	15,6153846
1055	-15,3846154
1056	14,6153846
1056	12,6153846
1056	10,6153846
1056	10,6153846
1056	26,6153846
1057	8,6153846
1057	4,6153846
1057	23,6153846
1057	7,6153846
1058	2,6153846
1058	1,6153846
1058	46,6153846
1058	3,6153846
1059	14,6153846
1059	22,6153846
1059	5,6153846
1059	4,6153846
1060	-1,3846154
1060	17,6153846
1060	21,6153846
1060	27,6153846
1061	-7,3846154
1061	19,6153846
1061	-0,3846154
1061	25,6153846
1062	-3,3846154
1062	6,6153846
1062	11,6153846
1062	4,6153846
1062	7,6153846
1063	37,6153846
1063	11,6153846
1063	-15,3846154
1063	-5,3846154
1064	-9,3846154
1064	5,6153846
1064	19,6153846
1064	24,6153846
1065	37,6153846
1065	19,6153846
1065	-16,3846154
1065	-13,3846154
1066	2,6153846
1066	20,6153846
1066	15,6153846
1066	30,6153846
1067	10,6153846
1067	-17,3846154
1067	3,6153846
1067	24,6153846
1067	12,6153846
1068	0,6153846
1068	-0,3846154
1068	11,6153846
1068	5,6153846
1069	19,6153846
1069	18,6153846
1069	15,6153846
1069	-16,3846154
1070	-10,3846154
1070	-3,3846154
1070	-13,3846154
1070	-5,3846154
1071	14,6153846
1071	5,6153846
1071	8,6153846
1071	13,6153846
1072	0,6153846
1072	24,6153846
1072	12,6153846
1072	3,6153846
1072	7,6153846
1073	0,6153846
1073	0,6153846
1073	-0,3846154
1073	10,6153846
1074	-1,3846154
1074	-5,3846154
1074	11,6153846
1074	25,6153846
1075	-4,3846154
1075	5,6153846
1075	17,6153846
1075	7,6153846
1076	7,6153846
1076	13,6153846
1076	-18,3846154
1076	-11,3846154
1077	-4,3846154
1077	-27,3846154
1077	4,6153846
1077	18,6153846
1077	-13,3846154
1078	-11,3846154
1078	5,6153846
1078	34,6153846
1078	40,6153846
1079	18,6153846
1079	17,6153846
1079	-21,3846154
1079	9,6153846
1080	14,6153846
1080	-3,3846154
1080	-14,3846154
1080	3,6153846
1081	2,6153846
1081	0,6153846
1081	11,6153846
1081	25,6153846
1082	7,6153846
1082	8,6153846
1082	15,6153846
1082	6,6153846
1082	6,6153846
1083	-12,3846154
1083	12,6153846
1083	-12,3846154
1083	8,6153846
1084	-15,3846154
1084	-15,3846154
1084	5,6153846
1084	4,6153846
1085	-11,3846154
1085	-15,3846154
1085	16,6153846
1085	14,6153846
1086	13,6153846
1086	-20,3846154
1086	-6,3846154
1086	-11,3846154
1087	-18,3846154
1087	13,6153846
1087	-3,3846154
1087	-0,3846154
1087	0,6153846
1088	8,6153846
1088	-23,3846154
1088	14,6153846
1088	20,6153846
1089	-8,3846154
1089	-11,3846154
1089	16,6153846
1089	22,6153846
1090	10,6153846
1090	-11,3846154
1090	5,6153846
1090	23,6153846
1091	5,6153846
1091	4,6153846
1091	-12,3846154
1091	7,6153846
1092	0,6153846
1092	7,6153846
1092	-13,3846154
1092	23,6153846
1092	40,6153846
1093	12,6153846
1093	-9,3846154
1093	-17,3846154
1093	-1,3846154
1094	-14,3846154
1094	8,6153846
1094	13,6153846
1094	-6,3846154
1095	5,6153846
1095	4,6153846
1095	1,6153846
1095	17,6153846
1096	15,6153846
1096	25,6153846
1096	-7,3846154
1096	-5,3846154
1097	7,6153846
1097	10,6153846
1097	-0,3846154
1097	-19,3846154
1097	-16,3846154
1098	27,6153846
1098	25,6153846
1098	2,6153846
1098	-19,3846154
1099	-12,3846154
1099	24,6153846
1099	25,6153846
1099	13,6153846
1100	7,6153846
1100	16,6153846
1100	18,6153846
1100	-24,3846154
1101	7,6153846
1101	-0,3846154
1101	4,6153846
1101	5,6153846
1101	-9,3846154
1102	21,6153846
1102	1,6153846
1102	-20,3846154
1102	27,6153846
1103	-0,3846154
1103	7,6153846
1103	7,6153846
1103	3,6153846
1104	-12,3846154
1104	-12,3846154
1104	-7,3846154
1104	-16,3846154
1105	5,6153846
1105	-8,3846154
1105	-10,3846154
1105	11,6153846
1106	-2,3846154
1106	12,6153846
1106	36,6153846
1106	3,6153846
1106	29,6153846
1107	-3,3846154
1107	11,6153846
1107	-4,3846154
1107	11,6153846
1108	3,6153846
1108	-3,3846154
1108	-14,3846154
1108	-8,3846154
1109	2,6153846
1109	17,6153846
1109	-6,3846154
1109	0,6153846
1110	-7,3846154
1110	7,6153846
1110	8,6153846
1110	10,6153846
1110	1,6153846
1111	14,6153846
1111	9,6153846
1111	-2,3846154
1111	15,6153846
1112	17,6153846
1112	11,6153846
1112	46,6153846
1112	22,6153846
1113	17,6153846
1113	2,6153846
1113	-1,3846154
1113	5,6153846
1114	0,6153846
1114	1,6153846
1114	-4,3846154
1114	4,6153846
1115	-5,3846154
1115	14,6153846
1115	20,6153846
1115	15,6153846
1115	-11,3846154
1116	7,6153846
1116	-9,3846154
1116	-3,3846154
1116	17,6153846
1117	22,6153846
1117	-29,3846154
1117	-17,3846154
1117	-15,3846154
1118	-10,3846154
