196	0,3076923
196	0,3076923
196	0,3076923
197	-12,6923077
197	8,3076923
197	10,3076923
197	4,3076923
198	-11,6923077
198	13,3076923
198	6,3076923
199	6,3076923
199	-5,6923077
199	-19,6923077
199	-0,6923077
200	7,3076923
200	-25,6923077
200	-6,6923077
200	-6,6923077
201	2,3076923
201	-11,6923077
201	8,3076923
201	-2,6923077
202	-1,6923077
202	4,3076923
202	8,3076923
203	-18,6923077
203	2,3076923
203	3,3076923
203	5,3076923
204	17,3076923
204	19,3076923
204	9,3076923
204	0,3076923
205	-8,6923077
205	19,3076923
205	16,3076923
205	-2,6923077
206	-12,6923077
206	4,3076923
206	-2,6923077
207	12,3076923
207	32,3076923
207	-6,6923077
207	23,3076923
208	5,3076923
208	9,3076923
208	6,3076923
208	2,3076923
209	0,3076923
209	-16,6923077
209	-13,6923077
209	-5,6923077
210	3,3076923
210	-11,6923077
210	-7,6923077
211	-19,6923077
211	-15,6923077
211	12,3076923
211	-15,6923077
212	7,3076923
212	-16,6923077
212	3,3076923
212	-10,6923077
213	-22,6923077
213	-8,6923077
213	10,3076923
213	8,3076923
214	-3,6923077
214	15,3076923
214	19,3076923
215	18,3076923
215	23,3076923
215	15,3076923
215	8,3076923
216	6,3076923
216	-2,6923077
216	1,3076923
216	1,3076923
217	47,3076923
217	21,3076923
217	12,3076923
217	22,3076923
218	4,3076923
218	33,3076923
218	18,3076923
219	9,3076923
219	8,3076923
219	-6,6923077
219	-14,6923077
220	-4,6923077
220	1,3076923
220	-7,6923077
220	-21,6923077
221	17,3076923
221	-4,6923077
221	13,3076923
221	25,3076923
222	-15,6923077
222	24,3076923
222	-24,6923077
223	-23,6923077
223	-16,6923077
223	2,3076923
223	7,3076923
224	14,3076923
224	11,3076923
224	1,3076923
224	6,3076923
225	-0,6923077
225	-7,6923077
225	8,3076923
225	18,3076923
226	13,3076923
226	30,3076923
226	0,3076923
227	-7,6923077
227	-17,6923077
227	4,3076923
227	-1,6923077
228	16,3076923
228	14,3076923
228	-4,6923077
228	12,3076923
229	0,3076923
229	1,3076923
229	7,3076923
229	21,3076923
230	10,3076923
230	-19,6923077
230	-9,6923077
231	13,3076923
231	40,3076923
231	0,3076923
231	-1,6923077
232	10,3076923
232	-14,6923077
232	14,3076923
232	-14,6923077
233	-27,6923077
233	-11,6923077
233	9,3076923
233	-21,6923077
234	5,3076923
234	9,3076923
234	0,3076923
235	-4,6923077
235	17,3076923
235	-0,6923077
235	11,3076923
236	14,3076923
236	-16,6923077
236	0,3076923
236	-1,6923077
237	1,3076923
237	6,3076923
237	20,3076923
237	-7,6923077
238	3,3076923
238	24,3076923
238	18,3076923
239	-22,6923077
239	-1,6923077
239	-14,6923077
239	-1,6923077
240	-13,6923077
240	2,3076923
240	45,3076923
240	-15,6923077
241	20,3076923
241	1,3076923
241	41,3076923
241	15,3076923
242	8,3076923
242	5,3076923
242	-7,6923077
243	7,3076923
243	-3,6923077
243	-8,6923077
243	-21,6923077
244	22,3076923
244	10,3076923
244	-10,6923077
244	12,3076923
245	3,3076923
245	-22,6923077
245	-12,6923077
245	11,3076923
246	13,3076923
246	-15,6923077
246	17,3076923
247	0,3076923
247	-2,6923077
247	13,3076923
247	22,3076923
248	1,3076923
248	7,3076923
248	-3,6923077
248	17,3076923
249	9,3076923
249	-3,6923077
249	14,3076923
249	10,3076923
250	17,3076923
250	-18,6923077
250	-0,6923077
251	16,3076923
251	8,3076923
251	3,3076923
251	-4,6923077
252	-4,6923077
252	22,3076923
252	19,3076923
252	13,3076923
253	10,3076923
253	-14,6923077
253	5,3076923
253	4,3076923
254	-0,6923077
254	-15,6923077
254	2,3076923
254	16,3076923
255	12,3076923
255	9,3076923
255	-15,6923077
256	21,3076923
256	6,3076923
256	-12,6923077
256	17,3076923
257	2,3076923
257	8,3076923
257	1,3076923
257	-1,6923077
258	-7,6923077
258	3,3076923
258	-0,6923077
258	-21,6923077
259	-4,6923077
259	11,3076923
259	-8,6923077
260	10,3076923
260	13,3076923
260	-4,6923077
260	1,3076923
261	-21,6923077
261	-1,6923077
261	6,3076923
261	17,3076923
262	7,3076923
262	-16,6923077
262	-19,6923077
262	13,3076923
263	20,3076923
263	17,3076923
263	-19,6923077
264	-2,6923077
264	20,3076923
264	-6,6923077
264	-24,6923077
265	-8,6923077
265	-6,6923077
265	8,3076923
265	-4,6923077
266	28,3076923
266	-19,6923077
266	30,3076923
266	0,3076923
267	21,3076923
267	15,3076923
267	1,3076923
268	6,3076923
268	29,3076923
268	7,3076923
268	-3,6923077
269	23,3076923
269	5,3076923
269	13,3076923
269	33,3076923
270	13,3076923
270	11,3076923
270	-17,6923077
270	-3,6923077
271	-18,6923077
271	0,3076923
271	-2,6923077
271	40,3076923
272	-13,6923077
272	0,3076923
272	16,3076923
273	28,3076923
273	17,3076923
273	6,3076923
273	10,3076923
274	30,3076923
274	11,3076923
274	4,3076923
274	24,3076923
275	0,3076923
275	23,3076923
275	11,3076923
275	7,3076923
276	9,3076923
276	-7,6923077
276	-10,6923077
277	10,3076923
277	11,3076923
277	25,3076923
277	-18,6923077
278	-6,6923077
278	-21,6923077
278	-1,6923077
278	-11,6923077
279	0,3076923
279	-2,6923077
279	-3,6923077
279	1,3076923
280	-12,6923077
280	-6,6923077
280	-9,6923077
280	7,3076923
281	24,3076923
281	26,3076923
281	-23,6923077
282	17,3076923
282	-26,6923077
282	-17,6923077
282	31,3076923
283	8,3076923
283	8,3076923
283	-13,6923077
283	26,3076923
284	-3,6923077
284	-13,6923077
284	17,3076923
284	12,3076923
285	57,3076923
285	9,3076923
285	12,3076923
286	7,3076923
286	-19,6923077
286	-6,6923077
286	10,3076923
287	1,3076923
287	-4,6923077
287	9,3076923
287	5,3076923
288	0,3076923
288	-21,6923077
288	11,3076923
288	36,3076923
289	8,3076923
289	1,3076923
289	16,3076923
290	22,3076923
290	15,3076923
290	-2,6923077
290	-0,6923077
291	-8,6923077
291	-3,6923077
291	-25,6923077
291	2,3076923
292	6,3076923
292	-2,6923077
292	-21,6923077
292	5,3076923
293	-3,6923077
293	9,3076923
293	29,3076923
293	24,3076923
294	-2,6923077
294	-11,6923077
294	-17,6923077
295	2,3076923
295	1,3076923
295	11,3076923
295	8,3076923
296	21,3076923
296	4,3076923
296	27,3076923
296	-11,6923077
297	-0,6923077
297	12,3076923
297	34,3076923
297	19,3076923
298	-6,6923077
298	3,3076923
298	35,3076923
299	6,3076923
299	-9,6923077
299	18,3076923
299	6,3076923
300	-2,6923077
300	29,3076923
300	13,3076923
300	-5,6923077
301	-2,6923077
301	-12,6923077
301	36,3076923
301	28,3076923
302	8,3076923
302	-20,6923077
302	4,3076923
302	16,3076923
303	-10,6923077
303	-6,6923077
303	20,3076923
304	27,3076923
304	40,3076923
304	1,3076923
304	23,3076923
305	0,3076923
305	-7,6923077
305	0,3076923
305	-5,6923077
306	19,3076923
306	-12,6923077
306	-6,6923077
306	-10,6923077
307	-3,6923077
307	23,3076923
307	11,3076923
307	-35,6923077
308	-2,6923077
308	-9,6923077
308	6,3076923
309	9,3076923
309	17,3076923
309	-0,6923077
309	13,3076923
310	9,3076923
310	20,3076923
310	16,3076923
310	20,3076923
311	8,3076923
311	0,3076923
311	1,3076923
311	26,3076923
312	11,3076923
312	12,3076923
312	44,3076923
313	17,3076923
313	-5,6923077
313	15,3076923
313	13,3076923
314	11,3076923
314	6,3076923
314	18,3076923
314	-8,6923077
315	15,3076923
315	10,3076923
315	-21,6923077
315	-15,6923077
316	-19,6923077
316	-10,6923077
316	-2,6923077
316	9,3076923
317	-15,6923077
317	10,3076923
317	21,3076923
318	7,3076923
318	4,3076923
318	-0,6923077
318	-23,6923077
319	13,3076923
319	13,3076923
319	-19,6923077
319	1,3076923
320	0,3076923
320	5,3076923
320	4,3076923
320	15,3076923
321	19,3076923
321	12,3076923
321	18,3076923
321	-16,6923077
322	-7,6923077
322	0,3076923
322	-9,6923077
323	3,3076923
323	6,3076923
323	9,3076923
323	24,3076923
324	10,3076923
324	8,3076923
324	31,3076923
324	13,3076923
325	29,3076923
325	27,3076923
325	-9,6923077
325	7,3076923
326	-0,6923077
326	6,3076923
326	17,3076923
327	24,3076923
327	36,3076923
327	21,3076923
327	-13,6923077
328	17,3076923
328	18,3076923
328	0,3076923
328	28,3076923
329	13,3076923
329	9,3076923
329	43,3076923
329	9,3076923
330	13,3076923
330	3,3076923
330	18,3076923
330	17,3076923
331	22,3076923
331	17,3076923
331	21,3076923
332	-8,6923077
332	38,3076923
332	12,3076923
332	28,3076923
333	-7,6923077
333	-5,6923077
333	23,3076923
333	0,3076923
334	19,3076923
334	8,3076923
334	22,3076923
334	30,3076923
335	-18,6923077
335	-24,6923077
335	1,3076923
335	-34,6923077
336	-7,6923077
336	12,3076923
336	15,3076923
337	11,3076923
337	26,3076923
337	13,3076923
337	-22,6923077
338	-11,6923077
338	-5,6923077
338	-4,6923077
338	-3,6923077
339	-2,6923077
339	-24,6923077
339	-14,6923077
339	13,3076923
340	-2,6923077
340	-6,6923077
340	16,3076923
340	-0,6923077
341	17,3076923
341	15,3076923
341	-8,6923077
342	7,3076923
342	26,3076923
342	-15,6923077
342	-22,6923077
343	7,3076923
343	19,3076923
343	1,3076923
343	-13,6923077
344	3,3076923
344	16,3076923
344	-4,6923077
344	15,3076923
345	6,3076923
345	-32,6923077
345	-20,6923077
345	-2,6923077
346	4,3076923
346	10,3076923
346	50,3076923
347	42,3076923
347	6,3076923
347	3,3076923
347	7,3076923
348	19,3076923
348	-7,6923077
348	1,3076923
348	0,3076923
349	-1,6923077
349	12,3076923
349	10,3076923
349	-10,6923077
350	-11,6923077
350	17,3076923
350	-12,6923077
350	-5,6923077
351	19,3076923
351	45,3076923
351	15,3076923
352	-4,6923077
352	6,3076923
352	44,3076923
352	18,3076923
353	28,3076923
353	-1,6923077
353	-2,6923077
353	3,3076923
354	60,3076923
354	13,3076923
354	-5,6923077
354	23,3076923
355	3,3076923
355	-10,6923077
355	-36,6923077
355	-0,6923077
356	20,3076923
356	-16,6923077
356	23,3076923
357	-20,6923077
357	2,3076923
357	-1,6923077
357	17,3076923
358	22,3076923
358	-12,6923077
358	16,3076923
358	6,3076923
359	18,3076923
359	25,3076923
359	-4,6923077
359	21,3076923
360	41,3076923
360	18,3076923
360	-6,6923077
360	5,3076923
361	-6,6923077
361	-7,6923077
361	-0,6923077
362	-8,6923077
362	11,3076923
362	21,3076923
362	9,3076923
363	9,3076923
363	-1,6923077
363	-7,6923077
363	-2,6923077
364	1,3076923
364	-1,6923077
364	12,3076923
364	3,3076923
365	28,3076923
365	11,3076923
365	13,3076923
365	1,3076923
366	0,3076923
366	22,3076923
366	40,3076923
367	14,3076923
367	-8,6923077
367	11,3076923
367	10,3076923
368	3,3076923
368	21,3076923
368	6,3076923
368	9,3076923
369	-11,6923077
369	34,3076923
369	8,3076923
369	6,3076923
370	19,3076923
370	11,3076923
370	9,3076923
370	17,3076923
371	3,3076923
371	24,3076923
371	5,3076923
371	20,3076923
372	10,3076923
372	5,3076923
372	38,3076923
373	-30,6923077
373	-10,6923077
373	11,3076923
373	-3,6923077
374	-2,6923077
374	6,3076923
374	8,3076923
374	-4,6923077
375	13,3076923
375	20,3076923
375	19,3076923
375	2,3076923
376	18,3076923
376	12,3076923
376	-4,6923077
376	6,3076923
377	-13,6923077
377	4,3076923
377	-4,6923077
378	-3,6923077
378	-4,6923077
378	6,3076923
378	22,3076923
379	20,3076923
379	11,3076923
379	15,3076923
379	31,3076923
380	8,3076923
380	8,3076923
380	16,3076923
380	15,3076923
381	14,3076923
381	13,3076923
381	28,3076923
381	22,3076923
382	11,3076923
382	18,3076923
382	19,3076923
383	36,3076923
383	10,3076923
383	-28,6923077
383	11,3076923
384	38,3076923
384	25,3076923
384	0,3076923
384	8,3076923
385	19,3076923
385	20,3076923
385	-11,6923077
385	-2,6923077
386	-12,6923077
386	1,3076923
386	-23,6923077
386	-24,6923077
387	-5,6923077
387	27,3076923
387	17,3076923
387	20,3076923
388	9,3076923
388	4,3076923
388	5,3076923
389	0,3076923
389	13,3076923
389	15,3076923
389	23,3076923
390	-5,6923077
390	5,3076923
390	-2,6923077
390	16,3076923
391	7,3076923
391	-6,6923077
391	-16,6923077
391	10,3076923
392	19,3076923
392	5,3076923
392	19,3076923
392	2,3076923
393	-13,6923077
393	2,3076923
393	7,3076923
394	-1,6923077
394	3,3076923
394	11,3076923
394	18,3076923
395	15,3076923
395	4,3076923
395	12,3076923
395	-9,6923077
396	-16,6923077
396	20,3076923
396	6,3076923
396	10,3076923
397	11,3076923
397	6,3076923
397	-5,6923077
397	-17,6923077
398	31,3076923
398	29,3076923
398	-19,6923077
398	14,3076923
399	14,3076923
399	-7,6923077
399	-3,6923077
400	-17,6923077
400	-1,6923077
400	-15,6923077
400	-27,6923077
401	4,3076923
401	-10,6923077
401	3,3076923
401	10,3076923
402	-7,6923077
402	13,3076923
402	13,3076923
402	22,3076923
403	0,3076923
403	-8,6923077
403	7,3076923
403	-2,6923077
404	1,3076923
404	15,3076923
404	-14,6923077
405	-5,6923077
405	13,3076923
405	2,3076923
405	21,3076923
406	9,3076923
406	1,3076923
406	0,3076923
406	-6,6923077
407	34,3076923
407	-3,6923077
407	-9,6923077
407	3,3076923
408	18,3076923
408	-4,6923077
408	7,3076923
408	12,3076923
409	9,3076923
409	27,3076923
409	20,3076923
409	26,3076923
410	-3,6923077
410	12,3076923
410	-7,6923077
411	21,3076923
411	7,3076923
411	17,3076923
411	21,3076923
412	-0,6923077
412	2,3076923
412	-3,6923077
412	2,3076923
413	6,3076923
413	1,3076923
413	30,3076923
413	-7,6923077
414	0,3076923
414	-6,6923077
414	-23,6923077
414	-10,6923077
415	26,3076923
415	11,3076923
415	31,3076923
415	20,3076923
416	12,3076923
416	19,3076923
416	24,3076923
417	-0,6923077
417	-2,6923077
417	-7,6923077
417	8,3076923
418	-5,6923077
418	-39,6923077
418	-5,6923077
418	15,3076923
419	24,3076923
419	-4,6923077
419	-21,6923077
419	-0,6923077
420	22,3076923
420	-4,6923077
420	14,3076923
420	31,3076923
421	-7,6923077
421	-12,6923077
421	-2,6923077
421	-23,6923077
422	-2,6923077
422	8,3076923
422	7,3076923
423	12,3076923
423	-2,6923077
423	-18,6923077
423	11,3076923
424	30,3076923
424	12,3076923
424	10,3076923
424	10,3076923
425	-24,6923077
425	-14,6923077
425	4,3076923
425	19,3076923
426	24,3076923
426	21,3076923
426	-29,6923077
426	-9,6923077
427	31,3076923
427	30,3076923
427	26,3076923
427	8,3076923
428	4,3076923
428	33,3076923
428	-0,6923077
429	-8,6923077
429	-0,6923077
429	21,3076923
429	14,3076923
430	6,3076923
430	5,3076923
430	10,3076923
430	36,3076923
431	10,3076923
431	-16,6923077
431	-47,6923077
431	-4,6923077
432	44,3076923
432	-13,6923077
432	18,3076923
432	10,3076923
433	10,3076923
433	20,3076923
433	-6,6923077
433	-5,6923077
434	-18,6923077
434	14,3076923
434	17,3076923
435	7,3076923
435	-22,6923077
435	4,3076923
435	38,3076923
436	-11,6923077
436	22,3076923
436	-1,6923077
436	-7,6923077
437	6,3076923
437	12,3076923
437	9,3076923
437	17,3076923
438	13,3076923
438	1,3076923
438	9,3076923
438	3,3076923
439	2,3076923
439	-1,6923077
439	5,3076923
439	7,3076923
440	-1,6923077
440	19,3076923
440	19,3076923
441	1,3076923
441	18,3076923
441	-10,6923077
441	15,3076923
442	30,3076923
442	-32,6923077
442	0,3076923
442	9,3076923
443	-11,6923077
443	16,3076923
443	16,3076923
443	18,3076923
444	25,3076923
444	-13,6923077
444	-15,6923077
444	-11,6923077
445	7,3076923
445	7,3076923
445	-1,6923077
445	32,3076923
446	23,3076923
446	30,3076923
446	6,3076923
447	2,3076923
447	0,3076923
447	38,3076923
447	-20,6923077
448	-2,6923077
448	2,3076923
448	1,3076923
448	4,3076923
449	11,3076923
449	10,3076923
449	-11,6923077
449	4,3076923
450	8,3076923
450	-6,6923077
450	6,3076923
450	15,3076923
451	-8,6923077
451	10,3076923
451	11,3076923
451	-16,6923077
452	-4,6923077
452	-6,6923077
452	-9,6923077
452	36,3076923
453	3,3076923
453	23,3076923
453	11,3076923
454	-7,6923077
454	14,3076923
454	13,3076923
454	14,3076923
455	18,3076923
455	10,3076923
455	4,3076923
455	14,3076923
456	1,3076923
456	-14,6923077
456	-0,6923077
456	12,3076923
457	1,3076923
457	25,3076923
457	15,3076923
457	-8,6923077
458	-3,6923077
458	-7,6923077
458	21,3076923
458	5,3076923
459	27,3076923
459	-18,6923077
459	20,3076923
460	-0,6923077
460	-14,6923077
460	-2,6923077
460	-15,6923077
461	6,3076923
461	26,3076923
461	-8,6923077
461	22,3076923
462	28,3076923
462	36,3076923
462	7,3076923
462	16,3076923
463	27,3076923
463	17,3076923
463	16,3076923
463	15,3076923
464	13,3076923
464	-3,6923077
464	-5,6923077
464	23,3076923
465	-6,6923077
465	-15,6923077
465	19,3076923
465	-2,6923077
466	27,3076923
466	4,3076923
466	27,3076923
467	23,3076923
467	18,3076923
467	19,3076923
467	11,3076923
468	16,3076923
468	15,3076923
468	22,3076923
468	3,3076923
469	-17,6923077
469	11,3076923
469	8,3076923
469	-14,6923077
470	-3,6923077
470	-28,6923077
470	17,3076923
470	22,3076923
471	-11,6923077
471	-16,6923077
471	-5,6923077
471	-10,6923077
472	8,3076923
472	7,3076923
472	8,3076923
472	38,3076923
473	-8,6923077
473	5,3076923
473	11,3076923
474	17,3076923
474	4,3076923
474	-18,6923077
474	-8,6923077
475	1,3076923
475	-6,6923077
475	5,3076923
475	29,3076923
476	9,3076923
476	-6,6923077
476	1,3076923
476	-3,6923077
477	-14,6923077
477	9,3076923
477	0,3076923
477	28,3076923
478	13,3076923
478	16,3076923
478	-11,6923077
478	-7,6923077
479	2,3076923
479	-6,6923077
479	-16,6923077
479	12,3076923
480	0,3076923
480	12,3076923
480	34,3076923
481	25,3076923
481	21,3076923
481	10,3076923
481	12,3076923
482	-6,6923077
482	-0,6923077
482	13,3076923
482	-15,6923077
483	2,3076923
483	-9,6923077
483	-32,6923077
483	14,3076923
484	32,3076923
484	3,3076923
484	9,3076923
484	5,3076923
485	-21,6923077
485	28,3076923
485	-0,6923077
485	-12,6923077
486	-5,6923077
486	-12,6923077
486	2,3076923
486	-6,6923077
487	16,3076923
487	-1,6923077
487	-7,6923077
488	-45,6923077
488	-6,6923077
488	12,3076923
488	5,3076923
489	-4,6923077
489	39,3076923
489	22,3076923
489	-16,6923077
490	34,3076923
490	14,3076923
490	0,3076923
490	7,3076923
491	-5,6923077
491	18,3076923
491	9,3076923
491	-10,6923077
492	3,3076923
492	-1,6923077
492	2,3076923
492	-10,6923077
493	-4,6923077
493	14,3076923
493	6,3076923
493	18,3076923
494	-3,6923077
494	-7,6923077
494	25,3076923
495	-1,6923077
495	16,3076923
495	-15,6923077
495	-5,6923077
496	-4,6923077
496	-14,6923077
496	19,3076923
496	19,3076923
497	21,3076923
497	0,3076923
497	17,3076923
497	1,3076923
498	-5,6923077
498	28,3076923
498	22,3076923
498	13,3076923
499	8,3076923
499	2,3076923
499	-4,6923077
499	-8,6923077
500	29,3076923
500	-8,6923077
500	7,3076923
500	11,3076923
501	3,3076923
501	-2,6923077
501	20,3076923
502	-2,6923077
502	15,3076923
502	6,3076923
502	-5,6923077
503	11,3076923
503	26,3076923
503	7,3076923
503	-6,6923077
504	-7,6923077
504	20,3076923
504	26,3076923
504	23,3076923
505	19,3076923
505	-11,6923077
505	10,3076923
505	13,3076923
506	11,3076923
506	-12,6923077
506	8,3076923
506	12,3076923
507	8,3076923
507	18,3076923
507	0,3076923
507	-20,6923077
508	-4,6923077
508	27,3076923
508	26,3076923
508	17,3076923
509	-2,6923077
509	17,3076923
509	-6,6923077
510	3,3076923
510	9,3076923
510	30,3076923
510	11,3076923
511	32,3076923
511	17,3076923
511	-15,6923077
511	-14,6923077
512	3,3076923
512	-9,6923077
512	6,3076923
512	14,3076923
513	31,3076923
513	26,3076923
513	17,3076923
513	6,3076923
514	12,3076923
514	38,3076923
514	26,3076923
514	-9,6923077
515	-6,6923077
515	17,3076923
515	-14,6923077
515	-33,6923077
516	10,3076923
516	-25,6923077
516	-4,6923077
516	9,3076923
517	23,3076923
517	-1,6923077
517	2,3076923
518	15,3076923
518	17,3076923
518	-1,6923077
518	-4,6923077
519	-30,6923077
519	-23,6923077
519	6,3076923
519	24,3076923
520	-0,6923077
520	2,3076923
520	-4,6923077
520	6,3076923
521	16,3076923
521	12,3076923
521	18,3076923
521	-9,6923077
522	-12,6923077
522	-4,6923077
522	22,3076923
522	26,3076923
523	4,3076923
523	7,3076923
523	3,3076923
523	-11,6923077
524	-3,6923077
524	-4,6923077
524	29,3076923
524	29,3076923
525	9,3076923
525	18,3076923
525	-3,6923077
526	6,3076923
526	28,3076923
526	17,3076923
526	-11,6923077
527	-11,6923077
527	-5,6923077
527	-1,6923077
527	-12,6923077
528	20,3076923
528	11,3076923
528	5,3076923
528	20,3076923
529	12,3076923
529	-13,6923077
529	3,3076923
529	21,3076923
530	5,3076923
530	-13,6923077
530	20,3076923
530	7,3076923
531	13,3076923
531	13,3076923
531	5,3076923
531	6,3076923
532	2,3076923
532	-25,6923077
532	10,3076923
532	34,3076923
533	17,3076923
533	5,3076923
533	17,3076923
534	13,3076923
534	27,3076923
534	16,3076923
534	21,3076923
535	35,3076923
535	5,3076923
535	28,3076923
535	-12,6923077
536	23,3076923
536	3,3076923
536	38,3076923
536	25,3076923
537	19,3076923
537	-14,6923077
537	-7,6923077
537	1,3076923
538	-8,6923077
538	0,3076923
538	1,3076923
538	-1,6923077
539	6,3076923
539	25,3076923
539	26,3076923
539	-15,6923077
540	4,3076923
540	-6,6923077
540	-5,6923077
540	-26,6923077
541	6,3076923
541	9,3076923
541	1,3076923
541	-18,6923077
542	-12,6923077
542	-14,6923077
542	24,3076923
543	-2,6923077
543	2,3076923
543	27,3076923
543	20,3076923
544	-3,6923077
544	15,3076923
544	-22,6923077
544	10,3076923
545	-4,6923077
545	4,3076923
545	-17,6923077
545	13,3076923
546	2,3076923
546	0,3076923
546	3,3076923
546	12,3076923
547	20,3076923
547	24,3076923
547	8,3076923
547	9,3076923
548	-1,6923077
548	25,3076923
548	31,3076923
548	7,3076923
549	9,3076923
549	-0,6923077
549	-5,6923077
549	17,3076923
550	12,3076923
550	4,3076923
550	14,3076923
550	-8,6923077
551	8,3076923
551	29,3076923
551	-5,6923077
552	7,3076923
552	0,3076923
552	-10,6923077
552	15,3076923
553	11,3076923
553	31,3076923
553	-2,6923077
553	19,3076923
554	-2,6923077
554	12,3076923
554	15,3076923
554	6,3076923
555	25,3076923
555	14,3076923
555	-2,6923077
555	-6,6923077
556	8,3076923
556	-3,6923077
556	-7,6923077
556	-25,6923077
557	-4,6923077
557	-3,6923077
557	-10,6923077
557	7,3076923
558	6,3076923
558	10,3076923
558	32,3076923
558	7,3076923
559	3,3076923
559	-1,6923077
559	-11,6923077
559	-12,6923077
560	17,3076923
560	-4,6923077
560	5,3076923
561	-9,6923077
561	4,3076923
561	24,3076923
561	-4,6923077
562	-16,6923077
562	6,3076923
562	-4,6923077
562	-9,6923077
563	-23,6923077
563	-31,6923077
563	7,3076923
563	16,3076923
564	2,3076923
564	8,3076923
564	-2,6923077
564	18,3076923
565	18,3076923
565	2,3076923
565	-11,6923077
565	5,3076923
566	-9,6923077
566	0,3076923
566	14,3076923
566	10,3076923
567	0,3076923
567	-39,6923077
567	-12,6923077
567	0,3076923
568	7,3076923
568	-5,6923077
568	-8,6923077
568	-14,6923077
569	-14,6923077
569	11,3076923
569	18,3076923
569	-25,6923077
570	18,3076923
570	6,3076923
570	33,3076923
571	21,3076923
571	12,3076923
571	-5,6923077
571	9,3076923
572	11,3076923
572	30,3076923
572	24,3076923
572	12,3076923
573	-15,6923077
573	17,3076923
573	10,3076923
573	4,3076923
574	27,3076923
574	-15,6923077
574	6,3076923
574	7,3076923
575	37,3076923
575	-26,6923077
575	13,3076923
575	-24,6923077
576	41,3076923
576	-7,6923077
576	-5,6923077
576	-6,6923077
577	10,3076923
577	4,3076923
577	-14,6923077
577	2,3076923
578	7,3076923
578	2,3076923
578	-0,6923077
578	-12,6923077
579	-18,6923077
579	-1,6923077
579	-28,6923077
579	13,3076923
580	-5,6923077
580	4,3076923
580	-7,6923077
581	-1,6923077
581	15,3076923
581	27,3076923
581	5,3076923
582	5,3076923
582	31,3076923
582	-15,6923077
582	-15,6923077
583	0,3076923
583	3,3076923
583	19,3076923
583	-2,6923077
584	-11,6923077
584	12,3076923
584	7,3076923
584	-9,6923077
585	8,3076923
585	-8,6923077
585	-22,6923077
585	10,3076923
586	-21,6923077
586	-6,6923077
586	-4,6923077
586	-16,6923077
587	5,3076923
587	-5,6923077
587	12,3076923
587	22,3076923
588	9,3076923
588	11,3076923
588	23,3076923
588	41,3076923
589	17,3076923
589	-12,6923077
589	-17,6923077
589	-8,6923077
590	13,3076923
590	-10,6923077
590	-4,6923077
590	-11,6923077
591	-15,6923077
591	-7,6923077
591	-21,6923077
592	17,3076923
592	-5,6923077
592	-7,6923077
592	7,3076923
593	-10,6923077
593	18,3076923
593	-24,6923077
593	2,3076923
594	9,3076923
594	-3,6923077
594	-21,6923077
594	-11,6923077
595	0,3076923
595	-5,6923077
595	-0,6923077
595	-9,6923077
596	-13,6923077
596	-1,6923077
596	42,3076923
596	17,3076923
597	-11,6923077
597	10,3076923
597	12,3076923
597	-1,6923077
598	15,3076923
598	8,3076923
598	-2,6923077
598	12,3076923
599	7,3076923
599	-9,6923077
599	-2,6923077
599	30,3076923
600	25,3076923
600	-10,6923077
600	23,3076923
600	-21,6923077
601	21,3076923
601	7,3076923
601	-10,6923077
601	20,3076923
602	-18,6923077
602	18,3076923
602	33,3076923
603	17,3076923
603	0,3076923
603	0,3076923
603	-21,6923077
604	-16,6923077
604	4,3076923
604	14,3076923
604	7,3076923
605	-4,6923077
605	-11,6923077
605	18,3076923
605	25,3076923
606	-8,6923077
606	-9,6923077
606	17,3076923
606	18,3076923
607	23,3076923
607	-1,6923077
607	5,3076923
607	-22,6923077
608	-6,6923077
608	-16,6923077
608	-16,6923077
608	-2,6923077
609	-2,6923077
609	8,3076923
609	33,3076923
609	-6,6923077
610	-9,6923077
610	-3,6923077
610	-5,6923077
610	11,3076923
611	20,3076923
611	0,3076923
611	-3,6923077
611	11,3076923
612	-8,6923077
612	-14,6923077
612	-20,6923077
612	-13,6923077
613	13,3076923
613	13,3076923
613	28,3076923
613	-7,6923077
614	-16,6923077
614	3,3076923
614	-18,6923077
614	15,3076923
615	-0,6923077
615	8,3076923
615	-1,6923077
616	-9,6923077
616	12,3076923
616	4,3076923
616	8,3076923
617	19,3076923
617	-11,6923077
617	-27,6923077
617	-0,6923077
618	25,3076923
618	32,3076923
618	15,3076923
618	3,3076923
619	13,3076923
619	-10,6923077
619	18,3076923
619	7,3076923
620	7,3076923
620	-10,6923077
620	-8,6923077
620	7,3076923
621	7,3076923
621	-1,6923077
621	-23,6923077
621	14,3076923
622	-14,6923077
622	-11,6923077
622	-0,6923077
622	-18,6923077
623	23,3076923
623	29,3076923
623	10,3076923
623	21,3076923
624	1,3076923
624	7,3076923
624	1,3076923
624	-23,6923077
625	27,3076923
625	-2,6923077
625	2,3076923
625	4,3076923
626	-23,6923077
626	-1,6923077
626	0,3076923
626	0,3076923
627	-5,6923077
627	-26,6923077
627	-13,6923077
627	15,3076923
628	12,3076923
628	9,3076923
628	-4,6923077
629	-2,6923077
629	-11,6923077
629	41,3076923
629	20,3076923
630	6,3076923
630	-30,6923077
630	1,3076923
630	20,3076923
631	11,3076923
631	-9,6923077
631	-5,6923077
631	-1,6923077
632	15,3076923
632	-1,6923077
632	7,3076923
632	4,3076923
633	2,3076923
633	-3,6923077
633	10,3076923
633	33,3076923
634	-2,6923077
634	3,3076923
634	-18,6923077
634	-0,6923077
635	19,3076923
635	43,3076923
635	-12,6923077
635	15,3076923
636	-27,6923077
636	-29,6923077
636	1,3076923
636	-1,6923077
637	14,3076923
637	17,3076923
637	-29,6923077
637	23,3076923
638	6,3076923
638	28,3076923
638	-8,6923077
638	0,3076923
639	-7,6923077
639	6,3076923
639	10,3076923
639	-16,6923077
640	-5,6923077
640	3,3076923
640	3,3076923
640	-19,6923077
641	48,3076923
641	0,3076923
641	7,3076923
641	-13,6923077
642	6,3076923
642	20,3076923
642	-19,6923077
642	-0,6923077
643	-13,6923077
643	5,3076923
643	13,3076923
644	29,3076923
644	9,3076923
644	4,3076923
644	18,3076923
645	16,3076923
645	-26,6923077
645	7,3076923
645	20,3076923
646	9,3076923
646	4,3076923
646	-12,6923077
646	-33,6923077
647	-2,6923077
647	-7,6923077
647	-3,6923077
647	1,3076923
648	16,3076923
648	3,3076923
648	-16,6923077
648	16,3076923
649	15,3076923
649	10,3076923
649	17,3076923
649	5,3076923
650	24,3076923
650	-0,6923077
650	0,3076923
650	-3,6923077
651	-15,6923077
651	-10,6923077
651	-3,6923077
651	-3,6923077
652	-7,6923077
652	13,3076923
652	5,3076923
652	13,3076923
653	-16,6923077
653	11,3076923
653	-3,6923077
653	13,3076923
654	4,3076923
654	-6,6923077
654	-19,6923077
654	18,3076923
655	-6,6923077
655	36,3076923
655	4,3076923
655	10,3076923
656	-0,6923077
656	-0,6923077
656	35,3076923
656	-0,6923077
657	-20,6923077
657	-21,6923077
657	-21,6923077
657	-1,6923077
658	2,3076923
658	7,3076923
658	13,3076923
658	-1,6923077
659	3,3076923
659	-8,6923077
659	-22,6923077
660	-4,6923077
660	-6,6923077
660	23,3076923
660	2,3076923
661	4,3076923
661	27,3076923
661	24,3076923
661	18,3076923
662	3,3076923
662	-25,6923077
662	0,3076923
662	17,3076923
663	-3,6923077
663	6,3076923
663	8,3076923
663	-1,6923077
664	5,3076923
664	-7,6923077
664	-3,6923077
664	10,3076923
665	25,3076923
665	-8,6923077
665	13,3076923
665	20,3076923
666	6,3076923
666	14,3076923
666	6,3076923
666	5,3076923
667	-22,6923077
667	-13,6923077
667	-13,6923077
667	-6,6923077
668	-17,6923077
668	12,3076923
668	15,3076923
668	0,3076923
669	-30,6923077
669	-6,6923077
669	19,3076923
669	5,3076923
670	12,3076923
670	22,3076923
670	0,3076923
670	8,3076923
671	9,3076923
671	5,3076923
671	12,3076923
671	1,3076923
672	-18,6923077
672	-4,6923077
672	4,3076923
672	8,3076923
673	5,3076923
673	32,3076923
673	8,3076923
673	20,3076923
674	4,3076923
674	15,3076923
674	7,3076923
674	-3,6923077
675	-43,6923077
675	24,3076923
675	-3,6923077
675	-2,6923077
676	11,3076923
676	2,3076923
676	-5,6923077
676	4,3076923
677	27,3076923
677	12,3076923
677	-2,6923077
677	8,3076923
678	6,3076923
678	-22,6923077
678	-7,6923077
678	3,3076923
679	27,3076923
679	-11,6923077
679	-1,6923077
680	3,3076923
680	-8,6923077
680	11,3076923
680	6,3076923
681	2,3076923
681	3,3076923
681	18,3076923
681	-18,6923077
682	-34,6923077
682	10,3076923
682	-5,6923077
682	-18,6923077
683	1,3076923
683	25,3076923
683	-0,6923077
683	9,3076923
684	1,3076923
684	20,3076923
684	-8,6923077
684	-9,6923077
685	5,3076923
685	10,3076923
685	52,3076923
685	17,3076923
686	22,3076923
686	7,3076923
686	-7,6923077
686	-6,6923077
687	-7,6923077
687	5,3076923
687	9,3076923
687	-17,6923077
688	-32,6923077
688	7,3076923
688	20,3076923
688	1,3076923
689	-1,6923077
689	13,3076923
689	-7,6923077
689	3,3076923
690	17,3076923
690	12,3076923
690	-2,6923077
690	6,3076923
691	20,3076923
691	-1,6923077
691	14,3076923
691	15,3076923
692	8,3076923
692	5,3076923
692	1,3076923
692	-9,6923077
693	4,3076923
693	1,3076923
693	-10,6923077
693	10,3076923
694	19,3076923
694	24,3076923
694	-6,6923077
694	10,3076923
695	-8,6923077
695	-23,6923077
695	13,3076923
695	2,3076923
696	10,3076923
696	17,3076923
696	-3,6923077
696	17,3076923
697	8,3076923
697	11,3076923
697	12,3076923
697	-14,6923077
698	27,3076923
698	3,3076923
698	5,3076923
698	14,3076923
699	30,3076923
699	3,3076923
699	-44,6923077
699	-1,6923077
700	27,3076923
700	5,3076923
700	6,3076923
700	-1,6923077
701	11,3076923
701	5,3076923
701	5,3076923
701	5,3076923
702	16,3076923
702	-2,6923077
702	-4,6923077
702	-4,6923077
703	24,3076923
703	45,3076923
703	18,3076923
703	3,3076923
704	33,3076923
704	-3,6923077
704	14,3076923
704	35,3076923
705	10,3076923
705	-12,6923077
705	-3,6923077
706	-15,6923077
706	-2,6923077
706	12,3076923
706	10,3076923
707	15,3076923
707	-2,6923077
707	30,3076923
707	20,3076923
708	18,3076923
708	9,3076923
708	15,3076923
708	6,3076923
709	1,3076923
709	37,3076923
709	16,3076923
709	-18,6923077
710	-10,6923077
710	11,3076923
710	-6,6923077
710	-15,6923077
711	21,3076923
711	6,3076923
711	0,3076923
711	23,3076923
712	25,3076923
712	-3,6923077
712	30,3076923
712	-16,6923077
713	13,3076923
713	-46,6923077
713	2,3076923
713	-1,6923077
714	5,3076923
714	-10,6923077
714	15,3076923
714	21,3076923
715	7,3076923
715	-15,6923077
715	-17,6923077
715	1,3076923
716	-17,6923077
716	-11,6923077
716	3,3076923
716	13,3076923
717	-11,6923077
717	-2,6923077
717	0,3076923
717	-5,6923077
718	-3,6923077
718	-4,6923077
718	29,3076923
718	21,3076923
719	9,3076923
719	14,3076923
719	10,3076923
719	21,3076923
720	16,3076923
720	9,3076923
720	15,3076923
720	-1,6923077
721	6,3076923
721	15,3076923
721	21,3076923
721	-14,6923077
722	17,3076923
722	29,3076923
722	9,3076923
722	-11,6923077
723	-2,6923077
723	-10,6923077
723	-6,6923077
723	-11,6923077
724	24,3076923
724	10,3076923
724	-23,6923077
724	22,3076923
725	11,3076923
725	8,3076923
725	15,3076923
725	19,3076923
726	-4,6923077
726	-3,6923077
726	13,3076923
726	6,3076923
727	12,3076923
727	10,3076923
727	-8,6923077
727	12,3076923
728	3,3076923
728	27,3076923
728	-7,6923077
728	18,3076923
729	-16,6923077
729	-16,6923077
729	7,3076923
729	12,3076923
730	-20,6923077
730	-16,6923077
730	-2,6923077
730	27,3076923
731	20,3076923
731	15,3076923
731	-8,6923077
731	29,3076923
732	-13,6923077
732	31,3076923
732	18,3076923
732	11,3076923
733	26,3076923
733	19,3076923
733	-0,6923077
733	12,3076923
734	5,3076923
734	16,3076923
734	-6,6923077
734	15,3076923
735	32,3076923
735	-17,6923077
735	10,3076923
735	10,3076923
736	2,3076923
736	-5,6923077
736	-12,6923077
736	5,3076923
737	14,3076923
737	-5,6923077
737	3,3076923
737	-4,6923077
738	10,3076923
738	6,3076923
738	-14,6923077
738	-5,6923077
739	19,3076923
739	-4,6923077
739	-3,6923077
739	6,3076923
740	25,3076923
740	35,3076923
740	31,3076923
740	0,3076923
741	16,3076923
741	8,3076923
741	3,3076923
741	19,3076923
742	15,3076923
742	-12,6923077
742	15,3076923
742	15,3076923
743	9,3076923
743	7,3076923
743	11,3076923
743	22,3076923
744	2,3076923
744	18,3076923
744	12,3076923
744	-13,6923077
745	6,3076923
745	5,3076923
745	29,3076923
745	15,3076923
746	-9,6923077
746	-20,6923077
746	9,3076923
746	-10,6923077
747	18,3076923
747	14,3076923
747	-24,6923077
747	-13,6923077
748	-5,6923077
748	25,3076923
748	7,3076923
748	32,3076923
749	23,3076923
749	-2,6923077
749	-16,6923077
749	18,3076923
750	13,3076923
750	37,3076923
750	-1,6923077
750	2,3076923
751	9,3076923
751	31,3076923
751	6,3076923
751	-6,6923077
752	32,3076923
752	6,3076923
752	-9,6923077
752	-25,6923077
753	0,3076923
753	23,3076923
753	7,3076923
753	5,3076923
754	-16,6923077
754	-0,6923077
754	-18,6923077
754	-15,6923077
755	20,3076923
755	5,3076923
755	1,3076923
755	-6,6923077
756	2,3076923
756	-5,6923077
756	1,3076923
756	9,3076923
757	9,3076923
757	1,3076923
757	19,3076923
757	5,3076923
758	22,3076923
758	18,3076923
758	4,3076923
758	16,3076923
759	-3,6923077
759	17,3076923
759	-0,6923077
759	5,3076923
760	-7,6923077
760	-8,6923077
760	18,3076923
760	-6,6923077
761	9,3076923
761	18,3076923
761	12,3076923
761	-8,6923077
762	12,3076923
762	6,3076923
762	-0,6923077
762	-4,6923077
763	6,3076923
763	-2,6923077
763	-3,6923077
763	20,3076923
764	27,3076923
764	13,3076923
764	-3,6923077
764	1,3076923
765	-15,6923077
765	4,3076923
765	-1,6923077
765	-14,6923077
766	-5,6923077
766	15,3076923
766	28,3076923
766	10,3076923
767	-11,6923077
767	-8,6923077
767	-3,6923077
767	1,3076923
768	24,3076923
768	1,3076923
768	-0,6923077
768	18,3076923
769	19,3076923
769	16,3076923
769	13,3076923
769	32,3076923
770	10,3076923
770	14,3076923
770	5,3076923
770	11,3076923
771	18,3076923
771	31,3076923
771	7,3076923
771	13,3076923
772	-10,6923077
772	40,3076923
772	28,3076923
772	34,3076923
773	11,3076923
773	20,3076923
773	4,3076923
773	10,3076923
774	3,3076923
774	6,3076923
774	-4,6923077
774	5,3076923
775	14,3076923
775	-26,6923077
775	-29,6923077
775	-3,6923077
776	17,3076923
776	7,3076923
776	18,3076923
776	35,3076923
777	41,3076923
777	12,3076923
777	14,3076923
777	3,3076923
778	22,3076923
778	8,3076923
778	-1,6923077
778	25,3076923
779	3,3076923
779	-6,6923077
779	23,3076923
779	-7,6923077
780	-7,6923077
780	29,3076923
780	8,3076923
780	5,3076923
781	7,3076923
781	2,3076923
781	8,3076923
781	11,3076923
782	17,3076923
782	32,3076923
782	-1,6923077
782	-22,6923077
783	1,3076923
783	-1,6923077
783	17,3076923
783	36,3076923
784	29,3076923
784	0,3076923
784	-15,6923077
784	3,3076923
785	-3,6923077
785	-14,6923077
785	12,3076923
785	21,3076923
786	5,3076923
786	5,3076923
786	-0,6923077
786	-14,6923077
787	5,3076923
787	2,3076923
787	5,3076923
787	15,3076923
788	-7,6923077
788	18,3076923
788	-17,6923077
788	1,3076923
789	11,3076923
789	52,3076923
789	18,3076923
789	27,3076923
790	17,3076923
790	4,3076923
790	-2,6923077
790	9,3076923
791	-20,6923077
791	7,3076923
791	5,3076923
791	-0,6923077
792	-3,6923077
792	-16,6923077
792	-4,6923077
792	12,3076923
793	2,3076923
793	-2,6923077
793	-4,6923077
793	-10,6923077
794	0,3076923
794	1,3076923
794	-1,6923077
794	-4,6923077
795	-5,6923077
795	1,3076923
795	29,3076923
795	26,3076923
796	14,3076923
796	-8,6923077
796	3,3076923
796	-9,6923077
797	-0,6923077
797	20,3076923
797	26,3076923
797	-9,6923077
798	2,3076923
798	0,3076923
798	35,3076923
798	14,3076923
799	-5,6923077
799	0,3076923
799	27,3076923
799	18,3076923
800	2,3076923
800	35,3076923
800	-26,6923077
800	1,3076923
801	-23,6923077
801	23,3076923
801	1,3076923
801	10,3076923
802	25,3076923
802	44,3076923
802	34,3076923
802	33,3076923
803	-0,6923077
803	-11,6923077
803	-5,6923077
803	-18,6923077
804	6,3076923
804	-8,6923077
804	-9,6923077
804	-14,6923077
805	-17,6923077
805	-12,6923077
805	-3,6923077
805	25,3076923
806	32,3076923
806	2,3076923
806	21,3076923
806	7,3076923
807	16,3076923
807	-6,6923077
807	-0,6923077
807	0,3076923
808	-20,6923077
808	-4,6923077
808	-6,6923077
808	12,3076923
809	-9,6923077
809	18,3076923
809	11,3076923
809	0,3076923
810	4,3076923
810	-0,6923077
810	11,3076923
810	12,3076923
811	8,3076923
811	2,3076923
811	4,3076923
811	-16,6923077
812	14,3076923
812	10,3076923
812	9,3076923
812	-3,6923077
813	-1,6923077
813	13,3076923
813	-2,6923077
813	-10,6923077
814	14,3076923
814	20,3076923
814	15,3076923
814	-10,6923077
815	2,3076923
815	-12,6923077
815	9,3076923
815	-1,6923077
816	20,3076923
816	-0,6923077
816	-6,6923077
816	-11,6923077
817	-22,6923077
817	15,3076923
817	-6,6923077
817	-16,6923077
818	11,3076923
818	21,3076923
818	18,3076923
818	7,3076923
819	-22,6923077
819	-4,6923077
819	0,3076923
819	-10,6923077
820	-7,6923077
820	22,3076923
820	7,3076923
820	-0,6923077
820	30,3076923
821	16,3076923
821	13,3076923
821	44,3076923
821	12,3076923
822	14,3076923
822	13,3076923
822	-7,6923077
822	7,3076923
823	-9,6923077
823	13,3076923
823	-0,6923077
823	-1,6923077
824	13,3076923
824	32,3076923
824	-1,6923077
824	0,3076923
825	9,3076923
825	5,3076923
825	18,3076923
825	-3,6923077
826	-2,6923077
826	10,3076923
826	21,3076923
826	25,3076923
827	6,3076923
827	-19,6923077
827	2,3076923
827	2,3076923
828	7,3076923
828	-12,6923077
828	14,3076923
828	23,3076923
829	20,3076923
829	0,3076923
829	-13,6923077
829	8,3076923
830	42,3076923
830	7,3076923
830	4,3076923
830	11,3076923
831	11,3076923
831	9,3076923
831	18,3076923
831	-3,6923077
832	14,3076923
832	-2,6923077
832	-5,6923077
832	-19,6923077
833	-0,6923077
833	-23,6923077
833	-25,6923077
833	-3,6923077
834	1,3076923
834	-2,6923077
834	-6,6923077
834	13,3076923
835	-8,6923077
835	-32,6923077
835	26,3076923
835	-19,6923077
836	-0,6923077
836	-6,6923077
836	13,3076923
836	15,3076923
837	-11,6923077
837	-28,6923077
837	-10,6923077
837	-9,6923077
838	23,3076923
838	3,3076923
838	-28,6923077
838	-11,6923077
839	22,3076923
839	-6,6923077
839	-19,6923077
839	13,3076923
840	-18,6923077
840	-14,6923077
840	-1,6923077
840	-17,6923077
841	-0,6923077
841	-23,6923077
841	19,3076923
841	6,3076923
842	24,3076923
842	5,3076923
842	-2,6923077
842	11,3076923
843	-6,6923077
843	21,3076923
843	17,3076923
843	-18,6923077
844	17,3076923
844	-5,6923077
844	-15,6923077
844	3,3076923
845	15,3076923
845	16,3076923
845	10,3076923
845	17,3076923
845	2,3076923
846	-0,6923077
846	-12,6923077
846	18,3076923
846	-12,6923077
847	0,3076923
847	2,3076923
847	16,3076923
847	2,3076923
848	0,3076923
848	-14,6923077
848	22,3076923
848	9,3076923
849	-26,6923077
849	12,3076923
849	-4,6923077
849	-2,6923077
850	-1,6923077
850	-5,6923077
850	26,3076923
850	6,3076923
851	23,3076923
851	23,3076923
851	28,3076923
851	23,3076923
852	5,3076923
852	34,3076923
852	16,3076923
852	-13,6923077
853	32,3076923
853	23,3076923
853	19,3076923
853	-6,6923077
854	-6,6923077
854	10,3076923
854	29,3076923
854	-9,6923077
855	9,3076923
855	7,3076923
855	12,3076923
855	18,3076923
856	-14,6923077
856	4,3076923
856	-0,6923077
856	10,3076923
857	-7,6923077
857	15,3076923
857	19,3076923
857	34,3076923
858	-5,6923077
858	16,3076923
858	28,3076923
858	-8,6923077
859	-13,6923077
859	10,3076923
859	28,3076923
859	16,3076923
860	13,3076923
860	8,3076923
860	-25,6923077
860	-22,6923077
861	6,3076923
861	-2,6923077
861	13,3076923
861	-2,6923077
862	0,3076923
862	2,3076923
862	-3,6923077
862	9,3076923
863	-4,6923077
863	15,3076923
863	-10,6923077
863	20,3076923
864	0,3076923
864	-7,6923077
864	24,3076923
864	1,3076923
864	-18,6923077
865	0,3076923
865	-2,6923077
865	35,3076923
865	2,3076923
866	-8,6923077
866	7,3076923
866	8,3076923
866	4,3076923
867	15,3076923
867	2,3076923
867	7,3076923
867	2,3076923
868	10,3076923
868	25,3076923
868	2,3076923
868	13,3076923
869	-15,6923077
869	-11,6923077
869	-6,6923077
869	-17,6923077
870	-2,6923077
870	-16,6923077
870	0,3076923
870	4,3076923
871	11,3076923
871	8,3076923
871	-4,6923077
871	-25,6923077
872	-8,6923077
872	1,3076923
872	-4,6923077
872	-0,6923077
873	10,3076923
873	5,3076923
873	-20,6923077
873	3,3076923
874	-7,6923077
874	19,3076923
874	-10,6923077
874	19,3076923
875	21,3076923
875	-9,6923077
875	10,3076923
875	-4,6923077
876	11,3076923
876	24,3076923
876	18,3076923
876	-17,6923077
877	18,3076923
877	2,3076923
877	-17,6923077
877	8,3076923
878	-11,6923077
878	8,3076923
878	-21,6923077
878	4,3076923
879	7,3076923
879	20,3076923
879	18,3076923
879	-10,6923077
880	8,3076923
880	1,3076923
880	-7,6923077
880	-16,6923077
880	45,3076923
881	-0,6923077
881	-24,6923077
881	-14,6923077
881	-19,6923077
882	-8,6923077
882	-18,6923077
882	1,3076923
882	-9,6923077
883	7,3076923
883	12,3076923
883	-2,6923077
883	-6,6923077
884	0,3076923
884	-13,6923077
884	-12,6923077
884	1,3076923
885	-9,6923077
885	-6,6923077
885	19,3076923
885	-15,6923077
886	6,3076923
886	4,3076923
886	-3,6923077
886	6,3076923
887	-3,6923077
887	-21,6923077
887	-9,6923077
887	4,3076923
888	8,3076923
888	-3,6923077
888	-5,6923077
888	-2,6923077
889	35,3076923
889	18,3076923
889	-12,6923077
889	-9,6923077
890	-22,6923077
890	-15,6923077
890	0,3076923
890	15,3076923
891	1,3076923
891	-5,6923077
891	4,3076923
891	3,3076923
892	-11,6923077
892	5,3076923
892	8,3076923
892	-14,6923077
893	-11,6923077
893	12,3076923
893	-7,6923077
893	7,3076923
894	22,3076923
894	16,3076923
894	-33,6923077
894	19,3076923
894	5,3076923
895	21,3076923
895	-4,6923077
895	11,3076923
895	14,3076923
896	-10,6923077
896	9,3076923
896	2,3076923
896	-30,6923077
897	16,3076923
897	9,3076923
897	18,3076923
897	27,3076923
898	-9,6923077
898	-13,6923077
898	-7,6923077
898	2,3076923
899	8,3076923
899	35,3076923
899	-9,6923077
899	-18,6923077
900	-0,6923077
900	2,3076923
900	-6,6923077
900	15,3076923
901	21,3076923
901	-12,6923077
901	-11,6923077
901	17,3076923
902	7,3076923
902	7,3076923
902	-7,6923077
902	-0,6923077
903	1,3076923
903	19,3076923
903	22,3076923
903	-5,6923077
904	-8,6923077
904	35,3076923
904	7,3076923
904	30,3076923
905	-10,6923077
905	-1,6923077
905	6,3076923
905	9,3076923
906	-4,6923077
906	7,3076923
906	15,3076923
906	-1,6923077
906	-6,6923077
907	-3,6923077
907	6,3076923
907	-5,6923077
907	2,3076923
908	5,3076923
908	6,3076923
908	10,3076923
908	14,3076923
909	12,3076923
909	0,3076923
909	-4,6923077
909	-24,6923077
910	-2,6923077
910	-6,6923077
910	-9,6923077
910	4,3076923
911	27,3076923
911	-1,6923077
911	4,3076923
911	18,3076923
912	0,3076923
912	3,3076923
912	-5,6923077
912	21,3076923
913	12,3076923
913	-7,6923077
913	-19,6923077
913	-4,6923077
914	1,3076923
914	-5,6923077
914	-1,6923077
914	-14,6923077
915	30,3076923
915	1,3076923
915	-4,6923077
915	-0,6923077
916	-8,6923077
916	-2,6923077
916	-1,6923077
916	-5,6923077
917	1,3076923
917	-0,6923077
917	-8,6923077
917	4,3076923
917	2,3076923
918	3,3076923
918	-2,6923077
918	36,3076923
918	-0,6923077
919	-8,6923077
919	30,3076923
919	-23,6923077
919	-11,6923077
920	1,3076923
920	20,3076923
920	-26,6923077
920	10,3076923
921	0,3076923
921	10,3076923
921	16,3076923
921	5,3076923
922	5,3076923
922	11,3076923
922	15,3076923
922	9,3076923
923	-12,6923077
923	12,3076923
923	3,3076923
923	1,3076923
924	7,3076923
924	-8,6923077
924	-2,6923077
924	0,3076923
925	-6,6923077
925	9,3076923
925	8,3076923
925	6,3076923
926	21,3076923
926	9,3076923
926	14,3076923
926	17,3076923
927	-15,6923077
927	-4,6923077
927	6,3076923
927	-0,6923077
928	-8,6923077
928	-8,6923077
928	4,3076923
928	36,3076923
928	-15,6923077
929	-10,6923077
929	20,3076923
929	10,3076923
929	-8,6923077
930	13,3076923
930	-24,6923077
930	22,3076923
930	21,3076923
931	-14,6923077
931	1,3076923
931	12,3076923
931	4,3076923
932	-13,6923077
932	0,3076923
932	-26,6923077
932	-11,6923077
933	-18,6923077
933	-11,6923077
933	-15,6923077
933	-3,6923077
934	16,3076923
934	24,3076923
934	13,3076923
934	25,3076923
935	7,3076923
935	-14,6923077
935	12,3076923
935	-2,6923077
936	11,3076923
936	3,3076923
936	-24,6923077
936	14,3076923
937	-32,6923077
937	4,3076923
937	33,3076923
937	-3,6923077
938	7,3076923
938	-0,6923077
938	10,3076923
938	-7,6923077
938	20,3076923
939	5,3076923
939	-10,6923077
939	-5,6923077
939	7,3076923
940	14,3076923
940	-5,6923077
940	9,3076923
940	-7,6923077
941	-18,6923077
941	-2,6923077
941	14,3076923
941	-4,6923077
942	21,3076923
942	-2,6923077
942	-2,6923077
942	7,3076923
943	8,3076923
943	-26,6923077
943	-5,6923077
943	-29,6923077
944	6,3076923
944	9,3076923
944	-5,6923077
944	-14,6923077
945	-28,6923077
945	-12,6923077
945	3,3076923
945	3,3076923
946	8,3076923
946	-4,6923077
946	-12,6923077
946	2,3076923
947	-10,6923077
947	-27,6923077
947	-4,6923077
947	25,3076923
947	-10,6923077
948	-22,6923077
948	-14,6923077
948	2,3076923
948	42,3076923
949	-4,6923077
949	24,3076923
949	17,3076923
949	3,3076923
950	6,3076923
950	1,3076923
950	-10,6923077
950	19,3076923
951	-5,6923077
951	6,3076923
951	-15,6923077
951	-14,6923077
952	13,3076923
952	11,3076923
952	13,3076923
952	24,3076923
953	4,3076923
953	-8,6923077
953	15,3076923
953	10,3076923
954	-1,6923077
954	11,3076923
954	13,3076923
954	14,3076923
955	-1,6923077
955	5,3076923
955	24,3076923
955	-10,6923077
956	-29,6923077
956	-4,6923077
956	-4,6923077
956	-3,6923077
956	19,3076923
957	10,3076923
957	17,3076923
957	-30,6923077
957	8,3076923
958	24,3076923
958	2,3076923
958	-17,6923077
958	4,3076923
959	-28,6923077
959	-31,6923077
959	-3,6923077
959	9,3076923
960	-34,6923077
960	-19,6923077
960	-4,6923077
960	-39,6923077
961	12,3076923
961	-4,6923077
961	2,3076923
961	3,3076923
962	13,3076923
962	9,3076923
962	2,3076923
962	0,3076923
963	8,3076923
963	14,3076923
963	-0,6923077
963	-16,6923077
964	-8,6923077
964	8,3076923
964	10,3076923
964	-6,6923077
964	1,3076923
965	10,3076923
965	1,3076923
965	8,3076923
965	12,3076923
966	6,3076923
966	-9,6923077
966	-13,6923077
966	-19,6923077
967	-11,6923077
967	9,3076923
967	-15,6923077
967	-5,6923077
968	0,3076923
968	-11,6923077
968	14,3076923
968	-11,6923077
969	-11,6923077
969	17,3076923
969	6,3076923
969	18,3076923
970	-25,6923077
970	-20,6923077
970	-2,6923077
970	-3,6923077
971	-12,6923077
971	10,3076923
971	-3,6923077
971	-6,6923077
972	-1,6923077
972	-4,6923077
972	15,3076923
972	-5,6923077
972	-0,6923077
973	18,3076923
973	-15,6923077
973	9,3076923
973	10,3076923
974	-6,6923077
974	5,3076923
974	-9,6923077
974	13,3076923
975	-14,6923077
975	8,3076923
975	-37,6923077
975	3,3076923
976	5,3076923
976	8,3076923
976	-1,6923077
976	22,3076923
977	10,3076923
977	15,3076923
977	16,3076923
977	5,3076923
978	-4,6923077
978	-20,6923077
978	-24,6923077
978	1,3076923
979	-4,6923077
979	33,3076923
979	-0,6923077
979	8,3076923
980	-3,6923077
980	-9,6923077
980	-7,6923077
980	22,3076923
980	5,3076923
981	2,3076923
981	9,3076923
981	-37,6923077
981	11,3076923
982	21,3076923
982	-8,6923077
982	2,3076923
982	19,3076923
983	-18,6923077
983	-24,6923077
983	3,3076923
983	-4,6923077
984	17,3076923
984	8,3076923
984	2,3076923
984	24,3076923
985	26,3076923
985	8,3076923
985	-14,6923077
985	8,3076923
986	14,3076923
986	-25,6923077
986	-8,6923077
986	-13,6923077
987	14,3076923
987	-18,6923077
987	29,3076923
987	-5,6923077
988	6,3076923
988	-7,6923077
988	15,3076923
988	-6,6923077
988	6,3076923
989	-3,6923077
989	-2,6923077
989	-9,6923077
989	5,3076923
990	9,3076923
990	10,3076923
990	9,3076923
990	-5,6923077
991	4,3076923
991	-26,6923077
991	-28,6923077
991	7,3076923
992	-14,6923077
992	13,3076923
992	15,3076923
992	1,3076923
993	5,3076923
993	11,3076923
993	-16,6923077
993	-12,6923077
994	-0,6923077
994	-9,6923077
994	6,3076923
994	-20,6923077
995	-8,6923077
995	6,3076923
995	-18,6923077
995	21,3076923
995	-12,6923077
996	-13,6923077
996	-8,6923077
996	-0,6923077
996	7,3076923
997	-9,6923077
997	-3,6923077
997	21,3076923
997	9,3076923
998	-6,6923077
998	14,3076923
998	-9,6923077
998	4,3076923
999	-4,6923077
999	1,3076923
999	-31,6923077
999	-15,6923077
1000	-14,6923077
1000	-6,6923077
1000	-11,6923077
1000	-22,6923077
1001	-4,6923077
1001	-6,6923077
1001	17,3076923
1001	-1,6923077
1002	10,3076923
1002	-5,6923077
1002	23,3076923
1002	34,3076923
1002	14,3076923
1003	-3,6923077
1003	-17,6923077
1003	4,3076923
1003	-14,6923077
1004	-25,6923077
1004	-5,6923077
1004	-16,6923077
1004	-21,6923077
1005	0,3076923
1005	16,3076923
1005	-12,6923077
1005	8,3076923
1006	-10,6923077
1006	-11,6923077
1006	24,3076923
1006	-5,6923077
1007	13,3076923
1007	-14,6923077
1007	-0,6923077
1007	15,3076923
1008	-1,6923077
1008	26,3076923
1008	24,3076923
1008	2,3076923
1008	-4,6923077
1009	-18,6923077
1009	-6,6923077
1009	-26,6923077
1009	-41,6923077
1010	-28,6923077
1010	7,3076923
1010	-14,6923077
1010	8,3076923
1011	1,3076923
1011	4,3076923
1011	30,3076923
1011	-5,6923077
1012	-3,6923077
1012	-1,6923077
1012	18,3076923
1012	-13,6923077
1013	2,3076923
1013	-1,6923077
1013	0,3076923
1013	-8,6923077
1014	-3,6923077
1014	4,3076923
1014	-1,6923077
1014	-17,6923077
1015	5,3076923
1015	11,3076923
1015	8,3076923
1015	-0,6923077
1015	5,3076923
1016	-12,6923077
1016	-27,6923077
1016	-6,6923077
1016	-14,6923077
1017	5,3076923
1017	-9,6923077
1017	-26,6923077
1017	-18,6923077
1018	-16,6923077
1018	17,3076923
1018	-11,6923077
1018	-16,6923077
1019	-12,6923077
1019	-5,6923077
1019	-1,6923077
1019	-13,6923077
1020	-19,6923077
1020	-2,6923077
1020	-10,6923077
1020	-0,6923077
1021	28,3076923
1021	-17,6923077
1021	7,3076923
1021	-5,6923077
1021	7,3076923
1022	-15,6923077
1022	-43,6923077
1022	-9,6923077
1022	2,3076923
1023	18,3076923
1023	-6,6923077
1023	-14,6923077
1023	43,3076923
1024	-12,6923077
1024	-8,6923077
1024	-30,6923077
1024	-27,6923077
1025	3,3076923
1025	31,3076923
1025	-12,6923077
1025	-3,6923077
1026	-5,6923077
1026	-10,6923077
1026	4,3076923
1026	14,3076923
1027	-14,6923077
1027	-14,6923077
1027	-25,6923077
1027	7,3076923
1027	-4,6923077
1028	10,3076923
1028	-54,6923077
1028	15,3076923
1028	-1,6923077
1029	7,3076923
1029	-23,6923077
1029	-20,6923077
1029	-19,6923077
1030	-10,6923077
1030	-7,6923077
1030	2,3076923
1030	-5,6923077
1031	-6,6923077
1031	14,3076923
1031	-12,6923077
1031	-4,6923077
1032	12,3076923
1032	-0,6923077
1032	-6,6923077
1032	4,3076923
1033	-25,6923077
1033	5,3076923
1033	-0,6923077
1033	-29,6923077
1034	-34,6923077
1034	-32,6923077
1034	-8,6923077
1034	22,3076923
1034	18,3076923
1035	-3,6923077
1035	-7,6923077
1035	-30,6923077
1035	3,3076923
1036	-4,6923077
1036	-9,6923077
1036	7,3076923
1036	-7,6923077
1037	10,3076923
1037	5,3076923
1037	5,3076923
1037	-6,6923077
1038	-15,6923077
1038	6,3076923
1038	-19,6923077
1038	10,3076923
1039	-16,6923077
1039	-17,6923077
1039	7,3076923
1039	-1,6923077
1039	-1,6923077
1040	9,3076923
1040	-37,6923077
1040	-9,6923077
1040	-8,6923077
1041	-12,6923077
1041	-18,6923077
1041	-2,6923077
1041	3,3076923
1042	12,3076923
1042	-12,6923077
1042	14,3076923
1042	5,3076923
1043	12,3076923
1043	-1,6923077
1043	-24,6923077
1043	18,3076923
1044	-2,6923077
1044	6,3076923
1044	34,3076923
1044	1,3076923
1045	5,3076923
1045	26,3076923
1045	-11,6923077
1045	9,3076923
1045	-4,6923077
1046	12,3076923
1046	11,3076923
1046	-9,6923077
1046	-15,6923077
1047	-14,6923077
1047	17,3076923
1047	-20,6923077
1047	-21,6923077
1048	1,3076923
1048	-10,6923077
1048	10,3076923
1048	-16,6923077
1049	-12,6923077
1049	-8,6923077
1049	-9,6923077
1049	-35,6923077
1050	-1,6923077
1050	-18,6923077
1050	-22,6923077
1050	7,3076923
1051	-12,6923077
1051	13,3076923
1051	-6,6923077
1051	8,3076923
1051	23,3076923
1052	-6,6923077
1052	-9,6923077
1052	-0,6923077
1052	-7,6923077
1053	-37,6923077
1053	-15,6923077
1053	-31,6923077
1053	-23,6923077
1054	-22,6923077
1054	-23,6923077
1054	-10,6923077
1054	-10,6923077
1055	-35,6923077
1055	-33,6923077
1055	-0,6923077
1055	-23,6923077
1056	-9,6923077
1056	-25,6923077
1056	11,3076923
1056	-17,6923077
1056	24,3076923
1057	-19,6923077
1057	-8,6923077
1057	20,3076923
1057	-11,6923077
1058	-19,6923077
1058	-20,6923077
1058	15,3076923
1058	-17,6923077
1059	-18,6923077
1059	6,3076923
1059	-7,6923077
1059	-1,6923077
1060	-7,6923077
1060	-21,6923077
1060	-2,6923077
1060	0,3076923
1061	1,3076923
1061	16,3076923
1061	-15,6923077
1061	-11,6923077
1062	-28,6923077
1062	-24,6923077
1062	-16,6923077
1062	-3,6923077
1062	-6,6923077
1063	-6,6923077
1063	-0,6923077
1063	-17,6923077
1063	-7,6923077
1064	-15,6923077
1064	-24,6923077
1064	4,3076923
1064	-18,6923077
1065	12,3076923
1065	4,3076923
1065	-15,6923077
1065	-12,6923077
1066	3,3076923
1066	24,3076923
1066	15,3076923
1066	4,3076923
1067	-1,6923077
1067	-15,6923077
1067	-8,6923077
1067	-6,6923077
1067	18,3076923
1068	-14,6923077
1068	3,3076923
1068	33,3076923
1068	21,3076923
1069	11,3076923
1069	7,3076923
1069	-12,6923077
1069	-35,6923077
1070	-12,6923077
1070	-22,6923077
1070	-13,6923077
1070	-6,6923077
1071	-1,6923077
1071	-11,6923077
1071	-23,6923077
1071	-8,6923077
1072	-21,6923077
1072	-19,6923077
1072	-14,6923077
1072	-11,6923077
1072	8,3076923
1073	-16,6923077
1073	-16,6923077
1073	-18,6923077
1073	-15,6923077
1074	4,3076923
1074	3,3076923
1074	-6,6923077
1074	-6,6923077
1075	-17,6923077
1075	-1,6923077
1075	5,3076923
1075	-10,6923077
1076	10,3076923
1076	8,3076923
1076	-28,6923077
1076	-17,6923077
1077	-9,6923077
1077	-22,6923077
1077	-24,6923077
1077	13,3076923
1077	-23,6923077
1078	-10,6923077
1078	10,3076923
1078	20,3076923
1078	-12,6923077
1079	-12,6923077
1079	-33,6923077
1079	-23,6923077
1079	-7,6923077
1080	-1,6923077
1080	-4,6923077
1080	-21,6923077
1080	2,3076923
1081	-8,6923077
1081	-30,6923077
1081	-10,6923077
1081	9,3076923
1082	-2,6923077
1082	-9,6923077
1082	14,3076923
1082	-10,6923077
1082	-1,6923077
1083	6,3076923
1083	1,3076923
1083	-39,6923077
1083	-6,6923077
1084	-9,6923077
1084	-18,6923077
1084	7,3076923
1084	11,3076923
1085	-21,6923077
1085	-7,6923077
1085	3,3076923
1085	6,3076923
1086	0,3076923
1086	-45,6923077
1086	6,3076923
1086	-17,6923077
1087	-16,6923077
1087	-15,6923077
1087	5,3076923
1087	-12,6923077
1087	-23,6923077
1088	4,3076923
1088	-40,6923077
1088	16,3076923
1088	4,3076923
1089	-9,6923077
1089	5,3076923
1089	-5,6923077
1089	12,3076923
1090	28,3076923
1090	-12,6923077
1090	2,3076923
1090	0,3076923
1091	10,3076923
1091	7,3076923
1091	2,3076923
1091	-2,6923077
1092	15,3076923
1092	-8,6923077
1092	-4,6923077
1092	9,3076923
1092	12,3076923
1093	-9,6923077
1093	-18,6923077
1093	-6,6923077
1093	-12,6923077
1094	-35,6923077
1094	-22,6923077
1094	-9,6923077
1094	-11,6923077
1095	-15,6923077
1095	7,3076923
1095	-6,6923077
1095	7,3076923
1096	21,3076923
1096	8,3076923
1096	-19,6923077
1096	12,3076923
1097	-0,6923077
1097	6,3076923
1097	-3,6923077
1097	-15,6923077
1097	-39,6923077
1098	-35,6923077
1098	18,3076923
1098	-2,6923077
1098	-8,6923077
1099	-14,6923077
1099	-3,6923077
1099	7,3076923
1099	8,3076923
1100	-11,6923077
1100	-13,6923077
1100	3,3076923
1100	-5,6923077
1101	-9,6923077
1101	3,3076923
1101	2,3076923
1101	-8,6923077
1101	-18,6923077
1102	-7,6923077
1102	-15,6923077
1102	-27,6923077
1102	6,3076923
1103	-11,6923077
1103	-5,6923077
1103	-10,6923077
1103	-28,6923077
1104	-36,6923077
1104	-5,6923077
1104	-5,6923077
1104	14,3076923
1105	-19,6923077
1105	-28,6923077
1105	-30,6923077
1105	-1,6923077
1106	-39,6923077
1106	-0,6923077
1106	3,3076923
1106	-13,6923077
1106	10,3076923
1107	-9,6923077
1107	-16,6923077
1107	-6,6923077
1107	-22,6923077
1108	-17,6923077
1108	-4,6923077
1108	-12,6923077
1108	-6,6923077
1109	-20,6923077
1109	13,3076923
1109	-14,6923077
1109	11,3076923
1110	-11,6923077
1110	-2,6923077
1110	-3,6923077
1110	-1,6923077
1110	18,3076923
1111	9,3076923
1111	-14,6923077
1111	-8,6923077
1111	-1,6923077
1112	9,3076923
1112	-4,6923077
1112	6,3076923
1112	-23,6923077
1113	-1,6923077
1113	-26,6923077
1113	-4,6923077
1113	-2,6923077
1114	0,3076923
1114	-16,6923077
1114	-18,6923077
1114	10,3076923
1115	-1,6923077
1115	-11,6923077
1115	17,3076923
1115	6,3076923
1115	-24,6923077
1116	-24,6923077
1116	-10,6923077
1116	12,3076923
1116	33,3076923
1117	11,3076923
1117	-14,6923077
1117	-15,6923077
1117	3,3076923
1118	16,3076923
