196	-1,3076923
196	-1,3076923
196	-1,3076923
197	11,6923077
197	18,6923077
197	-1,3076923
197	0,6923077
198	-20,3076923
198	7,6923077
198	29,6923077
199	5,6923077
199	-23,3076923
199	-25,3076923
199	2,6923077
200	19,6923077
200	3,6923077
200	-8,3076923
200	55,6923077
201	94,6923077
201	100,6923077
201	109,6923077
201	75,6923077
202	82,6923077
202	100,6923077
202	145,6923077
203	131,6923077
203	128,6923077
203	128,6923077
203	154,6923077
204	147,6923077
204	151,6923077
204	195,6923077
204	176,6923077
205	160,6923077
205	198,6923077
205	158,6923077
205	171,6923077
206	178,6923077
206	200,6923077
206	189,6923077
207	201,6923077
207	208,6923077
207	210,6923077
207	189,6923077
208	215,6923077
208	179,6923077
208	229,6923077
208	229,6923077
209	217,6923077
209	209,6923077
209	204,6923077
209	271,6923077
210	240,6923077
210	232,6923077
210	268,6923077
211	291,6923077
211	287,6923077
211	303,6923077
211	328,6923077
212	366,6923077
212	364,6923077
212	389,6923077
212	394,6923077
213	416,6923077
213	456,6923077
213	435,6923077
213	481,6923077
214	492,6923077
214	554,6923077
214	530,6923077
215	516,6923077
215	542,6923077
215	522,6923077
215	519,6923077
216	517,6923077
216	491,6923077
216	485,6923077
216	516,6923077
217	561,6923077
217	560,6923077
217	508,6923077
217	533,6923077
218	564,6923077
218	552,6923077
218	592,6923077
219	575,6923077
219	584,6923077
219	603,6923077
219	615,6923077
220	642,6923077
220	654,6923077
220	664,6923077
220	712,6923077
221	755,6923077
221	736,6923077
221	727,6923077
221	756,6923077
222	728,6923077
222	815,6923077
222	765,6923077
223	741,6923077
223	800,6923077
223	825,6923077
223	844,6923077
224	853,6923077
224	848,6923077
224	815,6923077
224	773,6923077
225	828,6923077
225	822,6923077
225	839,6923077
225	793,6923077
226	751,6923077
226	714,6923077
226	722,6923077
227	709,6923077
227	672,6923077
227	691,6923077
227	633,6923077
228	599,6923077
228	594,6923077
228	613,6923077
228	597,6923077
229	568,6923077
229	600,6923077
229	543,6923077
229	522,6923077
230	535,6923077
230	489,6923077
230	507,6923077
231	527,6923077
231	536,6923077
231	492,6923077
231	481,6923077
232	520,6923077
232	505,6923077
232	483,6923077
232	492,6923077
233	476,6923077
233	523,6923077
233	570,6923077
233	541,6923077
234	536,6923077
234	520,6923077
234	524,6923077
235	544,6923077
235	558,6923077
235	583,6923077
235	587,6923077
236	589,6923077
236	576,6923077
236	598,6923077
236	562,6923077
237	562,6923077
237	598,6923077
237	617,6923077
237	647,6923077
238	633,6923077
238	652,6923077
238	653,6923077
239	641,6923077
239	686,6923077
239	694,6923077
239	693,6923077
240	668,6923077
240	694,6923077
240	728,6923077
240	674,6923077
241	690,6923077
241	714,6923077
241	745,6923077
241	727,6923077
242	734,6923077
242	720,6923077
242	716,6923077
243	761,6923077
243	738,6923077
243	750,6923077
243	752,6923077
244	786,6923077
244	777,6923077
244	762,6923077
244	813,6923077
245	844,6923077
245	781,6923077
245	793,6923077
245	813,6923077
246	839,6923077
246	797,6923077
246	830,6923077
247	819,6923077
247	829,6923077
247	896,6923077
247	885,6923077
248	894,6923077
248	871,6923077
248	889,6923077
248	861,6923077
249	899,6923077
249	895,6923077
249	934,6923077
249	922,6923077
250	952,6923077
250	961,6923077
250	976,6923077
251	974,6923077
251	989,6923077
251	977,6923077
251	1015,6923077
252	993,6923077
252	1024,6923077
252	995,6923077
252	997,6923077
253	988,6923077
253	1029,6923077
253	1016,6923077
253	1020,6923077
254	973,6923077
254	1012,6923077
254	1010,6923077
254	1027,6923077
255	1010,6923077
255	1012,6923077
255	1033,6923077
256	1049,6923077
256	969,6923077
256	954,6923077
256	1027,6923077
257	996,6923077
257	976,6923077
257	1005,6923077
257	983,6923077
258	1003,6923077
258	984,6923077
258	978,6923077
258	949,6923077
259	969,6923077
259	964,6923077
259	986,6923077
260	971,6923077
260	998,6923077
260	1030,6923077
260	1018,6923077
261	987,6923077
261	1030,6923077
261	1031,6923077
261	1035,6923077
262	1028,6923077
262	999,6923077
262	1021,6923077
262	1011,6923077
263	1005,6923077
263	1027,6923077
263	985,6923077
264	1033,6923077
264	1013,6923077
264	995,6923077
264	978,6923077
265	979,6923077
265	998,6923077
265	1059,6923077
265	1023,6923077
266	1035,6923077
266	1009,6923077
266	1027,6923077
266	986,6923077
267	1045,6923077
267	1009,6923077
267	1011,6923077
268	1038,6923077
268	1079,6923077
268	1033,6923077
268	1077,6923077
269	1039,6923077
269	1044,6923077
269	1059,6923077
269	1071,6923077
270	1054,6923077
270	1091,6923077
270	1095,6923077
270	1106,6923077
271	1118,6923077
271	1145,6923077
271	1106,6923077
271	1147,6923077
272	1144,6923077
272	1169,6923077
272	1191,6923077
273	1166,6923077
273	1198,6923077
273	1204,6923077
273	1176,6923077
274	1202,6923077
274	1207,6923077
274	1228,6923077
274	1275,6923077
275	1207,6923077
275	1261,6923077
275	1231,6923077
275	1252,6923077
276	1242,6923077
276	1261,6923077
276	1259,6923077
277	1239,6923077
277	1260,6923077
277	1238,6923077
277	1231,6923077
278	1261,6923077
278	1268,6923077
278	1238,6923077
278	1269,6923077
279	1244,6923077
279	1268,6923077
279	1245,6923077
279	1244,6923077
280	1254,6923077
280	1270,6923077
280	1274,6923077
280	1305,6923077
281	1329,6923077
281	1327,6923077
281	1314,6923077
282	1368,6923077
282	1395,6923077
282	1383,6923077
282	1381,6923077
283	1407,6923077
283	1408,6923077
283	1455,6923077
283	1491,6923077
284	1506,6923077
284	1478,6923077
284	1529,6923077
284	1545,6923077
285	1640,6923077
285	1611,6923077
285	1641,6923077
286	1614,6923077
286	1622,6923077
286	1609,6923077
286	1693,6923077
287	1689,6923077
287	1740,6923077
287	1738,6923077
287	1752,6923077
288	1744,6923077
288	1760,6923077
288	1839,6923077
288	1889,6923077
289	1871,6923077
289	1868,6923077
289	1856,6923077
290	1940,6923077
290	1915,6923077
290	1924,6923077
290	1889,6923077
291	1932,6923077
291	1967,6923077
291	1938,6923077
291	1934,6923077
292	1941,6923077
292	1952,6923077
292	1938,6923077
292	1954,6923077
293	1979,6923077
293	2000,6923077
293	2091,6923077
293	2025,6923077
294	2087,6923077
294	2062,6923077
294	2077,6923077
295	2098,6923077
295	2143,6923077
295	2137,6923077
295	2215,6923077
296	2177,6923077
296	2214,6923077
296	2175,6923077
296	2182,6923077
297	2199,6923077
297	2237,6923077
297	2207,6923077
297	2300,6923077
298	2260,6923077
298	2332,6923077
298	2335,6923077
299	2355,6923077
299	2352,6923077
299	2410,6923077
299	2332,6923077
300	2375,6923077
300	2397,6923077
300	2351,6923077
300	2340,6923077
301	2384,6923077
301	2385,6923077
301	2381,6923077
301	2364,6923077
302	2344,6923077
302	2383,6923077
302	2288,6923077
302	2328,6923077
303	2295,6923077
303	2233,6923077
303	2272,6923077
304	2252,6923077
304	2226,6923077
304	2193,6923077
304	2248,6923077
305	2250,6923077
305	2189,6923077
305	2190,6923077
305	2195,6923077
306	2158,6923077
306	2182,6923077
306	2165,6923077
306	2154,6923077
307	2063,6923077
307	2111,6923077
307	2035,6923077
307	2064,6923077
308	2082,6923077
308	2060,6923077
308	2034,6923077
309	2106,6923077
309	2039,6923077
309	2063,6923077
309	2073,6923077
310	2086,6923077
310	2134,6923077
310	2096,6923077
310	2089,6923077
311	2112,6923077
311	2117,6923077
311	2112,6923077
311	2151,6923077
312	2093,6923077
312	2093,6923077
312	2079,6923077
313	2090,6923077
313	2116,6923077
313	2120,6923077
313	2138,6923077
314	2109,6923077
314	2104,6923077
314	2122,6923077
314	2111,6923077
315	2057,6923077
315	2089,6923077
315	2097,6923077
315	2080,6923077
316	2017,6923077
316	2047,6923077
316	2061,6923077
316	1971,6923077
317	1917,6923077
317	1973,6923077
317	1954,6923077
318	1923,6923077
318	1958,6923077
318	1947,6923077
318	1911,6923077
319	1894,6923077
319	1883,6923077
319	1874,6923077
319	1886,6923077
320	1947,6923077
320	1905,6923077
320	1946,6923077
320	1944,6923077
321	2009,6923077
321	1997,6923077
321	2014,6923077
321	2027,6923077
322	2053,6923077
322	2084,6923077
322	2052,6923077
323	2117,6923077
323	2210,6923077
323	2212,6923077
323	2200,6923077
324	2276,6923077
324	2303,6923077
324	2269,6923077
324	2350,6923077
325	2443,6923077
325	2446,6923077
325	2414,6923077
325	2538,6923077
326	2416,6923077
326	2490,6923077
326	2474,6923077
327	2571,6923077
327	2594,6923077
327	2617,6923077
327	2625,6923077
328	2765,6923077
328	2807,6923077
328	2824,6923077
328	2915,6923077
329	2994,6923077
329	3036,6923077
329	3117,6923077
329	3063,6923077
330	3029,6923077
330	3080,6923077
330	3121,6923077
330	3105,6923077
331	3164,6923077
331	3146,6923077
331	3274,6923077
332	3308,6923077
332	3302,6923077
332	3259,6923077
332	3245,6923077
333	3238,6923077
333	3348,6923077
333	3375,6923077
333	3442,6923077
334	3413,6923077
334	3567,6923077
334	3379,6923077
334	3396,6923077
335	3356,6923077
335	3379,6923077
335	3338,6923077
335	3308,6923077
336	3197,6923077
336	3241,6923077
336	3196,6923077
337	3129,6923077
337	3215,6923077
337	3195,6923077
337	3188,6923077
338	3098,6923077
338	3035,6923077
338	3034,6923077
338	2943,6923077
339	2897,6923077
339	2803,6923077
339	2812,6923077
339	2717,6923077
340	2739,6923077
340	2705,6923077
340	2615,6923077
340	2607,6923077
341	2629,6923077
341	2566,6923077
341	2524,6923077
342	2530,6923077
342	2565,6923077
342	2499,6923077
342	2465,6923077
343	2474,6923077
343	2464,6923077
343	2397,6923077
343	2396,6923077
344	2399,6923077
344	2509,6923077
344	2477,6923077
344	2483,6923077
345	2343,6923077
345	2358,6923077
345	2388,6923077
345	2454,6923077
346	2457,6923077
346	2453,6923077
346	2444,6923077
347	2399,6923077
347	2297,6923077
347	2309,6923077
347	2278,6923077
348	2294,6923077
348	2302,6923077
348	2364,6923077
348	2354,6923077
349	2346,6923077
349	2282,6923077
349	2260,6923077
349	2231,6923077
350	2165,6923077
350	2139,6923077
350	2137,6923077
350	2171,6923077
351	2111,6923077
351	2059,6923077
351	2094,6923077
352	2054,6923077
352	2018,6923077
352	2052,6923077
352	2064,6923077
353	2065,6923077
353	2091,6923077
353	2037,6923077
353	2031,6923077
354	2070,6923077
354	2119,6923077
354	2095,6923077
354	2085,6923077
355	2084,6923077
355	2097,6923077
355	2062,6923077
355	2106,6923077
356	2106,6923077
356	2098,6923077
356	2142,6923077
357	2105,6923077
357	2130,6923077
357	2174,6923077
357	2149,6923077
358	2131,6923077
358	2152,6923077
358	2204,6923077
358	2127,6923077
359	2153,6923077
359	2188,6923077
359	2183,6923077
359	2180,6923077
360	2193,6923077
360	2179,6923077
360	2164,6923077
360	2157,6923077
361	2109,6923077
361	2118,6923077
361	2101,6923077
362	2101,6923077
362	2143,6923077
362	2111,6923077
362	2138,6923077
363	2107,6923077
363	2099,6923077
363	2058,6923077
363	2056,6923077
364	2064,6923077
364	2096,6923077
364	2101,6923077
364	2079,6923077
365	2092,6923077
365	2113,6923077
365	2074,6923077
365	2111,6923077
366	2153,6923077
366	2168,6923077
366	2109,6923077
367	2145,6923077
367	2142,6923077
367	2183,6923077
367	2168,6923077
368	2168,6923077
368	2218,6923077
368	2283,6923077
368	2270,6923077
369	2307,6923077
369	2347,6923077
369	2355,6923077
369	2379,6923077
370	2401,6923077
370	2454,6923077
370	2503,6923077
370	2496,6923077
371	2534,6923077
371	2505,6923077
371	2538,6923077
371	2550,6923077
372	2607,6923077
372	2593,6923077
372	2675,6923077
373	2624,6923077
373	2660,6923077
373	2742,6923077
373	2667,6923077
374	2696,6923077
374	2772,6923077
374	2747,6923077
374	2729,6923077
375	2776,6923077
375	2858,6923077
375	2859,6923077
375	2868,6923077
376	2908,6923077
376	2884,6923077
376	2867,6923077
376	2882,6923077
377	2916,6923077
377	2918,6923077
377	2935,6923077
378	2935,6923077
378	2862,6923077
378	2914,6923077
378	2889,6923077
379	3000,6923077
379	2936,6923077
379	3022,6923077
379	3110,6923077
380	3097,6923077
380	3112,6923077
380	3174,6923077
380	3106,6923077
381	3121,6923077
381	3068,6923077
381	3136,6923077
381	3071,6923077
382	3132,6923077
382	3116,6923077
382	3154,6923077
383	3147,6923077
383	3170,6923077
383	3146,6923077
383	3138,6923077
384	3144,6923077
384	3235,6923077
384	3171,6923077
384	3279,6923077
385	3220,6923077
385	3297,6923077
385	3325,6923077
385	3397,6923077
386	3300,6923077
386	3372,6923077
386	3349,6923077
386	3440,6923077
387	3438,6923077
387	3494,6923077
387	3493,6923077
387	3611,6923077
388	3558,6923077
388	3662,6923077
388	3717,6923077
389	3834,6923077
389	3811,6923077
389	3902,6923077
389	3923,6923077
390	3890,6923077
390	3987,6923077
390	3978,6923077
390	4056,6923077
391	3986,6923077
391	3935,6923077
391	4021,6923077
391	3953,6923077
392	4147,6923077
392	4128,6923077
392	4202,6923077
392	4224,6923077
393	4253,6923077
393	4313,6923077
393	4420,6923077
394	4436,6923077
394	4474,6923077
394	4602,6923077
394	4767,6923077
395	4754,6923077
395	4763,6923077
395	4755,6923077
395	4912,6923077
396	4923,6923077
396	5146,6923077
396	5343,6923077
396	5350,6923077
397	5314,6923077
397	5427,6923077
397	5480,6923077
397	5799,6923077
398	5724,6923077
398	5825,6923077
398	5862,6923077
398	5941,6923077
399	6001,6923077
399	6080,6923077
399	6288,6923077
400	6536,6923077
400	6773,6923077
400	6803,6923077
400	6685,6923077
401	6596,6923077
401	6608,6923077
401	6785,6923077
401	6774,6923077
402	6879,6923077
402	7020,6923077
402	6881,6923077
402	6829,6923077
403	6988,6923077
403	7018,6923077
403	7326,6923077
403	7874,6923077
404	8354,6923077
404	8589,6923077
404	8466,6923077
405	8134,6923077
405	8263,6923077
405	8077,6923077
405	8047,6923077
406	8032,6923077
406	7897,6923077
406	7668,6923077
406	7759,6923077
407	7694,6923077
407	7609,6923077
407	7819,6923077
407	8083,6923077
408	8159,6923077
408	8108,6923077
408	8160,6923077
408	8433,6923077
409	8221,6923077
409	8185,6923077
409	7977,6923077
409	8020,6923077
410	7869,6923077
410	7732,6923077
410	7629,6923077
411	7427,6923077
411	7263,6923077
411	7308,6923077
411	7453,6923077
412	7808,6923077
412	7791,6923077
412	7759,6923077
412	7456,6923077
413	7351,6923077
413	7305,6923077
413	7252,6923077
413	7141,6923077
414	7321,6923077
414	7295,6923077
414	7294,6923077
414	7169,6923077
415	7162,6923077
415	6885,6923077
415	6919,6923077
415	6836,6923077
416	6805,6923077
416	6916,6923077
416	6963,6923077
417	6735,6923077
417	6717,6923077
417	6464,6923077
417	6582,6923077
418	6418,6923077
418	6509,6923077
418	6483,6923077
418	6563,6923077
419	6562,6923077
419	6730,6923077
419	6528,6923077
419	6611,6923077
420	6689,6923077
420	6659,6923077
420	6522,6923077
420	6586,6923077
421	6493,6923077
421	6572,6923077
421	6563,6923077
421	6701,6923077
422	6622,6923077
422	6687,6923077
422	6515,6923077
423	6684,6923077
423	6610,6923077
423	6755,6923077
423	6669,6923077
424	6882,6923077
424	6724,6923077
424	6721,6923077
424	6736,6923077
425	6616,6923077
425	6459,6923077
425	6422,6923077
425	6398,6923077
426	6295,6923077
426	6166,6923077
426	6121,6923077
426	5939,6923077
427	6146,6923077
427	6127,6923077
427	6145,6923077
427	6121,6923077
428	6411,6923077
428	6397,6923077
428	6457,6923077
429	6374,6923077
429	6273,6923077
429	6103,6923077
429	6239,6923077
430	5978,6923077
430	6128,6923077
430	5889,6923077
430	5896,6923077
431	5667,6923077
431	5542,6923077
431	5423,6923077
431	5498,6923077
432	5560,6923077
432	5553,6923077
432	5459,6923077
432	5603,6923077
433	5365,6923077
433	5404,6923077
433	5397,6923077
433	5401,6923077
434	5380,6923077
434	5490,6923077
434	5357,6923077
435	5570,6923077
435	5655,6923077
435	5560,6923077
435	5612,6923077
436	5585,6923077
436	5687,6923077
436	5632,6923077
436	5705,6923077
437	5886,6923077
437	5845,6923077
437	5940,6923077
437	5919,6923077
438	6145,6923077
438	6129,6923077
438	6118,6923077
438	6145,6923077
439	6352,6923077
439	6406,6923077
439	6601,6923077
439	6549,6923077
440	6636,6923077
440	6492,6923077
440	6444,6923077
441	6408,6923077
441	6620,6923077
441	6452,6923077
441	6512,6923077
442	6670,6923077
442	6654,6923077
442	6374,6923077
442	6404,6923077
443	6353,6923077
443	6343,6923077
443	6206,6923077
443	6302,6923077
444	6232,6923077
444	6335,6923077
444	6337,6923077
444	6360,6923077
445	6308,6923077
445	6482,6923077
445	6412,6923077
445	6632,6923077
446	6565,6923077
446	6587,6923077
446	6484,6923077
447	6506,6923077
447	6559,6923077
447	6636,6923077
447	6428,6923077
448	6369,6923077
448	6319,6923077
448	6405,6923077
448	6443,6923077
449	6600,6923077
449	6755,6923077
449	6672,6923077
449	6484,6923077
450	6276,6923077
450	5988,6923077
450	5924,6923077
450	5780,6923077
451	5757,6923077
451	5516,6923077
451	5531,6923077
451	5546,6923077
452	5247,6923077
452	5254,6923077
452	5187,6923077
452	5033,6923077
453	5188,6923077
453	4899,6923077
453	5052,6923077
454	5015,6923077
454	5052,6923077
454	4952,6923077
454	5041,6923077
455	4990,6923077
455	5091,6923077
455	5290,6923077
455	5388,6923077
456	5537,6923077
456	5593,6923077
456	5592,6923077
456	5666,6923077
457	5656,6923077
457	5841,6923077
457	6070,6923077
457	5987,6923077
458	6035,6923077
458	6060,6923077
458	5998,6923077
458	6202,6923077
459	6257,6923077
459	6278,6923077
459	6319,6923077
460	6355,6923077
460	6574,6923077
460	6513,6923077
460	6657,6923077
461	6588,6923077
461	6577,6923077
461	6583,6923077
461	6588,6923077
462	6711,6923077
462	6589,6923077
462	6755,6923077
462	6780,6923077
463	6832,6923077
463	7010,6923077
463	7087,6923077
463	7229,6923077
464	7197,6923077
464	7421,6923077
464	7629,6923077
464	7673,6923077
465	7876,6923077
465	7703,6923077
465	7609,6923077
465	7579,6923077
466	7770,6923077
466	7461,6923077
466	7353,6923077
467	7469,6923077
467	7879,6923077
467	8070,6923077
467	8446,6923077
468	8427,6923077
468	8493,6923077
468	8335,6923077
468	8288,6923077
469	8312,6923077
469	8091,6923077
469	8051,6923077
469	7860,6923077
470	7336,6923077
470	7105,6923077
470	6765,6923077
470	6462,6923077
471	6376,6923077
471	6218,6923077
471	5896,6923077
471	5818,6923077
472	5679,6923077
472	5663,6923077
472	5391,6923077
472	5206,6923077
473	5217,6923077
473	5197,6923077
473	5178,6923077
474	5189,6923077
474	5187,6923077
474	5345,6923077
474	5448,6923077
475	5593,6923077
475	5518,6923077
475	5645,6923077
475	5457,6923077
476	5395,6923077
476	5307,6923077
476	5316,6923077
476	5167,6923077
477	5139,6923077
477	5083,6923077
477	5020,6923077
477	5091,6923077
478	5013,6923077
478	5027,6923077
478	5052,6923077
478	5017,6923077
479	5014,6923077
479	5006,6923077
479	4960,6923077
479	5057,6923077
480	5073,6923077
480	5051,6923077
480	5167,6923077
481	5151,6923077
481	5190,6923077
481	5072,6923077
481	5207,6923077
482	5322,6923077
482	5311,6923077
482	5369,6923077
482	5603,6923077
483	5618,6923077
483	5649,6923077
483	5682,6923077
483	5733,6923077
484	5779,6923077
484	5828,6923077
484	5896,6923077
484	6211,6923077
485	6157,6923077
485	6196,6923077
485	5990,6923077
485	5910,6923077
486	5898,6923077
486	5910,6923077
486	5749,6923077
486	5633,6923077
487	5632,6923077
487	5608,6923077
487	5475,6923077
488	5466,6923077
488	5479,6923077
488	5410,6923077
488	5418,6923077
489	5395,6923077
489	5423,6923077
489	5478,6923077
489	5541,6923077
490	5735,6923077
490	5948,6923077
490	6075,6923077
490	6092,6923077
491	6297,6923077
491	6450,6923077
491	6474,6923077
491	6454,6923077
492	6659,6923077
492	6649,6923077
492	6765,6923077
492	6807,6923077
493	6991,6923077
493	7092,6923077
493	7333,6923077
493	7432,6923077
494	7748,6923077
494	7876,6923077
494	8116,6923077
495	8283,6923077
495	8583,6923077
495	8788,6923077
495	8946,6923077
496	9144,6923077
496	9247,6923077
496	9454,6923077
496	9785,6923077
497	9936,6923077
497	10144,6923077
497	10167,6923077
497	10443,6923077
498	10563,6923077
498	10874,6923077
498	10858,6923077
498	11031,6923077
499	11088,6923077
499	11241,6923077
499	11113,6923077
499	11334,6923077
500	11503,6923077
500	11851,6923077
500	11977,6923077
500	12217,6923077
501	12149,6923077
501	12066,6923077
501	11729,6923077
502	11546,6923077
502	11290,6923077
502	11246,6923077
502	11219,6923077
503	11291,6923077
503	11243,6923077
503	11449,6923077
503	11671,6923077
504	12292,6923077
504	13462,6923077
504	14596,6923077
504	14911,6923077
505	14896,6923077
505	14832,6923077
505	14854,6923077
505	14892,6923077
506	14903,6923077
506	14539,6923077
506	14205,6923077
506	13474,6923077
507	12917,6923077
507	12031,6923077
507	11269,6923077
507	10334,6923077
508	9614,6923077
508	8995,6923077
508	8817,6923077
508	8499,6923077
509	8290,6923077
509	7936,6923077
509	7515,6923077
510	7243,6923077
510	6958,6923077
510	6710,6923077
510	6483,6923077
511	6176,6923077
511	6076,6923077
511	5913,6923077
511	5843,6923077
512	5698,6923077
512	5662,6923077
512	5658,6923077
512	5600,6923077
513	5573,6923077
513	5615,6923077
513	5464,6923077
513	5593,6923077
514	5582,6923077
514	5591,6923077
514	5540,6923077
514	5583,6923077
515	5623,6923077
515	5750,6923077
515	5662,6923077
515	5717,6923077
516	5627,6923077
516	5653,6923077
516	5615,6923077
516	5575,6923077
517	5765,6923077
517	5747,6923077
517	5707,6923077
518	5824,6923077
518	5800,6923077
518	5868,6923077
518	5781,6923077
519	5668,6923077
519	5627,6923077
519	5719,6923077
519	5732,6923077
520	5778,6923077
520	5717,6923077
520	5672,6923077
520	5646,6923077
521	5711,6923077
521	5900,6923077
521	6400,6923077
521	6666,6923077
522	7092,6923077
522	7322,6923077
522	7390,6923077
522	7233,6923077
523	6976,6923077
523	6772,6923077
523	6649,6923077
523	6307,6923077
524	6145,6923077
524	5926,6923077
524	5812,6923077
524	5694,6923077
525	5446,6923077
525	5295,6923077
525	5209,6923077
526	5105,6923077
526	5095,6923077
526	4972,6923077
526	4934,6923077
527	4796,6923077
527	4684,6923077
527	4584,6923077
527	4620,6923077
528	4541,6923077
528	4471,6923077
528	4405,6923077
528	4420,6923077
529	4318,6923077
529	4367,6923077
529	4291,6923077
529	4284,6923077
530	4308,6923077
530	4262,6923077
530	4263,6923077
530	4349,6923077
531	4294,6923077
531	4256,6923077
531	4265,6923077
531	4281,6923077
532	4241,6923077
532	4204,6923077
532	4213,6923077
532	4348,6923077
533	4274,6923077
533	4246,6923077
533	4257,6923077
534	4253,6923077
534	4268,6923077
534	4262,6923077
534	4215,6923077
535	4207,6923077
535	4247,6923077
535	4291,6923077
535	4220,6923077
536	4356,6923077
536	4292,6923077
536	4401,6923077
536	4372,6923077
537	4411,6923077
537	4309,6923077
537	4291,6923077
537	4331,6923077
538	4314,6923077
538	4344,6923077
538	4362,6923077
538	4329,6923077
539	4280,6923077
539	4261,6923077
539	4278,6923077
539	4251,6923077
540	4268,6923077
540	4253,6923077
540	4177,6923077
540	4182,6923077
541	4178,6923077
541	4125,6923077
541	4111,6923077
541	4089,6923077
542	4104,6923077
542	4112,6923077
542	4142,6923077
543	4072,6923077
543	4095,6923077
543	4071,6923077
543	4124,6923077
544	4107,6923077
544	4122,6923077
544	4069,6923077
544	4169,6923077
545	4106,6923077
545	4189,6923077
545	4113,6923077
545	4229,6923077
546	4251,6923077
546	4235,6923077
546	4219,6923077
546	4256,6923077
547	4272,6923077
547	4316,6923077
547	4354,6923077
547	4365,6923077
548	4353,6923077
548	4451,6923077
548	4388,6923077
548	4470,6923077
549	4462,6923077
549	4531,6923077
549	4595,6923077
549	4748,6923077
550	4797,6923077
550	4795,6923077
550	4865,6923077
550	4742,6923077
551	4692,6923077
551	4722,6923077
551	4599,6923077
552	4698,6923077
552	4788,6923077
552	4827,6923077
552	4785,6923077
553	4808,6923077
553	4818,6923077
553	4853,6923077
553	4953,6923077
554	5061,6923077
554	5059,6923077
554	4969,6923077
554	4857,6923077
555	4813,6923077
555	4760,6923077
555	4691,6923077
555	4670,6923077
556	4610,6923077
556	4543,6923077
556	4562,6923077
556	4555,6923077
557	4752,6923077
557	4866,6923077
557	5039,6923077
557	5246,6923077
558	5280,6923077
558	5147,6923077
558	5210,6923077
558	5139,6923077
559	5124,6923077
559	5057,6923077
559	5063,6923077
559	4913,6923077
560	4952,6923077
560	4837,6923077
560	4893,6923077
561	4785,6923077
561	4770,6923077
561	4814,6923077
561	4830,6923077
562	4822,6923077
562	4901,6923077
562	4900,6923077
562	5024,6923077
563	4964,6923077
563	5101,6923077
563	5097,6923077
563	5197,6923077
564	5220,6923077
564	5247,6923077
564	5281,6923077
564	5342,6923077
565	5338,6923077
565	5423,6923077
565	5459,6923077
565	5540,6923077
566	5518,6923077
566	5595,6923077
566	5668,6923077
566	5684,6923077
567	5703,6923077
567	5781,6923077
567	5824,6923077
567	5932,6923077
568	6043,6923077
568	6067,6923077
568	5996,6923077
568	5908,6923077
569	5827,6923077
569	5777,6923077
569	5743,6923077
569	5751,6923077
570	5819,6923077
570	6058,6923077
570	6453,6923077
571	6983,6923077
571	7353,6923077
571	7555,6923077
571	7925,6923077
572	8812,6923077
572	9568,6923077
572	9946,6923077
572	9727,6923077
573	9108,6923077
573	8631,6923077
573	8096,6923077
573	7729,6923077
574	7312,6923077
574	6758,6923077
574	6493,6923077
574	6152,6923077
575	6029,6923077
575	5798,6923077
575	5640,6923077
575	5322,6923077
576	5076,6923077
576	4752,6923077
576	4547,6923077
576	4309,6923077
577	4177,6923077
577	4048,6923077
577	3944,6923077
577	3852,6923077
578	3769,6923077
578	3589,6923077
578	3580,6923077
578	3562,6923077
579	3451,6923077
579	3425,6923077
579	3307,6923077
579	3334,6923077
580	3281,6923077
580	3238,6923077
580	3217,6923077
581	3217,6923077
581	3215,6923077
581	3202,6923077
581	3178,6923077
582	3132,6923077
582	3179,6923077
582	3097,6923077
582	3090,6923077
583	3078,6923077
583	3126,6923077
583	3063,6923077
583	3068,6923077
584	3056,6923077
584	3048,6923077
584	3010,6923077
584	3075,6923077
585	3036,6923077
585	3082,6923077
585	3067,6923077
585	3082,6923077
586	3063,6923077
586	3122,6923077
586	3130,6923077
586	3190,6923077
587	3263,6923077
587	3242,6923077
587	3275,6923077
587	3292,6923077
588	3294,6923077
588	3274,6923077
588	3345,6923077
588	3359,6923077
589	3393,6923077
589	3447,6923077
589	3453,6923077
589	3490,6923077
590	3529,6923077
590	3522,6923077
590	3534,6923077
590	3601,6923077
591	3601,6923077
591	3622,6923077
591	3608,6923077
592	3661,6923077
592	3628,6923077
592	3731,6923077
592	3700,6923077
593	3806,6923077
593	3830,6923077
593	3831,6923077
593	3820,6923077
594	3901,6923077
594	3918,6923077
594	3911,6923077
594	3826,6923077
595	3916,6923077
595	3866,6923077
595	3851,6923077
595	3791,6923077
596	3885,6923077
596	3850,6923077
596	3988,6923077
596	4067,6923077
597	4271,6923077
597	4460,6923077
597	4718,6923077
597	4887,6923077
598	5077,6923077
598	5272,6923077
598	5449,6923077
598	5475,6923077
599	5354,6923077
599	5078,6923077
599	4890,6923077
599	4798,6923077
600	4645,6923077
600	4455,6923077
600	4274,6923077
600	4140,6923077
601	4004,6923077
601	3821,6923077
601	3726,6923077
601	3534,6923077
602	3466,6923077
602	3315,6923077
602	3287,6923077
603	3197,6923077
603	3112,6923077
603	3001,6923077
603	2975,6923077
604	2866,6923077
604	2896,6923077
604	2878,6923077
604	2875,6923077
605	2752,6923077
605	2793,6923077
605	2799,6923077
605	2768,6923077
606	2716,6923077
606	2746,6923077
606	2730,6923077
606	2793,6923077
607	2779,6923077
607	2723,6923077
607	2718,6923077
607	2780,6923077
608	2783,6923077
608	2758,6923077
608	2710,6923077
608	2754,6923077
609	2730,6923077
609	2780,6923077
609	2796,6923077
609	2748,6923077
610	2767,6923077
610	2756,6923077
610	2758,6923077
610	2745,6923077
611	2750,6923077
611	2810,6923077
611	2762,6923077
611	2800,6923077
612	2813,6923077
612	2838,6923077
612	2841,6923077
612	2827,6923077
613	2830,6923077
613	2876,6923077
613	2901,6923077
613	2914,6923077
614	2832,6923077
614	2883,6923077
614	2871,6923077
614	2917,6923077
615	2898,6923077
615	2892,6923077
615	2932,6923077
616	2917,6923077
616	2916,6923077
616	2900,6923077
616	2924,6923077
617	3005,6923077
617	2994,6923077
617	2961,6923077
617	2950,6923077
618	3012,6923077
618	2966,6923077
618	3021,6923077
618	2982,6923077
619	3041,6923077
619	3005,6923077
619	3053,6923077
619	3028,6923077
620	3106,6923077
620	3052,6923077
620	3044,6923077
620	3128,6923077
621	3150,6923077
621	3157,6923077
621	3186,6923077
621	3236,6923077
622	3298,6923077
622	3354,6923077
622	3325,6923077
622	3241,6923077
623	3277,6923077
623	3284,6923077
623	3255,6923077
623	3234,6923077
624	3154,6923077
624	3160,6923077
624	3123,6923077
624	3071,6923077
625	3093,6923077
625	3095,6923077
625	3062,6923077
625	3020,6923077
626	2998,6923077
626	3036,6923077
626	3001,6923077
626	2922,6923077
627	2968,6923077
627	2945,6923077
627	2897,6923077
627	2878,6923077
628	2892,6923077
628	2907,6923077
628	2871,6923077
629	2858,6923077
629	2891,6923077
629	2867,6923077
629	2854,6923077
630	2872,6923077
630	2856,6923077
630	2820,6923077
630	2859,6923077
631	2825,6923077
631	2792,6923077
631	2815,6923077
631	2814,6923077
632	2763,6923077
632	2813,6923077
632	2776,6923077
632	2827,6923077
633	2775,6923077
633	2739,6923077
633	2780,6923077
633	2771,6923077
634	2757,6923077
634	2760,6923077
634	2723,6923077
634	2730,6923077
635	2739,6923077
635	2764,6923077
635	2691,6923077
635	2692,6923077
636	2673,6923077
636	2630,6923077
636	2719,6923077
636	2699,6923077
637	2679,6923077
637	2688,6923077
637	2671,6923077
637	2713,6923077
638	2674,6923077
638	2704,6923077
638	2665,6923077
638	2705,6923077
639	2736,6923077
639	2703,6923077
639	2744,6923077
639	2800,6923077
640	2786,6923077
640	2821,6923077
640	2761,6923077
640	2743,6923077
641	2830,6923077
641	2807,6923077
641	2746,6923077
641	2803,6923077
642	2812,6923077
642	2862,6923077
642	2816,6923077
642	2863,6923077
643	2830,6923077
643	2847,6923077
643	2863,6923077
644	2885,6923077
644	2885,6923077
644	2838,6923077
644	2815,6923077
645	2859,6923077
645	2864,6923077
645	2823,6923077
645	2890,6923077
646	2909,6923077
646	2875,6923077
646	2943,6923077
646	2901,6923077
647	2884,6923077
647	2922,6923077
647	2943,6923077
647	2930,6923077
648	2989,6923077
648	3009,6923077
648	3071,6923077
648	3077,6923077
649	3082,6923077
649	3111,6923077
649	3121,6923077
649	3133,6923077
650	3224,6923077
650	3234,6923077
650	3352,6923077
650	3302,6923077
651	3334,6923077
651	3315,6923077
651	3478,6923077
651	3461,6923077
652	3635,6923077
652	3693,6923077
652	3873,6923077
652	3935,6923077
653	3993,6923077
653	3900,6923077
653	3938,6923077
653	3914,6923077
654	3961,6923077
654	3888,6923077
654	3913,6923077
654	3846,6923077
655	3894,6923077
655	3901,6923077
655	3913,6923077
655	3858,6923077
656	3899,6923077
656	3865,6923077
656	3897,6923077
656	3899,6923077
657	3841,6923077
657	3846,6923077
657	3806,6923077
657	3818,6923077
658	3828,6923077
658	3864,6923077
658	3884,6923077
658	3892,6923077
659	3938,6923077
659	3994,6923077
659	4077,6923077
660	4201,6923077
660	4324,6923077
660	4485,6923077
660	4743,6923077
661	4748,6923077
661	4865,6923077
661	4788,6923077
661	4756,6923077
662	4690,6923077
662	4531,6923077
662	4439,6923077
662	4323,6923077
663	4242,6923077
663	4170,6923077
663	4081,6923077
663	3935,6923077
664	3816,6923077
664	3726,6923077
664	3648,6923077
664	3778,6923077
665	3777,6923077
665	3867,6923077
665	3940,6923077
665	3826,6923077
666	3631,6923077
666	3540,6923077
666	3388,6923077
666	3314,6923077
667	3171,6923077
667	3184,6923077
667	3076,6923077
667	2933,6923077
668	2848,6923077
668	2833,6923077
668	2774,6923077
668	2750,6923077
669	2661,6923077
669	2564,6923077
669	2500,6923077
669	2488,6923077
670	2405,6923077
670	2402,6923077
670	2369,6923077
670	2318,6923077
671	2286,6923077
671	2222,6923077
671	2224,6923077
671	2169,6923077
672	2170,6923077
672	2152,6923077
672	2138,6923077
672	2091,6923077
673	2070,6923077
673	2086,6923077
673	2108,6923077
673	2061,6923077
674	1996,6923077
674	2036,6923077
674	1976,6923077
674	1953,6923077
675	1920,6923077
675	1965,6923077
675	1936,6923077
675	1885,6923077
676	1888,6923077
676	1909,6923077
676	1905,6923077
676	1894,6923077
677	1883,6923077
677	1914,6923077
677	1870,6923077
677	1879,6923077
678	1814,6923077
678	1835,6923077
678	1814,6923077
678	1825,6923077
679	1793,6923077
679	1806,6923077
679	1816,6923077
680	1835,6923077
680	1778,6923077
680	1813,6923077
680	1803,6923077
681	1797,6923077
681	1738,6923077
681	1759,6923077
681	1739,6923077
682	1728,6923077
682	1730,6923077
682	1722,6923077
682	1688,6923077
683	1729,6923077
683	1712,6923077
683	1726,6923077
683	1690,6923077
684	1720,6923077
684	1636,6923077
684	1620,6923077
684	1652,6923077
685	1638,6923077
685	1640,6923077
685	1693,6923077
685	1651,6923077
686	1671,6923077
686	1632,6923077
686	1624,6923077
686	1575,6923077
687	1588,6923077
687	1628,6923077
687	1597,6923077
687	1593,6923077
688	1597,6923077
688	1597,6923077
688	1604,6923077
688	1582,6923077
689	1600,6923077
689	1575,6923077
689	1554,6923077
689	1589,6923077
690	1604,6923077
690	1532,6923077
690	1562,6923077
690	1556,6923077
691	1576,6923077
691	1585,6923077
691	1607,6923077
691	1550,6923077
692	1525,6923077
692	1547,6923077
692	1563,6923077
692	1518,6923077
693	1526,6923077
693	1515,6923077
693	1504,6923077
693	1530,6923077
694	1553,6923077
694	1498,6923077
694	1509,6923077
694	1476,6923077
695	1489,6923077
695	1456,6923077
695	1512,6923077
695	1526,6923077
696	1511,6923077
696	1458,6923077
696	1490,6923077
696	1436,6923077
697	1437,6923077
697	1447,6923077
697	1444,6923077
697	1457,6923077
698	1464,6923077
698	1431,6923077
698	1421,6923077
698	1427,6923077
699	1449,6923077
699	1406,6923077
699	1430,6923077
699	1452,6923077
700	1426,6923077
700	1363,6923077
700	1396,6923077
700	1403,6923077
701	1424,6923077
701	1383,6923077
701	1383,6923077
701	1374,6923077
702	1391,6923077
702	1378,6923077
702	1354,6923077
702	1367,6923077
703	1370,6923077
703	1373,6923077
703	1360,6923077
703	1311,6923077
704	1335,6923077
704	1313,6923077
704	1356,6923077
704	1320,6923077
705	1295,6923077
705	1302,6923077
705	1319,6923077
706	1268,6923077
706	1268,6923077
706	1289,6923077
706	1248,6923077
707	1268,6923077
707	1247,6923077
707	1279,6923077
707	1282,6923077
708	1236,6923077
708	1240,6923077
708	1218,6923077
708	1224,6923077
709	1232,6923077
709	1254,6923077
709	1224,6923077
709	1208,6923077
710	1187,6923077
710	1217,6923077
710	1204,6923077
710	1185,6923077
711	1229,6923077
711	1212,6923077
711	1206,6923077
711	1195,6923077
712	1191,6923077
712	1164,6923077
712	1196,6923077
712	1204,6923077
713	1251,6923077
713	1169,6923077
713	1195,6923077
713	1161,6923077
714	1204,6923077
714	1191,6923077
714	1177,6923077
714	1182,6923077
715	1150,6923077
715	1158,6923077
715	1158,6923077
715	1172,6923077
716	1199,6923077
716	1172,6923077
716	1168,6923077
716	1185,6923077
717	1145,6923077
717	1167,6923077
717	1123,6923077
717	1132,6923077
718	1166,6923077
718	1144,6923077
718	1121,6923077
718	1151,6923077
719	1120,6923077
719	1145,6923077
719	1123,6923077
719	1160,6923077
720	1267,6923077
720	1259,6923077
720	1317,6923077
720	1282,6923077
721	1282,6923077
721	1237,6923077
721	1232,6923077
721	1167,6923077
722	1159,6923077
722	1166,6923077
722	1162,6923077
722	1188,6923077
723	1163,6923077
723	1127,6923077
723	1066,6923077
723	1077,6923077
724	1063,6923077
724	1022,6923077
724	991,6923077
724	1011,6923077
725	1029,6923077
725	989,6923077
725	970,6923077
725	963,6923077
726	967,6923077
726	995,6923077
726	978,6923077
726	994,6923077
727	971,6923077
727	929,6923077
727	973,6923077
727	969,6923077
728	946,6923077
728	954,6923077
728	935,6923077
728	925,6923077
729	936,6923077
729	955,6923077
729	929,6923077
729	904,6923077
730	942,6923077
730	898,6923077
730	899,6923077
730	953,6923077
731	960,6923077
731	919,6923077
731	940,6923077
731	927,6923077
732	897,6923077
732	929,6923077
732	909,6923077
732	914,6923077
733	941,6923077
733	928,6923077
733	895,6923077
733	952,6923077
734	898,6923077
734	891,6923077
734	889,6923077
734	908,6923077
735	905,6923077
735	897,6923077
735	893,6923077
735	906,6923077
736	948,6923077
736	907,6923077
736	898,6923077
736	926,6923077
737	921,6923077
737	925,6923077
737	958,6923077
737	982,6923077
738	986,6923077
738	1012,6923077
738	988,6923077
738	995,6923077
739	1043,6923077
739	1041,6923077
739	1050,6923077
739	1095,6923077
740	1082,6923077
740	1079,6923077
740	1099,6923077
740	1127,6923077
741	1106,6923077
741	1193,6923077
741	1181,6923077
741	1194,6923077
742	1227,6923077
742	1216,6923077
742	1254,6923077
742	1283,6923077
743	1286,6923077
743	1235,6923077
743	1254,6923077
743	1290,6923077
744	1318,6923077
744	1366,6923077
744	1373,6923077
744	1344,6923077
745	1360,6923077
745	1376,6923077
745	1304,6923077
745	1302,6923077
746	1344,6923077
746	1412,6923077
746	1519,6923077
746	1636,6923077
747	1661,6923077
747	1650,6923077
747	1528,6923077
747	1574,6923077
748	1569,6923077
748	1725,6923077
748	1900,6923077
748	2064,6923077
749	2066,6923077
749	1942,6923077
749	1722,6923077
749	1714,6923077
750	1592,6923077
750	1663,6923077
750	1648,6923077
750	1849,6923077
751	2077,6923077
751	2292,6923077
751	2248,6923077
751	2174,6923077
752	1967,6923077
752	1905,6923077
752	1805,6923077
752	1760,6923077
753	1622,6923077
753	1584,6923077
753	1521,6923077
753	1460,6923077
754	1365,6923077
754	1220,6923077
754	1108,6923077
754	1093,6923077
755	1045,6923077
755	982,6923077
755	920,6923077
755	906,6923077
756	834,6923077
756	836,6923077
756	836,6923077
756	800,6923077
757	811,6923077
757	778,6923077
757	778,6923077
757	788,6923077
758	775,6923077
758	759,6923077
758	722,6923077
758	730,6923077
759	726,6923077
759	767,6923077
759	706,6923077
759	736,6923077
760	709,6923077
760	734,6923077
760	716,6923077
760	696,6923077
761	731,6923077
761	722,6923077
761	723,6923077
761	731,6923077
762	719,6923077
762	711,6923077
762	668,6923077
762	701,6923077
763	699,6923077
763	702,6923077
763	667,6923077
763	682,6923077
764	747,6923077
764	707,6923077
764	688,6923077
764	686,6923077
765	697,6923077
765	687,6923077
765	687,6923077
765	683,6923077
766	686,6923077
766	706,6923077
766	709,6923077
766	692,6923077
767	706,6923077
767	698,6923077
767	717,6923077
767	704,6923077
768	754,6923077
768	731,6923077
768	768,6923077
768	761,6923077
769	796,6923077
769	806,6923077
769	847,6923077
769	896,6923077
770	888,6923077
770	925,6923077
770	978,6923077
770	1014,6923077
771	1018,6923077
771	1093,6923077
771	1136,6923077
771	1156,6923077
772	1155,6923077
772	1191,6923077
772	1237,6923077
772	1271,6923077
773	1326,6923077
773	1361,6923077
773	1376,6923077
773	1434,6923077
774	1476,6923077
774	1476,6923077
774	1498,6923077
774	1551,6923077
775	1529,6923077
775	1601,6923077
775	1594,6923077
775	1584,6923077
776	1583,6923077
776	1600,6923077
776	1647,6923077
776	1772,6923077
777	1848,6923077
777	1929,6923077
777	1990,6923077
777	1957,6923077
778	1928,6923077
778	1764,6923077
778	1644,6923077
778	1666,6923077
779	1708,6923077
779	1807,6923077
779	1867,6923077
779	1828,6923077
780	1682,6923077
780	1590,6923077
780	1574,6923077
780	1810,6923077
781	2399,6923077
781	3343,6923077
781	4444,6923077
781	5343,6923077
782	5442,6923077
782	4973,6923077
782	4309,6923077
782	3860,6923077
783	3693,6923077
783	3483,6923077
783	3174,6923077
783	2752,6923077
784	2365,6923077
784	1934,6923077
784	1570,6923077
784	1334,6923077
785	1153,6923077
785	991,6923077
785	948,6923077
785	878,6923077
786	815,6923077
786	755,6923077
786	767,6923077
786	701,6923077
787	688,6923077
787	686,6923077
787	684,6923077
787	647,6923077
788	653,6923077
788	643,6923077
788	619,6923077
788	649,6923077
789	635,6923077
789	670,6923077
789	673,6923077
789	632,6923077
790	645,6923077
790	624,6923077
790	594,6923077
790	640,6923077
791	619,6923077
791	679,6923077
791	642,6923077
791	617,6923077
792	600,6923077
792	604,6923077
792	628,6923077
792	648,6923077
793	668,6923077
793	648,6923077
793	645,6923077
793	635,6923077
794	652,6923077
794	645,6923077
794	655,6923077
794	675,6923077
795	670,6923077
795	677,6923077
795	693,6923077
795	669,6923077
796	678,6923077
796	662,6923077
796	677,6923077
796	619,6923077
797	628,6923077
797	667,6923077
797	648,6923077
797	619,6923077
798	613,6923077
798	629,6923077
798	677,6923077
798	749,6923077
799	816,6923077
799	903,6923077
799	951,6923077
799	968,6923077
800	928,6923077
800	894,6923077
800	828,6923077
800	809,6923077
801	711,6923077
801	703,6923077
801	627,6923077
801	610,6923077
802	597,6923077
802	549,6923077
802	540,6923077
802	511,6923077
803	501,6923077
803	467,6923077
803	462,6923077
803	476,6923077
804	468,6923077
804	477,6923077
804	452,6923077
804	471,6923077
805	427,6923077
805	424,6923077
805	444,6923077
805	444,6923077
806	464,6923077
806	424,6923077
806	468,6923077
806	460,6923077
807	467,6923077
807	455,6923077
807	444,6923077
807	434,6923077
808	429,6923077
808	439,6923077
808	423,6923077
808	430,6923077
809	418,6923077
809	445,6923077
809	430,6923077
809	404,6923077
810	415,6923077
810	437,6923077
810	458,6923077
810	479,6923077
811	478,6923077
811	459,6923077
811	480,6923077
811	454,6923077
812	480,6923077
812	489,6923077
812	494,6923077
812	519,6923077
813	534,6923077
813	540,6923077
813	523,6923077
813	573,6923077
814	546,6923077
814	595,6923077
814	586,6923077
814	635,6923077
815	643,6923077
815	664,6923077
815	677,6923077
815	708,6923077
816	727,6923077
816	751,6923077
816	770,6923077
816	799,6923077
817	806,6923077
817	846,6923077
817	840,6923077
817	862,6923077
818	868,6923077
818	891,6923077
818	917,6923077
818	932,6923077
819	939,6923077
819	1008,6923077
819	1007,6923077
819	965,6923077
820	990,6923077
820	1020,6923077
820	980,6923077
820	1041,6923077
820	1074,6923077
821	1066,6923077
821	1077,6923077
821	1086,6923077
821	1086,6923077
822	1100,6923077
822	1167,6923077
822	1286,6923077
822	1412,6923077
823	1592,6923077
823	1648,6923077
823	1666,6923077
823	1560,6923077
824	1449,6923077
824	1376,6923077
824	1299,6923077
824	1267,6923077
825	1215,6923077
825	1265,6923077
825	1369,6923077
825	1523,6923077
826	1818,6923077
826	1994,6923077
826	2074,6923077
826	2007,6923077
827	1807,6923077
827	1572,6923077
827	1436,6923077
827	1286,6923077
828	1189,6923077
828	1076,6923077
828	1068,6923077
828	1091,6923077
829	1026,6923077
829	922,6923077
829	781,6923077
829	705,6923077
830	654,6923077
830	571,6923077
830	561,6923077
830	496,6923077
831	460,6923077
831	450,6923077
831	419,6923077
831	380,6923077
832	397,6923077
832	378,6923077
832	349,6923077
832	360,6923077
833	355,6923077
833	321,6923077
833	341,6923077
833	345,6923077
834	333,6923077
834	334,6923077
834	331,6923077
834	331,6923077
835	323,6923077
835	318,6923077
835	336,6923077
835	332,6923077
836	327,6923077
836	330,6923077
836	334,6923077
836	325,6923077
837	317,6923077
837	287,6923077
837	339,6923077
837	326,6923077
838	321,6923077
838	355,6923077
838	331,6923077
838	348,6923077
839	393,6923077
839	360,6923077
839	373,6923077
839	391,6923077
840	377,6923077
840	384,6923077
840	395,6923077
840	388,6923077
841	417,6923077
841	419,6923077
841	423,6923077
841	433,6923077
842	448,6923077
842	417,6923077
842	436,6923077
842	477,6923077
843	446,6923077
843	457,6923077
843	485,6923077
843	457,6923077
844	463,6923077
844	483,6923077
844	489,6923077
844	524,6923077
845	532,6923077
845	503,6923077
845	513,6923077
845	473,6923077
845	484,6923077
846	457,6923077
846	452,6923077
846	497,6923077
846	491,6923077
847	481,6923077
847	451,6923077
847	454,6923077
847	441,6923077
848	472,6923077
848	532,6923077
848	665,6923077
848	883,6923077
849	1018,6923077
849	1192,6923077
849	1084,6923077
849	913,6923077
850	729,6923077
850	593,6923077
850	510,6923077
850	481,6923077
851	431,6923077
851	399,6923077
851	386,6923077
851	339,6923077
852	302,6923077
852	317,6923077
852	297,6923077
852	292,6923077
853	280,6923077
853	267,6923077
853	278,6923077
853	270,6923077
854	255,6923077
854	267,6923077
854	274,6923077
854	271,6923077
855	259,6923077
855	256,6923077
855	277,6923077
855	306,6923077
856	303,6923077
856	283,6923077
856	304,6923077
856	286,6923077
857	301,6923077
857	315,6923077
857	330,6923077
857	370,6923077
858	341,6923077
858	344,6923077
858	337,6923077
858	334,6923077
859	331,6923077
859	319,6923077
859	360,6923077
859	359,6923077
860	363,6923077
860	397,6923077
860	375,6923077
860	372,6923077
861	454,6923077
861	499,6923077
861	525,6923077
861	527,6923077
862	542,6923077
862	535,6923077
862	553,6923077
862	571,6923077
863	536,6923077
863	586,6923077
863	622,6923077
863	695,6923077
864	707,6923077
864	707,6923077
864	729,6923077
864	729,6923077
864	725,6923077
865	779,6923077
865	708,6923077
865	767,6923077
865	761,6923077
866	774,6923077
866	759,6923077
866	771,6923077
866	801,6923077
867	901,6923077
867	935,6923077
867	984,6923077
867	1020,6923077
868	1030,6923077
868	997,6923077
868	912,6923077
868	906,6923077
869	839,6923077
869	813,6923077
869	795,6923077
869	814,6923077
870	811,6923077
870	838,6923077
870	845,6923077
870	793,6923077
871	778,6923077
871	750,6923077
871	760,6923077
871	822,6923077
872	1017,6923077
872	1195,6923077
872	1414,6923077
872	1559,6923077
873	1497,6923077
873	1270,6923077
873	1039,6923077
873	852,6923077
874	700,6923077
874	628,6923077
874	592,6923077
874	620,6923077
875	625,6923077
875	586,6923077
875	607,6923077
875	581,6923077
876	550,6923077
876	496,6923077
876	517,6923077
876	425,6923077
877	389,6923077
877	352,6923077
877	301,6923077
877	291,6923077
878	250,6923077
878	232,6923077
878	201,6923077
878	234,6923077
879	216,6923077
879	208,6923077
879	205,6923077
879	179,6923077
880	175,6923077
880	176,6923077
880	162,6923077
880	179,6923077
880	213,6923077
881	157,6923077
881	157,6923077
881	151,6923077
881	141,6923077
882	150,6923077
882	137,6923077
882	143,6923077
882	131,6923077
883	136,6923077
883	124,6923077
883	152,6923077
883	123,6923077
884	146,6923077
884	159,6923077
884	141,6923077
884	134,6923077
885	143,6923077
885	148,6923077
885	163,6923077
885	122,6923077
886	120,6923077
886	149,6923077
886	158,6923077
886	141,6923077
887	129,6923077
887	150,6923077
887	119,6923077
887	132,6923077
888	116,6923077
888	138,6923077
888	97,6923077
888	128,6923077
889	146,6923077
889	130,6923077
889	105,6923077
889	118,6923077
890	115,6923077
890	98,6923077
890	113,6923077
890	129,6923077
891	120,6923077
891	140,6923077
891	133,6923077
891	135,6923077
892	128,6923077
892	129,6923077
892	145,6923077
892	104,6923077
893	101,6923077
893	135,6923077
893	116,6923077
893	124,6923077
894	135,6923077
894	109,6923077
894	94,6923077
894	125,6923077
894	120,6923077
895	136,6923077
895	121,6923077
895	117,6923077
895	124,6923077
896	112,6923077
896	155,6923077
896	107,6923077
896	116,6923077
897	112,6923077
897	135,6923077
897	141,6923077
897	149,6923077
898	128,6923077
898	116,6923077
898	147,6923077
898	138,6923077
899	125,6923077
899	167,6923077
899	153,6923077
899	161,6923077
900	166,6923077
900	165,6923077
900	178,6923077
900	156,6923077
901	177,6923077
901	175,6923077
901	165,6923077
901	197,6923077
902	176,6923077
902	158,6923077
902	186,6923077
902	183,6923077
903	195,6923077
903	204,6923077
903	196,6923077
903	168,6923077
904	226,6923077
904	216,6923077
904	164,6923077
904	222,6923077
905	207,6923077
905	194,6923077
905	187,6923077
905	191,6923077
906	192,6923077
906	205,6923077
906	214,6923077
906	202,6923077
906	221,6923077
907	237,6923077
907	200,6923077
907	209,6923077
907	179,6923077
908	177,6923077
908	172,6923077
908	181,6923077
908	177,6923077
909	160,6923077
909	210,6923077
909	208,6923077
909	185,6923077
910	189,6923077
910	169,6923077
910	163,6923077
910	174,6923077
911	194,6923077
911	139,6923077
911	130,6923077
911	143,6923077
912	142,6923077
912	136,6923077
912	128,6923077
912	147,6923077
913	116,6923077
913	101,6923077
913	114,6923077
913	136,6923077
914	109,6923077
914	94,6923077
914	136,6923077
914	108,6923077
915	112,6923077
915	128,6923077
915	117,6923077
915	90,6923077
916	109,6923077
916	84,6923077
916	101,6923077
916	93,6923077
917	92,6923077
917	101,6923077
917	100,6923077
917	118,6923077
917	106,6923077
918	95,6923077
918	109,6923077
918	117,6923077
918	100,6923077
919	104,6923077
919	128,6923077
919	100,6923077
919	110,6923077
920	91,6923077
920	113,6923077
920	97,6923077
920	139,6923077
921	135,6923077
921	127,6923077
921	154,6923077
921	137,6923077
922	153,6923077
922	146,6923077
922	122,6923077
922	140,6923077
923	157,6923077
923	139,6923077
923	161,6923077
923	165,6923077
924	155,6923077
924	145,6923077
924	155,6923077
924	147,6923077
925	164,6923077
925	156,6923077
925	151,6923077
925	151,6923077
926	162,6923077
926	156,6923077
926	173,6923077
926	176,6923077
927	150,6923077
927	167,6923077
927	189,6923077
927	172,6923077
928	155,6923077
928	162,6923077
928	159,6923077
928	195,6923077
928	158,6923077
929	129,6923077
929	153,6923077
929	135,6923077
929	142,6923077
930	154,6923077
930	122,6923077
930	124,6923077
930	122,6923077
931	141,6923077
931	127,6923077
931	143,6923077
931	124,6923077
932	123,6923077
932	115,6923077
932	125,6923077
932	128,6923077
933	98,6923077
933	90,6923077
933	109,6923077
933	80,6923077
934	158,6923077
934	129,6923077
934	144,6923077
934	148,6923077
935	128,6923077
935	121,6923077
935	133,6923077
935	126,6923077
936	160,6923077
936	99,6923077
936	111,6923077
936	117,6923077
937	114,6923077
937	147,6923077
937	178,6923077
937	139,6923077
938	139,6923077
938	109,6923077
938	119,6923077
938	115,6923077
938	144,6923077
939	137,6923077
939	140,6923077
939	139,6923077
939	144,6923077
940	137,6923077
940	108,6923077
940	122,6923077
940	140,6923077
941	122,6923077
941	102,6923077
941	105,6923077
941	94,6923077
942	83,6923077
942	91,6923077
942	89,6923077
942	65,6923077
943	77,6923077
943	66,6923077
943	62,6923077
943	49,6923077
944	67,6923077
944	52,6923077
944	30,6923077
944	44,6923077
945	28,6923077
945	62,6923077
945	66,6923077
945	61,6923077
946	45,6923077
946	38,6923077
946	52,6923077
946	51,6923077
947	39,6923077
947	30,6923077
947	66,6923077
947	51,6923077
947	42,6923077
948	26,6923077
948	44,6923077
948	57,6923077
948	108,6923077
949	62,6923077
949	55,6923077
949	40,6923077
949	58,6923077
950	62,6923077
950	33,6923077
950	26,6923077
950	52,6923077
951	69,6923077
951	42,6923077
951	45,6923077
951	32,6923077
952	51,6923077
952	40,6923077
952	63,6923077
952	70,6923077
953	61,6923077
953	35,6923077
953	35,6923077
953	56,6923077
954	33,6923077
954	51,6923077
954	22,6923077
954	42,6923077
955	37,6923077
955	33,6923077
955	57,6923077
955	35,6923077
956	12,6923077
956	31,6923077
956	31,6923077
956	30,6923077
956	42,6923077
957	24,6923077
957	33,6923077
957	42,6923077
957	44,6923077
958	69,6923077
958	50,6923077
958	31,6923077
958	6,6923077
959	23,6923077
959	2,6923077
959	29,6923077
959	42,6923077
960	6,6923077
960	17,6923077
960	28,6923077
960	20,6923077
961	40,6923077
961	27,6923077
961	37,6923077
961	39,6923077
962	56,6923077
962	28,6923077
962	18,6923077
962	10,6923077
963	25,6923077
963	31,6923077
963	37,6923077
963	22,6923077
964	10,6923077
964	23,6923077
964	30,6923077
964	35,6923077
964	29,6923077
965	44,6923077
965	32,6923077
965	28,6923077
965	40,6923077
966	31,6923077
966	11,6923077
966	9,6923077
966	18,6923077
967	19,6923077
967	25,6923077
967	29,6923077
967	36,6923077
968	26,6923077
968	16,6923077
968	19,6923077
968	7,6923077
969	8,6923077
969	37,6923077
969	43,6923077
969	37,6923077
970	1,6923077
970	5,6923077
970	37,6923077
970	44,6923077
971	25,6923077
971	35,6923077
971	35,6923077
971	37,6923077
972	38,6923077
972	45,6923077
972	46,6923077
972	28,6923077
972	31,6923077
973	55,6923077
973	18,6923077
973	28,6923077
973	36,6923077
974	25,6923077
974	29,6923077
974	0,6923077
974	29,6923077
975	19,6923077
975	29,6923077
975	21,6923077
975	25,6923077
976	25,6923077
976	47,6923077
976	34,6923077
976	43,6923077
977	38,6923077
977	23,6923077
977	20,6923077
977	23,6923077
978	42,6923077
978	21,6923077
978	19,6923077
978	38,6923077
979	38,6923077
979	49,6923077
979	17,6923077
979	67,6923077
980	23,6923077
980	23,6923077
980	5,6923077
980	46,6923077
980	39,6923077
981	50,6923077
981	18,6923077
981	0,6923077
981	32,6923077
982	53,6923077
982	12,6923077
982	41,6923077
982	74,6923077
983	33,6923077
983	42,6923077
983	26,6923077
983	18,6923077
984	47,6923077
984	31,6923077
984	18,6923077
984	29,6923077
985	41,6923077
985	32,6923077
985	24,6923077
985	60,6923077
986	11,6923077
986	15,6923077
986	5,6923077
986	29,6923077
987	52,6923077
987	18,6923077
987	24,6923077
987	22,6923077
988	45,6923077
988	10,6923077
988	31,6923077
988	11,6923077
988	44,6923077
989	37,6923077
989	21,6923077
989	-0,3076923
989	19,6923077
990	43,6923077
990	44,6923077
990	40,6923077
990	37,6923077
991	37,6923077
991	6,6923077
991	-6,3076923
991	25,6923077
992	1,6923077
992	16,6923077
992	-4,3076923
992	20,6923077
993	49,6923077
993	44,6923077
993	22,6923077
993	-4,3076923
994	13,6923077
994	37,6923077
994	39,6923077
994	24,6923077
995	17,6923077
995	29,6923077
995	21,6923077
995	43,6923077
995	18,6923077
996	13,6923077
996	-2,3076923
996	46,6923077
996	30,6923077
997	-7,3076923
997	-16,3076923
997	38,6923077
997	33,6923077
998	7,6923077
998	24,6923077
998	16,6923077
998	0,6923077
999	25,6923077
999	20,6923077
999	5,6923077
999	12,6923077
1000	29,6923077
1000	12,6923077
1000	3,6923077
1000	8,6923077
1001	24,6923077
1001	27,6923077
1001	18,6923077
1001	18,6923077
1002	22,6923077
1002	29,6923077
1002	18,6923077
1002	34,6923077
1002	33,6923077
1003	48,6923077
1003	32,6923077
1003	27,6923077
1003	1,6923077
1004	20,6923077
1004	30,6923077
1004	3,6923077
1004	14,6923077
1005	29,6923077
1005	45,6923077
1005	17,6923077
1005	30,6923077
1006	27,6923077
1006	28,6923077
1006	73,6923077
1006	44,6923077
1007	65,6923077
1007	21,6923077
1007	42,6923077
1007	56,6923077
1008	58,6923077
1008	70,6923077
1008	82,6923077
1008	41,6923077
1008	25,6923077
1009	45,6923077
1009	61,6923077
1009	24,6923077
1009	31,6923077
1010	16,6923077
1010	61,6923077
1010	31,6923077
1010	53,6923077
1011	64,6923077
1011	58,6923077
1011	65,6923077
1011	65,6923077
1012	38,6923077
1012	18,6923077
1012	43,6923077
1012	14,6923077
1013	37,6923077
1013	33,6923077
1013	41,6923077
1013	43,6923077
1014	66,6923077
1014	21,6923077
1014	34,6923077
1014	22,6923077
1015	41,6923077
1015	40,6923077
1015	25,6923077
1015	32,6923077
1015	51,6923077
1016	40,6923077
1016	-12,3076923
1016	9,6923077
1016	27,6923077
1017	18,6923077
1017	7,6923077
1017	16,6923077
1017	13,6923077
1018	28,6923077
1018	24,6923077
1018	11,6923077
1018	4,6923077
1019	1,6923077
1019	12,6923077
1019	-4,3076923
1019	1,6923077
1020	-2,3076923
1020	11,6923077
1020	-2,3076923
1020	16,6923077
1021	26,6923077
1021	5,6923077
1021	17,6923077
1021	11,6923077
1021	-5,3076923
1022	-5,3076923
1022	10,6923077
1022	30,6923077
1022	27,6923077
1023	42,6923077
1023	24,6923077
1023	1,6923077
1023	20,6923077
1024	2,6923077
1024	-9,3076923
1024	-4,3076923
1024	-4,3076923
1025	22,6923077
1025	24,6923077
1025	-0,3076923
1025	-8,3076923
1026	-4,3076923
1026	-1,3076923
1026	-13,3076923
1026	9,6923077
1027	-4,3076923
1027	8,6923077
1027	3,6923077
1027	11,6923077
1027	-17,3076923
1028	9,6923077
1028	-37,3076923
1028	39,6923077
1028	-5,3076923
1029	27,6923077
1029	0,6923077
1029	1,6923077
1029	-18,3076923
1030	8,6923077
1030	5,6923077
1030	11,6923077
1030	-10,3076923
1031	6,6923077
1031	31,6923077
1031	23,6923077
1031	-2,3076923
1032	8,6923077
1032	3,6923077
1032	-6,3076923
1032	1,6923077
1033	-14,3076923
1033	11,6923077
1033	37,6923077
1033	-6,3076923
1034	-24,3076923
1034	-12,3076923
1034	-5,3076923
1034	18,6923077
1034	2,6923077
1035	3,6923077
1035	-6,3076923
1035	-7,3076923
1035	24,6923077
1036	6,6923077
1036	-11,3076923
1036	-4,3076923
1036	-11,3076923
1037	20,6923077
1037	20,6923077
1037	7,6923077
1037	12,6923077
1038	4,6923077
1038	22,6923077
1038	-13,3076923
1038	25,6923077
1039	11,6923077
1039	30,6923077
1039	-4,3076923
1039	12,6923077
1039	-3,3076923
1040	-4,3076923
1040	-13,3076923
1040	-7,3076923
1040	-3,3076923
1041	-6,3076923
1041	-7,3076923
1041	-9,3076923
1041	-3,3076923
1042	13,6923077
1042	-4,3076923
1042	-13,3076923
1042	30,6923077
1043	3,6923077
1043	3,6923077
1043	-3,3076923
1043	29,6923077
1044	31,6923077
1044	12,6923077
1044	29,6923077
1044	-9,3076923
1045	1,6923077
1045	30,6923077
1045	-13,3076923
1045	22,6923077
1045	21,6923077
1046	22,6923077
1046	17,6923077
1046	26,6923077
1046	3,6923077
1047	-11,3076923
1047	2,6923077
1047	-3,3076923
1047	6,6923077
1048	12,6923077
1048	-15,3076923
1048	8,6923077
1048	-7,3076923
1049	-1,3076923
1049	15,6923077
1049	43,6923077
1049	-1,3076923
1050	4,6923077
1050	-15,3076923
1050	21,6923077
1050	19,6923077
1051	1,6923077
1051	17,6923077
1051	-5,3076923
1051	17,6923077
1051	24,6923077
1052	12,6923077
1052	-1,3076923
1052	9,6923077
1052	-10,3076923
1053	-6,3076923
1053	12,6923077
1053	-18,3076923
1053	14,6923077
1054	0,6923077
1054	-15,3076923
1054	15,6923077
1054	10,6923077
1055	-19,3076923
1055	-6,3076923
1055	2,6923077
1055	-33,3076923
1056	-3,3076923
1056	-25,3076923
1056	7,6923077
1056	-5,3076923
1056	12,6923077
1057	-7,3076923
1057	31,6923077
1057	19,6923077
1057	19,6923077
1058	0,6923077
1058	3,6923077
1058	5,6923077
1058	-8,3076923
1059	-10,3076923
1059	12,6923077
1059	-8,3076923
1059	11,6923077
1060	1,6923077
1060	-13,3076923
1060	-1,3076923
1060	0,6923077
1061	4,6923077
1061	14,6923077
1061	18,6923077
1061	11,6923077
1062	6,6923077
1062	-5,3076923
1062	-9,3076923
1062	0,6923077
1062	3,6923077
1063	17,6923077
1063	2,6923077
1063	2,6923077
1063	6,6923077
1064	-7,3076923
1064	-23,3076923
1064	-2,3076923
1064	-18,3076923
1065	23,6923077
1065	22,6923077
1065	-29,3076923
1065	-21,3076923
1066	1,6923077
1066	23,6923077
1066	7,6923077
1066	33,6923077
1067	-4,3076923
1067	-13,3076923
1067	1,6923077
1067	25,6923077
1067	27,6923077
1068	7,6923077
1068	21,6923077
1068	7,6923077
1068	16,6923077
1069	23,6923077
1069	-2,3076923
1069	12,6923077
1069	-26,3076923
1070	4,6923077
1070	-10,3076923
1070	-9,3076923
1070	13,6923077
1071	-10,3076923
1071	-28,3076923
1071	-30,3076923
1071	-16,3076923
1072	7,6923077
1072	2,6923077
1072	9,6923077
1072	-14,3076923
1072	10,6923077
1073	-22,3076923
1073	-4,3076923
1073	3,6923077
1073	13,6923077
1074	0,6923077
1074	2,6923077
1074	-1,3076923
1074	3,6923077
1075	-17,3076923
1075	7,6923077
1075	1,6923077
1075	-2,3076923
1076	17,6923077
1076	-2,3076923
1076	-17,3076923
1076	4,6923077
1077	-3,3076923
1077	-4,3076923
1077	13,6923077
1077	24,6923077
1077	-7,3076923
1078	-10,3076923
1078	11,6923077
1078	18,6923077
1078	9,6923077
1079	-1,3076923
1079	12,6923077
1079	-22,3076923
1079	5,6923077
1080	12,6923077
1080	2,6923077
1080	-28,3076923
1080	7,6923077
1081	0,6923077
1081	-22,3076923
1081	1,6923077
1081	27,6923077
1082	-8,3076923
1082	-17,3076923
1082	10,6923077
1082	-10,3076923
1082	-10,3076923
1083	-5,3076923
1083	-1,3076923
1083	-3,3076923
1083	9,6923077
1084	-4,3076923
1084	-28,3076923
1084	7,6923077
1084	16,6923077
1085	3,6923077
1085	-7,3076923
1085	18,6923077
1085	23,6923077
1086	32,6923077
1086	-10,3076923
1086	20,6923077
1086	15,6923077
1087	-12,3076923
1087	-29,3076923
1087	-6,3076923
1087	0,6923077
1087	-18,3076923
1088	-5,3076923
1088	-29,3076923
1088	33,6923077
1088	13,6923077
1089	2,6923077
1089	-10,3076923
1089	35,6923077
1089	20,6923077
1090	33,6923077
1090	9,6923077
1090	12,6923077
1090	-4,3076923
1091	13,6923077
1091	-13,3076923
1091	-6,3076923
1091	14,6923077
1092	15,6923077
1092	-11,3076923
1092	0,6923077
1092	9,6923077
1092	7,6923077
1093	-0,3076923
1093	-1,3076923
1093	1,6923077
1093	4,6923077
1094	-16,3076923
1094	6,6923077
1094	-1,3076923
1094	-16,3076923
1095	-4,3076923
1095	-1,3076923
1095	-3,3076923
1095	12,6923077
1096	21,6923077
1096	27,6923077
1096	-21,3076923
1096	7,6923077
1097	4,6923077
1097	9,6923077
1097	10,6923077
1097	4,6923077
1097	-6,3076923
1098	-5,3076923
1098	8,6923077
1098	-5,3076923
1098	2,6923077
1099	-24,3076923
1099	-9,3076923
1099	6,6923077
1099	10,6923077
1100	-17,3076923
1100	4,6923077
1100	5,6923077
1100	-9,3076923
1101	12,6923077
1101	8,6923077
1101	-20,3076923
1101	-26,3076923
1101	-30,3076923
1102	7,6923077
1102	5,6923077
1102	-31,3076923
1102	5,6923077
1103	-7,3076923
1103	-23,3076923
1103	-0,3076923
1103	-13,3076923
1104	-20,3076923
1104	0,6923077
1104	-4,3076923
1104	-4,3076923
1105	-5,3076923
1105	-10,3076923
1105	-16,3076923
1105	-14,3076923
1106	-11,3076923
1106	9,6923077
1106	31,6923077
1106	1,6923077
1106	2,6923077
1107	-30,3076923
1107	-16,3076923
1107	-3,3076923
1107	-5,3076923
1108	4,6923077
1108	6,6923077
1108	-15,3076923
1108	-26,3076923
1109	-22,3076923
1109	13,6923077
1109	-11,3076923
1109	7,6923077
1110	-6,3076923
1110	5,6923077
1110	2,6923077
1110	8,6923077
1110	6,6923077
1111	15,6923077
1111	-2,3076923
1111	-13,3076923
1111	12,6923077
1112	13,6923077
1112	26,6923077
1112	31,6923077
1112	-19,3076923
1113	6,6923077
1113	-10,3076923
1113	6,6923077
1113	-7,3076923
1114	-4,3076923
1114	5,6923077
1114	-6,3076923
1114	10,6923077
1115	-5,3076923
1115	20,6923077
1115	15,6923077
1115	14,6923077
1115	25,6923077
1116	-1,3076923
1116	-12,3076923
1116	26,6923077
1116	34,6923077
1117	15,6923077
1117	-13,3076923
1117	-21,3076923
1117	-9,3076923
1118	-9,3076923
