196	-17,0769231
196	-17,0769231
196	-17,0769231
197	1,9230769
197	23,9230769
197	23,9230769
197	15,9230769
198	-20,0769231
198	4,9230769
198	21,9230769
199	7,9230769
199	-10,0769231
199	-19,0769231
199	0,9230769
200	-6,0769231
200	-1,0769231
200	-8,0769231
200	86,9230769
201	145,9230769
201	166,9230769
201	146,9230769
201	93,9230769
202	134,9230769
202	157,9230769
202	154,9230769
203	136,9230769
203	162,9230769
203	163,9230769
203	178,9230769
204	188,9230769
204	194,9230769
204	174,9230769
204	190,9230769
205	181,9230769
205	230,9230769
205	221,9230769
205	209,9230769
206	226,9230769
206	251,9230769
206	232,9230769
207	269,9230769
207	272,9230769
207	257,9230769
207	249,9230769
208	304,9230769
208	269,9230769
208	324,9230769
208	268,9230769
209	301,9230769
209	262,9230769
209	282,9230769
209	321,9230769
210	312,9230769
210	325,9230769
210	326,9230769
211	353,9230769
211	327,9230769
211	368,9230769
211	375,9230769
212	343,9230769
212	378,9230769
212	407,9230769
212	414,9230769
213	423,9230769
213	464,9230769
213	465,9230769
213	452,9230769
214	454,9230769
214	518,9230769
214	503,9230769
215	484,9230769
215	456,9230769
215	461,9230769
215	473,9230769
216	479,9230769
216	455,9230769
216	438,9230769
216	461,9230769
217	496,9230769
217	472,9230769
217	455,9230769
217	481,9230769
218	504,9230769
218	536,9230769
218	534,9230769
219	543,9230769
219	542,9230769
219	533,9230769
219	529,9230769
220	625,9230769
220	650,9230769
220	621,9230769
220	645,9230769
221	662,9230769
221	653,9230769
221	688,9230769
221	696,9230769
222	693,9230769
222	734,9230769
222	687,9230769
223	694,9230769
223	688,9230769
223	766,9230769
223	816,9230769
224	776,9230769
224	778,9230769
224	756,9230769
224	757,9230769
225	761,9230769
225	789,9230769
225	780,9230769
225	745,9230769
226	780,9230769
226	698,9230769
226	712,9230769
227	716,9230769
227	705,9230769
227	658,9230769
227	664,9230769
228	593,9230769
228	609,9230769
228	585,9230769
228	611,9230769
229	603,9230769
229	622,9230769
229	611,9230769
229	627,9230769
230	598,9230769
230	609,9230769
230	621,9230769
231	651,9230769
231	707,9230769
231	718,9230769
231	777,9230769
232	783,9230769
232	827,9230769
232	863,9230769
232	932,9230769
233	973,9230769
233	1077,9230769
233	1188,9230769
233	1224,9230769
234	1292,9230769
234	1342,9230769
234	1411,9230769
235	1504,9230769
235	1622,9230769
235	1630,9230769
235	1699,9230769
236	1693,9230769
236	1790,9230769
236	1875,9230769
236	2017,9230769
237	2072,9230769
237	2110,9230769
237	2113,9230769
237	2215,9230769
238	2207,9230769
238	2327,9230769
238	2412,9230769
239	2524,9230769
239	2577,9230769
239	2565,9230769
239	2504,9230769
240	2564,9230769
240	2598,9230769
240	2657,9230769
240	2552,9230769
241	2611,9230769
241	2539,9230769
241	2621,9230769
241	2572,9230769
242	2547,9230769
242	2489,9230769
242	2476,9230769
243	2429,9230769
243	2432,9230769
243	2337,9230769
243	2357,9230769
244	2353,9230769
244	2323,9230769
244	2242,9230769
244	2274,9230769
245	2254,9230769
245	2213,9230769
245	2224,9230769
245	2135,9230769
246	2134,9230769
246	2203,9230769
246	2226,9230769
247	2230,9230769
247	2233,9230769
247	2347,9230769
247	2348,9230769
248	2398,9230769
248	2376,9230769
248	2369,9230769
248	2340,9230769
249	2413,9230769
249	2371,9230769
249	2440,9230769
249	2446,9230769
250	2538,9230769
250	2510,9230769
250	2631,9230769
251	2604,9230769
251	2700,9230769
251	2682,9230769
251	2787,9230769
252	2729,9230769
252	2803,9230769
252	2717,9230769
252	2797,9230769
253	2816,9230769
253	2784,9230769
253	2825,9230769
253	2872,9230769
254	2775,9230769
254	2911,9230769
254	2917,9230769
254	2869,9230769
255	2855,9230769
255	2856,9230769
255	2843,9230769
256	2844,9230769
256	2733,9230769
256	2727,9230769
256	2825,9230769
257	2832,9230769
257	2835,9230769
257	2882,9230769
257	2899,9230769
258	2954,9230769
258	2945,9230769
258	3022,9230769
258	2948,9230769
259	3011,9230769
259	3010,9230769
259	2964,9230769
260	2958,9230769
260	3089,9230769
260	3206,9230769
260	3316,9230769
261	3292,9230769
261	3261,9230769
261	3217,9230769
261	3204,9230769
262	3168,9230769
262	3134,9230769
262	3036,9230769
262	2902,9230769
263	2870,9230769
263	2857,9230769
263	2766,9230769
264	2767,9230769
264	2615,9230769
264	2484,9230769
264	2319,9230769
265	2298,9230769
265	2213,9230769
265	2150,9230769
265	2016,9230769
266	1904,9230769
266	1849,9230769
266	1743,9230769
266	1778,9230769
267	1732,9230769
267	1712,9230769
267	1679,9230769
268	1605,9230769
268	1679,9230769
268	1638,9230769
268	1709,9230769
269	1720,9230769
269	1735,9230769
269	1771,9230769
269	1817,9230769
270	1868,9230769
270	1966,9230769
270	2023,9230769
270	2064,9230769
271	2156,9230769
271	2262,9230769
271	2417,9230769
271	2626,9230769
272	2736,9230769
272	2987,9230769
272	3042,9230769
273	3113,9230769
273	3149,9230769
273	3226,9230769
273	3239,9230769
274	3230,9230769
274	3231,9230769
274	3313,9230769
274	3483,9230769
275	3485,9230769
275	3613,9230769
275	3639,9230769
275	3621,9230769
276	3555,9230769
276	3380,9230769
276	3382,9230769
277	3235,9230769
277	3224,9230769
277	3108,9230769
277	2950,9230769
278	2804,9230769
278	2635,9230769
278	2512,9230769
278	2361,9230769
279	2319,9230769
279	2243,9230769
279	2065,9230769
279	1972,9230769
280	1836,9230769
280	1772,9230769
280	1682,9230769
280	1686,9230769
281	1641,9230769
281	1600,9230769
281	1601,9230769
282	1598,9230769
282	1574,9230769
282	1596,9230769
282	1599,9230769
283	1591,9230769
283	1565,9230769
283	1584,9230769
283	1640,9230769
284	1639,9230769
284	1654,9230769
284	1699,9230769
284	1666,9230769
285	1750,9230769
285	1764,9230769
285	1815,9230769
286	1761,9230769
286	1777,9230769
286	1736,9230769
286	1782,9230769
287	1774,9230769
287	1805,9230769
287	1815,9230769
287	1820,9230769
288	1794,9230769
288	1822,9230769
288	1812,9230769
288	1832,9230769
289	1834,9230769
289	1816,9230769
289	1857,9230769
290	1845,9230769
290	1791,9230769
290	1834,9230769
290	1764,9230769
291	1801,9230769
291	1864,9230769
291	1876,9230769
291	1837,9230769
292	1844,9230769
292	1842,9230769
292	1833,9230769
292	1853,9230769
293	1881,9230769
293	1920,9230769
293	1951,9230769
293	1927,9230769
294	1925,9230769
294	1979,9230769
294	1995,9230769
295	2039,9230769
295	2095,9230769
295	2104,9230769
295	2121,9230769
296	2109,9230769
296	2136,9230769
296	2134,9230769
296	2130,9230769
297	2099,9230769
297	2186,9230769
297	2213,9230769
297	2262,9230769
298	2311,9230769
298	2273,9230769
298	2266,9230769
299	2372,9230769
299	2350,9230769
299	2359,9230769
299	2281,9230769
300	2309,9230769
300	2278,9230769
300	2261,9230769
300	2235,9230769
301	2277,9230769
301	2283,9230769
301	2283,9230769
301	2240,9230769
302	2192,9230769
302	2176,9230769
302	2158,9230769
302	2202,9230769
303	2127,9230769
303	2074,9230769
303	2122,9230769
304	2089,9230769
304	2070,9230769
304	1981,9230769
304	1984,9230769
305	2008,9230769
305	1992,9230769
305	1980,9230769
305	1912,9230769
306	1905,9230769
306	1890,9230769
306	1895,9230769
306	1922,9230769
307	1838,9230769
307	1868,9230769
307	1796,9230769
307	1790,9230769
308	1819,9230769
308	1811,9230769
308	1783,9230769
309	1862,9230769
309	1766,9230769
309	1813,9230769
309	1772,9230769
310	1781,9230769
310	1838,9230769
310	1805,9230769
310	1816,9230769
311	1813,9230769
311	1844,9230769
311	1875,9230769
311	1815,9230769
312	1816,9230769
312	1801,9230769
312	1799,9230769
313	1807,9230769
313	1814,9230769
313	1844,9230769
313	1849,9230769
314	1823,9230769
314	1826,9230769
314	1852,9230769
314	1830,9230769
315	1854,9230769
315	1821,9230769
315	1792,9230769
315	1776,9230769
316	1768,9230769
316	1793,9230769
316	1750,9230769
316	1740,9230769
317	1749,9230769
317	1740,9230769
317	1724,9230769
318	1737,9230769
318	1725,9230769
318	1736,9230769
318	1736,9230769
319	1718,9230769
319	1719,9230769
319	1691,9230769
319	1752,9230769
320	1735,9230769
320	1740,9230769
320	1784,9230769
320	1803,9230769
321	1821,9230769
321	1864,9230769
321	1902,9230769
321	1871,9230769
322	1863,9230769
322	1873,9230769
322	1907,9230769
323	1934,9230769
323	2047,9230769
323	2069,9230769
323	2053,9230769
324	2075,9230769
324	2065,9230769
324	2071,9230769
324	2104,9230769
325	2202,9230769
325	2202,9230769
325	2190,9230769
325	2237,9230769
326	2156,9230769
326	2219,9230769
326	2165,9230769
327	2274,9230769
327	2236,9230769
327	2255,9230769
327	2269,9230769
328	2360,9230769
328	2386,9230769
328	2427,9230769
328	2439,9230769
329	2508,9230769
329	2490,9230769
329	2575,9230769
329	2532,9230769
330	2582,9230769
330	2552,9230769
330	2609,9230769
330	2571,9230769
331	2605,9230769
331	2547,9230769
331	2712,9230769
332	2725,9230769
332	2764,9230769
332	2666,9230769
332	2724,9230769
333	2667,9230769
333	2717,9230769
333	2776,9230769
333	2819,9230769
334	2805,9230769
334	2871,9230769
334	2768,9230769
334	2777,9230769
335	2730,9230769
335	2754,9230769
335	2702,9230769
335	2671,9230769
336	2603,9230769
336	2646,9230769
336	2625,9230769
337	2537,9230769
337	2595,9230769
337	2559,9230769
337	2561,9230769
338	2558,9230769
338	2477,9230769
338	2481,9230769
338	2438,9230769
339	2395,9230769
339	2331,9230769
339	2312,9230769
339	2292,9230769
340	2310,9230769
340	2240,9230769
340	2179,9230769
340	2147,9230769
341	2203,9230769
341	2120,9230769
341	2139,9230769
342	2147,9230769
342	2118,9230769
342	2092,9230769
342	2082,9230769
343	2073,9230769
343	2004,9230769
343	2014,9230769
343	2015,9230769
344	2015,9230769
344	2085,9230769
344	2085,9230769
344	2087,9230769
345	2065,9230769
345	2046,9230769
345	2025,9230769
345	2103,9230769
346	2052,9230769
346	2044,9230769
346	2079,9230769
347	2010,9230769
347	1940,9230769
347	1963,9230769
347	1929,9230769
348	1946,9230769
348	1957,9230769
348	2004,9230769
348	1967,9230769
349	1967,9230769
349	1905,9230769
349	1870,9230769
349	1873,9230769
350	1821,9230769
350	1839,9230769
350	1857,9230769
350	1798,9230769
351	1817,9230769
351	1806,9230769
351	1736,9230769
352	1775,9230769
352	1785,9230769
352	1793,9230769
352	1794,9230769
353	1873,9230769
353	1866,9230769
353	1812,9230769
353	1791,9230769
354	1808,9230769
354	1867,9230769
354	1885,9230769
354	1865,9230769
355	1883,9230769
355	1899,9230769
355	1878,9230769
355	1894,9230769
356	1957,9230769
356	1914,9230769
356	1965,9230769
357	1920,9230769
357	1965,9230769
357	2013,9230769
357	2010,9230769
358	2032,9230769
358	2037,9230769
358	2050,9230769
358	2018,9230769
359	2043,9230769
359	2021,9230769
359	2005,9230769
359	2034,9230769
360	2039,9230769
360	2033,9230769
360	2009,9230769
360	1985,9230769
361	1951,9230769
361	1943,9230769
361	1939,9230769
362	1913,9230769
362	2002,9230769
362	1925,9230769
362	1923,9230769
363	1951,9230769
363	1934,9230769
363	1881,9230769
363	1872,9230769
364	1830,9230769
364	1876,9230769
364	1849,9230769
364	1859,9230769
365	1855,9230769
365	1875,9230769
365	1893,9230769
365	1872,9230769
366	1879,9230769
366	1904,9230769
366	1855,9230769
367	1909,9230769
367	1900,9230769
367	1942,9230769
367	1971,9230769
368	1939,9230769
368	2000,9230769
368	2030,9230769
368	2007,9230769
369	2120,9230769
369	2166,9230769
369	2148,9230769
369	2146,9230769
370	2138,9230769
370	2225,9230769
370	2280,9230769
370	2260,9230769
371	2261,9230769
371	2317,9230769
371	2291,9230769
371	2312,9230769
372	2355,9230769
372	2390,9230769
372	2457,9230769
373	2375,9230769
373	2490,9230769
373	2500,9230769
373	2473,9230769
374	2458,9230769
374	2550,9230769
374	2474,9230769
374	2485,9230769
375	2483,9230769
375	2563,9230769
375	2611,9230769
375	2591,9230769
376	2565,9230769
376	2593,9230769
376	2618,9230769
376	2597,9230769
377	2561,9230769
377	2677,9230769
377	2632,9230769
378	2657,9230769
378	2639,9230769
378	2652,9230769
378	2621,9230769
379	2695,9230769
379	2647,9230769
379	2750,9230769
379	2770,9230769
380	2747,9230769
380	2808,9230769
380	2827,9230769
380	2733,9230769
381	2713,9230769
381	2754,9230769
381	2757,9230769
381	2730,9230769
382	2759,9230769
382	2714,9230769
382	2767,9230769
383	2812,9230769
383	2748,9230769
383	2764,9230769
383	2801,9230769
384	2773,9230769
384	2791,9230769
384	2812,9230769
384	2884,9230769
385	2856,9230769
385	2872,9230769
385	2821,9230769
385	2928,9230769
386	2920,9230769
386	2951,9230769
386	2960,9230769
386	3025,9230769
387	3003,9230769
387	3067,9230769
387	3061,9230769
387	3124,9230769
388	3101,9230769
388	3149,9230769
388	3176,9230769
389	3235,9230769
389	3201,9230769
389	3270,9230769
389	3290,9230769
390	3296,9230769
390	3303,9230769
390	3300,9230769
390	3367,9230769
391	3378,9230769
391	3334,9230769
391	3336,9230769
391	3302,9230769
392	3466,9230769
392	3451,9230769
392	3492,9230769
392	3543,9230769
393	3504,9230769
393	3541,9230769
393	3670,9230769
394	3712,9230769
394	3725,9230769
394	3797,9230769
394	3932,9230769
395	3921,9230769
395	3889,9230769
395	3951,9230769
395	4038,9230769
396	4038,9230769
396	4193,9230769
396	4301,9230769
396	4395,9230769
397	4354,9230769
397	4463,9230769
397	4528,9230769
397	4691,9230769
398	4698,9230769
398	4767,9230769
398	4765,9230769
398	4792,9230769
399	4875,9230769
399	4914,9230769
399	5135,9230769
400	5288,9230769
400	5502,9230769
400	5497,9230769
400	5437,9230769
401	5399,9230769
401	5399,9230769
401	5598,9230769
401	5517,9230769
402	5567,9230769
402	5764,9230769
402	5636,9230769
402	5564,9230769
403	5766,9230769
403	5739,9230769
403	5981,9230769
403	6367,9230769
404	6771,9230769
404	6943,9230769
404	6836,9230769
405	6605,9230769
405	6723,9230769
405	6575,9230769
405	6482,9230769
406	6422,9230769
406	6401,9230769
406	6248,9230769
406	6284,9230769
407	6266,9230769
407	6238,9230769
407	6348,9230769
407	6502,9230769
408	6634,9230769
408	6663,9230769
408	6654,9230769
408	6736,9230769
409	6639,9230769
409	6696,9230769
409	6545,9230769
409	6445,9230769
410	6331,9230769
410	6261,9230769
410	6179,9230769
411	6042,9230769
411	5857,9230769
411	5896,9230769
411	6059,9230769
412	6260,9230769
412	6230,9230769
412	6242,9230769
412	5986,9230769
413	5913,9230769
413	5846,9230769
413	5907,9230769
413	5830,9230769
414	5926,9230769
414	5880,9230769
414	5893,9230769
414	5861,9230769
415	5819,9230769
415	5532,9230769
415	5632,9230769
415	5544,9230769
416	5517,9230769
416	5618,9230769
416	5706,9230769
417	5493,9230769
417	5477,9230769
417	5261,9230769
417	5347,9230769
418	5169,9230769
418	5292,9230769
418	5299,9230769
418	5365,9230769
419	5366,9230769
419	5472,9230769
419	5300,9230769
419	5363,9230769
420	5438,9230769
420	5357,9230769
420	5270,9230769
420	5397,9230769
421	5298,9230769
421	5344,9230769
421	5325,9230769
421	5465,9230769
422	5387,9230769
422	5483,9230769
422	5253,9230769
423	5396,9230769
423	5434,9230769
423	5458,9230769
423	5399,9230769
424	5520,9230769
424	5417,9230769
424	5475,9230769
424	5461,9230769
425	5399,9230769
425	5283,9230769
425	5182,9230769
425	5188,9230769
426	5095,9230769
426	5031,9230769
426	4984,9230769
426	4804,9230769
427	4981,9230769
427	4925,9230769
427	4967,9230769
427	5071,9230769
428	5162,9230769
428	5205,9230769
428	5220,9230769
429	5166,9230769
429	5125,9230769
429	4966,9230769
429	5064,9230769
430	4867,9230769
430	4954,9230769
430	4749,9230769
430	4833,9230769
431	4656,9230769
431	4602,9230769
431	4428,9230769
431	4552,9230769
432	4610,9230769
432	4562,9230769
432	4498,9230769
432	4610,9230769
433	4443,9230769
433	4494,9230769
433	4452,9230769
433	4457,9230769
434	4361,9230769
434	4498,9230769
434	4404,9230769
435	4569,9230769
435	4596,9230769
435	4559,9230769
435	4605,9230769
436	4565,9230769
436	4685,9230769
436	4687,9230769
436	4699,9230769
437	4786,9230769
437	4761,9230769
437	4787,9230769
437	4802,9230769
438	5003,9230769
438	4954,9230769
438	4945,9230769
438	4977,9230769
439	5091,9230769
439	5133,9230769
439	5273,9230769
439	5194,9230769
440	5362,9230769
440	5192,9230769
440	5191,9230769
441	5226,9230769
441	5271,9230769
441	5196,9230769
441	5206,9230769
442	5288,9230769
442	5332,9230769
442	5045,9230769
442	5099,9230769
443	5075,9230769
443	5081,9230769
443	4993,9230769
443	5013,9230769
444	4984,9230769
444	5002,9230769
444	4954,9230769
444	5018,9230769
445	5008,9230769
445	5111,9230769
445	5049,9230769
445	5269,9230769
446	5180,9230769
446	5243,9230769
446	5097,9230769
447	5147,9230769
447	5163,9230769
447	5160,9230769
447	5024,9230769
448	4988,9230769
448	4893,9230769
448	4945,9230769
448	5034,9230769
449	5140,9230769
449	5289,9230769
449	5205,9230769
449	5069,9230769
450	4959,9230769
450	4708,9230769
450	4656,9230769
450	4552,9230769
451	4527,9230769
451	4328,9230769
451	4315,9230769
451	4360,9230769
452	4131,9230769
452	4136,9230769
452	4111,9230769
452	4015,9230769
453	4037,9230769
453	3869,9230769
453	3931,9230769
454	3878,9230769
454	3939,9230769
454	3848,9230769
454	3977,9230769
455	3926,9230769
455	3981,9230769
455	4087,9230769
455	4193,9230769
456	4348,9230769
456	4290,9230769
456	4339,9230769
456	4448,9230769
457	4420,9230769
457	4537,9230769
457	4768,9230769
457	4704,9230769
458	4648,9230769
458	4690,9230769
458	4696,9230769
458	4846,9230769
459	4898,9230769
459	5033,9230769
459	4964,9230769
460	5066,9230769
460	5166,9230769
460	5087,9230769
460	5257,9230769
461	5153,9230769
461	5174,9230769
461	5174,9230769
461	5145,9230769
462	5241,9230769
462	5131,9230769
462	5261,9230769
462	5326,9230769
463	5384,9230769
463	5494,9230769
463	5615,9230769
463	5715,9230769
464	5624,9230769
464	5814,9230769
464	5979,9230769
464	6088,9230769
465	6228,9230769
465	6067,9230769
465	6112,9230769
465	6000,9230769
466	6137,9230769
466	5838,9230769
466	5726,9230769
467	5857,9230769
467	6210,9230769
467	6375,9230769
467	6655,9230769
468	6634,9230769
468	6654,9230769
468	6614,9230769
468	6532,9230769
469	6577,9230769
469	6432,9230769
469	6337,9230769
469	6134,9230769
470	5720,9230769
470	5598,9230769
470	5346,9230769
470	5133,9230769
471	5004,9230769
471	4837,9230769
471	4585,9230769
471	4551,9230769
472	4484,9230769
472	4467,9230769
472	4302,9230769
472	4152,9230769
473	4081,9230769
473	4097,9230769
473	4089,9230769
474	4100,9230769
474	4033,9230769
474	4158,9230769
474	4212,9230769
475	4378,9230769
475	4336,9230769
475	4394,9230769
475	4293,9230769
476	4264,9230769
476	4204,9230769
476	4238,9230769
476	4053,9230769
477	4058,9230769
477	4058,9230769
477	3964,9230769
477	3980,9230769
478	3953,9230769
478	3964,9230769
478	3995,9230769
478	3956,9230769
479	3973,9230769
479	3918,9230769
479	3973,9230769
479	4028,9230769
480	4015,9230769
480	3960,9230769
480	4038,9230769
481	4085,9230769
481	4071,9230769
481	4084,9230769
481	4143,9230769
482	4183,9230769
482	4199,9230769
482	4242,9230769
482	4388,9230769
483	4398,9230769
483	4548,9230769
483	4513,9230769
483	4575,9230769
484	4505,9230769
484	4627,9230769
484	4637,9230769
484	4964,9230769
485	4861,9230769
485	4913,9230769
485	4794,9230769
485	4685,9230769
486	4656,9230769
486	4633,9230769
486	4540,9230769
486	4480,9230769
487	4507,9230769
487	4472,9230769
487	4297,9230769
488	4293,9230769
488	4364,9230769
488	4333,9230769
488	4318,9230769
489	4293,9230769
489	4349,9230769
489	4379,9230769
489	4452,9230769
490	4589,9230769
490	4691,9230769
490	4814,9230769
490	4873,9230769
491	4964,9230769
491	5032,9230769
491	5142,9230769
491	5107,9230769
492	5274,9230769
492	5317,9230769
492	5404,9230769
492	5439,9230769
493	5605,9230769
493	5692,9230769
493	5824,9230769
493	5882,9230769
494	6226,9230769
494	6300,9230769
494	6474,9230769
495	6699,9230769
495	6854,9230769
495	7044,9230769
495	7156,9230769
496	7360,9230769
496	7453,9230769
496	7631,9230769
496	7919,9230769
497	7988,9230769
497	8164,9230769
497	8223,9230769
497	8440,9230769
498	8476,9230769
498	8721,9230769
498	8767,9230769
498	8906,9230769
499	8985,9230769
499	9047,9230769
499	9003,9230769
499	9160,9230769
500	9303,9230769
500	9629,9230769
500	9866,9230769
500	10033,9230769
501	9790,9230769
501	9659,9230769
501	9521,9230769
502	9349,9230769
502	9128,9230769
502	9096,9230769
502	9030,9230769
503	9125,9230769
503	9135,9230769
503	9257,9230769
503	9469,9230769
504	10013,9230769
504	11210,9230769
504	12744,9230769
504	13944,9230769
505	14579,9230769
505	14511,9230769
505	14248,9230769
505	13729,9230769
506	13081,9230769
506	12418,9230769
506	11791,9230769
506	11150,9230769
507	10499,9230769
507	9633,9230769
507	8987,9230769
507	8247,9230769
508	7697,9230769
508	7259,9230769
508	7140,9230769
508	6959,9230769
509	6737,9230769
509	6355,9230769
509	6045,9230769
510	5792,9230769
510	5639,9230769
510	5452,9230769
510	5170,9230769
511	4941,9230769
511	4908,9230769
511	4795,9230769
511	4800,9230769
512	4648,9230769
512	4699,9230769
512	4635,9230769
512	4529,9230769
513	4619,9230769
513	4621,9230769
513	4522,9230769
513	4606,9230769
514	4575,9230769
514	4598,9230769
514	4571,9230769
514	4576,9230769
515	4580,9230769
515	4677,9230769
515	4639,9230769
515	4652,9230769
516	4616,9230769
516	4680,9230769
516	4671,9230769
516	4611,9230769
517	4703,9230769
517	4723,9230769
517	4707,9230769
518	4855,9230769
518	4795,9230769
518	4781,9230769
518	4783,9230769
519	4755,9230769
519	4692,9230769
519	4722,9230769
519	4717,9230769
520	4712,9230769
520	4777,9230769
520	4723,9230769
520	4735,9230769
521	4834,9230769
521	4949,9230769
521	5267,9230769
521	5504,9230769
522	5870,9230769
522	5986,9230769
522	5976,9230769
522	5841,9230769
523	5753,9230769
523	5586,9230769
523	5507,9230769
523	5218,9230769
524	5096,9230769
524	4957,9230769
524	4850,9230769
524	4711,9230769
525	4574,9230769
525	4427,9230769
525	4321,9230769
526	4236,9230769
526	4260,9230769
526	4148,9230769
526	4054,9230769
527	3980,9230769
527	4028,9230769
527	3982,9230769
527	3889,9230769
528	3852,9230769
528	3814,9230769
528	3715,9230769
528	3704,9230769
529	3621,9230769
529	3672,9230769
529	3692,9230769
529	3602,9230769
530	3620,9230769
530	3600,9230769
530	3567,9230769
530	3623,9230769
531	3631,9230769
531	3612,9230769
531	3610,9230769
531	3570,9230769
532	3557,9230769
532	3538,9230769
532	3534,9230769
532	3571,9230769
533	3517,9230769
533	3546,9230769
533	3557,9230769
534	3547,9230769
534	3578,9230769
534	3546,9230769
534	3492,9230769
535	3506,9230769
535	3462,9230769
535	3558,9230769
535	3493,9230769
536	3556,9230769
536	3555,9230769
536	3632,9230769
536	3576,9230769
537	3626,9230769
537	3541,9230769
537	3577,9230769
537	3578,9230769
538	3574,9230769
538	3567,9230769
538	3604,9230769
538	3511,9230769
539	3553,9230769
539	3504,9230769
539	3556,9230769
539	3492,9230769
540	3535,9230769
540	3443,9230769
540	3414,9230769
540	3440,9230769
541	3463,9230769
541	3434,9230769
541	3444,9230769
541	3429,9230769
542	3422,9230769
542	3355,9230769
542	3411,9230769
543	3374,9230769
543	3366,9230769
543	3385,9230769
543	3381,9230769
544	3371,9230769
544	3389,9230769
544	3408,9230769
544	3467,9230769
545	3360,9230769
545	3463,9230769
545	3397,9230769
545	3499,9230769
546	3471,9230769
546	3466,9230769
546	3444,9230769
546	3520,9230769
547	3486,9230769
547	3528,9230769
547	3529,9230769
547	3536,9230769
548	3547,9230769
548	3580,9230769
548	3636,9230769
548	3616,9230769
549	3634,9230769
549	3674,9230769
549	3709,9230769
549	3766,9230769
550	3832,9230769
550	3883,9230769
550	3902,9230769
550	3821,9230769
551	3788,9230769
551	3828,9230769
551	3757,9230769
552	3836,9230769
552	3819,9230769
552	3925,9230769
552	3830,9230769
553	3885,9230769
553	3839,9230769
553	3885,9230769
553	3961,9230769
554	4034,9230769
554	4039,9230769
554	3967,9230769
554	3926,9230769
555	3951,9230769
555	3875,9230769
555	3802,9230769
555	3705,9230769
556	3702,9230769
556	3690,9230769
556	3675,9230769
556	3656,9230769
557	3844,9230769
557	3917,9230769
557	4035,9230769
557	4163,9230769
558	4186,9230769
558	4099,9230769
558	4104,9230769
558	4114,9230769
559	4046,9230769
559	3975,9230769
559	3987,9230769
559	3960,9230769
560	3964,9230769
560	3860,9230769
560	3905,9230769
561	3860,9230769
561	3867,9230769
561	3904,9230769
561	3941,9230769
562	3897,9230769
562	3983,9230769
562	3908,9230769
562	3984,9230769
563	3955,9230769
563	4108,9230769
563	4140,9230769
563	4160,9230769
564	4128,9230769
564	4129,9230769
564	4265,9230769
564	4300,9230769
565	4275,9230769
565	4378,9230769
565	4343,9230769
565	4408,9230769
566	4382,9230769
566	4492,9230769
566	4500,9230769
566	4677,9230769
567	4525,9230769
567	4638,9230769
567	4674,9230769
567	4749,9230769
568	4734,9230769
568	4807,9230769
568	4764,9230769
568	4665,9230769
569	4624,9230769
569	4602,9230769
569	4572,9230769
569	4506,9230769
570	4631,9230769
570	4812,9230769
570	5060,9230769
571	5474,9230769
571	5805,9230769
571	6001,9230769
571	6244,9230769
572	6859,9230769
572	7564,9230769
572	7852,9230769
572	7606,9230769
573	7226,9230769
573	6857,9230769
573	6464,9230769
573	6044,9230769
574	5733,9230769
574	5417,9230769
574	5137,9230769
574	4842,9230769
575	4793,9230769
575	4598,9230769
575	4482,9230769
575	4219,9230769
576	4071,9230769
576	3774,9230769
576	3631,9230769
576	3461,9230769
577	3332,9230769
577	3299,9230769
577	3176,9230769
577	3064,9230769
578	3025,9230769
578	2878,9230769
578	2854,9230769
578	2778,9230769
579	2804,9230769
579	2828,9230769
579	2698,9230769
579	2710,9230769
580	2618,9230769
580	2589,9230769
580	2589,9230769
581	2629,9230769
581	2643,9230769
581	2599,9230769
581	2538,9230769
582	2533,9230769
582	2534,9230769
582	2467,9230769
582	2486,9230769
583	2465,9230769
583	2496,9230769
583	2465,9230769
583	2476,9230769
584	2411,9230769
584	2462,9230769
584	2449,9230769
584	2473,9230769
585	2503,9230769
585	2513,9230769
585	2514,9230769
585	2522,9230769
586	2474,9230769
586	2508,9230769
586	2536,9230769
586	2612,9230769
587	2620,9230769
587	2646,9230769
587	2663,9230769
587	2670,9230769
588	2674,9230769
588	2694,9230769
588	2757,9230769
588	2750,9230769
589	2746,9230769
589	2743,9230769
589	2717,9230769
589	2811,9230769
590	2827,9230769
590	2894,9230769
590	2934,9230769
590	2890,9230769
591	2920,9230769
591	2989,9230769
591	2945,9230769
592	2954,9230769
592	2929,9230769
592	3003,9230769
592	3037,9230769
593	3074,9230769
593	3063,9230769
593	3074,9230769
593	3057,9230769
594	3124,9230769
594	3155,9230769
594	3123,9230769
594	3106,9230769
595	3155,9230769
595	3104,9230769
595	3136,9230769
595	3044,9230769
596	3084,9230769
596	3140,9230769
596	3191,9230769
596	3284,9230769
597	3383,9230769
597	3560,9230769
597	3717,9230769
597	3880,9230769
598	3996,9230769
598	4204,9230769
598	4270,9230769
598	4280,9230769
599	4164,9230769
599	3996,9230769
599	3958,9230769
599	3790,9230769
600	3669,9230769
600	3548,9230769
600	3437,9230769
600	3285,9230769
601	3193,9230769
601	3069,9230769
601	3025,9230769
601	2886,9230769
602	2818,9230769
602	2688,9230769
602	2619,9230769
603	2569,9230769
603	2553,9230769
603	2464,9230769
603	2436,9230769
604	2348,9230769
604	2373,9230769
604	2295,9230769
604	2381,9230769
605	2252,9230769
605	2317,9230769
605	2273,9230769
605	2271,9230769
606	2249,9230769
606	2275,9230769
606	2282,9230769
606	2284,9230769
607	2264,9230769
607	2245,9230769
607	2214,9230769
607	2246,9230769
608	2283,9230769
608	2238,9230769
608	2229,9230769
608	2274,9230769
609	2250,9230769
609	2264,9230769
609	2304,9230769
609	2276,9230769
610	2243,9230769
610	2232,9230769
610	2228,9230769
610	2275,9230769
611	2248,9230769
611	2269,9230769
611	2245,9230769
611	2278,9230769
612	2267,9230769
612	2256,9230769
612	2274,9230769
612	2327,9230769
613	2297,9230769
613	2320,9230769
613	2304,9230769
613	2349,9230769
614	2334,9230769
614	2329,9230769
614	2291,9230769
614	2331,9230769
615	2360,9230769
615	2351,9230769
615	2311,9230769
616	2302,9230769
616	2332,9230769
616	2380,9230769
616	2359,9230769
617	2408,9230769
617	2339,9230769
617	2398,9230769
617	2428,9230769
618	2442,9230769
618	2401,9230769
618	2364,9230769
618	2368,9230769
619	2404,9230769
619	2396,9230769
619	2406,9230769
619	2411,9230769
620	2472,9230769
620	2415,9230769
620	2455,9230769
620	2469,9230769
621	2491,9230769
621	2501,9230769
621	2546,9230769
621	2579,9230769
622	2627,9230769
622	2614,9230769
622	2616,9230769
622	2621,9230769
623	2605,9230769
623	2618,9230769
623	2583,9230769
623	2558,9230769
624	2512,9230769
624	2552,9230769
624	2532,9230769
624	2451,9230769
625	2493,9230769
625	2456,9230769
625	2444,9230769
625	2407,9230769
626	2383,9230769
626	2408,9230769
626	2359,9230769
626	2316,9230769
627	2333,9230769
627	2345,9230769
627	2289,9230769
627	2284,9230769
628	2334,9230769
628	2260,9230769
628	2268,9230769
629	2270,9230769
629	2252,9230769
629	2264,9230769
629	2291,9230769
630	2292,9230769
630	2318,9230769
630	2241,9230769
630	2252,9230769
631	2261,9230769
631	2236,9230769
631	2213,9230769
631	2244,9230769
632	2226,9230769
632	2251,9230769
632	2200,9230769
632	2224,9230769
633	2225,9230769
633	2206,9230769
633	2179,9230769
633	2226,9230769
634	2199,9230769
634	2176,9230769
634	2160,9230769
634	2197,9230769
635	2109,9230769
635	2189,9230769
635	2128,9230769
635	2162,9230769
636	2146,9230769
636	2140,9230769
636	2109,9230769
636	2122,9230769
637	2144,9230769
637	2134,9230769
637	2093,9230769
637	2185,9230769
638	2155,9230769
638	2194,9230769
638	2116,9230769
638	2176,9230769
639	2202,9230769
639	2177,9230769
639	2173,9230769
639	2179,9230769
640	2201,9230769
640	2211,9230769
640	2173,9230769
640	2266,9230769
641	2295,9230769
641	2237,9230769
641	2239,9230769
641	2246,9230769
642	2273,9230769
642	2285,9230769
642	2220,9230769
642	2263,9230769
643	2207,9230769
643	2292,9230769
643	2290,9230769
644	2282,9230769
644	2252,9230769
644	2277,9230769
644	2292,9230769
645	2301,9230769
645	2222,9230769
645	2242,9230769
645	2256,9230769
646	2339,9230769
646	2319,9230769
646	2320,9230769
646	2245,9230769
647	2313,9230769
647	2279,9230769
647	2358,9230769
647	2320,9230769
648	2478,9230769
648	2445,9230769
648	2399,9230769
648	2399,9230769
649	2434,9230769
649	2464,9230769
649	2477,9230769
649	2524,9230769
650	2561,9230769
650	2579,9230769
650	2601,9230769
650	2689,9230769
651	2664,9230769
651	2661,9230769
651	2764,9230769
651	2784,9230769
652	2908,9230769
652	3006,9230769
652	3097,9230769
652	3175,9230769
653	3184,9230769
653	3176,9230769
653	3134,9230769
653	3149,9230769
654	3126,9230769
654	3063,9230769
654	3063,9230769
654	3082,9230769
655	3150,9230769
655	3079,9230769
655	3087,9230769
655	3111,9230769
656	3114,9230769
656	3120,9230769
656	3091,9230769
656	3062,9230769
657	3094,9230769
657	3028,9230769
657	3056,9230769
657	3002,9230769
658	3043,9230769
658	3046,9230769
658	3033,9230769
658	3087,9230769
659	3101,9230769
659	3135,9230769
659	3262,9230769
660	3308,9230769
660	3420,9230769
660	3566,9230769
660	3682,9230769
661	3700,9230769
661	3781,9230769
661	3711,9230769
661	3699,9230769
662	3583,9230769
662	3540,9230769
662	3443,9230769
662	3394,9230769
663	3314,9230769
663	3277,9230769
663	3125,9230769
663	3103,9230769
664	2978,9230769
664	2930,9230769
664	2894,9230769
664	2970,9230769
665	2961,9230769
665	3039,9230769
665	3003,9230769
665	2997,9230769
666	2855,9230769
666	2730,9230769
666	2636,9230769
666	2576,9230769
667	2471,9230769
667	2479,9230769
667	2400,9230769
667	2316,9230769
668	2264,9230769
668	2230,9230769
668	2186,9230769
668	2195,9230769
669	2083,9230769
669	2030,9230769
669	2006,9230769
669	1971,9230769
670	1913,9230769
670	1895,9230769
670	1888,9230769
670	1833,9230769
671	1798,9230769
671	1782,9230769
671	1770,9230769
671	1773,9230769
672	1722,9230769
672	1732,9230769
672	1684,9230769
672	1656,9230769
673	1665,9230769
673	1645,9230769
673	1641,9230769
673	1625,9230769
674	1564,9230769
674	1592,9230769
674	1563,9230769
674	1543,9230769
675	1487,9230769
675	1517,9230769
675	1502,9230769
675	1538,9230769
676	1510,9230769
676	1483,9230769
676	1535,9230769
676	1529,9230769
677	1500,9230769
677	1550,9230769
677	1496,9230769
677	1518,9230769
678	1516,9230769
678	1501,9230769
678	1491,9230769
678	1476,9230769
679	1424,9230769
679	1411,9230769
679	1422,9230769
680	1438,9230769
680	1403,9230769
680	1408,9230769
680	1382,9230769
681	1410,9230769
681	1370,9230769
681	1399,9230769
681	1364,9230769
682	1370,9230769
682	1384,9230769
682	1372,9230769
682	1326,9230769
683	1367,9230769
683	1362,9230769
683	1364,9230769
683	1323,9230769
684	1311,9230769
684	1310,9230769
684	1299,9230769
684	1333,9230769
685	1312,9230769
685	1292,9230769
685	1353,9230769
685	1330,9230769
686	1310,9230769
686	1325,9230769
686	1291,9230769
686	1246,9230769
687	1331,9230769
687	1328,9230769
687	1278,9230769
687	1258,9230769
688	1306,9230769
688	1325,9230769
688	1280,9230769
688	1250,9230769
689	1275,9230769
689	1271,9230769
689	1278,9230769
689	1221,9230769
690	1235,9230769
690	1246,9230769
690	1273,9230769
690	1292,9230769
691	1274,9230769
691	1238,9230769
691	1277,9230769
691	1236,9230769
692	1249,9230769
692	1219,9230769
692	1234,9230769
692	1230,9230769
693	1236,9230769
693	1224,9230769
693	1213,9230769
693	1220,9230769
694	1184,9230769
694	1164,9230769
694	1187,9230769
694	1166,9230769
695	1193,9230769
695	1162,9230769
695	1207,9230769
695	1184,9230769
696	1197,9230769
696	1195,9230769
696	1160,9230769
696	1166,9230769
697	1145,9230769
697	1138,9230769
697	1154,9230769
697	1155,9230769
698	1132,9230769
698	1146,9230769
698	1142,9230769
698	1131,9230769
699	1116,9230769
699	1101,9230769
699	1080,9230769
699	1121,9230769
700	1154,9230769
700	1121,9230769
700	1120,9230769
700	1112,9230769
701	1114,9230769
701	1102,9230769
701	1127,9230769
701	1102,9230769
702	1087,9230769
702	1092,9230769
702	1094,9230769
702	1107,9230769
703	1086,9230769
703	1091,9230769
703	1073,9230769
703	1032,9230769
704	1032,9230769
704	1045,9230769
704	1050,9230769
704	1064,9230769
705	1056,9230769
705	1040,9230769
705	1038,9230769
706	984,9230769
706	1010,9230769
706	1024,9230769
706	1021,9230769
707	994,9230769
707	996,9230769
707	1028,9230769
707	1025,9230769
708	987,9230769
708	982,9230769
708	976,9230769
708	1003,9230769
709	967,9230769
709	985,9230769
709	962,9230769
709	957,9230769
710	955,9230769
710	983,9230769
710	985,9230769
710	936,9230769
711	919,9230769
711	955,9230769
711	951,9230769
711	993,9230769
712	969,9230769
712	971,9230769
712	953,9230769
712	952,9230769
713	936,9230769
713	905,9230769
713	909,9230769
713	924,9230769
714	928,9230769
714	954,9230769
714	936,9230769
714	943,9230769
715	894,9230769
715	918,9230769
715	936,9230769
715	926,9230769
716	904,9230769
716	937,9230769
716	932,9230769
716	907,9230769
717	933,9230769
717	920,9230769
717	867,9230769
717	872,9230769
718	881,9230769
718	895,9230769
718	909,9230769
718	918,9230769
719	922,9230769
719	934,9230769
719	951,9230769
719	924,9230769
720	996,9230769
720	1021,9230769
720	1041,9230769
720	984,9230769
721	1004,9230769
721	993,9230769
721	981,9230769
721	929,9230769
722	945,9230769
722	979,9230769
722	935,9230769
722	901,9230769
723	882,9230769
723	888,9230769
723	836,9230769
723	867,9230769
724	858,9230769
724	853,9230769
724	781,9230769
724	819,9230769
725	792,9230769
725	784,9230769
725	766,9230769
725	748,9230769
726	781,9230769
726	813,9230769
726	767,9230769
726	777,9230769
727	764,9230769
727	731,9230769
727	761,9230769
727	761,9230769
728	739,9230769
728	757,9230769
728	718,9230769
728	754,9230769
729	745,9230769
729	751,9230769
729	742,9230769
729	735,9230769
730	708,9230769
730	752,9230769
730	707,9230769
730	738,9230769
731	761,9230769
731	727,9230769
731	745,9230769
731	725,9230769
732	688,9230769
732	731,9230769
732	725,9230769
732	708,9230769
733	718,9230769
733	732,9230769
733	692,9230769
733	701,9230769
734	702,9230769
734	722,9230769
734	727,9230769
734	733,9230769
735	717,9230769
735	728,9230769
735	721,9230769
735	733,9230769
736	727,9230769
736	708,9230769
736	740,9230769
736	749,9230769
737	768,9230769
737	703,9230769
737	780,9230769
737	780,9230769
738	755,9230769
738	803,9230769
738	775,9230769
738	784,9230769
739	822,9230769
739	836,9230769
739	825,9230769
739	839,9230769
740	864,9230769
740	896,9230769
740	888,9230769
740	931,9230769
741	909,9230769
741	944,9230769
741	950,9230769
741	963,9230769
742	976,9230769
742	995,9230769
742	1006,9230769
742	1061,9230769
743	1029,9230769
743	1011,9230769
743	1051,9230769
743	1040,9230769
744	1097,9230769
744	1100,9230769
744	1107,9230769
744	1136,9230769
745	1119,9230769
745	1061,9230769
745	1063,9230769
745	1063,9230769
746	1120,9230769
746	1171,9230769
746	1254,9230769
746	1302,9230769
747	1325,9230769
747	1334,9230769
747	1232,9230769
747	1273,9230769
748	1266,9230769
748	1390,9230769
748	1530,9230769
748	1665,9230769
749	1639,9230769
749	1530,9230769
749	1397,9230769
749	1344,9230769
750	1279,9230769
750	1318,9230769
750	1299,9230769
750	1456,9230769
751	1669,9230769
751	1897,9230769
751	1838,9230769
751	1706,9230769
752	1575,9230769
752	1511,9230769
752	1419,9230769
752	1345,9230769
753	1290,9230769
753	1230,9230769
753	1195,9230769
753	1146,9230769
754	1067,9230769
754	970,9230769
754	880,9230769
754	852,9230769
755	836,9230769
755	768,9230769
755	725,9230769
755	697,9230769
756	672,9230769
756	648,9230769
756	630,9230769
756	626,9230769
757	659,9230769
757	630,9230769
757	643,9230769
757	617,9230769
758	613,9230769
758	602,9230769
758	561,9230769
758	575,9230769
759	573,9230769
759	641,9230769
759	577,9230769
759	553,9230769
760	566,9230769
760	592,9230769
760	583,9230769
760	580,9230769
761	588,9230769
761	551,9230769
761	576,9230769
761	562,9230769
762	566,9230769
762	531,9230769
762	530,9230769
762	541,9230769
763	558,9230769
763	524,9230769
763	542,9230769
763	520,9230769
764	566,9230769
764	562,9230769
764	558,9230769
764	562,9230769
765	570,9230769
765	523,9230769
765	526,9230769
765	577,9230769
766	551,9230769
766	550,9230769
766	528,9230769
766	512,9230769
767	542,9230769
767	560,9230769
767	524,9230769
767	574,9230769
768	586,9230769
768	609,9230769
768	636,9230769
768	588,9230769
769	621,9230769
769	646,9230769
769	677,9230769
769	724,9230769
770	756,9230769
770	753,9230769
770	774,9230769
770	794,9230769
771	851,9230769
771	887,9230769
771	895,9230769
771	939,9230769
772	952,9230769
772	997,9230769
772	1019,9230769
772	1062,9230769
773	1098,9230769
773	1161,9230769
773	1155,9230769
773	1191,9230769
774	1194,9230769
774	1237,9230769
774	1239,9230769
774	1278,9230769
775	1282,9230769
775	1315,9230769
775	1298,9230769
775	1331,9230769
776	1331,9230769
776	1327,9230769
776	1317,9230769
776	1445,9230769
777	1504,9230769
777	1537,9230769
777	1589,9230769
777	1610,9230769
778	1570,9230769
778	1418,9230769
778	1338,9230769
778	1337,9230769
779	1345,9230769
779	1461,9230769
779	1456,9230769
779	1389,9230769
780	1337,9230769
780	1230,9230769
780	1283,9230769
780	1456,9230769
781	1934,9230769
781	2697,9230769
781	3531,9230769
781	4262,9230769
782	4309,9230769
782	3934,9230769
782	3365,9230769
782	3081,9230769
783	2936,9230769
783	2766,9230769
783	2482,9230769
783	2195,9230769
784	1828,9230769
784	1529,9230769
784	1261,9230769
784	1062,9230769
785	881,9230769
785	790,9230769
785	742,9230769
785	676,9230769
786	630,9230769
786	603,9230769
786	578,9230769
786	561,9230769
787	555,9230769
787	528,9230769
787	524,9230769
787	533,9230769
788	511,9230769
788	499,9230769
788	522,9230769
788	498,9230769
789	525,9230769
789	512,9230769
789	495,9230769
789	526,9230769
790	508,9230769
790	501,9230769
790	500,9230769
790	533,9230769
791	486,9230769
791	543,9230769
791	533,9230769
791	499,9230769
792	504,9230769
792	504,9230769
792	495,9230769
792	515,9230769
793	503,9230769
793	516,9230769
793	559,9230769
793	493,9230769
794	516,9230769
794	536,9230769
794	557,9230769
794	526,9230769
795	535,9230769
795	539,9230769
795	549,9230769
795	530,9230769
796	530,9230769
796	535,9230769
796	509,9230769
796	477,9230769
797	510,9230769
797	493,9230769
797	530,9230769
797	486,9230769
798	475,9230769
798	499,9230769
798	513,9230769
798	590,9230769
799	656,9230769
799	720,9230769
799	768,9230769
799	761,9230769
800	712,9230769
800	711,9230769
800	628,9230769
800	689,9230769
801	558,9230769
801	578,9230769
801	493,9230769
801	491,9230769
802	491,9230769
802	454,9230769
802	416,9230769
802	396,9230769
803	388,9230769
803	364,9230769
803	399,9230769
803	341,9230769
804	389,9230769
804	358,9230769
804	357,9230769
804	359,9230769
805	351,9230769
805	355,9230769
805	339,9230769
805	343,9230769
806	364,9230769
806	350,9230769
806	358,9230769
806	350,9230769
807	341,9230769
807	346,9230769
807	327,9230769
807	369,9230769
808	323,9230769
808	343,9230769
808	352,9230769
808	355,9230769
809	331,9230769
809	338,9230769
809	360,9230769
809	315,9230769
810	327,9230769
810	355,9230769
810	367,9230769
810	352,9230769
811	367,9230769
811	371,9230769
811	367,9230769
811	381,9230769
812	383,9230769
812	361,9230769
812	400,9230769
812	410,9230769
813	416,9230769
813	405,9230769
813	400,9230769
813	444,9230769
814	463,9230769
814	485,9230769
814	475,9230769
814	482,9230769
815	501,9230769
815	556,9230769
815	557,9230769
815	552,9230769
816	582,9230769
816	629,9230769
816	658,9230769
816	661,9230769
817	675,9230769
817	703,9230769
817	709,9230769
817	700,9230769
818	734,9230769
818	707,9230769
818	741,9230769
818	809,9230769
819	777,9230769
819	795,9230769
819	782,9230769
819	782,9230769
820	788,9230769
820	835,9230769
820	823,9230769
820	789,9230769
820	839,9230769
821	881,9230769
821	873,9230769
821	888,9230769
821	878,9230769
822	898,9230769
822	990,9230769
822	1060,9230769
822	1169,9230769
823	1289,9230769
823	1327,9230769
823	1337,9230769
823	1221,9230769
824	1166,9230769
824	1142,9230769
824	1067,9230769
824	1012,9230769
825	946,9230769
825	973,9230769
825	1086,9230769
825	1223,9230769
826	1466,9230769
826	1623,9230769
826	1651,9230769
826	1603,9230769
827	1423,9230769
827	1309,9230769
827	1170,9230769
827	1036,9230769
828	958,9230769
828	875,9230769
828	896,9230769
828	843,9230769
829	825,9230769
829	713,9230769
829	600,9230769
829	539,9230769
830	520,9230769
830	470,9230769
830	446,9230769
830	385,9230769
831	349,9230769
831	368,9230769
831	341,9230769
831	310,9230769
832	316,9230769
832	314,9230769
832	304,9230769
832	282,9230769
833	265,9230769
833	260,9230769
833	243,9230769
833	292,9230769
834	277,9230769
834	227,9230769
834	287,9230769
834	256,9230769
835	257,9230769
835	255,9230769
835	272,9230769
835	243,9230769
836	270,9230769
836	255,9230769
836	295,9230769
836	268,9230769
837	241,9230769
837	227,9230769
837	290,9230769
837	247,9230769
838	286,9230769
838	285,9230769
838	278,9230769
838	320,9230769
839	337,9230769
839	311,9230769
839	320,9230769
839	342,9230769
840	305,9230769
840	310,9230769
840	336,9230769
840	325,9230769
841	333,9230769
841	362,9230769
841	340,9230769
841	355,9230769
842	383,9230769
842	376,9230769
842	395,9230769
842	415,9230769
843	374,9230769
843	367,9230769
843	428,9230769
843	382,9230769
844	363,9230769
844	401,9230769
844	393,9230769
844	403,9230769
845	441,9230769
845	417,9230769
845	414,9230769
845	395,9230769
845	405,9230769
846	392,9230769
846	410,9230769
846	417,9230769
846	437,9230769
847	416,9230769
847	386,9230769
847	390,9230769
847	375,9230769
848	387,9230769
848	436,9230769
848	550,9230769
848	723,9230769
849	808,9230769
849	975,9230769
849	872,9230769
849	738,9230769
850	586,9230769
850	459,9230769
850	419,9230769
850	361,9230769
851	329,9230769
851	306,9230769
851	294,9230769
851	264,9230769
852	246,9230769
852	255,9230769
852	245,9230769
852	233,9230769
853	228,9230769
853	234,9230769
853	219,9230769
853	218,9230769
854	246,9230769
854	234,9230769
854	243,9230769
854	194,9230769
855	221,9230769
855	241,9230769
855	254,9230769
855	253,9230769
856	221,9230769
856	225,9230769
856	242,9230769
856	268,9230769
857	218,9230769
857	252,9230769
857	297,9230769
857	264,9230769
858	265,9230769
858	286,9230769
858	263,9230769
858	244,9230769
859	278,9230769
859	291,9230769
859	294,9230769
859	319,9230769
860	311,9230769
860	318,9230769
860	312,9230769
860	312,9230769
861	350,9230769
861	394,9230769
861	413,9230769
861	433,9230769
862	437,9230769
862	447,9230769
862	427,9230769
862	466,9230769
863	470,9230769
863	509,9230769
863	520,9230769
863	603,9230769
864	564,9230769
864	571,9230769
864	606,9230769
864	587,9230769
864	595,9230769
865	599,9230769
865	574,9230769
865	602,9230769
865	582,9230769
866	593,9230769
866	648,9230769
866	678,9230769
866	696,9230769
867	763,9230769
867	782,9230769
867	805,9230769
867	845,9230769
868	854,9230769
868	801,9230769
868	762,9230769
868	721,9230769
869	675,9230769
869	642,9230769
869	632,9230769
869	656,9230769
870	677,9230769
870	678,9230769
870	688,9230769
870	653,9230769
871	634,9230769
871	578,9230769
871	594,9230769
871	634,9230769
872	814,9230769
872	989,9230769
872	1159,9230769
872	1255,9230769
873	1185,9230769
873	1036,9230769
873	855,9230769
873	698,9230769
874	534,9230769
874	489,9230769
874	464,9230769
874	457,9230769
875	478,9230769
875	467,9230769
875	460,9230769
875	457,9230769
876	437,9230769
876	420,9230769
876	412,9230769
876	317,9230769
877	318,9230769
877	275,9230769
877	224,9230769
877	230,9230769
878	220,9230769
878	188,9230769
878	187,9230769
878	187,9230769
879	184,9230769
879	169,9230769
879	181,9230769
879	174,9230769
880	165,9230769
880	150,9230769
880	141,9230769
880	137,9230769
880	169,9230769
881	144,9230769
881	103,9230769
881	137,9230769
881	125,9230769
882	116,9230769
882	118,9230769
882	116,9230769
882	99,9230769
883	134,9230769
883	139,9230769
883	133,9230769
883	129,9230769
884	122,9230769
884	105,9230769
884	136,9230769
884	111,9230769
885	97,9230769
885	120,9230769
885	137,9230769
885	85,9230769
886	127,9230769
886	107,9230769
886	118,9230769
886	113,9230769
887	115,9230769
887	111,9230769
887	105,9230769
887	123,9230769
888	118,9230769
888	111,9230769
888	110,9230769
888	118,9230769
889	125,9230769
889	117,9230769
889	94,9230769
889	106,9230769
890	102,9230769
890	97,9230769
890	121,9230769
890	122,9230769
891	81,9230769
891	123,9230769
891	89,9230769
891	92,9230769
892	97,9230769
892	119,9230769
892	117,9230769
892	88,9230769
893	96,9230769
893	129,9230769
893	102,9230769
893	105,9230769
894	122,9230769
894	104,9230769
894	67,9230769
894	130,9230769
894	106,9230769
895	106,9230769
895	102,9230769
895	103,9230769
895	102,9230769
896	109,9230769
896	128,9230769
896	96,9230769
896	84,9230769
897	92,9230769
897	111,9230769
897	115,9230769
897	118,9230769
898	72,9230769
898	113,9230769
898	139,9230769
898	134,9230769
899	148,9230769
899	153,9230769
899	125,9230769
899	110,9230769
900	164,9230769
900	157,9230769
900	152,9230769
900	158,9230769
901	140,9230769
901	164,9230769
901	162,9230769
901	177,9230769
902	158,9230769
902	144,9230769
902	175,9230769
902	171,9230769
903	170,9230769
903	165,9230769
903	157,9230769
903	149,9230769
904	152,9230769
904	190,9230769
904	175,9230769
904	181,9230769
905	164,9230769
905	153,9230769
905	156,9230769
905	180,9230769
906	162,9230769
906	160,9230769
906	199,9230769
906	175,9230769
906	179,9230769
907	178,9230769
907	156,9230769
907	194,9230769
907	164,9230769
908	177,9230769
908	165,9230769
908	149,9230769
908	154,9230769
909	140,9230769
909	154,9230769
909	184,9230769
909	163,9230769
910	162,9230769
910	147,9230769
910	151,9230769
910	161,9230769
911	154,9230769
911	135,9230769
911	133,9230769
911	116,9230769
912	103,9230769
912	116,9230769
912	86,9230769
912	126,9230769
913	125,9230769
913	104,9230769
913	100,9230769
913	120,9230769
914	74,9230769
914	99,9230769
914	112,9230769
914	92,9230769
915	113,9230769
915	115,9230769
915	95,9230769
915	99,9230769
916	104,9230769
916	81,9230769
916	105,9230769
916	73,9230769
917	75,9230769
917	108,9230769
917	105,9230769
917	114,9230769
917	99,9230769
918	99,9230769
918	97,9230769
918	84,9230769
918	88,9230769
919	88,9230769
919	114,9230769
919	107,9230769
919	98,9230769
920	108,9230769
920	105,9230769
920	85,9230769
920	124,9230769
921	112,9230769
921	116,9230769
921	131,9230769
921	93,9230769
922	126,9230769
922	135,9230769
922	100,9230769
922	88,9230769
923	111,9230769
923	129,9230769
923	133,9230769
923	127,9230769
924	158,9230769
924	140,9230769
924	123,9230769
924	148,9230769
925	150,9230769
925	130,9230769
925	142,9230769
925	121,9230769
926	123,9230769
926	155,9230769
926	155,9230769
926	141,9230769
927	134,9230769
927	155,9230769
927	154,9230769
927	146,9230769
928	138,9230769
928	149,9230769
928	154,9230769
928	154,9230769
928	151,9230769
929	112,9230769
929	125,9230769
929	114,9230769
929	109,9230769
930	129,9230769
930	117,9230769
930	110,9230769
930	109,9230769
931	108,9230769
931	116,9230769
931	116,9230769
931	104,9230769
932	122,9230769
932	138,9230769
932	71,9230769
932	98,9230769
933	95,9230769
933	132,9230769
933	126,9230769
933	98,9230769
934	152,9230769
934	126,9230769
934	141,9230769
934	142,9230769
935	122,9230769
935	106,9230769
935	140,9230769
935	105,9230769
936	128,9230769
936	107,9230769
936	97,9230769
936	97,9230769
937	97,9230769
937	138,9230769
937	148,9230769
937	104,9230769
938	125,9230769
938	101,9230769
938	104,9230769
938	90,9230769
938	117,9230769
939	135,9230769
939	107,9230769
939	90,9230769
939	118,9230769
940	131,9230769
940	98,9230769
940	146,9230769
940	103,9230769
941	80,9230769
941	77,9230769
941	110,9230769
941	77,9230769
942	91,9230769
942	71,9230769
942	74,9230769
942	80,9230769
943	75,9230769
943	65,9230769
943	61,9230769
943	43,9230769
944	59,9230769
944	74,9230769
944	38,9230769
944	52,9230769
945	64,9230769
945	45,9230769
945	73,9230769
945	71,9230769
946	35,9230769
946	49,9230769
946	44,9230769
946	46,9230769
947	47,9230769
947	31,9230769
947	45,9230769
947	76,9230769
947	58,9230769
948	42,9230769
948	33,9230769
948	57,9230769
948	98,9230769
949	95,9230769
949	79,9230769
949	51,9230769
949	61,9230769
950	55,9230769
950	43,9230769
950	43,9230769
950	61,9230769
951	66,9230769
951	45,9230769
951	50,9230769
951	11,9230769
952	57,9230769
952	49,9230769
952	43,9230769
952	40,9230769
953	59,9230769
953	47,9230769
953	53,9230769
953	65,9230769
954	31,9230769
954	46,9230769
954	33,9230769
954	73,9230769
955	50,9230769
955	65,9230769
955	55,9230769
955	31,9230769
956	22,9230769
956	41,9230769
956	30,9230769
956	15,9230769
956	59,9230769
957	32,9230769
957	49,9230769
957	41,9230769
957	42,9230769
958	63,9230769
958	40,9230769
958	27,9230769
958	27,9230769
959	35,9230769
959	8,9230769
959	31,9230769
959	32,9230769
960	13,9230769
960	24,9230769
960	22,9230769
960	24,9230769
961	32,9230769
961	30,9230769
961	21,9230769
961	40,9230769
962	26,9230769
962	48,9230769
962	41,9230769
962	14,9230769
963	30,9230769
963	30,9230769
963	31,9230769
963	22,9230769
964	17,9230769
964	24,9230769
964	5,9230769
964	37,9230769
964	38,9230769
965	22,9230769
965	41,9230769
965	45,9230769
965	42,9230769
966	50,9230769
966	10,9230769
966	14,9230769
966	2,9230769
967	2,9230769
967	42,9230769
967	14,9230769
967	48,9230769
968	21,9230769
968	34,9230769
968	24,9230769
968	29,9230769
969	7,9230769
969	48,9230769
969	37,9230769
969	31,9230769
970	2,9230769
970	-4,0769231
970	21,9230769
970	14,9230769
971	3,9230769
971	33,9230769
971	27,9230769
971	24,9230769
972	19,9230769
972	25,9230769
972	48,9230769
972	22,9230769
972	53,9230769
973	71,9230769
973	3,9230769
973	32,9230769
973	30,9230769
974	25,9230769
974	44,9230769
974	10,9230769
974	34,9230769
975	31,9230769
975	29,9230769
975	34,9230769
975	26,9230769
976	30,9230769
976	30,9230769
976	33,9230769
976	36,9230769
977	30,9230769
977	6,9230769
977	34,9230769
977	50,9230769
978	48,9230769
978	19,9230769
978	30,9230769
978	17,9230769
979	40,9230769
979	72,9230769
979	35,9230769
979	57,9230769
980	47,9230769
980	5,9230769
980	24,9230769
980	73,9230769
980	42,9230769
981	25,9230769
981	25,9230769
981	23,9230769
981	33,9230769
982	64,9230769
982	16,9230769
982	45,9230769
982	54,9230769
983	44,9230769
983	41,9230769
983	36,9230769
983	46,9230769
984	57,9230769
984	34,9230769
984	44,9230769
984	28,9230769
985	31,9230769
985	25,9230769
985	48,9230769
985	56,9230769
986	49,9230769
986	4,9230769
986	17,9230769
986	38,9230769
987	69,9230769
987	18,9230769
987	38,9230769
987	21,9230769
988	34,9230769
988	26,9230769
988	43,9230769
988	16,9230769
988	62,9230769
989	36,9230769
989	7,9230769
989	-0,0769231
989	29,9230769
990	34,9230769
990	37,9230769
990	16,9230769
990	8,9230769
991	26,9230769
991	22,9230769
991	16,9230769
991	22,9230769
992	35,9230769
992	8,9230769
992	41,9230769
992	26,9230769
993	48,9230769
993	48,9230769
993	21,9230769
993	18,9230769
994	30,9230769
994	13,9230769
994	39,9230769
994	8,9230769
995	19,9230769
995	58,9230769
995	20,9230769
995	31,9230769
995	13,9230769
996	20,9230769
996	22,9230769
996	11,9230769
996	25,9230769
997	6,9230769
997	7,9230769
997	23,9230769
997	33,9230769
998	45,9230769
998	36,9230769
998	21,9230769
998	24,9230769
999	30,9230769
999	6,9230769
999	17,9230769
999	15,9230769
1000	16,9230769
1000	20,9230769
1000	33,9230769
1000	33,9230769
1001	49,9230769
1001	47,9230769
1001	35,9230769
1001	49,9230769
1002	30,9230769
1002	32,9230769
1002	18,9230769
1002	15,9230769
1002	25,9230769
1003	55,9230769
1003	39,9230769
1003	34,9230769
1003	15,9230769
1004	3,9230769
1004	38,9230769
1004	34,9230769
1004	2,9230769
1005	41,9230769
1005	76,9230769
1005	35,9230769
1005	24,9230769
1006	43,9230769
1006	30,9230769
1006	44,9230769
1006	41,9230769
1007	58,9230769
1007	31,9230769
1007	38,9230769
1007	42,9230769
1008	53,9230769
1008	65,9230769
1008	64,9230769
1008	52,9230769
1008	36,9230769
1009	69,9230769
1009	61,9230769
1009	41,9230769
1009	30,9230769
1010	17,9230769
1010	52,9230769
1010	43,9230769
1010	53,9230769
1011	38,9230769
1011	42,9230769
1011	63,9230769
1011	39,9230769
1012	39,9230769
1012	32,9230769
1012	29,9230769
1012	36,9230769
1013	60,9230769
1013	28,9230769
1013	46,9230769
1013	40,9230769
1014	44,9230769
1014	12,9230769
1014	27,9230769
1014	30,9230769
1015	34,9230769
1015	22,9230769
1015	19,9230769
1015	17,9230769
1015	52,9230769
1016	23,9230769
1016	12,9230769
1016	34,9230769
1016	17,9230769
1017	22,9230769
1017	11,9230769
1017	0,9230769
1017	0,9230769
1018	11,9230769
1018	14,9230769
1018	21,9230769
1018	11,9230769
1019	9,9230769
1019	10,9230769
1019	-2,0769231
1019	29,9230769
1020	15,9230769
1020	15,9230769
1020	13,9230769
1020	23,9230769
1021	47,9230769
1021	5,9230769
1021	0,9230769
1021	18,9230769
1021	14,9230769
1022	11,9230769
1022	18,9230769
1022	34,9230769
1022	14,9230769
1023	38,9230769
1023	24,9230769
1023	-11,0769231
1023	23,9230769
1024	8,9230769
1024	-24,0769231
1024	-9,0769231
1024	5,9230769
1025	-4,0769231
1025	23,9230769
1025	4,9230769
1025	3,9230769
1026	4,9230769
1026	10,9230769
1026	14,9230769
1026	36,9230769
1027	10,9230769
1027	27,9230769
1027	22,9230769
1027	0,9230769
1027	-11,0769231
1028	31,9230769
1028	-30,0769231
1028	25,9230769
1028	16,9230769
1029	16,9230769
1029	11,9230769
1029	7,9230769
1029	-10,0769231
1030	-3,0769231
1030	8,9230769
1030	8,9230769
1030	17,9230769
1031	-1,0769231
1031	25,9230769
1031	7,9230769
1031	-4,0769231
1032	-3,0769231
1032	13,9230769
1032	5,9230769
1032	8,9230769
1033	-6,0769231
1033	-0,0769231
1033	37,9230769
1033	-5,0769231
1034	-4,0769231
1034	14,9230769
1034	-5,0769231
1034	-1,0769231
1034	24,9230769
1035	29,9230769
1035	-7,0769231
1035	-29,0769231
1035	22,9230769
1036	3,9230769
1036	-4,0769231
1036	2,9230769
1036	-11,0769231
1037	34,9230769
1037	28,9230769
1037	28,9230769
1037	6,9230769
1038	-19,0769231
1038	-1,0769231
1038	-19,0769231
1038	-9,0769231
1039	0,9230769
1039	36,9230769
1039	29,9230769
1039	5,9230769
1039	-1,0769231
1040	11,9230769
1040	-4,0769231
1040	15,9230769
1040	9,9230769
1041	-3,0769231
1041	-6,0769231
1041	13,9230769
1041	29,9230769
1042	32,9230769
1042	-2,0769231
1042	21,9230769
1042	-0,0769231
1043	18,9230769
1043	4,9230769
1043	-24,0769231
1043	13,9230769
1044	25,9230769
1044	16,9230769
1044	31,9230769
1044	7,9230769
1045	8,9230769
1045	-12,0769231
1045	-5,0769231
1045	28,9230769
1045	11,9230769
1046	21,9230769
1046	-30,0769231
1046	16,9230769
1046	12,9230769
1047	28,9230769
1047	3,9230769
1047	-12,0769231
1047	11,9230769
1048	39,9230769
1048	-26,0769231
1048	11,9230769
1048	-9,0769231
1049	10,9230769
1049	23,9230769
1049	38,9230769
1049	7,9230769
1050	3,9230769
1050	18,9230769
1050	12,9230769
1050	20,9230769
1051	-4,0769231
1051	3,9230769
1051	25,9230769
1051	36,9230769
1051	35,9230769
1052	9,9230769
1052	19,9230769
1052	2,9230769
1052	15,9230769
1053	-7,0769231
1053	20,9230769
1053	-8,0769231
1053	23,9230769
1054	19,9230769
1054	-4,0769231
1054	18,9230769
1054	17,9230769
1055	-13,0769231
1055	-8,0769231
1055	13,9230769
1055	-10,0769231
1056	11,9230769
1056	-4,0769231
1056	-6,0769231
1056	-23,0769231
1056	10,9230769
1057	-1,0769231
1057	7,9230769
1057	4,9230769
1057	14,9230769
1058	2,9230769
1058	5,9230769
1058	35,9230769
1058	20,9230769
1059	-15,0769231
1059	7,9230769
1059	-18,0769231
1059	-27,0769231
1060	5,9230769
1060	7,9230769
1060	1,9230769
1060	30,9230769
1061	18,9230769
1061	14,9230769
1061	4,9230769
1061	0,9230769
1062	-4,0769231
1062	5,9230769
1062	2,9230769
1062	-7,0769231
1062	-16,0769231
1063	20,9230769
1063	-0,0769231
1063	-13,0769231
1063	5,9230769
1064	22,9230769
1064	-3,0769231
1064	18,9230769
1064	-9,0769231
1065	17,9230769
1065	17,9230769
1065	-19,0769231
1065	21,9230769
1066	0,9230769
1066	24,9230769
1066	29,9230769
1066	21,9230769
1067	19,9230769
1067	-6,0769231
1067	0,9230769
1067	32,9230769
1067	25,9230769
1068	0,9230769
1068	24,9230769
1068	2,9230769
1068	-11,0769231
1069	16,9230769
1069	14,9230769
1069	1,9230769
1069	-8,0769231
1070	20,9230769
1070	22,9230769
1070	-18,0769231
1070	-1,0769231
1071	6,9230769
1071	-6,0769231
1071	-16,0769231
1071	-3,0769231
1072	8,9230769
1072	-1,0769231
1072	12,9230769
1072	-2,0769231
1072	13,9230769
1073	3,9230769
1073	-11,0769231
1073	15,9230769
1073	30,9230769
1074	10,9230769
1074	-0,0769231
1074	-4,0769231
1074	3,9230769
1075	-21,0769231
1075	5,9230769
1075	-8,0769231
1075	-0,0769231
1076	13,9230769
1076	4,9230769
1076	-17,0769231
1076	17,9230769
1077	15,9230769
1077	-1,0769231
1077	-12,0769231
1077	17,9230769
1077	-23,0769231
1078	-12,0769231
1078	22,9230769
1078	33,9230769
1078	-6,0769231
1079	19,9230769
1079	13,9230769
1079	-4,0769231
1079	26,9230769
1080	17,9230769
1080	-11,0769231
1080	-11,0769231
1080	19,9230769
1081	10,9230769
1081	-9,0769231
1081	-4,0769231
1081	31,9230769
1082	3,9230769
1082	5,9230769
1082	6,9230769
1082	-1,0769231
1082	4,9230769
1083	-1,0769231
1083	17,9230769
1083	0,9230769
1083	8,9230769
1084	0,9230769
1084	3,9230769
1084	2,9230769
1084	21,9230769
1085	-12,0769231
1085	-8,0769231
1085	-1,0769231
1085	29,9230769
1086	10,9230769
1086	-25,0769231
1086	11,9230769
1086	12,9230769
1087	-10,0769231
1087	-5,0769231
1087	16,9230769
1087	9,9230769
1087	-16,0769231
1088	13,9230769
1088	-21,0769231
1088	28,9230769
1088	10,9230769
1089	9,9230769
1089	13,9230769
1089	13,9230769
1089	25,9230769
1090	-0,0769231
1090	-18,0769231
1090	14,9230769
1090	12,9230769
1091	12,9230769
1091	-5,0769231
1091	15,9230769
1091	9,9230769
1092	18,9230769
1092	-26,0769231
1092	-21,0769231
1092	23,9230769
1092	21,9230769
1093	13,9230769
1093	2,9230769
1093	-5,0769231
1093	-3,0769231
1094	-13,0769231
1094	2,9230769
1094	-6,0769231
1094	-8,0769231
1095	-1,0769231
1095	3,9230769
1095	6,9230769
1095	-3,0769231
1096	22,9230769
1096	13,9230769
1096	1,9230769
1096	24,9230769
1097	6,9230769
1097	8,9230769
1097	1,9230769
1097	-9,0769231
1097	6,9230769
1098	9,9230769
1098	17,9230769
1098	-18,0769231
1098	-17,0769231
1099	-24,0769231
1099	5,9230769
1099	25,9230769
1099	14,9230769
1100	-22,0769231
1100	-8,0769231
1100	4,9230769
1100	-6,0769231
1101	29,9230769
1101	-3,0769231
1101	10,9230769
1101	14,9230769
1101	-14,0769231
1102	-2,0769231
1102	-5,0769231
1102	5,9230769
1102	12,9230769
1103	-2,0769231
1103	11,9230769
1103	-13,0769231
1103	-15,0769231
1104	-20,0769231
1104	9,9230769
1104	5,9230769
1104	-15,0769231
1105	19,9230769
1105	-9,0769231
1105	-6,0769231
1105	-6,0769231
1106	0,9230769
1106	-8,0769231
1106	20,9230769
1106	20,9230769
1106	-0,0769231
1107	-20,0769231
1107	-12,0769231
1107	-5,0769231
1107	-7,0769231
1108	9,9230769
1108	-9,0769231
1108	-8,0769231
1108	-14,0769231
1109	-19,0769231
1109	5,9230769
1109	-10,0769231
1109	9,9230769
1110	-16,0769231
1110	-4,0769231
1110	-8,0769231
1110	14,9230769
1110	19,9230769
1111	23,9230769
1111	-6,0769231
1111	3,9230769
1111	-6,0769231
1112	15,9230769
1112	9,9230769
1112	21,9230769
1112	0,9230769
1113	6,9230769
1113	5,9230769
1113	16,9230769
1113	7,9230769
1114	-15,0769231
1114	-5,0769231
1114	-11,0769231
1114	-14,0769231
1115	14,9230769
1115	21,9230769
1115	36,9230769
1115	3,9230769
1115	-8,0769231
1116	-16,0769231
1116	26,9230769
1116	20,9230769
1116	29,9230769
1117	27,9230769
1117	-7,0769231
1117	-13,0769231
1117	17,9230769
1118	6,9230769
