196	-20,3076923
196	-20,3076923
196	-20,3076923
197	10,6923077
197	-1,3076923
197	7,6923077
197	1,6923077
198	-8,3076923
198	17,6923077
198	33,6923077
199	25,6923077
199	-35,3076923
199	8,6923077
199	-3,3076923
200	20,6923077
200	5,6923077
200	-11,3076923
200	7,6923077
201	21,6923077
201	26,6923077
201	31,6923077
201	18,6923077
202	23,6923077
202	27,6923077
202	31,6923077
203	35,6923077
203	52,6923077
203	2,6923077
203	28,6923077
204	51,6923077
204	31,6923077
204	45,6923077
204	51,6923077
205	26,6923077
205	62,6923077
205	65,6923077
205	56,6923077
206	44,6923077
206	60,6923077
206	82,6923077
207	81,6923077
207	99,6923077
207	78,6923077
207	82,6923077
208	99,6923077
208	80,6923077
208	83,6923077
208	93,6923077
209	94,6923077
209	60,6923077
209	77,6923077
209	97,6923077
210	80,6923077
210	72,6923077
210	62,6923077
211	97,6923077
211	94,6923077
211	94,6923077
211	101,6923077
212	104,6923077
212	86,6923077
212	103,6923077
212	127,6923077
213	117,6923077
213	138,6923077
213	142,6923077
213	137,6923077
214	94,6923077
214	138,6923077
214	117,6923077
215	146,6923077
215	122,6923077
215	126,6923077
215	126,6923077
216	130,6923077
216	111,6923077
216	115,6923077
216	140,6923077
217	155,6923077
217	144,6923077
217	133,6923077
217	132,6923077
218	135,6923077
218	160,6923077
218	161,6923077
219	149,6923077
219	135,6923077
219	127,6923077
219	162,6923077
220	160,6923077
220	165,6923077
220	178,6923077
220	146,6923077
221	183,6923077
221	170,6923077
221	175,6923077
221	194,6923077
222	179,6923077
222	201,6923077
222	175,6923077
223	171,6923077
223	160,6923077
223	206,6923077
223	185,6923077
224	219,6923077
224	219,6923077
224	201,6923077
224	177,6923077
225	225,6923077
225	190,6923077
225	204,6923077
225	202,6923077
226	233,6923077
226	203,6923077
226	211,6923077
227	209,6923077
227	178,6923077
227	200,6923077
227	193,6923077
228	194,6923077
228	191,6923077
228	179,6923077
228	175,6923077
229	169,6923077
229	204,6923077
229	219,6923077
229	226,6923077
230	209,6923077
230	198,6923077
230	188,6923077
231	204,6923077
231	240,6923077
231	238,6923077
231	250,6923077
232	272,6923077
232	266,6923077
232	259,6923077
232	263,6923077
233	297,6923077
233	326,6923077
233	377,6923077
233	381,6923077
234	416,6923077
234	395,6923077
234	428,6923077
235	480,6923077
235	507,6923077
235	492,6923077
235	512,6923077
236	520,6923077
236	538,6923077
236	593,6923077
236	599,6923077
237	577,6923077
237	635,6923077
237	634,6923077
237	646,6923077
238	666,6923077
238	717,6923077
238	749,6923077
239	759,6923077
239	789,6923077
239	801,6923077
239	777,6923077
240	777,6923077
240	800,6923077
240	838,6923077
240	766,6923077
241	768,6923077
241	846,6923077
241	829,6923077
241	813,6923077
242	818,6923077
242	783,6923077
242	769,6923077
243	796,6923077
243	796,6923077
243	755,6923077
243	778,6923077
244	765,6923077
244	768,6923077
244	742,6923077
244	766,6923077
245	734,6923077
245	691,6923077
245	744,6923077
245	715,6923077
246	694,6923077
246	690,6923077
246	657,6923077
247	696,6923077
247	709,6923077
247	753,6923077
247	755,6923077
248	727,6923077
248	727,6923077
248	701,6923077
248	709,6923077
249	739,6923077
249	747,6923077
249	806,6923077
249	742,6923077
250	811,6923077
250	807,6923077
250	827,6923077
251	806,6923077
251	870,6923077
251	821,6923077
251	873,6923077
252	857,6923077
252	858,6923077
252	873,6923077
252	857,6923077
253	864,6923077
253	828,6923077
253	854,6923077
253	885,6923077
254	812,6923077
254	853,6923077
254	885,6923077
254	900,6923077
255	863,6923077
255	876,6923077
255	885,6923077
256	855,6923077
256	842,6923077
256	835,6923077
256	867,6923077
257	870,6923077
257	869,6923077
257	866,6923077
257	856,6923077
258	852,6923077
258	869,6923077
258	918,6923077
258	851,6923077
259	896,6923077
259	907,6923077
259	842,6923077
260	871,6923077
260	878,6923077
260	911,6923077
260	922,6923077
261	920,6923077
261	929,6923077
261	922,6923077
261	929,6923077
262	962,6923077
262	902,6923077
262	914,6923077
262	878,6923077
263	879,6923077
263	867,6923077
263	802,6923077
264	825,6923077
264	849,6923077
264	782,6923077
264	744,6923077
265	716,6923077
265	704,6923077
265	699,6923077
265	660,6923077
266	623,6923077
266	599,6923077
266	548,6923077
266	553,6923077
267	564,6923077
267	553,6923077
267	544,6923077
268	511,6923077
268	524,6923077
268	479,6923077
268	524,6923077
269	492,6923077
269	511,6923077
269	526,6923077
269	543,6923077
270	504,6923077
270	556,6923077
270	542,6923077
270	565,6923077
271	575,6923077
271	615,6923077
271	646,6923077
271	695,6923077
272	724,6923077
272	773,6923077
272	780,6923077
273	817,6923077
273	825,6923077
273	836,6923077
273	862,6923077
274	848,6923077
274	889,6923077
274	914,6923077
274	943,6923077
275	922,6923077
275	965,6923077
275	971,6923077
275	988,6923077
276	984,6923077
276	927,6923077
276	959,6923077
277	918,6923077
277	936,6923077
277	904,6923077
277	892,6923077
278	839,6923077
278	819,6923077
278	764,6923077
278	742,6923077
279	704,6923077
279	707,6923077
279	648,6923077
279	617,6923077
280	586,6923077
280	559,6923077
280	510,6923077
280	535,6923077
281	517,6923077
281	489,6923077
281	475,6923077
282	492,6923077
282	484,6923077
282	453,6923077
282	458,6923077
283	498,6923077
283	447,6923077
283	486,6923077
283	503,6923077
284	511,6923077
284	471,6923077
284	524,6923077
284	514,6923077
285	532,6923077
285	513,6923077
285	481,6923077
286	515,6923077
286	490,6923077
286	514,6923077
286	523,6923077
287	517,6923077
287	519,6923077
287	529,6923077
287	536,6923077
288	522,6923077
288	523,6923077
288	547,6923077
288	551,6923077
289	523,6923077
289	519,6923077
289	533,6923077
290	560,6923077
290	540,6923077
290	511,6923077
290	522,6923077
291	507,6923077
291	518,6923077
291	512,6923077
291	549,6923077
292	549,6923077
292	535,6923077
292	510,6923077
292	536,6923077
293	534,6923077
293	550,6923077
293	570,6923077
293	541,6923077
294	547,6923077
294	562,6923077
294	563,6923077
295	574,6923077
295	574,6923077
295	583,6923077
295	569,6923077
296	589,6923077
296	581,6923077
296	571,6923077
296	572,6923077
297	592,6923077
297	616,6923077
297	630,6923077
297	638,6923077
298	623,6923077
298	652,6923077
298	645,6923077
299	654,6923077
299	635,6923077
299	657,6923077
299	627,6923077
300	621,6923077
300	650,6923077
300	634,6923077
300	654,6923077
301	631,6923077
301	625,6923077
301	608,6923077
301	624,6923077
302	621,6923077
302	644,6923077
302	584,6923077
302	608,6923077
303	641,6923077
303	590,6923077
303	604,6923077
304	589,6923077
304	612,6923077
304	570,6923077
304	587,6923077
305	573,6923077
305	544,6923077
305	521,6923077
305	506,6923077
306	549,6923077
306	516,6923077
306	520,6923077
306	520,6923077
307	517,6923077
307	531,6923077
307	489,6923077
307	500,6923077
308	506,6923077
308	486,6923077
308	479,6923077
309	462,6923077
309	460,6923077
309	481,6923077
309	507,6923077
310	484,6923077
310	529,6923077
310	496,6923077
310	463,6923077
311	468,6923077
311	501,6923077
311	513,6923077
311	510,6923077
312	483,6923077
312	477,6923077
312	498,6923077
313	491,6923077
313	481,6923077
313	481,6923077
313	519,6923077
314	496,6923077
314	469,6923077
314	480,6923077
314	478,6923077
315	476,6923077
315	450,6923077
315	474,6923077
315	451,6923077
316	452,6923077
316	463,6923077
316	454,6923077
316	443,6923077
317	455,6923077
317	465,6923077
317	458,6923077
318	441,6923077
318	435,6923077
318	446,6923077
318	443,6923077
319	459,6923077
319	435,6923077
319	398,6923077
319	402,6923077
320	440,6923077
320	418,6923077
320	433,6923077
320	440,6923077
321	436,6923077
321	449,6923077
321	444,6923077
321	430,6923077
322	448,6923077
322	452,6923077
322	407,6923077
323	434,6923077
323	475,6923077
323	463,6923077
323	474,6923077
324	446,6923077
324	483,6923077
324	489,6923077
324	488,6923077
325	523,6923077
325	501,6923077
325	513,6923077
325	535,6923077
326	488,6923077
326	504,6923077
326	518,6923077
327	545,6923077
327	548,6923077
327	528,6923077
327	516,6923077
328	529,6923077
328	531,6923077
328	573,6923077
328	580,6923077
329	585,6923077
329	590,6923077
329	605,6923077
329	593,6923077
330	607,6923077
330	624,6923077
330	590,6923077
330	599,6923077
331	636,6923077
331	604,6923077
331	647,6923077
332	670,6923077
332	662,6923077
332	649,6923077
332	632,6923077
333	607,6923077
333	657,6923077
333	687,6923077
333	661,6923077
334	685,6923077
334	721,6923077
334	698,6923077
334	700,6923077
335	661,6923077
335	642,6923077
335	652,6923077
335	652,6923077
336	645,6923077
336	661,6923077
336	646,6923077
337	639,6923077
337	638,6923077
337	660,6923077
337	629,6923077
338	629,6923077
338	631,6923077
338	635,6923077
338	635,6923077
339	569,6923077
339	565,6923077
339	582,6923077
339	538,6923077
340	542,6923077
340	551,6923077
340	529,6923077
340	487,6923077
341	542,6923077
341	518,6923077
341	514,6923077
342	545,6923077
342	526,6923077
342	495,6923077
342	477,6923077
343	477,6923077
343	510,6923077
343	496,6923077
343	479,6923077
344	480,6923077
344	508,6923077
344	505,6923077
344	537,6923077
345	497,6923077
345	469,6923077
345	491,6923077
345	496,6923077
346	491,6923077
346	486,6923077
346	514,6923077
347	507,6923077
347	478,6923077
347	488,6923077
347	450,6923077
348	441,6923077
348	460,6923077
348	482,6923077
348	457,6923077
349	479,6923077
349	455,6923077
349	467,6923077
349	433,6923077
350	434,6923077
350	423,6923077
350	461,6923077
350	452,6923077
351	438,6923077
351	434,6923077
351	411,6923077
352	421,6923077
352	410,6923077
352	426,6923077
352	412,6923077
353	437,6923077
353	433,6923077
353	424,6923077
353	422,6923077
354	430,6923077
354	451,6923077
354	432,6923077
354	467,6923077
355	451,6923077
355	436,6923077
355	412,6923077
355	435,6923077
356	471,6923077
356	436,6923077
356	461,6923077
357	460,6923077
357	460,6923077
357	478,6923077
357	486,6923077
358	491,6923077
358	452,6923077
358	493,6923077
358	482,6923077
359	490,6923077
359	501,6923077
359	480,6923077
359	479,6923077
360	487,6923077
360	478,6923077
360	477,6923077
360	474,6923077
361	462,6923077
361	461,6923077
361	455,6923077
362	484,6923077
362	473,6923077
362	470,6923077
362	487,6923077
363	499,6923077
363	461,6923077
363	464,6923077
363	464,6923077
364	448,6923077
364	429,6923077
364	434,6923077
364	447,6923077
365	436,6923077
365	433,6923077
365	425,6923077
365	418,6923077
366	442,6923077
366	423,6923077
366	420,6923077
367	468,6923077
367	441,6923077
367	462,6923077
367	460,6923077
368	423,6923077
368	465,6923077
368	478,6923077
368	456,6923077
369	465,6923077
369	514,6923077
369	508,6923077
369	477,6923077
370	467,6923077
370	491,6923077
370	489,6923077
370	508,6923077
371	506,6923077
371	497,6923077
371	506,6923077
371	548,6923077
372	518,6923077
372	548,6923077
372	563,6923077
373	552,6923077
373	546,6923077
373	542,6923077
373	571,6923077
374	551,6923077
374	590,6923077
374	560,6923077
374	589,6923077
375	580,6923077
375	608,6923077
375	592,6923077
375	595,6923077
376	578,6923077
376	636,6923077
376	627,6923077
376	599,6923077
377	583,6923077
377	612,6923077
377	584,6923077
378	615,6923077
378	605,6923077
378	645,6923077
378	659,6923077
379	618,6923077
379	616,6923077
379	643,6923077
379	665,6923077
380	636,6923077
380	647,6923077
380	673,6923077
380	609,6923077
381	624,6923077
381	625,6923077
381	646,6923077
381	628,6923077
382	626,6923077
382	624,6923077
382	650,6923077
383	627,6923077
383	617,6923077
383	631,6923077
383	648,6923077
384	637,6923077
384	644,6923077
384	657,6923077
384	656,6923077
385	630,6923077
385	631,6923077
385	622,6923077
385	654,6923077
386	663,6923077
386	649,6923077
386	658,6923077
386	661,6923077
387	690,6923077
387	713,6923077
387	714,6923077
387	728,6923077
388	669,6923077
388	708,6923077
388	720,6923077
389	756,6923077
389	736,6923077
389	756,6923077
389	729,6923077
390	744,6923077
390	781,6923077
390	758,6923077
390	786,6923077
391	755,6923077
391	733,6923077
391	747,6923077
391	743,6923077
392	745,6923077
392	753,6923077
392	766,6923077
392	788,6923077
393	736,6923077
393	794,6923077
393	791,6923077
394	780,6923077
394	798,6923077
394	777,6923077
394	844,6923077
395	827,6923077
395	835,6923077
395	819,6923077
395	858,6923077
396	838,6923077
396	885,6923077
396	908,6923077
396	945,6923077
397	951,6923077
397	951,6923077
397	1015,6923077
397	1000,6923077
398	1019,6923077
398	1023,6923077
398	974,6923077
398	1029,6923077
399	1050,6923077
399	1045,6923077
399	1123,6923077
400	1087,6923077
400	1180,6923077
400	1166,6923077
400	1142,6923077
401	1137,6923077
401	1145,6923077
401	1171,6923077
401	1171,6923077
402	1191,6923077
402	1249,6923077
402	1228,6923077
402	1186,6923077
403	1252,6923077
403	1219,6923077
403	1241,6923077
403	1375,6923077
404	1489,6923077
404	1530,6923077
404	1494,6923077
405	1454,6923077
405	1458,6923077
405	1442,6923077
405	1390,6923077
406	1411,6923077
406	1406,6923077
406	1398,6923077
406	1352,6923077
407	1409,6923077
407	1374,6923077
407	1422,6923077
407	1434,6923077
408	1478,6923077
408	1448,6923077
408	1508,6923077
408	1529,6923077
409	1492,6923077
409	1508,6923077
409	1445,6923077
409	1497,6923077
410	1418,6923077
410	1399,6923077
410	1400,6923077
411	1388,6923077
411	1342,6923077
411	1337,6923077
411	1379,6923077
412	1452,6923077
412	1443,6923077
412	1442,6923077
412	1392,6923077
413	1336,6923077
413	1333,6923077
413	1328,6923077
413	1290,6923077
414	1340,6923077
414	1316,6923077
414	1314,6923077
414	1283,6923077
415	1308,6923077
415	1239,6923077
415	1225,6923077
415	1224,6923077
416	1217,6923077
416	1244,6923077
416	1232,6923077
417	1214,6923077
417	1218,6923077
417	1143,6923077
417	1165,6923077
418	1137,6923077
418	1124,6923077
418	1129,6923077
418	1168,6923077
419	1162,6923077
419	1160,6923077
419	1134,6923077
419	1183,6923077
420	1187,6923077
420	1158,6923077
420	1171,6923077
420	1201,6923077
421	1165,6923077
421	1182,6923077
421	1189,6923077
421	1175,6923077
422	1145,6923077
422	1219,6923077
422	1168,6923077
423	1208,6923077
423	1183,6923077
423	1186,6923077
423	1195,6923077
424	1260,6923077
424	1223,6923077
424	1208,6923077
424	1193,6923077
425	1178,6923077
425	1144,6923077
425	1157,6923077
425	1172,6923077
426	1151,6923077
426	1125,6923077
426	1065,6923077
426	1058,6923077
427	1125,6923077
427	1160,6923077
427	1124,6923077
427	1116,6923077
428	1180,6923077
428	1188,6923077
428	1151,6923077
429	1158,6923077
429	1111,6923077
429	1123,6923077
429	1134,6923077
430	1107,6923077
430	1126,6923077
430	1049,6923077
430	1091,6923077
431	1052,6923077
431	1028,6923077
431	962,6923077
431	987,6923077
432	1016,6923077
432	991,6923077
432	959,6923077
432	1009,6923077
433	997,6923077
433	969,6923077
433	977,6923077
433	951,6923077
434	946,6923077
434	972,6923077
434	947,6923077
435	989,6923077
435	998,6923077
435	976,6923077
435	991,6923077
436	945,6923077
436	985,6923077
436	996,6923077
436	1040,6923077
437	1036,6923077
437	1008,6923077
437	1050,6923077
437	1049,6923077
438	1095,6923077
438	1053,6923077
438	1077,6923077
438	1048,6923077
439	1116,6923077
439	1125,6923077
439	1140,6923077
439	1142,6923077
440	1118,6923077
440	1125,6923077
440	1141,6923077
441	1130,6923077
441	1168,6923077
441	1107,6923077
441	1134,6923077
442	1151,6923077
442	1134,6923077
442	1090,6923077
442	1127,6923077
443	1125,6923077
443	1102,6923077
443	1062,6923077
443	1104,6923077
444	1101,6923077
444	1100,6923077
444	1042,6923077
444	1104,6923077
445	1122,6923077
445	1149,6923077
445	1092,6923077
445	1167,6923077
446	1150,6923077
446	1223,6923077
446	1134,6923077
447	1144,6923077
447	1162,6923077
447	1170,6923077
447	1138,6923077
448	1127,6923077
448	1105,6923077
448	1102,6923077
448	1149,6923077
449	1170,6923077
449	1164,6923077
449	1162,6923077
449	1130,6923077
450	1139,6923077
450	1067,6923077
450	1054,6923077
450	1069,6923077
451	1011,6923077
451	938,6923077
451	997,6923077
451	1001,6923077
452	929,6923077
452	930,6923077
452	889,6923077
452	909,6923077
453	884,6923077
453	862,6923077
453	871,6923077
454	850,6923077
454	877,6923077
454	873,6923077
454	870,6923077
455	865,6923077
455	872,6923077
455	873,6923077
455	887,6923077
456	901,6923077
456	908,6923077
456	888,6923077
456	925,6923077
457	936,6923077
457	948,6923077
457	960,6923077
457	994,6923077
458	952,6923077
458	977,6923077
458	986,6923077
458	989,6923077
459	986,6923077
459	1003,6923077
459	1013,6923077
460	1013,6923077
460	1011,6923077
460	1020,6923077
460	1042,6923077
461	1041,6923077
461	1081,6923077
461	1048,6923077
461	1060,6923077
462	1128,6923077
462	1057,6923077
462	1098,6923077
462	1120,6923077
463	1150,6923077
463	1164,6923077
463	1156,6923077
463	1241,6923077
464	1180,6923077
464	1254,6923077
464	1265,6923077
464	1300,6923077
465	1340,6923077
465	1331,6923077
465	1351,6923077
465	1282,6923077
466	1352,6923077
466	1324,6923077
466	1304,6923077
467	1340,6923077
467	1368,6923077
467	1426,6923077
467	1493,6923077
468	1495,6923077
468	1538,6923077
468	1512,6923077
468	1491,6923077
469	1503,6923077
469	1475,6923077
469	1482,6923077
469	1379,6923077
470	1275,6923077
470	1258,6923077
470	1181,6923077
470	1133,6923077
471	1078,6923077
471	1091,6923077
471	994,6923077
471	975,6923077
472	1010,6923077
472	975,6923077
472	962,6923077
472	913,6923077
473	920,6923077
473	895,6923077
473	890,6923077
474	916,6923077
474	888,6923077
474	892,6923077
474	890,6923077
475	924,6923077
475	919,6923077
475	955,6923077
475	913,6923077
476	914,6923077
476	911,6923077
476	916,6923077
476	853,6923077
477	843,6923077
477	834,6923077
477	868,6923077
477	873,6923077
478	817,6923077
478	810,6923077
478	807,6923077
478	822,6923077
479	829,6923077
479	820,6923077
479	799,6923077
479	843,6923077
480	842,6923077
480	834,6923077
480	903,6923077
481	875,6923077
481	832,6923077
481	847,6923077
481	841,6923077
482	854,6923077
482	865,6923077
482	900,6923077
482	908,6923077
483	955,6923077
483	991,6923077
483	959,6923077
483	969,6923077
484	1019,6923077
484	976,6923077
484	1015,6923077
484	1094,6923077
485	1048,6923077
485	1072,6923077
485	1032,6923077
485	985,6923077
486	990,6923077
486	990,6923077
486	961,6923077
486	980,6923077
487	969,6923077
487	946,6923077
487	898,6923077
488	898,6923077
488	889,6923077
488	928,6923077
488	911,6923077
489	898,6923077
489	923,6923077
489	936,6923077
489	975,6923077
490	1013,6923077
490	1023,6923077
490	1040,6923077
490	1016,6923077
491	1067,6923077
491	1064,6923077
491	1122,6923077
491	1116,6923077
492	1104,6923077
492	1133,6923077
492	1122,6923077
492	1110,6923077
493	1153,6923077
493	1140,6923077
493	1176,6923077
493	1180,6923077
494	1207,6923077
494	1246,6923077
494	1268,6923077
495	1309,6923077
495	1340,6923077
495	1317,6923077
495	1349,6923077
496	1368,6923077
496	1419,6923077
496	1490,6923077
496	1522,6923077
497	1524,6923077
497	1594,6923077
497	1549,6923077
497	1615,6923077
498	1639,6923077
498	1720,6923077
498	1743,6923077
498	1756,6923077
499	1768,6923077
499	1795,6923077
499	1787,6923077
499	1830,6923077
500	1923,6923077
500	1957,6923077
500	2034,6923077
500	2025,6923077
501	2060,6923077
501	1996,6923077
501	1981,6923077
502	1988,6923077
502	1932,6923077
502	1950,6923077
502	2010,6923077
503	1967,6923077
503	2033,6923077
503	2080,6923077
503	2084,6923077
504	2197,6923077
504	2484,6923077
504	2980,6923077
504	3456,6923077
505	3749,6923077
505	3708,6923077
505	3636,6923077
505	3398,6923077
506	3169,6923077
506	2977,6923077
506	2782,6923077
506	2601,6923077
507	2448,6923077
507	2236,6923077
507	2028,6923077
507	1840,6923077
508	1734,6923077
508	1643,6923077
508	1584,6923077
508	1516,6923077
509	1512,6923077
509	1449,6923077
509	1308,6923077
510	1269,6923077
510	1182,6923077
510	1184,6923077
510	1110,6923077
511	1082,6923077
511	1053,6923077
511	996,6923077
511	1006,6923077
512	981,6923077
512	941,6923077
512	964,6923077
512	952,6923077
513	958,6923077
513	942,6923077
513	908,6923077
513	955,6923077
514	960,6923077
514	974,6923077
514	940,6923077
514	939,6923077
515	919,6923077
515	958,6923077
515	932,6923077
515	930,6923077
516	950,6923077
516	947,6923077
516	974,6923077
516	958,6923077
517	971,6923077
517	991,6923077
517	986,6923077
518	1035,6923077
518	1010,6923077
518	978,6923077
518	995,6923077
519	992,6923077
519	975,6923077
519	992,6923077
519	1031,6923077
520	1007,6923077
520	1017,6923077
520	1013,6923077
520	990,6923077
521	1044,6923077
521	1067,6923077
521	1170,6923077
521	1208,6923077
522	1286,6923077
522	1360,6923077
522	1303,6923077
522	1355,6923077
523	1294,6923077
523	1243,6923077
523	1200,6923077
523	1166,6923077
524	1130,6923077
524	1072,6923077
524	1072,6923077
524	997,6923077
525	971,6923077
525	981,6923077
525	926,6923077
526	917,6923077
526	934,6923077
526	871,6923077
526	820,6923077
527	841,6923077
527	824,6923077
527	845,6923077
527	818,6923077
528	817,6923077
528	825,6923077
528	797,6923077
528	826,6923077
529	818,6923077
529	803,6923077
529	788,6923077
529	781,6923077
530	773,6923077
530	770,6923077
530	785,6923077
530	786,6923077
531	804,6923077
531	788,6923077
531	762,6923077
531	770,6923077
532	746,6923077
532	747,6923077
532	756,6923077
532	759,6923077
533	774,6923077
533	776,6923077
533	778,6923077
534	752,6923077
534	747,6923077
534	756,6923077
534	735,6923077
535	766,6923077
535	756,6923077
535	789,6923077
535	780,6923077
536	768,6923077
536	740,6923077
536	787,6923077
536	778,6923077
537	804,6923077
537	750,6923077
537	762,6923077
537	759,6923077
538	767,6923077
538	779,6923077
538	773,6923077
538	764,6923077
539	767,6923077
539	755,6923077
539	763,6923077
539	690,6923077
540	730,6923077
540	747,6923077
540	731,6923077
540	694,6923077
541	755,6923077
541	728,6923077
541	725,6923077
541	708,6923077
542	700,6923077
542	706,6923077
542	703,6923077
543	714,6923077
543	704,6923077
543	716,6923077
543	714,6923077
544	703,6923077
544	711,6923077
544	722,6923077
544	736,6923077
545	704,6923077
545	707,6923077
545	716,6923077
545	722,6923077
546	744,6923077
546	725,6923077
546	730,6923077
546	731,6923077
547	720,6923077
547	712,6923077
547	740,6923077
547	724,6923077
548	709,6923077
548	773,6923077
548	733,6923077
548	774,6923077
549	753,6923077
549	781,6923077
549	817,6923077
549	811,6923077
550	780,6923077
550	779,6923077
550	795,6923077
550	794,6923077
551	796,6923077
551	799,6923077
551	790,6923077
552	782,6923077
552	811,6923077
552	782,6923077
552	805,6923077
553	811,6923077
553	797,6923077
553	800,6923077
553	853,6923077
554	838,6923077
554	845,6923077
554	872,6923077
554	840,6923077
555	836,6923077
555	804,6923077
555	800,6923077
555	787,6923077
556	789,6923077
556	736,6923077
556	764,6923077
556	782,6923077
557	823,6923077
557	822,6923077
557	825,6923077
557	927,6923077
558	894,6923077
558	858,6923077
558	878,6923077
558	907,6923077
559	887,6923077
559	827,6923077
559	849,6923077
559	794,6923077
560	811,6923077
560	797,6923077
560	791,6923077
561	773,6923077
561	793,6923077
561	760,6923077
561	774,6923077
562	786,6923077
562	802,6923077
562	795,6923077
562	809,6923077
563	770,6923077
563	778,6923077
563	826,6923077
563	817,6923077
564	789,6923077
564	843,6923077
564	836,6923077
564	830,6923077
565	877,6923077
565	837,6923077
565	880,6923077
565	877,6923077
566	867,6923077
566	888,6923077
566	888,6923077
566	898,6923077
567	885,6923077
567	886,6923077
567	915,6923077
567	914,6923077
568	952,6923077
568	947,6923077
568	948,6923077
568	938,6923077
569	951,6923077
569	923,6923077
569	952,6923077
569	915,6923077
570	952,6923077
570	1008,6923077
570	1068,6923077
571	1171,6923077
571	1240,6923077
571	1313,6923077
571	1342,6923077
572	1491,6923077
572	1652,6923077
572	1715,6923077
572	1714,6923077
573	1637,6923077
573	1517,6923077
573	1410,6923077
573	1388,6923077
574	1249,6923077
574	1181,6923077
574	1164,6923077
574	1065,6923077
575	1056,6923077
575	982,6923077
575	991,6923077
575	928,6923077
576	885,6923077
576	815,6923077
576	768,6923077
576	736,6923077
577	711,6923077
577	736,6923077
577	707,6923077
577	673,6923077
578	648,6923077
578	665,6923077
578	608,6923077
578	582,6923077
579	573,6923077
579	596,6923077
579	549,6923077
579	557,6923077
580	559,6923077
580	546,6923077
580	505,6923077
581	568,6923077
581	564,6923077
581	574,6923077
581	540,6923077
582	523,6923077
582	585,6923077
582	497,6923077
582	500,6923077
583	548,6923077
583	540,6923077
583	522,6923077
583	565,6923077
584	505,6923077
584	495,6923077
584	535,6923077
584	497,6923077
585	534,6923077
585	494,6923077
585	510,6923077
585	550,6923077
586	530,6923077
586	512,6923077
586	504,6923077
586	538,6923077
587	566,6923077
587	548,6923077
587	532,6923077
587	548,6923077
588	561,6923077
588	561,6923077
588	590,6923077
588	567,6923077
589	558,6923077
589	551,6923077
589	543,6923077
589	553,6923077
590	571,6923077
590	598,6923077
590	590,6923077
590	563,6923077
591	564,6923077
591	595,6923077
591	588,6923077
592	602,6923077
592	575,6923077
592	581,6923077
592	605,6923077
593	620,6923077
593	626,6923077
593	622,6923077
593	614,6923077
594	641,6923077
594	663,6923077
594	610,6923077
594	627,6923077
595	636,6923077
595	626,6923077
595	617,6923077
595	634,6923077
596	634,6923077
596	663,6923077
596	678,6923077
596	711,6923077
597	703,6923077
597	748,6923077
597	810,6923077
597	827,6923077
598	875,6923077
598	910,6923077
598	926,6923077
598	896,6923077
599	908,6923077
599	841,6923077
599	857,6923077
599	846,6923077
600	819,6923077
600	747,6923077
600	737,6923077
600	698,6923077
601	673,6923077
601	651,6923077
601	641,6923077
601	601,6923077
602	577,6923077
602	571,6923077
602	595,6923077
603	569,6923077
603	528,6923077
603	509,6923077
603	537,6923077
604	494,6923077
604	525,6923077
604	507,6923077
604	507,6923077
605	468,6923077
605	482,6923077
605	500,6923077
605	506,6923077
606	452,6923077
606	465,6923077
606	485,6923077
606	482,6923077
607	473,6923077
607	433,6923077
607	431,6923077
607	464,6923077
608	442,6923077
608	478,6923077
608	469,6923077
608	462,6923077
609	466,6923077
609	462,6923077
609	482,6923077
609	465,6923077
610	467,6923077
610	464,6923077
610	451,6923077
610	473,6923077
611	472,6923077
611	458,6923077
611	451,6923077
611	468,6923077
612	477,6923077
612	448,6923077
612	420,6923077
612	468,6923077
613	457,6923077
613	481,6923077
613	535,6923077
613	469,6923077
614	464,6923077
614	488,6923077
614	453,6923077
614	496,6923077
615	483,6923077
615	489,6923077
615	467,6923077
616	466,6923077
616	484,6923077
616	469,6923077
616	489,6923077
617	526,6923077
617	484,6923077
617	486,6923077
617	498,6923077
618	504,6923077
618	496,6923077
618	486,6923077
618	511,6923077
619	466,6923077
619	491,6923077
619	505,6923077
619	508,6923077
620	541,6923077
620	498,6923077
620	502,6923077
620	506,6923077
621	523,6923077
621	520,6923077
621	518,6923077
621	524,6923077
622	547,6923077
622	562,6923077
622	534,6923077
622	522,6923077
623	560,6923077
623	544,6923077
623	553,6923077
623	567,6923077
624	518,6923077
624	532,6923077
624	507,6923077
624	490,6923077
625	514,6923077
625	528,6923077
625	502,6923077
625	509,6923077
626	488,6923077
626	501,6923077
626	501,6923077
626	477,6923077
627	475,6923077
627	474,6923077
627	482,6923077
627	469,6923077
628	479,6923077
628	464,6923077
628	469,6923077
629	471,6923077
629	449,6923077
629	474,6923077
629	479,6923077
630	457,6923077
630	461,6923077
630	499,6923077
630	465,6923077
631	468,6923077
631	452,6923077
631	481,6923077
631	435,6923077
632	451,6923077
632	449,6923077
632	435,6923077
632	437,6923077
633	474,6923077
633	443,6923077
633	437,6923077
633	475,6923077
634	460,6923077
634	469,6923077
634	444,6923077
634	456,6923077
635	440,6923077
635	443,6923077
635	435,6923077
635	467,6923077
636	473,6923077
636	427,6923077
636	408,6923077
636	414,6923077
637	435,6923077
637	453,6923077
637	416,6923077
637	450,6923077
638	456,6923077
638	455,6923077
638	450,6923077
638	458,6923077
639	459,6923077
639	431,6923077
639	454,6923077
639	468,6923077
640	452,6923077
640	458,6923077
640	442,6923077
640	433,6923077
641	461,6923077
641	438,6923077
641	473,6923077
641	444,6923077
642	465,6923077
642	433,6923077
642	423,6923077
642	443,6923077
643	462,6923077
643	458,6923077
643	497,6923077
644	487,6923077
644	462,6923077
644	450,6923077
644	472,6923077
645	476,6923077
645	437,6923077
645	474,6923077
645	444,6923077
646	448,6923077
646	463,6923077
646	443,6923077
646	449,6923077
647	474,6923077
647	456,6923077
647	466,6923077
647	458,6923077
648	538,6923077
648	486,6923077
648	477,6923077
648	491,6923077
649	482,6923077
649	489,6923077
649	519,6923077
649	508,6923077
650	528,6923077
650	517,6923077
650	517,6923077
650	537,6923077
651	526,6923077
651	529,6923077
651	564,6923077
651	578,6923077
652	574,6923077
652	585,6923077
652	592,6923077
652	654,6923077
653	632,6923077
653	605,6923077
653	643,6923077
653	648,6923077
654	617,6923077
654	600,6923077
654	620,6923077
654	622,6923077
655	607,6923077
655	654,6923077
655	632,6923077
655	617,6923077
656	575,6923077
656	643,6923077
656	621,6923077
656	610,6923077
657	581,6923077
657	610,6923077
657	613,6923077
657	601,6923077
658	627,6923077
658	620,6923077
658	620,6923077
658	631,6923077
659	649,6923077
659	650,6923077
659	640,6923077
660	658,6923077
660	675,6923077
660	741,6923077
660	754,6923077
661	754,6923077
661	817,6923077
661	788,6923077
661	811,6923077
662	766,6923077
662	755,6923077
662	737,6923077
662	737,6923077
663	714,6923077
663	701,6923077
663	714,6923077
663	683,6923077
664	651,6923077
664	619,6923077
664	598,6923077
664	611,6923077
665	645,6923077
665	632,6923077
665	636,6923077
665	635,6923077
666	627,6923077
666	615,6923077
666	560,6923077
666	562,6923077
667	492,6923077
667	494,6923077
667	511,6923077
667	492,6923077
668	482,6923077
668	478,6923077
668	477,6923077
668	465,6923077
669	442,6923077
669	453,6923077
669	394,6923077
669	418,6923077
670	389,6923077
670	393,6923077
670	398,6923077
670	375,6923077
671	381,6923077
671	376,6923077
671	388,6923077
671	359,6923077
672	349,6923077
672	356,6923077
672	346,6923077
672	359,6923077
673	340,6923077
673	369,6923077
673	393,6923077
673	360,6923077
674	333,6923077
674	334,6923077
674	346,6923077
674	321,6923077
675	289,6923077
675	331,6923077
675	323,6923077
675	311,6923077
676	319,6923077
676	320,6923077
676	311,6923077
676	333,6923077
677	332,6923077
677	326,6923077
677	333,6923077
677	323,6923077
678	293,6923077
678	294,6923077
678	313,6923077
678	300,6923077
679	326,6923077
679	300,6923077
679	293,6923077
680	310,6923077
680	309,6923077
680	315,6923077
680	286,6923077
681	306,6923077
681	306,6923077
681	292,6923077
681	284,6923077
682	288,6923077
682	309,6923077
682	285,6923077
682	249,6923077
683	289,6923077
683	296,6923077
683	297,6923077
683	289,6923077
684	295,6923077
684	272,6923077
684	256,6923077
684	274,6923077
685	272,6923077
685	291,6923077
685	292,6923077
685	297,6923077
686	272,6923077
686	282,6923077
686	280,6923077
686	277,6923077
687	270,6923077
687	300,6923077
687	296,6923077
687	257,6923077
688	243,6923077
688	266,6923077
688	278,6923077
688	260,6923077
689	292,6923077
689	285,6923077
689	249,6923077
689	255,6923077
690	247,6923077
690	253,6923077
690	250,6923077
690	260,6923077
691	295,6923077
691	274,6923077
691	284,6923077
691	276,6923077
692	276,6923077
692	273,6923077
692	273,6923077
692	230,6923077
693	238,6923077
693	247,6923077
693	249,6923077
693	259,6923077
694	277,6923077
694	260,6923077
694	231,6923077
694	257,6923077
695	281,6923077
695	228,6923077
695	262,6923077
695	256,6923077
696	241,6923077
696	269,6923077
696	248,6923077
696	247,6923077
697	257,6923077
697	226,6923077
697	256,6923077
697	249,6923077
698	236,6923077
698	230,6923077
698	270,6923077
698	248,6923077
699	248,6923077
699	233,6923077
699	220,6923077
699	242,6923077
700	244,6923077
700	226,6923077
700	238,6923077
700	238,6923077
701	224,6923077
701	259,6923077
701	223,6923077
701	222,6923077
702	243,6923077
702	237,6923077
702	225,6923077
702	248,6923077
703	233,6923077
703	247,6923077
703	220,6923077
703	201,6923077
704	225,6923077
704	210,6923077
704	228,6923077
704	247,6923077
705	208,6923077
705	183,6923077
705	205,6923077
706	182,6923077
706	199,6923077
706	195,6923077
706	190,6923077
707	219,6923077
707	210,6923077
707	233,6923077
707	234,6923077
708	213,6923077
708	186,6923077
708	215,6923077
708	202,6923077
709	193,6923077
709	225,6923077
709	221,6923077
709	179,6923077
710	165,6923077
710	203,6923077
710	207,6923077
710	175,6923077
711	204,6923077
711	183,6923077
711	177,6923077
711	207,6923077
712	193,6923077
712	182,6923077
712	194,6923077
712	200,6923077
713	197,6923077
713	160,6923077
713	209,6923077
713	201,6923077
714	224,6923077
714	172,6923077
714	205,6923077
714	212,6923077
715	198,6923077
715	205,6923077
715	187,6923077
715	186,6923077
716	184,6923077
716	181,6923077
716	199,6923077
716	202,6923077
717	215,6923077
717	171,6923077
717	185,6923077
717	173,6923077
718	220,6923077
718	196,6923077
718	178,6923077
718	196,6923077
719	188,6923077
719	178,6923077
719	204,6923077
719	206,6923077
720	235,6923077
720	203,6923077
720	216,6923077
720	211,6923077
721	206,6923077
721	220,6923077
721	218,6923077
721	193,6923077
722	196,6923077
722	220,6923077
722	210,6923077
722	212,6923077
723	185,6923077
723	172,6923077
723	170,6923077
723	187,6923077
724	202,6923077
724	189,6923077
724	145,6923077
724	199,6923077
725	184,6923077
725	159,6923077
725	173,6923077
725	145,6923077
726	147,6923077
726	197,6923077
726	170,6923077
726	151,6923077
727	156,6923077
727	153,6923077
727	153,6923077
727	161,6923077
728	153,6923077
728	151,6923077
728	163,6923077
728	171,6923077
729	171,6923077
729	164,6923077
729	170,6923077
729	160,6923077
730	161,6923077
730	141,6923077
730	144,6923077
730	145,6923077
731	167,6923077
731	143,6923077
731	163,6923077
731	181,6923077
732	150,6923077
732	169,6923077
732	132,6923077
732	126,6923077
733	178,6923077
733	164,6923077
733	138,6923077
733	160,6923077
734	149,6923077
734	145,6923077
734	162,6923077
734	156,6923077
735	169,6923077
735	152,6923077
735	155,6923077
735	123,6923077
736	163,6923077
736	147,6923077
736	152,6923077
736	151,6923077
737	158,6923077
737	135,6923077
737	167,6923077
737	151,6923077
738	183,6923077
738	203,6923077
738	155,6923077
738	143,6923077
739	192,6923077
739	172,6923077
739	197,6923077
739	162,6923077
740	199,6923077
740	209,6923077
740	163,6923077
740	170,6923077
741	169,6923077
741	165,6923077
741	185,6923077
741	200,6923077
742	171,6923077
742	165,6923077
742	219,6923077
742	201,6923077
743	193,6923077
743	170,6923077
743	211,6923077
743	217,6923077
744	221,6923077
744	227,6923077
744	188,6923077
744	214,6923077
745	205,6923077
745	189,6923077
745	210,6923077
745	225,6923077
746	212,6923077
746	210,6923077
746	228,6923077
746	256,6923077
747	278,6923077
747	296,6923077
747	242,6923077
747	252,6923077
748	244,6923077
748	278,6923077
748	308,6923077
748	385,6923077
749	397,6923077
749	332,6923077
749	295,6923077
749	295,6923077
750	286,6923077
750	283,6923077
750	251,6923077
750	307,6923077
751	330,6923077
751	381,6923077
751	371,6923077
751	373,6923077
752	337,6923077
752	310,6923077
752	312,6923077
752	293,6923077
753	288,6923077
753	265,6923077
753	269,6923077
753	262,6923077
754	244,6923077
754	211,6923077
754	173,6923077
754	191,6923077
755	179,6923077
755	157,6923077
755	148,6923077
755	138,6923077
756	126,6923077
756	115,6923077
756	139,6923077
756	133,6923077
757	139,6923077
757	154,6923077
757	174,6923077
757	148,6923077
758	120,6923077
758	108,6923077
758	97,6923077
758	123,6923077
759	121,6923077
759	128,6923077
759	108,6923077
759	124,6923077
760	105,6923077
760	120,6923077
760	113,6923077
760	122,6923077
761	130,6923077
761	127,6923077
761	156,6923077
761	134,6923077
762	120,6923077
762	91,6923077
762	107,6923077
762	93,6923077
763	94,6923077
763	108,6923077
763	110,6923077
763	117,6923077
764	122,6923077
764	122,6923077
764	127,6923077
764	115,6923077
765	98,6923077
765	106,6923077
765	140,6923077
765	102,6923077
766	117,6923077
766	139,6923077
766	143,6923077
766	110,6923077
767	131,6923077
767	126,6923077
767	115,6923077
767	97,6923077
768	168,6923077
768	130,6923077
768	130,6923077
768	120,6923077
769	118,6923077
769	136,6923077
769	132,6923077
769	159,6923077
770	130,6923077
770	170,6923077
770	163,6923077
770	156,6923077
771	153,6923077
771	187,6923077
771	167,6923077
771	185,6923077
772	173,6923077
772	170,6923077
772	177,6923077
772	194,6923077
773	182,6923077
773	197,6923077
773	199,6923077
773	191,6923077
774	219,6923077
774	220,6923077
774	230,6923077
774	227,6923077
775	231,6923077
775	213,6923077
775	196,6923077
775	235,6923077
776	252,6923077
776	225,6923077
776	236,6923077
776	254,6923077
777	268,6923077
777	306,6923077
777	305,6923077
777	286,6923077
778	334,6923077
778	267,6923077
778	241,6923077
778	260,6923077
779	271,6923077
779	269,6923077
779	304,6923077
779	261,6923077
780	276,6923077
780	275,6923077
780	284,6923077
780	319,6923077
781	386,6923077
781	516,6923077
781	716,6923077
781	857,6923077
782	910,6923077
782	841,6923077
782	747,6923077
782	668,6923077
783	652,6923077
783	620,6923077
783	541,6923077
783	515,6923077
784	438,6923077
784	348,6923077
784	266,6923077
784	247,6923077
785	196,6923077
785	161,6923077
785	168,6923077
785	147,6923077
786	134,6923077
786	117,6923077
786	127,6923077
786	126,6923077
787	121,6923077
787	104,6923077
787	85,6923077
787	109,6923077
788	124,6923077
788	108,6923077
788	108,6923077
788	81,6923077
789	91,6923077
789	122,6923077
789	118,6923077
789	124,6923077
790	117,6923077
790	101,6923077
790	82,6923077
790	98,6923077
791	77,6923077
791	97,6923077
791	126,6923077
791	118,6923077
792	120,6923077
792	100,6923077
792	97,6923077
792	66,6923077
793	98,6923077
793	117,6923077
793	106,6923077
793	82,6923077
794	96,6923077
794	108,6923077
794	117,6923077
794	111,6923077
795	97,6923077
795	103,6923077
795	132,6923077
795	89,6923077
796	130,6923077
796	113,6923077
796	91,6923077
796	85,6923077
797	116,6923077
797	107,6923077
797	102,6923077
797	103,6923077
798	98,6923077
798	100,6923077
798	99,6923077
798	142,6923077
799	119,6923077
799	110,6923077
799	151,6923077
799	186,6923077
800	158,6923077
800	153,6923077
800	121,6923077
800	141,6923077
801	124,6923077
801	116,6923077
801	109,6923077
801	96,6923077
802	99,6923077
802	103,6923077
802	99,6923077
802	74,6923077
803	87,6923077
803	72,6923077
803	98,6923077
803	82,6923077
804	81,6923077
804	73,6923077
804	66,6923077
804	83,6923077
805	53,6923077
805	70,6923077
805	74,6923077
805	66,6923077
806	71,6923077
806	58,6923077
806	74,6923077
806	48,6923077
807	69,6923077
807	66,6923077
807	70,6923077
807	76,6923077
808	50,6923077
808	56,6923077
808	71,6923077
808	69,6923077
809	56,6923077
809	59,6923077
809	79,6923077
809	80,6923077
810	62,6923077
810	83,6923077
810	66,6923077
810	80,6923077
811	79,6923077
811	74,6923077
811	71,6923077
811	60,6923077
812	80,6923077
812	85,6923077
812	85,6923077
812	84,6923077
813	100,6923077
813	87,6923077
813	76,6923077
813	96,6923077
814	90,6923077
814	95,6923077
814	91,6923077
814	85,6923077
815	107,6923077
815	102,6923077
815	113,6923077
815	97,6923077
816	97,6923077
816	99,6923077
816	108,6923077
816	120,6923077
817	91,6923077
817	117,6923077
817	129,6923077
817	130,6923077
818	136,6923077
818	114,6923077
818	155,6923077
818	153,6923077
819	96,6923077
819	159,6923077
819	137,6923077
819	125,6923077
820	147,6923077
820	151,6923077
820	134,6923077
820	155,6923077
820	172,6923077
821	185,6923077
821	176,6923077
821	206,6923077
821	200,6923077
822	173,6923077
822	166,6923077
822	207,6923077
822	227,6923077
823	265,6923077
823	264,6923077
823	280,6923077
823	214,6923077
824	239,6923077
824	261,6923077
824	242,6923077
824	215,6923077
825	214,6923077
825	211,6923077
825	232,6923077
825	237,6923077
826	279,6923077
826	306,6923077
826	328,6923077
826	333,6923077
827	317,6923077
827	270,6923077
827	264,6923077
827	256,6923077
828	197,6923077
828	183,6923077
828	202,6923077
828	199,6923077
829	201,6923077
829	145,6923077
829	124,6923077
829	130,6923077
830	105,6923077
830	85,6923077
830	91,6923077
830	67,6923077
831	68,6923077
831	76,6923077
831	73,6923077
831	27,6923077
832	76,6923077
832	52,6923077
832	62,6923077
832	54,6923077
833	83,6923077
833	37,6923077
833	28,6923077
833	62,6923077
834	41,6923077
834	35,6923077
834	34,6923077
834	50,6923077
835	39,6923077
835	13,6923077
835	72,6923077
835	37,6923077
836	66,6923077
836	50,6923077
836	62,6923077
836	56,6923077
837	37,6923077
837	21,6923077
837	65,6923077
837	40,6923077
838	37,6923077
838	47,6923077
838	22,6923077
838	28,6923077
839	53,6923077
839	40,6923077
839	25,6923077
839	57,6923077
840	54,6923077
840	35,6923077
840	55,6923077
840	41,6923077
841	55,6923077
841	46,6923077
841	54,6923077
841	62,6923077
842	86,6923077
842	63,6923077
842	77,6923077
842	80,6923077
843	39,6923077
843	68,6923077
843	102,6923077
843	65,6923077
844	62,6923077
844	68,6923077
844	57,6923077
844	59,6923077
845	68,6923077
845	69,6923077
845	65,6923077
845	75,6923077
845	97,6923077
846	79,6923077
846	56,6923077
846	60,6923077
846	76,6923077
847	59,6923077
847	64,6923077
847	74,6923077
847	61,6923077
848	72,6923077
848	84,6923077
848	110,6923077
848	152,6923077
849	132,6923077
849	195,6923077
849	173,6923077
849	154,6923077
850	134,6923077
850	134,6923077
850	105,6923077
850	63,6923077
851	59,6923077
851	64,6923077
851	53,6923077
851	40,6923077
852	30,6923077
852	62,6923077
852	45,6923077
852	41,6923077
853	50,6923077
853	39,6923077
853	41,6923077
853	40,6923077
854	53,6923077
854	26,6923077
854	48,6923077
854	37,6923077
855	71,6923077
855	54,6923077
855	16,6923077
855	47,6923077
856	43,6923077
856	40,6923077
856	51,6923077
856	46,6923077
857	24,6923077
857	65,6923077
857	54,6923077
857	65,6923077
858	35,6923077
858	68,6923077
858	48,6923077
858	30,6923077
859	55,6923077
859	38,6923077
859	52,6923077
859	51,6923077
860	55,6923077
860	51,6923077
860	51,6923077
860	60,6923077
861	85,6923077
861	69,6923077
861	68,6923077
861	81,6923077
862	78,6923077
862	75,6923077
862	80,6923077
862	98,6923077
863	79,6923077
863	61,6923077
863	73,6923077
863	105,6923077
864	77,6923077
864	85,6923077
864	121,6923077
864	117,6923077
864	90,6923077
865	89,6923077
865	106,6923077
865	141,6923077
865	109,6923077
866	101,6923077
866	114,6923077
866	103,6923077
866	135,6923077
867	137,6923077
867	136,6923077
867	150,6923077
867	141,6923077
868	161,6923077
868	161,6923077
868	135,6923077
868	110,6923077
869	138,6923077
869	113,6923077
869	132,6923077
869	104,6923077
870	105,6923077
870	101,6923077
870	114,6923077
870	105,6923077
871	131,6923077
871	137,6923077
871	118,6923077
871	95,6923077
872	170,6923077
872	193,6923077
872	244,6923077
872	283,6923077
873	282,6923077
873	216,6923077
873	135,6923077
873	157,6923077
874	133,6923077
874	110,6923077
874	96,6923077
874	113,6923077
875	101,6923077
875	73,6923077
875	100,6923077
875	98,6923077
876	94,6923077
876	103,6923077
876	93,6923077
876	44,6923077
877	68,6923077
877	52,6923077
877	46,6923077
877	63,6923077
878	65,6923077
878	32,6923077
878	12,6923077
878	27,6923077
879	25,6923077
879	9,6923077
879	42,6923077
879	40,6923077
880	22,6923077
880	41,6923077
880	28,6923077
880	28,6923077
880	57,6923077
881	11,6923077
881	-8,3076923
881	6,6923077
881	27,6923077
882	7,6923077
882	-7,3076923
882	19,6923077
882	-5,3076923
883	34,6923077
883	20,6923077
883	22,6923077
883	7,6923077
884	23,6923077
884	23,6923077
884	16,6923077
884	24,6923077
885	21,6923077
885	17,6923077
885	55,6923077
885	3,6923077
886	-15,3076923
886	15,6923077
886	26,6923077
886	7,6923077
887	20,6923077
887	21,6923077
887	24,6923077
887	18,6923077
888	14,6923077
888	31,6923077
888	15,6923077
888	11,6923077
889	33,6923077
889	13,6923077
889	6,6923077
889	12,6923077
890	11,6923077
890	0,6923077
890	21,6923077
890	18,6923077
891	-4,3076923
891	22,6923077
891	31,6923077
891	38,6923077
892	-5,3076923
892	19,6923077
892	35,6923077
892	6,6923077
893	11,6923077
893	39,6923077
893	13,6923077
893	24,6923077
894	65,6923077
894	16,6923077
894	2,6923077
894	36,6923077
894	45,6923077
895	13,6923077
895	12,6923077
895	19,6923077
895	3,6923077
896	14,6923077
896	27,6923077
896	1,6923077
896	-5,3076923
897	-14,3076923
897	-11,3076923
897	16,6923077
897	30,6923077
898	0,6923077
898	16,6923077
898	14,6923077
898	21,6923077
899	-2,3076923
899	30,6923077
899	19,6923077
899	6,6923077
900	35,6923077
900	8,6923077
900	13,6923077
900	19,6923077
901	16,6923077
901	8,6923077
901	3,6923077
901	45,6923077
902	23,6923077
902	14,6923077
902	26,6923077
902	31,6923077
903	20,6923077
903	45,6923077
903	38,6923077
903	5,6923077
904	53,6923077
904	46,6923077
904	35,6923077
904	60,6923077
905	-15,3076923
905	32,6923077
905	31,6923077
905	18,6923077
906	25,6923077
906	18,6923077
906	50,6923077
906	54,6923077
906	40,6923077
907	38,6923077
907	24,6923077
907	38,6923077
907	27,6923077
908	20,6923077
908	31,6923077
908	16,6923077
908	7,6923077
909	8,6923077
909	29,6923077
909	31,6923077
909	3,6923077
910	9,6923077
910	22,6923077
910	25,6923077
910	28,6923077
911	44,6923077
911	39,6923077
911	38,6923077
911	27,6923077
912	8,6923077
912	9,6923077
912	17,6923077
912	60,6923077
913	13,6923077
913	13,6923077
913	14,6923077
913	20,6923077
914	6,6923077
914	0,6923077
914	3,6923077
914	15,6923077
915	21,6923077
915	21,6923077
915	-1,3076923
915	17,6923077
916	-3,3076923
916	11,6923077
916	13,6923077
916	-6,3076923
917	-3,3076923
917	26,6923077
917	-6,3076923
917	15,6923077
917	-3,3076923
918	24,6923077
918	-5,3076923
918	24,6923077
918	9,6923077
919	11,6923077
919	42,6923077
919	4,6923077
919	4,6923077
920	9,6923077
920	16,6923077
920	4,6923077
920	22,6923077
921	4,6923077
921	12,6923077
921	40,6923077
921	4,6923077
922	16,6923077
922	53,6923077
922	31,6923077
922	17,6923077
923	9,6923077
923	-1,3076923
923	14,6923077
923	11,6923077
924	15,6923077
924	3,6923077
924	13,6923077
924	37,6923077
925	7,6923077
925	37,6923077
925	11,6923077
925	4,6923077
926	6,6923077
926	25,6923077
926	12,6923077
926	10,6923077
927	14,6923077
927	23,6923077
927	28,6923077
927	20,6923077
928	27,6923077
928	14,6923077
928	33,6923077
928	39,6923077
928	7,6923077
929	7,6923077
929	20,6923077
929	6,6923077
929	17,6923077
930	10,6923077
930	7,6923077
930	17,6923077
930	28,6923077
931	17,6923077
931	32,6923077
931	31,6923077
931	3,6923077
932	20,6923077
932	40,6923077
932	15,6923077
932	5,6923077
933	-14,3076923
933	19,6923077
933	0,6923077
933	-0,3076923
934	45,6923077
934	10,6923077
934	30,6923077
934	43,6923077
935	11,6923077
935	22,6923077
935	32,6923077
935	-3,3076923
936	28,6923077
936	23,6923077
936	-0,3076923
936	5,6923077
937	15,6923077
937	18,6923077
937	25,6923077
937	25,6923077
938	23,6923077
938	11,6923077
938	1,6923077
938	-12,3076923
938	34,6923077
939	24,6923077
939	27,6923077
939	12,6923077
939	29,6923077
940	5,6923077
940	-3,3076923
940	36,6923077
940	17,6923077
941	8,6923077
941	-14,3076923
941	29,6923077
941	10,6923077
942	20,6923077
942	25,6923077
942	20,6923077
942	20,6923077
943	9,6923077
943	-0,3076923
943	4,6923077
943	-11,3076923
944	1,6923077
944	-5,3076923
944	-12,3076923
944	-19,3076923
945	-13,3076923
945	-23,3076923
945	17,6923077
945	12,6923077
946	-4,3076923
946	-26,3076923
946	-19,3076923
946	6,6923077
947	-9,3076923
947	-9,3076923
947	3,6923077
947	24,6923077
947	0,6923077
948	0,6923077
948	1,6923077
948	21,6923077
948	37,6923077
949	11,6923077
949	22,6923077
949	5,6923077
949	3,6923077
950	-6,3076923
950	-5,3076923
950	-15,3076923
950	24,6923077
951	17,6923077
951	-3,3076923
951	2,6923077
951	-2,3076923
952	2,6923077
952	15,6923077
952	-11,3076923
952	19,6923077
953	30,6923077
953	-6,3076923
953	-5,3076923
953	2,6923077
954	-7,3076923
954	1,6923077
954	-19,3076923
954	0,6923077
955	6,6923077
955	3,6923077
955	19,6923077
955	-2,3076923
956	-25,3076923
956	2,6923077
956	7,6923077
956	-12,3076923
956	12,6923077
957	13,6923077
957	30,6923077
957	9,6923077
957	-7,3076923
958	27,6923077
958	14,6923077
958	16,6923077
958	-8,3076923
959	-4,3076923
959	-55,3076923
959	-4,3076923
959	2,6923077
960	-6,3076923
960	-13,3076923
960	-13,3076923
960	-17,3076923
961	-18,3076923
961	4,6923077
961	-8,3076923
961	24,6923077
962	-3,3076923
962	1,6923077
962	14,6923077
962	38,6923077
963	2,6923077
963	4,6923077
963	0,6923077
963	-12,3076923
964	-17,3076923
964	2,6923077
964	1,6923077
964	-26,3076923
964	-1,3076923
965	-15,3076923
965	17,6923077
965	10,6923077
965	6,6923077
966	16,6923077
966	9,6923077
966	-25,3076923
966	-37,3076923
967	-10,3076923
967	8,6923077
967	1,6923077
967	12,6923077
968	17,6923077
968	-12,3076923
968	-0,3076923
968	-13,3076923
969	-38,3076923
969	-5,3076923
969	4,6923077
969	-6,3076923
970	-28,3076923
970	-15,3076923
970	-17,3076923
970	-10,3076923
971	-18,3076923
971	-2,3076923
971	-9,3076923
971	-10,3076923
972	-12,3076923
972	-17,3076923
972	-1,3076923
972	3,6923077
972	4,6923077
973	2,6923077
973	-10,3076923
973	9,6923077
973	-6,3076923
974	-18,3076923
974	-9,3076923
974	-2,3076923
974	-5,3076923
975	9,6923077
975	-10,3076923
975	-6,3076923
975	-1,3076923
976	-9,3076923
976	11,6923077
976	-7,3076923
976	-0,3076923
977	3,6923077
977	15,6923077
977	17,6923077
977	-8,3076923
978	-19,3076923
978	-37,3076923
978	-14,3076923
978	-7,3076923
979	1,6923077
979	23,6923077
979	-4,3076923
979	31,6923077
980	4,6923077
980	5,6923077
980	-16,3076923
980	34,6923077
980	16,6923077
981	10,6923077
981	-6,3076923
981	-20,3076923
981	20,6923077
982	12,6923077
982	-5,3076923
982	27,6923077
982	11,6923077
983	-6,3076923
983	-14,3076923
983	14,6923077
983	1,6923077
984	8,6923077
984	1,6923077
984	-3,3076923
984	-13,3076923
985	5,6923077
985	-4,3076923
985	8,6923077
985	5,6923077
986	-11,3076923
986	-17,3076923
986	-24,3076923
986	7,6923077
987	22,6923077
987	-20,3076923
987	-12,3076923
987	-19,3076923
988	-2,3076923
988	-8,3076923
988	25,6923077
988	-7,3076923
988	20,6923077
989	-13,3076923
989	-13,3076923
989	-18,3076923
989	-10,3076923
990	6,6923077
990	3,6923077
990	-3,3076923
990	1,6923077
991	11,6923077
991	-6,3076923
991	-28,3076923
991	-8,3076923
992	-3,3076923
992	14,6923077
992	4,6923077
992	16,6923077
993	37,6923077
993	25,6923077
993	-18,3076923
993	-34,3076923
994	-9,3076923
994	0,6923077
994	8,6923077
994	-4,3076923
995	-6,3076923
995	19,6923077
995	-4,3076923
995	22,6923077
995	-13,3076923
996	-17,3076923
996	-3,3076923
996	12,6923077
996	12,6923077
997	-12,3076923
997	-14,3076923
997	9,6923077
997	9,6923077
998	-13,3076923
998	24,6923077
998	-1,3076923
998	-19,3076923
999	1,6923077
999	2,6923077
999	-35,3076923
999	-3,3076923
1000	-13,3076923
1000	-20,3076923
1000	-5,3076923
1000	-24,3076923
1001	18,6923077
1001	5,6923077
1001	8,6923077
1001	5,6923077
1002	9,6923077
1002	-3,3076923
1002	6,6923077
1002	9,6923077
1002	-5,3076923
1003	3,6923077
1003	-2,3076923
1003	-9,3076923
1003	-19,3076923
1004	-26,3076923
1004	-7,3076923
1004	-10,3076923
1004	-34,3076923
1005	-21,3076923
1005	11,6923077
1005	-17,3076923
1005	-12,3076923
1006	0,6923077
1006	-1,3076923
1006	12,6923077
1006	5,6923077
1007	44,6923077
1007	-3,3076923
1007	20,6923077
1007	3,6923077
1008	5,6923077
1008	8,6923077
1008	9,6923077
1008	-11,3076923
1008	-19,3076923
1009	-2,3076923
1009	18,6923077
1009	6,6923077
1009	-4,3076923
1010	-4,3076923
1010	25,6923077
1010	-8,3076923
1010	11,6923077
1011	10,6923077
1011	0,6923077
1011	6,6923077
1011	-15,3076923
1012	14,6923077
1012	-38,3076923
1012	3,6923077
1012	-15,3076923
1013	14,6923077
1013	18,6923077
1013	24,6923077
1013	13,6923077
1014	26,6923077
1014	0,6923077
1014	-3,3076923
1014	7,6923077
1015	9,6923077
1015	18,6923077
1015	-11,3076923
1015	-11,3076923
1015	12,6923077
1016	10,6923077
1016	-18,3076923
1016	-9,3076923
1016	-9,3076923
1017	-0,3076923
1017	0,6923077
1017	-11,3076923
1017	-30,3076923
1018	-13,3076923
1018	-3,3076923
1018	-8,3076923
1018	-19,3076923
1019	-0,3076923
1019	-11,3076923
1019	-6,3076923
1019	-29,3076923
1020	-11,3076923
1020	-19,3076923
1020	-20,3076923
1020	-1,3076923
1021	14,6923077
1021	-8,3076923
1021	-9,3076923
1021	-17,3076923
1021	-4,3076923
1022	-8,3076923
1022	-7,3076923
1022	-2,3076923
1022	26,6923077
1023	3,6923077
1023	9,6923077
1023	-0,3076923
1023	19,6923077
1024	-19,3076923
1024	-9,3076923
1024	-31,3076923
1024	-20,3076923
1025	-7,3076923
1025	26,6923077
1025	12,6923077
1025	-12,3076923
1026	-11,3076923
1026	-0,3076923
1026	-1,3076923
1026	-1,3076923
1027	-13,3076923
1027	15,6923077
1027	-9,3076923
1027	-13,3076923
1027	-7,3076923
1028	-0,3076923
1028	-48,3076923
1028	34,6923077
1028	8,6923077
1029	20,6923077
1029	24,6923077
1029	-6,3076923
1029	-7,3076923
1030	-9,3076923
1030	-2,3076923
1030	15,6923077
1030	1,6923077
1031	7,6923077
1031	16,6923077
1031	-11,3076923
1031	-9,3076923
1032	-12,3076923
1032	-4,3076923
1032	2,6923077
1032	-7,3076923
1033	-28,3076923
1033	-29,3076923
1033	12,6923077
1033	-12,3076923
1034	-30,3076923
1034	-18,3076923
1034	-9,3076923
1034	-5,3076923
1034	2,6923077
1035	5,6923077
1035	-17,3076923
1035	-15,3076923
1035	-1,3076923
1036	-13,3076923
1036	-31,3076923
1036	-0,3076923
1036	-20,3076923
1037	-1,3076923
1037	16,6923077
1037	3,6923077
1037	4,6923077
1038	-3,3076923
1038	-6,3076923
1038	-19,3076923
1038	-2,3076923
1039	-9,3076923
1039	3,6923077
1039	14,6923077
1039	15,6923077
1039	3,6923077
1040	-13,3076923
1040	-21,3076923
1040	7,6923077
1040	9,6923077
1041	-21,3076923
1041	-16,3076923
1041	-0,3076923
1041	25,6923077
1042	-1,3076923
1042	-34,3076923
1042	8,6923077
1042	21,6923077
1043	-1,3076923
1043	-2,3076923
1043	-25,3076923
1043	7,6923077
1044	22,6923077
1044	-11,3076923
1044	31,6923077
1044	1,6923077
1045	-4,3076923
1045	-6,3076923
1045	-15,3076923
1045	-5,3076923
1045	-6,3076923
1046	14,6923077
1046	-10,3076923
1046	3,6923077
1046	-1,3076923
1047	4,6923077
1047	-4,3076923
1047	-16,3076923
1047	-22,3076923
1048	1,6923077
1048	-21,3076923
1048	-12,3076923
1048	-1,3076923
1049	-12,3076923
1049	5,6923077
1049	27,6923077
1049	-14,3076923
1050	-9,3076923
1050	0,6923077
1050	14,6923077
1050	-9,3076923
1051	-1,3076923
1051	-17,3076923
1051	-5,3076923
1051	7,6923077
1051	22,6923077
1052	5,6923077
1052	5,6923077
1052	13,6923077
1052	-8,3076923
1053	-16,3076923
1053	-7,3076923
1053	-30,3076923
1053	-17,3076923
1054	-18,3076923
1054	-13,3076923
1054	1,6923077
1054	-7,3076923
1055	-14,3076923
1055	-26,3076923
1055	13,6923077
1055	-29,3076923
1056	-1,3076923
1056	-12,3076923
1056	-1,3076923
1056	-20,3076923
1056	23,6923077
1057	-36,3076923
1057	-8,3076923
1057	9,6923077
1057	6,6923077
1058	6,6923077
1058	0,6923077
1058	26,6923077
1058	-17,3076923
1059	4,6923077
1059	20,6923077
1059	-12,3076923
1059	-19,3076923
1060	6,6923077
1060	-16,3076923
1060	-4,3076923
1060	-10,3076923
1061	13,6923077
1061	-13,3076923
1061	-15,3076923
1061	-18,3076923
1062	-20,3076923
1062	-17,3076923
1062	-7,3076923
1062	10,6923077
1062	4,6923077
1063	9,6923077
1063	-12,3076923
1063	-3,3076923
1063	0,6923077
1064	-7,3076923
1064	-12,3076923
1064	-8,3076923
1064	1,6923077
1065	12,6923077
1065	2,6923077
1065	-6,3076923
1065	-24,3076923
1066	-19,3076923
1066	19,6923077
1066	-0,3076923
1066	1,6923077
1067	-1,3076923
1067	-4,3076923
1067	13,6923077
1067	8,6923077
1067	-3,3076923
1068	-0,3076923
1068	-6,3076923
1068	10,6923077
1068	-5,3076923
1069	17,6923077
1069	6,6923077
1069	9,6923077
1069	-24,3076923
1070	-11,3076923
1070	4,6923077
1070	-10,3076923
1070	-6,3076923
1071	-11,3076923
1071	-23,3076923
1071	-15,3076923
1071	1,6923077
1072	-13,3076923
1072	-26,3076923
1072	3,6923077
1072	-14,3076923
1072	0,6923077
1073	-18,3076923
1073	-36,3076923
1073	-3,3076923
1073	-20,3076923
1074	-24,3076923
1074	-25,3076923
1074	-10,3076923
1074	1,6923077
1075	-18,3076923
1075	-2,3076923
1075	-12,3076923
1075	-5,3076923
1076	-3,3076923
1076	-1,3076923
1076	-48,3076923
1076	2,6923077
1077	-3,3076923
1077	-7,3076923
1077	6,6923077
1077	4,6923077
1077	-13,3076923
1078	-18,3076923
1078	-18,3076923
1078	3,6923077
1078	3,6923077
1079	-4,3076923
1079	-6,3076923
1079	-9,3076923
1079	11,6923077
1080	10,6923077
1080	-3,3076923
1080	-25,3076923
1080	-30,3076923
1081	-7,3076923
1081	-24,3076923
1081	0,6923077
1081	14,6923077
1082	-23,3076923
1082	-32,3076923
1082	16,6923077
1082	-20,3076923
1082	3,6923077
1083	-12,3076923
1083	-7,3076923
1083	-39,3076923
1083	-6,3076923
1084	0,6923077
1084	-9,3076923
1084	-33,3076923
1084	-13,3076923
1085	-31,3076923
1085	-13,3076923
1085	-1,3076923
1085	19,6923077
1086	-10,3076923
1086	-18,3076923
1086	14,6923077
1086	-0,3076923
1087	-32,3076923
1087	-11,3076923
1087	-19,3076923
1087	-1,3076923
1087	-25,3076923
1088	-13,3076923
1088	-33,3076923
1088	-2,3076923
1088	-1,3076923
1089	11,6923077
1089	-20,3076923
1089	-12,3076923
1089	33,6923077
1090	-1,3076923
1090	-14,3076923
1090	2,6923077
1090	0,6923077
1091	10,6923077
1091	-18,3076923
1091	-13,3076923
1091	-19,3076923
1092	0,6923077
1092	-14,3076923
1092	-7,3076923
1092	4,6923077
1092	31,6923077
1093	0,6923077
1093	-34,3076923
1093	-14,3076923
1093	-6,3076923
1094	-26,3076923
1094	-0,3076923
1094	-0,3076923
1094	-14,3076923
1095	-14,3076923
1095	3,6923077
1095	1,6923077
1095	11,6923077
1096	12,6923077
1096	28,6923077
1096	-19,3076923
1096	-21,3076923
1097	-1,3076923
1097	-3,3076923
1097	0,6923077
1097	-19,3076923
1097	1,6923077
1098	-4,3076923
1098	0,6923077
1098	-2,3076923
1098	-14,3076923
1099	-22,3076923
1099	-11,3076923
1099	22,6923077
1099	-2,3076923
1100	-4,3076923
1100	-12,3076923
1100	16,6923077
1100	-25,3076923
1101	-14,3076923
1101	-12,3076923
1101	-11,3076923
1101	-19,3076923
1101	-12,3076923
1102	-10,3076923
1102	-3,3076923
1102	-1,3076923
1102	21,6923077
1103	-16,3076923
1103	-16,3076923
1103	-30,3076923
1103	-17,3076923
1104	-8,3076923
1104	-0,3076923
1104	-0,3076923
1104	-3,3076923
1105	-0,3076923
1105	-29,3076923
1105	-32,3076923
1105	9,6923077
1106	-6,3076923
1106	5,6923077
1106	12,6923077
1106	-1,3076923
1106	-3,3076923
1107	-22,3076923
1107	3,6923077
1107	2,6923077
1107	-25,3076923
1108	-20,3076923
1108	-8,3076923
1108	-11,3076923
1108	-19,3076923
1109	-35,3076923
1109	-10,3076923
1109	-21,3076923
1109	11,6923077
1110	-20,3076923
1110	-5,3076923
1110	-1,3076923
1110	-20,3076923
1110	-7,3076923
1111	-0,3076923
1111	1,6923077
1111	-3,3076923
1111	-2,3076923
1112	-1,3076923
1112	-7,3076923
1112	3,6923077
1112	-13,3076923
1113	-17,3076923
1113	-13,3076923
1113	-9,3076923
1113	-5,3076923
1114	18,6923077
1114	14,6923077
1114	-16,3076923
1114	-13,3076923
1115	-4,3076923
1115	-8,3076923
1115	27,6923077
1115	3,6923077
1115	-24,3076923
1116	-34,3076923
1116	-10,3076923
1116	13,6923077
1116	14,6923077
1117	31,6923077
1117	-4,3076923
1117	-9,3076923
1117	-11,3076923
1118	-16,3076923
