196	-27,4615385
196	-27,4615385
196	-27,4615385
197	4,5384615
197	15,5384615
197	20,5384615
197	16,5384615
198	2,5384615
198	6,5384615
198	28,5384615
199	13,5384615
199	-2,4615385
199	-23,4615385
199	13,5384615
200	9,5384615
200	4,5384615
200	11,5384615
200	103,5384615
201	268,5384615
201	276,5384615
201	255,5384615
201	240,5384615
202	259,5384615
202	302,5384615
202	304,5384615
203	290,5384615
203	306,5384615
203	302,5384615
203	340,5384615
204	319,5384615
204	362,5384615
204	371,5384615
204	404,5384615
205	387,5384615
205	423,5384615
205	433,5384615
205	448,5384615
206	468,5384615
206	535,5384615
206	520,5384615
207	546,5384615
207	572,5384615
207	604,5384615
207	579,5384615
208	630,5384615
208	609,5384615
208	662,5384615
208	662,5384615
209	684,5384615
209	649,5384615
209	673,5384615
209	684,5384615
210	695,5384615
210	728,5384615
210	732,5384615
211	783,5384615
211	797,5384615
211	846,5384615
211	868,5384615
212	898,5384615
212	888,5384615
212	911,5384615
212	924,5384615
213	1000,5384615
213	1003,5384615
213	971,5384615
213	1037,5384615
214	1029,5384615
214	1096,5384615
214	1118,5384615
215	1096,5384615
215	1032,5384615
215	1078,5384615
215	1122,5384615
216	1117,5384615
216	1064,5384615
216	1088,5384615
216	1117,5384615
217	1171,5384615
217	1116,5384615
217	1127,5384615
217	1156,5384615
218	1214,5384615
218	1279,5384615
218	1307,5384615
219	1247,5384615
219	1282,5384615
219	1321,5384615
219	1359,5384615
220	1455,5384615
220	1463,5384615
220	1459,5384615
220	1480,5384615
221	1509,5384615
221	1491,5384615
221	1578,5384615
221	1585,5384615
222	1536,5384615
222	1625,5384615
222	1568,5384615
223	1608,5384615
223	1604,5384615
223	1690,5384615
223	1732,5384615
224	1802,5384615
224	1762,5384615
224	1750,5384615
224	1677,5384615
225	1764,5384615
225	1744,5384615
225	1834,5384615
225	1771,5384615
226	1754,5384615
226	1672,5384615
226	1741,5384615
227	1707,5384615
227	1682,5384615
227	1725,5384615
227	1720,5384615
228	1605,5384615
228	1648,5384615
228	1637,5384615
228	1667,5384615
229	1715,5384615
229	1753,5384615
229	1731,5384615
229	1730,5384615
230	1725,5384615
230	1801,5384615
230	1777,5384615
231	1864,5384615
231	1930,5384615
231	1982,5384615
231	2032,5384615
232	2085,5384615
232	2107,5384615
232	2189,5384615
232	2239,5384615
233	2281,5384615
233	2421,5384615
233	2519,5384615
233	2548,5384615
234	2574,5384615
234	2617,5384615
234	2731,5384615
235	2790,5384615
235	2938,5384615
235	2940,5384615
235	2997,5384615
236	3023,5384615
236	3090,5384615
236	3122,5384615
236	3339,5384615
237	3380,5384615
237	3495,5384615
237	3486,5384615
237	3565,5384615
238	3542,5384615
238	3631,5384615
238	3730,5384615
239	3887,5384615
239	3955,5384615
239	3975,5384615
239	3935,5384615
240	3981,5384615
240	4028,5384615
240	4103,5384615
240	4005,5384615
241	4065,5384615
241	4005,5384615
241	4121,5384615
241	4116,5384615
242	4071,5384615
242	4031,5384615
242	4086,5384615
243	4127,5384615
243	4137,5384615
243	4093,5384615
243	4105,5384615
244	4062,5384615
244	4089,5384615
244	4035,5384615
244	3977,5384615
245	4063,5384615
245	4101,5384615
245	4038,5384615
245	4006,5384615
246	4003,5384615
246	4068,5384615
246	4037,5384615
247	4083,5384615
247	4191,5384615
247	4264,5384615
247	4222,5384615
248	4347,5384615
248	4209,5384615
248	4245,5384615
248	4330,5384615
249	4434,5384615
249	4343,5384615
249	4472,5384615
249	4438,5384615
250	4499,5384615
250	4502,5384615
250	4619,5384615
251	4617,5384615
251	4705,5384615
251	4712,5384615
251	4828,5384615
252	4800,5384615
252	4860,5384615
252	4841,5384615
252	4848,5384615
253	4828,5384615
253	4988,5384615
253	4917,5384615
253	4980,5384615
254	4818,5384615
254	4970,5384615
254	4968,5384615
254	4951,5384615
255	4927,5384615
255	4883,5384615
255	4871,5384615
256	4914,5384615
256	4867,5384615
256	4801,5384615
256	4838,5384615
257	4841,5384615
257	4877,5384615
257	4919,5384615
257	4904,5384615
258	4996,5384615
258	4928,5384615
258	4984,5384615
258	4918,5384615
259	5029,5384615
259	5026,5384615
259	5007,5384615
260	4966,5384615
260	5118,5384615
260	5226,5384615
260	5320,5384615
261	5249,5384615
261	5257,5384615
261	5248,5384615
261	5222,5384615
262	5243,5384615
262	5165,5384615
262	5106,5384615
262	5057,5384615
263	5002,5384615
263	5124,5384615
263	5011,5384615
264	5015,5384615
264	4871,5384615
264	4774,5384615
264	4627,5384615
265	4567,5384615
265	4553,5384615
265	4531,5384615
265	4390,5384615
266	4278,5384615
266	4227,5384615
266	4145,5384615
266	4139,5384615
267	4211,5384615
267	4165,5384615
267	4165,5384615
268	4071,5384615
268	4172,5384615
268	4048,5384615
268	4188,5384615
269	4190,5384615
269	4096,5384615
269	4215,5384615
269	4290,5384615
270	4323,5384615
270	4428,5384615
270	4428,5384615
270	4465,5384615
271	4558,5384615
271	4692,5384615
271	4863,5384615
271	5059,5384615
272	5112,5384615
272	5348,5384615
272	5441,5384615
273	5463,5384615
273	5469,5384615
273	5583,5384615
273	5632,5384615
274	5556,5384615
274	5601,5384615
274	5780,5384615
274	5888,5384615
275	5843,5384615
275	5985,5384615
275	6064,5384615
275	6017,5384615
276	5942,5384615
276	5802,5384615
276	5901,5384615
277	5754,5384615
277	5810,5384615
277	5637,5384615
277	5666,5384615
278	5525,5384615
278	5434,5384615
278	5283,5384615
278	5241,5384615
279	5191,5384615
279	5116,5384615
279	5016,5384615
279	4920,5384615
280	4830,5384615
280	4849,5384615
280	4821,5384615
280	4919,5384615
281	4819,5384615
281	4838,5384615
281	4844,5384615
282	4991,5384615
282	4933,5384615
282	5050,5384615
282	5064,5384615
283	5140,5384615
283	5021,5384615
283	5130,5384615
283	5193,5384615
284	5225,5384615
284	5279,5384615
284	5416,5384615
284	5461,5384615
285	5642,5384615
285	5639,5384615
285	5801,5384615
286	5751,5384615
286	5845,5384615
286	5848,5384615
286	5862,5384615
287	5920,5384615
287	5916,5384615
287	5972,5384615
287	6037,5384615
288	6099,5384615
288	6148,5384615
288	6172,5384615
288	6311,5384615
289	6322,5384615
289	6386,5384615
289	6233,5384615
290	6414,5384615
290	6345,5384615
290	6350,5384615
290	6218,5384615
291	6396,5384615
291	6484,5384615
291	6502,5384615
291	6377,5384615
292	6552,5384615
292	6423,5384615
292	6448,5384615
292	6610,5384615
293	6593,5384615
293	6664,5384615
293	6798,5384615
293	6678,5384615
294	6790,5384615
294	6801,5384615
294	6924,5384615
295	7039,5384615
295	7142,5384615
295	7080,5384615
295	7254,5384615
296	7123,5384615
296	7224,5384615
296	7134,5384615
296	7321,5384615
297	7253,5384615
297	7361,5384615
297	7396,5384615
297	7590,5384615
298	7567,5384615
298	7628,5384615
298	7690,5384615
299	7785,5384615
299	7777,5384615
299	7912,5384615
299	7766,5384615
300	7748,5384615
300	7668,5384615
300	7667,5384615
300	7646,5384615
301	7624,5384615
301	7724,5384615
301	7729,5384615
301	7584,5384615
302	7482,5384615
302	7569,5384615
302	7383,5384615
302	7458,5384615
303	7422,5384615
303	7237,5384615
303	7258,5384615
304	7155,5384615
304	7081,5384615
304	6945,5384615
304	6961,5384615
305	6908,5384615
305	6859,5384615
305	6849,5384615
305	6841,5384615
306	6698,5384615
306	6714,5384615
306	6708,5384615
306	6598,5384615
307	6520,5384615
307	6579,5384615
307	6467,5384615
307	6507,5384615
308	6429,5384615
308	6410,5384615
308	6374,5384615
309	6558,5384615
309	6414,5384615
309	6583,5384615
309	6433,5384615
310	6510,5384615
310	6498,5384615
310	6511,5384615
310	6523,5384615
311	6404,5384615
311	6474,5384615
311	6522,5384615
311	6491,5384615
312	6378,5384615
312	6409,5384615
312	6467,5384615
313	6401,5384615
313	6463,5384615
313	6470,5384615
313	6567,5384615
314	6468,5384615
314	6409,5384615
314	6395,5384615
314	6436,5384615
315	6381,5384615
315	6375,5384615
315	6280,5384615
315	6286,5384615
316	6200,5384615
316	6200,5384615
316	6174,5384615
316	6044,5384615
317	5896,5384615
317	6001,5384615
317	5889,5384615
318	5926,5384615
318	5861,5384615
318	5890,5384615
318	5863,5384615
319	5760,5384615
319	5624,5384615
319	5651,5384615
319	5684,5384615
320	5677,5384615
320	5706,5384615
320	5706,5384615
320	5662,5384615
321	5815,5384615
321	5845,5384615
321	5787,5384615
321	5852,5384615
322	5876,5384615
322	6002,5384615
322	6047,5384615
323	6078,5384615
323	6171,5384615
323	6215,5384615
323	6336,5384615
324	6385,5384615
324	6430,5384615
324	6456,5384615
324	6492,5384615
325	6652,5384615
325	6716,5384615
325	6724,5384615
325	6873,5384615
326	6819,5384615
326	6926,5384615
326	6904,5384615
327	7136,5384615
327	7221,5384615
327	7330,5384615
327	7405,5384615
328	7725,5384615
328	7785,5384615
328	7935,5384615
328	8185,5384615
329	8412,5384615
329	8451,5384615
329	8709,5384615
329	8613,5384615
330	8795,5384615
330	8833,5384615
330	9094,5384615
330	9001,5384615
331	9276,5384615
331	9108,5384615
331	9539,5384615
332	9646,5384615
332	9529,5384615
332	9500,5384615
332	9542,5384615
333	9540,5384615
333	9770,5384615
333	9856,5384615
333	10056,5384615
334	10005,5384615
334	10243,5384615
334	9922,5384615
334	9833,5384615
335	9807,5384615
335	9728,5384615
335	9729,5384615
335	9558,5384615
336	9301,5384615
336	9413,5384615
336	9361,5384615
337	9102,5384615
337	9074,5384615
337	9120,5384615
337	9124,5384615
338	8973,5384615
338	8798,5384615
338	8750,5384615
338	8553,5384615
339	8364,5384615
339	8140,5384615
339	8151,5384615
339	8044,5384615
340	8042,5384615
340	7814,5384615
340	7694,5384615
340	7618,5384615
341	7635,5384615
341	7462,5384615
341	7526,5384615
342	7452,5384615
342	7406,5384615
342	7378,5384615
342	7274,5384615
343	7235,5384615
343	6965,5384615
343	7066,5384615
343	7070,5384615
344	6963,5384615
344	7244,5384615
344	7158,5384615
344	7249,5384615
345	7144,5384615
345	7131,5384615
345	6908,5384615
345	7103,5384615
346	7092,5384615
346	7061,5384615
346	7143,5384615
347	6940,5384615
347	6787,5384615
347	6754,5384615
347	6599,5384615
348	6634,5384615
348	6621,5384615
348	6828,5384615
348	6723,5384615
349	6731,5384615
349	6537,5384615
349	6502,5384615
349	6317,5384615
350	6336,5384615
350	6215,5384615
350	6202,5384615
350	6129,5384615
351	6090,5384615
351	5980,5384615
351	5957,5384615
352	5955,5384615
352	5973,5384615
352	5909,5384615
352	5970,5384615
353	6001,5384615
353	6103,5384615
353	5947,5384615
353	5960,5384615
354	5931,5384615
354	6032,5384615
354	6069,5384615
354	6039,5384615
355	6063,5384615
355	6055,5384615
355	6146,5384615
355	6140,5384615
356	6196,5384615
356	6172,5384615
356	6282,5384615
357	6214,5384615
357	6252,5384615
357	6393,5384615
357	6316,5384615
358	6394,5384615
358	6309,5384615
358	6318,5384615
358	6304,5384615
359	6355,5384615
359	6388,5384615
359	6387,5384615
359	6416,5384615
360	6415,5384615
360	6311,5384615
360	6311,5384615
360	6327,5384615
361	6224,5384615
361	6245,5384615
361	6243,5384615
362	6229,5384615
362	6158,5384615
362	6083,5384615
362	6198,5384615
363	6178,5384615
363	6090,5384615
363	6018,5384615
363	6026,5384615
364	5972,5384615
364	6082,5384615
364	6006,5384615
364	6016,5384615
365	6000,5384615
365	6040,5384615
365	6026,5384615
365	6071,5384615
366	6234,5384615
366	6215,5384615
366	6170,5384615
367	6262,5384615
367	6232,5384615
367	6382,5384615
367	6468,5384615
368	6334,5384615
368	6408,5384615
368	6639,5384615
368	6638,5384615
369	6745,5384615
369	6829,5384615
369	6954,5384615
369	6912,5384615
370	7053,5384615
370	7069,5384615
370	7356,5384615
370	7292,5384615
371	7400,5384615
371	7296,5384615
371	7462,5384615
371	7501,5384615
372	7626,5384615
372	7622,5384615
372	7751,5384615
373	7777,5384615
373	7958,5384615
373	7974,5384615
373	7926,5384615
374	7859,5384615
374	8006,5384615
374	7933,5384615
374	8053,5384615
375	8006,5384615
375	8348,5384615
375	8195,5384615
375	8318,5384615
376	8310,5384615
376	8285,5384615
376	8254,5384615
376	8250,5384615
377	8280,5384615
377	8381,5384615
377	8447,5384615
378	8492,5384615
378	8336,5384615
378	8427,5384615
378	8330,5384615
379	8475,5384615
379	8444,5384615
379	8799,5384615
379	8837,5384615
380	8873,5384615
380	8848,5384615
380	9069,5384615
380	8789,5384615
381	8868,5384615
381	8968,5384615
381	8945,5384615
381	9055,5384615
382	9053,5384615
382	8954,5384615
382	9031,5384615
383	8997,5384615
383	9086,5384615
383	9008,5384615
383	9244,5384615
384	9195,5384615
384	9194,5384615
384	9280,5384615
384	9425,5384615
385	9331,5384615
385	9400,5384615
385	9470,5384615
385	9723,5384615
386	9645,5384615
386	9755,5384615
386	9845,5384615
386	9934,5384615
387	9982,5384615
387	10077,5384615
387	9963,5384615
387	10357,5384615
388	10250,5384615
388	10514,5384615
388	10672,5384615
389	10827,5384615
389	10807,5384615
389	11002,5384615
389	11039,5384615
390	11101,5384615
390	11251,5384615
390	11147,5384615
390	11391,5384615
391	11351,5384615
391	11160,5384615
391	11373,5384615
391	11299,5384615
392	11633,5384615
392	11702,5384615
392	11847,5384615
392	12024,5384615
393	12042,5384615
393	12184,5384615
393	12361,5384615
394	12478,5384615
394	12685,5384615
394	12882,5384615
394	13227,5384615
395	13212,5384615
395	13104,5384615
395	13247,5384615
395	13532,5384615
396	13679,5384615
396	13925,5384615
396	14121,5384615
396	14214,5384615
397	14226,5384615
397	14363,5384615
397	14332,5384615
397	14658,5384615
398	14595,5384615
398	14788,5384615
398	14791,5384615
398	14913,5384615
399	14917,5384615
399	14894,5384615
399	14973,5384615
400	14906,5384615
400	14920,5384615
400	14895,5384615
400	14846,5384615
401	14897,5384615
401	14800,5384615
401	14900,5384615
401	14891,5384615
402	14824,5384615
402	14894,5384615
402	14884,5384615
402	14839,5384615
403	14900,5384615
403	14917,5384615
403	14908,5384615
403	14850,5384615
404	14864,5384615
404	14933,5384615
404	14884,5384615
405	14897,5384615
405	14879,5384615
405	14790,5384615
405	14909,5384615
406	14889,5384615
406	14918,5384615
406	14904,5384615
406	14844,5384615
407	14872,5384615
407	14843,5384615
407	14831,5384615
407	14901,5384615
408	14908,5384615
408	14856,5384615
408	14846,5384615
408	14927,5384615
409	14890,5384615
409	14865,5384615
409	14888,5384615
409	14851,5384615
410	14923,5384615
410	14903,5384615
410	14928,5384615
411	14844,5384615
411	14840,5384615
411	14852,5384615
411	14870,5384615
412	14858,5384615
412	14866,5384615
412	14906,5384615
412	14946,5384615
413	14842,5384615
413	14875,5384615
413	14952,5384615
413	14916,5384615
414	14885,5384615
414	14874,5384615
414	14912,5384615
414	14963,5384615
415	14906,5384615
415	14899,5384615
415	14974,5384615
415	14861,5384615
416	14883,5384615
416	14870,5384615
416	14884,5384615
417	14813,5384615
417	14890,5384615
417	14821,5384615
417	14904,5384615
418	14849,5384615
418	14784,5384615
418	14808,5384615
418	14848,5384615
419	14898,5384615
419	14843,5384615
419	14846,5384615
419	14917,5384615
420	14899,5384615
420	14935,5384615
420	14930,5384615
420	14902,5384615
421	14906,5384615
421	14864,5384615
421	14842,5384615
421	14862,5384615
422	14807,5384615
422	14841,5384615
422	14846,5384615
423	14905,5384615
423	14924,5384615
423	14872,5384615
423	14905,5384615
424	14953,5384615
424	14863,5384615
424	14883,5384615
424	14891,5384615
425	14857,5384615
425	14901,5384615
425	14805,5384615
425	14910,5384615
426	14940,5384615
426	14949,5384615
426	14836,5384615
426	14835,5384615
427	14916,5384615
427	14937,5384615
427	14951,5384615
427	14884,5384615
428	14900,5384615
428	14902,5384615
428	14878,5384615
429	14853,5384615
429	14904,5384615
429	14891,5384615
429	14859,5384615
430	14766,5384615
430	14836,5384615
430	14691,5384615
430	14705,5384615
431	14453,5384615
431	14378,5384615
431	14272,5384615
431	14355,5384615
432	14397,5384615
432	14410,5384615
432	14276,5384615
432	14331,5384615
433	14130,5384615
433	14260,5384615
433	14233,5384615
433	14235,5384615
434	14126,5384615
434	14326,5384615
434	14179,5384615
435	14346,5384615
435	14415,5384615
435	14414,5384615
435	14435,5384615
436	14417,5384615
436	14538,5384615
436	14588,5384615
436	14640,5384615
437	14749,5384615
437	14733,5384615
437	14772,5384615
437	14685,5384615
438	14919,5384615
438	14885,5384615
438	14887,5384615
438	14921,5384615
439	14898,5384615
439	14867,5384615
439	14911,5384615
439	14935,5384615
440	14904,5384615
440	14884,5384615
440	14874,5384615
441	14933,5384615
441	14876,5384615
441	14802,5384615
441	14863,5384615
442	14877,5384615
442	14808,5384615
442	14878,5384615
442	14853,5384615
443	14836,5384615
443	14874,5384615
443	14871,5384615
443	14902,5384615
444	14928,5384615
444	14830,5384615
444	14867,5384615
444	14890,5384615
445	14871,5384615
445	14823,5384615
445	14875,5384615
445	14933,5384615
446	14932,5384615
446	14852,5384615
446	14896,5384615
447	14891,5384615
447	14897,5384615
447	14906,5384615
447	14918,5384615
448	14803,5384615
448	14824,5384615
448	14841,5384615
448	14843,5384615
449	14910,5384615
449	14894,5384615
449	14890,5384615
449	14903,5384615
450	14905,5384615
450	14771,5384615
450	14666,5384615
450	14573,5384615
451	14594,5384615
451	14289,5384615
451	14253,5384615
451	14251,5384615
452	13901,5384615
452	13860,5384615
452	13816,5384615
452	13613,5384615
453	13758,5384615
453	13368,5384615
453	13545,5384615
454	13346,5384615
454	13500,5384615
454	13364,5384615
454	13582,5384615
455	13405,5384615
455	13671,5384615
455	13861,5384615
455	14130,5384615
456	14302,5384615
456	14302,5384615
456	14357,5384615
456	14432,5384615
457	14480,5384615
457	14575,5384615
457	14861,5384615
457	14868,5384615
458	14833,5384615
458	14841,5384615
458	14917,5384615
458	14932,5384615
459	14937,5384615
459	14858,5384615
459	14880,5384615
460	14903,5384615
460	14808,5384615
460	14871,5384615
460	14801,5384615
461	14912,5384615
461	14914,5384615
461	14864,5384615
461	14899,5384615
462	14941,5384615
462	14912,5384615
462	14934,5384615
462	14912,5384615
463	14920,5384615
463	14919,5384615
463	14823,5384615
463	14937,5384615
464	14939,5384615
464	14940,5384615
464	14935,5384615
464	14866,5384615
465	14900,5384615
465	14921,5384615
465	14911,5384615
465	14916,5384615
466	14905,5384615
466	14885,5384615
466	14983,5384615
467	14911,5384615
467	14944,5384615
467	14905,5384615
467	14925,5384615
468	14921,5384615
468	14897,5384615
468	14875,5384615
468	14891,5384615
469	14871,5384615
469	14872,5384615
469	14891,5384615
469	14813,5384615
470	14794,5384615
470	14841,5384615
470	14936,5384615
470	14973,5384615
471	14859,5384615
471	14823,5384615
471	14608,5384615
471	14523,5384615
472	14427,5384615
472	14344,5384615
472	14076,5384615
472	13836,5384615
473	13801,5384615
473	13742,5384615
473	13674,5384615
474	13645,5384615
474	13672,5384615
474	13955,5384615
474	14050,5384615
475	14276,5384615
475	14134,5384615
475	14299,5384615
475	14141,5384615
476	14060,5384615
476	13916,5384615
476	13955,5384615
476	13707,5384615
477	13728,5384615
477	13636,5384615
477	13481,5384615
477	13556,5384615
478	13372,5384615
478	13439,5384615
478	13469,5384615
478	13408,5384615
479	13451,5384615
479	13408,5384615
479	13414,5384615
479	13490,5384615
480	13568,5384615
480	13545,5384615
480	13686,5384615
481	13677,5384615
481	13794,5384615
481	13564,5384615
481	13696,5384615
482	13727,5384615
482	13880,5384615
482	14027,5384615
482	14251,5384615
483	14256,5384615
483	14367,5384615
483	14355,5384615
483	14372,5384615
484	14390,5384615
484	14541,5384615
484	14645,5384615
484	14765,5384615
485	14790,5384615
485	14830,5384615
485	14671,5384615
485	14554,5384615
486	14497,5384615
486	14505,5384615
486	14397,5384615
486	14404,5384615
487	14293,5384615
487	14250,5384615
487	14028,5384615
488	14051,5384615
488	14037,5384615
488	14041,5384615
488	13999,5384615
489	14041,5384615
489	14036,5384615
489	14114,5384615
489	14208,5384615
490	14415,5384615
490	14532,5384615
490	14732,5384615
490	14787,5384615
491	14880,5384615
491	14871,5384615
491	14909,5384615
491	14854,5384615
492	14872,5384615
492	14865,5384615
492	14898,5384615
492	14884,5384615
493	14891,5384615
493	14799,5384615
493	14896,5384615
493	14908,5384615
494	14922,5384615
494	14808,5384615
494	14955,5384615
495	14924,5384615
495	14902,5384615
495	14891,5384615
495	14937,5384615
496	14908,5384615
496	14856,5384615
496	14945,5384615
496	14892,5384615
497	14944,5384615
497	14880,5384615
497	14844,5384615
497	14871,5384615
498	14899,5384615
498	14962,5384615
498	14905,5384615
498	14889,5384615
499	14878,5384615
499	14911,5384615
499	14893,5384615
499	14917,5384615
500	14879,5384615
500	14877,5384615
500	14925,5384615
500	14910,5384615
501	14896,5384615
501	14861,5384615
501	14818,5384615
502	14851,5384615
502	14871,5384615
502	14890,5384615
502	14871,5384615
503	14879,5384615
503	14898,5384615
503	14917,5384615
503	14897,5384615
504	14906,5384615
504	14873,5384615
504	14907,5384615
504	14916,5384615
505	14901,5384615
505	14837,5384615
505	14859,5384615
505	14897,5384615
506	14908,5384615
506	14872,5384615
506	14930,5384615
506	14899,5384615
507	14942,5384615
507	14886,5384615
507	14841,5384615
507	14893,5384615
508	14858,5384615
508	14847,5384615
508	14885,5384615
508	14869,5384615
509	14875,5384615
509	14896,5384615
509	14839,5384615
510	14869,5384615
510	14883,5384615
510	14890,5384615
510	14906,5384615
511	14821,5384615
511	14918,5384615
511	14902,5384615
511	14854,5384615
512	14851,5384615
512	14815,5384615
512	14913,5384615
512	14892,5384615
513	14956,5384615
513	14884,5384615
513	14894,5384615
513	14918,5384615
514	14887,5384615
514	14911,5384615
514	14845,5384615
514	14891,5384615
515	14850,5384615
515	14905,5384615
515	14891,5384615
515	14834,5384615
516	14862,5384615
516	14779,5384615
516	14854,5384615
516	14866,5384615
517	14918,5384615
517	14898,5384615
517	14875,5384615
518	14890,5384615
518	14902,5384615
518	14880,5384615
518	14935,5384615
519	14569,5384615
519	14488,5384615
519	14436,5384615
519	14465,5384615
520	14357,5384615
520	14313,5384615
520	14330,5384615
520	14314,5384615
521	14431,5384615
521	14661,5384615
521	14886,5384615
521	14892,5384615
522	14868,5384615
522	14904,5384615
522	14913,5384615
522	14903,5384615
523	14891,5384615
523	14906,5384615
523	14880,5384615
523	14893,5384615
524	14724,5384615
524	14569,5384615
524	14451,5384615
524	14222,5384615
525	14008,5384615
525	13730,5384615
525	13513,5384615
526	13321,5384615
526	13190,5384615
526	12872,5384615
526	12864,5384615
527	12634,5384615
527	12567,5384615
527	12436,5384615
527	12367,5384615
528	12239,5384615
528	12201,5384615
528	11978,5384615
528	12031,5384615
529	11911,5384615
529	11858,5384615
529	11779,5384615
529	11790,5384615
530	11707,5384615
530	11812,5384615
530	11730,5384615
530	11780,5384615
531	11661,5384615
531	11745,5384615
531	11623,5384615
531	11801,5384615
532	11677,5384615
532	11699,5384615
532	11673,5384615
532	11786,5384615
533	11741,5384615
533	11686,5384615
533	11675,5384615
534	11621,5384615
534	11646,5384615
534	11564,5384615
534	11519,5384615
535	11603,5384615
535	11570,5384615
535	11738,5384615
535	11573,5384615
536	11832,5384615
536	11700,5384615
536	11853,5384615
536	11782,5384615
537	11990,5384615
537	11814,5384615
537	11693,5384615
537	11790,5384615
538	11715,5384615
538	11755,5384615
538	11826,5384615
538	11677,5384615
539	11753,5384615
539	11645,5384615
539	11652,5384615
539	11582,5384615
540	11575,5384615
540	11419,5384615
540	11540,5384615
540	11345,5384615
541	11400,5384615
541	11401,5384615
541	11351,5384615
541	11387,5384615
542	11378,5384615
542	11239,5384615
542	11383,5384615
543	11286,5384615
543	11366,5384615
543	11186,5384615
543	11343,5384615
544	11312,5384615
544	11315,5384615
544	11306,5384615
544	11542,5384615
545	11377,5384615
545	11503,5384615
545	11479,5384615
545	11616,5384615
546	11747,5384615
546	11707,5384615
546	11692,5384615
546	11711,5384615
547	11667,5384615
547	11825,5384615
547	11834,5384615
547	11813,5384615
548	11882,5384615
548	12080,5384615
548	12000,5384615
548	12085,5384615
549	12220,5384615
549	12365,5384615
549	12406,5384615
549	12684,5384615
550	12736,5384615
550	12867,5384615
550	12833,5384615
550	12725,5384615
551	12651,5384615
551	12713,5384615
551	12540,5384615
552	12783,5384615
552	12848,5384615
552	12935,5384615
552	12844,5384615
553	12882,5384615
553	12856,5384615
553	12944,5384615
553	13171,5384615
554	13372,5384615
554	13294,5384615
554	13120,5384615
554	12931,5384615
555	12798,5384615
555	12680,5384615
555	12593,5384615
555	12471,5384615
556	12424,5384615
556	12258,5384615
556	12321,5384615
556	12334,5384615
557	12677,5384615
557	12887,5384615
557	13326,5384615
557	13479,5384615
558	13631,5384615
558	13487,5384615
558	13504,5384615
558	13336,5384615
559	13290,5384615
559	13236,5384615
559	13284,5384615
559	13123,5384615
560	13119,5384615
560	12939,5384615
560	13099,5384615
561	12928,5384615
561	13003,5384615
561	12901,5384615
561	13038,5384615
562	13014,5384615
562	13251,5384615
562	13243,5384615
562	13442,5384615
563	13415,5384615
563	13668,5384615
563	13732,5384615
563	13823,5384615
564	13832,5384615
564	13994,5384615
564	14055,5384615
564	14147,5384615
565	14212,5384615
565	14305,5384615
565	14346,5384615
565	14381,5384615
566	14351,5384615
566	14484,5384615
566	14492,5384615
566	14545,5384615
567	14506,5384615
567	14572,5384615
567	14644,5384615
567	14747,5384615
568	14800,5384615
568	14795,5384615
568	14773,5384615
568	14731,5384615
569	14573,5384615
569	14522,5384615
569	14399,5384615
569	14391,5384615
570	14513,5384615
570	14699,5384615
570	14902,5384615
571	14894,5384615
571	14855,5384615
571	14870,5384615
571	14852,5384615
572	14911,5384615
572	14912,5384615
572	14900,5384615
572	14882,5384615
573	14874,5384615
573	14869,5384615
573	14907,5384615
573	14868,5384615
574	14939,5384615
574	14902,5384615
574	14837,5384615
574	14853,5384615
575	14757,5384615
575	14456,5384615
575	14308,5384615
575	13827,5384615
576	13412,5384615
576	12662,5384615
576	12329,5384615
576	11653,5384615
577	11334,5384615
577	11085,5384615
577	10843,5384615
577	10551,5384615
578	10213,5384615
578	9917,5384615
578	9807,5384615
578	9629,5384615
579	9580,5384615
579	9556,5384615
579	9324,5384615
579	9164,5384615
580	9107,5384615
580	8908,5384615
580	8918,5384615
581	8949,5384615
581	8971,5384615
581	8934,5384615
581	8834,5384615
582	8679,5384615
582	8742,5384615
582	8596,5384615
582	8535,5384615
583	8476,5384615
583	8627,5384615
583	8393,5384615
583	8575,5384615
584	8415,5384615
584	8540,5384615
584	8494,5384615
584	8558,5384615
585	8529,5384615
585	8612,5384615
585	8606,5384615
585	8684,5384615
586	8607,5384615
586	8827,5384615
586	8802,5384615
586	8930,5384615
587	8928,5384615
587	9091,5384615
587	9037,5384615
587	9228,5384615
588	9264,5384615
588	9318,5384615
588	9500,5384615
588	9598,5384615
589	9676,5384615
589	9702,5384615
589	9790,5384615
589	9881,5384615
590	9971,5384615
590	10067,5384615
590	10111,5384615
590	10268,5384615
591	10168,5384615
591	10423,5384615
591	10262,5384615
592	10412,5384615
592	10391,5384615
592	10529,5384615
592	10538,5384615
593	10696,5384615
593	10680,5384615
593	10722,5384615
593	10783,5384615
594	10878,5384615
594	10891,5384615
594	10881,5384615
594	10913,5384615
595	10877,5384615
595	10661,5384615
595	10807,5384615
595	10694,5384615
596	10653,5384615
596	10679,5384615
596	10939,5384615
596	11107,5384615
597	11652,5384615
597	12102,5384615
597	12588,5384615
597	12722,5384615
598	13257,5384615
598	13631,5384615
598	13942,5384615
598	13886,5384615
599	13611,5384615
599	13321,5384615
599	13056,5384615
599	12646,5384615
600	12341,5384615
600	11790,5384615
600	11533,5384615
600	11074,5384615
601	10713,5384615
601	10212,5384615
601	10103,5384615
601	9679,5384615
602	9538,5384615
602	9174,5384615
602	9020,5384615
603	8745,5384615
603	8587,5384615
603	8478,5384615
603	8322,5384615
604	8008,5384615
604	8118,5384615
604	7904,5384615
604	7973,5384615
605	7817,5384615
605	7800,5384615
605	7741,5384615
605	7750,5384615
606	7657,5384615
606	7774,5384615
606	7696,5384615
606	7742,5384615
607	7699,5384615
607	7711,5384615
607	7640,5384615
607	7756,5384615
608	7612,5384615
608	7673,5384615
608	7653,5384615
608	7683,5384615
609	7577,5384615
609	7691,5384615
609	7717,5384615
609	7697,5384615
610	7796,5384615
610	7773,5384615
610	7676,5384615
610	7758,5384615
611	7721,5384615
611	7862,5384615
611	7774,5384615
611	7763,5384615
612	7888,5384615
612	7817,5384615
612	7815,5384615
612	7930,5384615
613	7901,5384615
613	7964,5384615
613	7938,5384615
613	7982,5384615
614	7999,5384615
614	8076,5384615
614	8024,5384615
614	8151,5384615
615	8161,5384615
615	8219,5384615
615	8158,5384615
616	8191,5384615
616	8198,5384615
616	8166,5384615
616	8196,5384615
617	8381,5384615
617	8243,5384615
617	8272,5384615
617	8198,5384615
618	8343,5384615
618	8288,5384615
618	8285,5384615
618	8320,5384615
619	8375,5384615
619	8307,5384615
619	8401,5384615
619	8396,5384615
620	8520,5384615
620	8448,5384615
620	8598,5384615
620	8594,5384615
621	8691,5384615
621	8788,5384615
621	8875,5384615
621	8917,5384615
622	9065,5384615
622	9009,5384615
622	9006,5384615
622	8992,5384615
623	8945,5384615
623	8911,5384615
623	8934,5384615
623	8808,5384615
624	8826,5384615
624	8698,5384615
624	8688,5384615
624	8556,5384615
625	8500,5384615
625	8511,5384615
625	8420,5384615
625	8344,5384615
626	8279,5384615
626	8187,5384615
626	8184,5384615
626	8007,5384615
627	8100,5384615
627	7996,5384615
627	7888,5384615
627	7961,5384615
628	7953,5384615
628	7790,5384615
628	7858,5384615
629	7836,5384615
629	7927,5384615
629	7944,5384615
629	7943,5384615
630	7883,5384615
630	7904,5384615
630	7834,5384615
630	7830,5384615
631	7779,5384615
631	7801,5384615
631	7751,5384615
631	7728,5384615
632	7677,5384615
632	7804,5384615
632	7714,5384615
632	7744,5384615
633	7748,5384615
633	7739,5384615
633	7622,5384615
633	7683,5384615
634	7645,5384615
634	7581,5384615
634	7572,5384615
634	7578,5384615
635	7512,5384615
635	7537,5384615
635	7492,5384615
635	7510,5384615
636	7489,5384615
636	7495,5384615
636	7439,5384615
636	7393,5384615
637	7407,5384615
637	7423,5384615
637	7346,5384615
637	7485,5384615
638	7497,5384615
638	7514,5384615
638	7522,5384615
638	7580,5384615
639	7535,5384615
639	7621,5384615
639	7621,5384615
639	7627,5384615
640	7569,5384615
640	7746,5384615
640	7632,5384615
640	7720,5384615
641	7635,5384615
641	7755,5384615
641	7685,5384615
641	7727,5384615
642	7821,5384615
642	7964,5384615
642	7817,5384615
642	7844,5384615
643	7882,5384615
643	7961,5384615
643	7861,5384615
644	7913,5384615
644	7876,5384615
644	7946,5384615
644	7857,5384615
645	7971,5384615
645	7917,5384615
645	7989,5384615
645	7896,5384615
646	8053,5384615
646	8015,5384615
646	8064,5384615
646	7966,5384615
647	8067,5384615
647	8049,5384615
647	8170,5384615
647	8127,5384615
648	8316,5384615
648	8287,5384615
648	8373,5384615
648	8431,5384615
649	8514,5384615
649	8499,5384615
649	8653,5384615
649	8585,5384615
650	8784,5384615
650	8878,5384615
650	8993,5384615
650	9061,5384615
651	9116,5384615
651	9195,5384615
651	9455,5384615
651	9543,5384615
652	9914,5384615
652	10188,5384615
652	10616,5384615
652	10700,5384615
653	10763,5384615
653	10549,5384615
653	10628,5384615
653	10477,5384615
654	10595,5384615
654	10519,5384615
654	10595,5384615
654	10459,5384615
655	10449,5384615
655	10458,5384615
655	10442,5384615
655	10400,5384615
656	10346,5384615
656	10415,5384615
656	10399,5384615
656	10364,5384615
657	10385,5384615
657	10287,5384615
657	10257,5384615
657	10113,5384615
658	10236,5384615
658	10221,5384615
658	10418,5384615
658	10402,5384615
659	10487,5384615
659	10555,5384615
659	10733,5384615
660	10922,5384615
660	11237,5384615
660	11651,5384615
660	12001,5384615
661	12070,5384615
661	12293,5384615
661	12058,5384615
661	12081,5384615
662	11799,5384615
662	11597,5384615
662	11364,5384615
662	11230,5384615
663	10957,5384615
663	10754,5384615
663	10537,5384615
663	10364,5384615
664	10039,5384615
664	9908,5384615
664	9827,5384615
664	9898,5384615
665	10149,5384615
665	10186,5384615
665	10297,5384615
665	10151,5384615
666	9701,5384615
666	9470,5384615
666	9037,5384615
666	8877,5384615
667	8584,5384615
667	8552,5384615
667	8103,5384615
667	8042,5384615
668	7862,5384615
668	7689,5384615
668	7500,5384615
668	7377,5384615
669	7203,5384615
669	7109,5384615
669	6894,5384615
669	6822,5384615
670	6607,5384615
670	6617,5384615
670	6455,5384615
670	6343,5384615
671	6194,5384615
671	6169,5384615
671	6017,5384615
671	6022,5384615
672	5885,5384615
672	5918,5384615
672	5881,5384615
672	5803,5384615
673	5707,5384615
673	5656,5384615
673	5671,5384615
673	5613,5384615
674	5522,5384615
674	5545,5384615
674	5381,5384615
674	5331,5384615
675	5316,5384615
675	5331,5384615
675	5273,5384615
675	5237,5384615
676	5246,5384615
676	5216,5384615
676	5175,5384615
676	5254,5384615
677	5124,5384615
677	5177,5384615
677	5105,5384615
677	5154,5384615
678	5072,5384615
678	5099,5384615
678	4990,5384615
678	4969,5384615
679	4991,5384615
679	4969,5384615
679	4990,5384615
680	4922,5384615
680	4884,5384615
680	4857,5384615
680	4832,5384615
681	4890,5384615
681	4784,5384615
681	4792,5384615
681	4729,5384615
682	4725,5384615
682	4743,5384615
682	4683,5384615
682	4627,5384615
683	4688,5384615
683	4625,5384615
683	4667,5384615
683	4612,5384615
684	4599,5384615
684	4492,5384615
684	4576,5384615
684	4483,5384615
685	4581,5384615
685	4548,5384615
685	4533,5384615
685	4471,5384615
686	4545,5384615
686	4547,5384615
686	4487,5384615
686	4419,5384615
687	4502,5384615
687	4526,5384615
687	4457,5384615
687	4413,5384615
688	4497,5384615
688	4430,5384615
688	4508,5384615
688	4404,5384615
689	4448,5384615
689	4373,5384615
689	4352,5384615
689	4354,5384615
690	4473,5384615
690	4320,5384615
690	4387,5384615
690	4343,5384615
691	4382,5384615
691	4323,5384615
691	4324,5384615
691	4235,5384615
692	4293,5384615
692	4236,5384615
692	4271,5384615
692	4254,5384615
693	4245,5384615
693	4193,5384615
693	4222,5384615
693	4232,5384615
694	4211,5384615
694	4149,5384615
694	4169,5384615
694	4118,5384615
695	4137,5384615
695	4079,5384615
695	4091,5384615
695	4056,5384615
696	4076,5384615
696	4080,5384615
696	4054,5384615
696	4047,5384615
697	4007,5384615
697	3977,5384615
697	4000,5384615
697	4009,5384615
698	4040,5384615
698	3893,5384615
698	4021,5384615
698	3930,5384615
699	3922,5384615
699	3874,5384615
699	3842,5384615
699	3891,5384615
700	3866,5384615
700	3804,5384615
700	3795,5384615
700	3830,5384615
701	3854,5384615
701	3751,5384615
701	3853,5384615
701	3776,5384615
702	3777,5384615
702	3708,5384615
702	3797,5384615
702	3732,5384615
703	3679,5384615
703	3664,5384615
703	3674,5384615
703	3667,5384615
704	3685,5384615
704	3590,5384615
704	3612,5384615
704	3613,5384615
705	3543,5384615
705	3525,5384615
705	3529,5384615
706	3569,5384615
706	3499,5384615
706	3495,5384615
706	3504,5384615
707	3491,5384615
707	3453,5384615
707	3426,5384615
707	3424,5384615
708	3433,5384615
708	3421,5384615
708	3389,5384615
708	3457,5384615
709	3376,5384615
709	3366,5384615
709	3328,5384615
709	3377,5384615
710	3300,5384615
710	3305,5384615
710	3348,5384615
710	3297,5384615
711	3267,5384615
711	3299,5384615
711	3282,5384615
711	3377,5384615
712	3266,5384615
712	3307,5384615
712	3249,5384615
712	3345,5384615
713	3292,5384615
713	3242,5384615
713	3274,5384615
713	3257,5384615
714	3210,5384615
714	3218,5384615
714	3218,5384615
714	3237,5384615
715	3185,5384615
715	3185,5384615
715	3219,5384615
715	3256,5384615
716	3232,5384615
716	3317,5384615
716	3210,5384615
716	3247,5384615
717	3179,5384615
717	3135,5384615
717	3152,5384615
717	3133,5384615
718	3090,5384615
718	3146,5384615
718	3085,5384615
718	3172,5384615
719	3073,5384615
719	3100,5384615
719	3144,5384615
719	3285,5384615
720	3413,5384615
720	3490,5384615
720	3549,5384615
720	3475,5384615
721	3409,5384615
721	3362,5384615
721	3294,5384615
721	3210,5384615
722	3246,5384615
722	3195,5384615
722	3122,5384615
722	3136,5384615
723	3114,5384615
723	3034,5384615
723	2974,5384615
723	2952,5384615
724	2895,5384615
724	2828,5384615
724	2733,5384615
724	2774,5384615
725	2733,5384615
725	2719,5384615
725	2649,5384615
725	2662,5384615
726	2640,5384615
726	2670,5384615
726	2630,5384615
726	2662,5384615
727	2656,5384615
727	2627,5384615
727	2654,5384615
727	2579,5384615
728	2547,5384615
728	2619,5384615
728	2600,5384615
728	2564,5384615
729	2542,5384615
729	2574,5384615
729	2514,5384615
729	2476,5384615
730	2536,5384615
730	2542,5384615
730	2488,5384615
730	2492,5384615
731	2533,5384615
731	2484,5384615
731	2511,5384615
731	2493,5384615
732	2462,5384615
732	2493,5384615
732	2410,5384615
732	2507,5384615
733	2450,5384615
733	2440,5384615
733	2425,5384615
733	2456,5384615
734	2437,5384615
734	2445,5384615
734	2438,5384615
734	2485,5384615
735	2457,5384615
735	2488,5384615
735	2513,5384615
735	2442,5384615
736	2459,5384615
736	2542,5384615
736	2520,5384615
736	2519,5384615
737	2588,5384615
737	2554,5384615
737	2620,5384615
737	2688,5384615
738	2665,5384615
738	2765,5384615
738	2690,5384615
738	2721,5384615
739	2762,5384615
739	2899,5384615
739	2884,5384615
739	2994,5384615
740	2952,5384615
740	3088,5384615
740	3042,5384615
740	3174,5384615
741	3164,5384615
741	3232,5384615
741	3236,5384615
741	3321,5384615
742	3323,5384615
742	3368,5384615
742	3484,5384615
742	3527,5384615
743	3509,5384615
743	3562,5384615
743	3500,5384615
743	3529,5384615
744	3663,5384615
744	3672,5384615
744	3690,5384615
744	3754,5384615
745	3718,5384615
745	3699,5384615
745	3602,5384615
745	3621,5384615
746	3686,5384615
746	3960,5384615
746	4204,5384615
746	4462,5384615
747	4496,5384615
747	4416,5384615
747	4180,5384615
747	4277,5384615
748	4384,5384615
748	4663,5384615
748	5116,5384615
748	5476,5384615
749	5419,5384615
749	5147,5384615
749	4631,5384615
749	4466,5384615
750	4290,5384615
750	4322,5384615
750	4362,5384615
750	4877,5384615
751	5515,5384615
751	6115,5384615
751	6038,5384615
751	5723,5384615
752	5224,5384615
752	4910,5384615
752	4792,5384615
752	4547,5384615
753	4320,5384615
753	4145,5384615
753	4036,5384615
753	3831,5384615
754	3540,5384615
754	3308,5384615
754	3066,5384615
754	2906,5384615
755	2671,5384615
755	2572,5384615
755	2481,5384615
755	2362,5384615
756	2289,5384615
756	2242,5384615
756	2220,5384615
756	2172,5384615
757	2190,5384615
757	2118,5384615
757	2095,5384615
757	2082,5384615
758	2028,5384615
758	1954,5384615
758	1974,5384615
758	1938,5384615
759	1953,5384615
759	1999,5384615
759	1955,5384615
759	1936,5384615
760	1942,5384615
760	1957,5384615
760	1897,5384615
760	1944,5384615
761	1908,5384615
761	1900,5384615
761	1945,5384615
761	1912,5384615
762	1888,5384615
762	1877,5384615
762	1841,5384615
762	1844,5384615
763	1848,5384615
763	1853,5384615
763	1824,5384615
763	1821,5384615
764	1875,5384615
764	1877,5384615
764	1841,5384615
764	1809,5384615
765	1821,5384615
765	1836,5384615
765	1845,5384615
765	1813,5384615
766	1809,5384615
766	1853,5384615
766	1823,5384615
766	1841,5384615
767	1843,5384615
767	1858,5384615
767	1863,5384615
767	1924,5384615
768	2005,5384615
768	2050,5384615
768	2024,5384615
768	2087,5384615
769	2088,5384615
769	2201,5384615
769	2266,5384615
769	2409,5384615
770	2505,5384615
770	2588,5384615
770	2676,5384615
770	2762,5384615
771	2854,5384615
771	3047,5384615
771	3061,5384615
771	3192,5384615
772	3303,5384615
772	3456,5384615
772	3565,5384615
772	3656,5384615
773	3781,5384615
773	3833,5384615
773	3925,5384615
773	4048,5384615
774	4159,5384615
774	4243,5384615
774	4314,5384615
774	4419,5384615
775	4472,5384615
775	4552,5384615
775	4558,5384615
775	4569,5384615
776	4431,5384615
776	4447,5384615
776	4583,5384615
776	4949,5384615
777	5066,5384615
777	5247,5384615
777	5318,5384615
777	5405,5384615
778	5218,5384615
778	4838,5384615
778	4474,5384615
778	4497,5384615
779	4655,5384615
779	4896,5384615
779	4976,5384615
779	4758,5384615
780	4435,5384615
780	4189,5384615
780	4226,5384615
780	4961,5384615
781	6345,5384615
781	8742,5384615
781	11183,5384615
781	12911,5384615
782	13105,5384615
782	12181,5384615
782	10552,5384615
782	9694,5384615
783	9289,5384615
783	8847,5384615
783	7985,5384615
783	7032,5384615
784	5944,5384615
784	4925,5384615
784	4047,5384615
784	3455,5384615
785	2972,5384615
785	2609,5384615
785	2412,5384615
785	2231,5384615
786	2054,5384615
786	2000,5384615
786	1912,5384615
786	1881,5384615
787	1773,5384615
787	1798,5384615
787	1795,5384615
787	1792,5384615
788	1687,5384615
788	1717,5384615
788	1684,5384615
788	1665,5384615
789	1683,5384615
789	1722,5384615
789	1728,5384615
789	1747,5384615
790	1694,5384615
790	1722,5384615
790	1695,5384615
790	1758,5384615
791	1683,5384615
791	1751,5384615
791	1713,5384615
791	1703,5384615
792	1716,5384615
792	1690,5384615
792	1737,5384615
792	1710,5384615
793	1770,5384615
793	1799,5384615
793	1769,5384615
793	1738,5384615
794	1786,5384615
794	1753,5384615
794	1779,5384615
794	1800,5384615
795	1829,5384615
795	1769,5384615
795	1822,5384615
795	1757,5384615
796	1736,5384615
796	1722,5384615
796	1709,5384615
796	1665,5384615
797	1753,5384615
797	1702,5384615
797	1668,5384615
797	1703,5384615
798	1682,5384615
798	1665,5384615
798	1748,5384615
798	1936,5384615
799	2114,5384615
799	2381,5384615
799	2559,5384615
799	2565,5384615
800	2449,5384615
800	2364,5384615
800	2182,5384615
800	2128,5384615
801	1936,5384615
801	1835,5384615
801	1711,5384615
801	1626,5384615
802	1542,5384615
802	1484,5384615
802	1389,5384615
802	1312,5384615
803	1328,5384615
803	1245,5384615
803	1281,5384615
803	1229,5384615
804	1236,5384615
804	1227,5384615
804	1217,5384615
804	1202,5384615
805	1176,5384615
805	1189,5384615
805	1173,5384615
805	1155,5384615
806	1178,5384615
806	1164,5384615
806	1162,5384615
806	1236,5384615
807	1115,5384615
807	1192,5384615
807	1127,5384615
807	1157,5384615
808	1131,5384615
808	1120,5384615
808	1073,5384615
808	1113,5384615
809	1104,5384615
809	1158,5384615
809	1097,5384615
809	1082,5384615
810	1072,5384615
810	1147,5384615
810	1151,5384615
810	1152,5384615
811	1152,5384615
811	1183,5384615
811	1197,5384615
811	1223,5384615
812	1256,5384615
812	1268,5384615
812	1293,5384615
812	1331,5384615
813	1379,5384615
813	1417,5384615
813	1401,5384615
813	1487,5384615
814	1521,5384615
814	1569,5384615
814	1613,5384615
814	1727,5384615
815	1757,5384615
815	1841,5384615
815	1859,5384615
815	1939,5384615
816	2003,5384615
816	2087,5384615
816	2157,5384615
816	2203,5384615
817	2222,5384615
817	2337,5384615
817	2305,5384615
817	2396,5384615
818	2406,5384615
818	2496,5384615
818	2545,5384615
818	2660,5384615
819	2671,5384615
819	2801,5384615
819	2725,5384615
819	2707,5384615
820	2786,5384615
820	2779,5384615
820	2767,5384615
820	2898,5384615
820	2840,5384615
821	2990,5384615
821	2917,5384615
821	2964,5384615
821	2970,5384615
822	3049,5384615
822	3228,5384615
822	3512,5384615
822	3788,5384615
823	4272,5384615
823	4432,5384615
823	4465,5384615
823	4197,5384615
824	3899,5384615
824	3706,5384615
824	3475,5384615
824	3275,5384615
825	3211,5384615
825	3248,5384615
825	3614,5384615
825	4198,5384615
826	4859,5384615
826	5320,5384615
826	5509,5384615
826	5147,5384615
827	4718,5384615
827	4273,5384615
827	3769,5384615
827	3362,5384615
828	3134,5384615
828	2955,5384615
828	2857,5384615
828	2776,5384615
829	2678,5384615
829	2411,5384615
829	2103,5384615
829	1828,5384615
830	1671,5384615
830	1557,5384615
830	1430,5384615
830	1271,5384615
831	1206,5384615
831	1136,5384615
831	1074,5384615
831	996,5384615
832	1017,5384615
832	930,5384615
832	943,5384615
832	965,5384615
833	915,5384615
833	866,5384615
833	825,5384615
833	862,5384615
834	862,5384615
834	821,5384615
834	842,5384615
834	842,5384615
835	796,5384615
835	800,5384615
835	826,5384615
835	855,5384615
836	828,5384615
836	798,5384615
836	867,5384615
836	853,5384615
837	837,5384615
837	809,5384615
837	910,5384615
837	858,5384615
838	878,5384615
838	912,5384615
838	966,5384615
838	971,5384615
839	979,5384615
839	999,5384615
839	1024,5384615
839	1063,5384615
840	1066,5384615
840	1042,5384615
840	1080,5384615
840	1079,5384615
841	1189,5384615
841	1168,5384615
841	1180,5384615
841	1194,5384615
842	1186,5384615
842	1200,5384615
842	1223,5384615
842	1288,5384615
843	1249,5384615
843	1214,5384615
843	1318,5384615
843	1215,5384615
844	1244,5384615
844	1281,5384615
844	1285,5384615
844	1345,5384615
845	1384,5384615
845	1367,5384615
845	1400,5384615
845	1320,5384615
845	1292,5384615
846	1284,5384615
846	1235,5384615
846	1323,5384615
846	1333,5384615
847	1300,5384615
847	1228,5384615
847	1265,5384615
847	1226,5384615
848	1255,5384615
848	1461,5384615
848	1798,5384615
848	2328,5384615
849	2747,5384615
849	3068,5384615
849	2855,5384615
849	2375,5384615
850	1874,5384615
850	1564,5384615
850	1335,5384615
850	1232,5384615
851	1036,5384615
851	959,5384615
851	876,5384615
851	785,5384615
852	802,5384615
852	769,5384615
852	742,5384615
852	750,5384615
853	723,5384615
853	694,5384615
853	704,5384615
853	705,5384615
854	668,5384615
854	637,5384615
854	715,5384615
854	705,5384615
855	674,5384615
855	729,5384615
855	710,5384615
855	702,5384615
856	726,5384615
856	698,5384615
856	769,5384615
856	719,5384615
857	787,5384615
857	792,5384615
857	809,5384615
857	827,5384615
858	845,5384615
858	886,5384615
858	828,5384615
858	837,5384615
859	896,5384615
859	889,5384615
859	879,5384615
859	954,5384615
860	963,5384615
860	1012,5384615
860	1012,5384615
860	1099,5384615
861	1239,5384615
861	1301,5384615
861	1293,5384615
861	1358,5384615
862	1411,5384615
862	1396,5384615
862	1452,5384615
862	1476,5384615
863	1518,5384615
863	1612,5384615
863	1728,5384615
863	1843,5384615
864	1900,5384615
864	1975,5384615
864	2032,5384615
864	2049,5384615
864	1946,5384615
865	2016,5384615
865	2001,5384615
865	2020,5384615
865	1970,5384615
866	1997,5384615
866	2040,5384615
866	2127,5384615
866	2254,5384615
867	2402,5384615
867	2570,5384615
867	2698,5384615
867	2728,5384615
868	2711,5384615
868	2631,5384615
868	2516,5384615
868	2397,5384615
869	2281,5384615
869	2191,5384615
869	2123,5384615
869	2141,5384615
870	2255,5384615
870	2217,5384615
870	2297,5384615
870	2154,5384615
871	2015,5384615
871	1875,5384615
871	1932,5384615
871	2138,5384615
872	2593,5384615
872	3194,5384615
872	3746,5384615
872	3981,5384615
873	3853,5384615
873	3386,5384615
873	2736,5384615
873	2224,5384615
874	1806,5384615
874	1634,5384615
874	1556,5384615
874	1555,5384615
875	1587,5384615
875	1583,5384615
875	1538,5384615
875	1493,5384615
876	1408,5384615
876	1323,5384615
876	1265,5384615
876	1121,5384615
877	1001,5384615
877	820,5384615
877	755,5384615
877	720,5384615
878	620,5384615
878	592,5384615
878	609,5384615
878	555,5384615
879	527,5384615
879	448,5384615
879	485,5384615
879	484,5384615
880	436,5384615
880	457,5384615
880	383,5384615
880	362,5384615
880	389,5384615
881	393,5384615
881	417,5384615
881	339,5384615
881	408,5384615
882	368,5384615
882	287,5384615
882	318,5384615
882	306,5384615
883	357,5384615
883	365,5384615
883	327,5384615
883	295,5384615
884	315,5384615
884	319,5384615
884	322,5384615
884	302,5384615
885	311,5384615
885	318,5384615
885	334,5384615
885	291,5384615
886	271,5384615
886	325,5384615
886	337,5384615
886	325,5384615
887	294,5384615
887	331,5384615
887	275,5384615
887	283,5384615
888	306,5384615
888	243,5384615
888	286,5384615
888	251,5384615
889	295,5384615
889	274,5384615
889	248,5384615
889	296,5384615
890	262,5384615
890	282,5384615
890	279,5384615
890	262,5384615
891	209,5384615
891	215,5384615
891	260,5384615
891	288,5384615
892	246,5384615
892	232,5384615
892	255,5384615
892	201,5384615
893	252,5384615
893	247,5384615
893	223,5384615
893	237,5384615
894	271,5384615
894	236,5384615
894	223,5384615
894	268,5384615
894	291,5384615
895	281,5384615
895	282,5384615
895	291,5384615
895	231,5384615
896	260,5384615
896	226,5384615
896	277,5384615
896	215,5384615
897	259,5384615
897	240,5384615
897	280,5384615
897	299,5384615
898	287,5384615
898	300,5384615
898	342,5384615
898	320,5384615
899	313,5384615
899	318,5384615
899	327,5384615
899	334,5384615
900	342,5384615
900	357,5384615
900	414,5384615
900	355,5384615
901	364,5384615
901	408,5384615
901	413,5384615
901	422,5384615
902	446,5384615
902	413,5384615
902	442,5384615
902	416,5384615
903	454,5384615
903	506,5384615
903	455,5384615
903	460,5384615
904	500,5384615
904	491,5384615
904	469,5384615
904	544,5384615
905	485,5384615
905	501,5384615
905	477,5384615
905	467,5384615
906	488,5384615
906	485,5384615
906	493,5384615
906	514,5384615
906	486,5384615
907	549,5384615
907	471,5384615
907	474,5384615
907	472,5384615
908	413,5384615
908	411,5384615
908	383,5384615
908	431,5384615
909	437,5384615
909	483,5384615
909	472,5384615
909	448,5384615
910	432,5384615
910	374,5384615
910	378,5384615
910	355,5384615
911	354,5384615
911	314,5384615
911	316,5384615
911	310,5384615
912	340,5384615
912	333,5384615
912	227,5384615
912	285,5384615
913	229,5384615
913	286,5384615
913	237,5384615
913	275,5384615
914	199,5384615
914	275,5384615
914	279,5384615
914	216,5384615
915	231,5384615
915	247,5384615
915	206,5384615
915	188,5384615
916	187,5384615
916	168,5384615
916	186,5384615
916	189,5384615
917	194,5384615
917	197,5384615
917	194,5384615
917	200,5384615
917	215,5384615
918	261,5384615
918	162,5384615
918	227,5384615
918	172,5384615
919	203,5384615
919	250,5384615
919	206,5384615
919	200,5384615
920	243,5384615
920	229,5384615
920	210,5384615
920	252,5384615
921	264,5384615
921	251,5384615
921	294,5384615
921	265,5384615
922	262,5384615
922	297,5384615
922	359,5384615
922	288,5384615
923	310,5384615
923	339,5384615
923	335,5384615
923	307,5384615
924	349,5384615
924	284,5384615
924	328,5384615
924	386,5384615
925	392,5384615
925	342,5384615
925	383,5384615
925	361,5384615
926	352,5384615
926	345,5384615
926	385,5384615
926	369,5384615
927	356,5384615
927	366,5384615
927	414,5384615
927	406,5384615
928	392,5384615
928	392,5384615
928	364,5384615
928	411,5384615
928	354,5384615
929	327,5384615
929	334,5384615
929	298,5384615
929	270,5384615
930	233,5384615
930	262,5384615
930	220,5384615
930	250,5384615
931	278,5384615
931	289,5384615
931	256,5384615
931	237,5384615
932	277,5384615
932	280,5384615
932	231,5384615
932	253,5384615
933	212,5384615
933	212,5384615
933	227,5384615
933	295,5384615
934	306,5384615
934	247,5384615
934	259,5384615
934	304,5384615
935	279,5384615
935	248,5384615
935	238,5384615
935	300,5384615
936	321,5384615
936	283,5384615
936	233,5384615
936	279,5384615
937	258,5384615
937	273,5384615
937	234,5384615
937	253,5384615
938	279,5384615
938	289,5384615
938	284,5384615
938	234,5384615
938	281,5384615
939	255,5384615
939	294,5384615
939	282,5384615
939	274,5384615
940	257,5384615
940	232,5384615
940	261,5384615
940	212,5384615
941	206,5384615
941	207,5384615
941	183,5384615
941	160,5384615
942	173,5384615
942	162,5384615
942	138,5384615
942	134,5384615
943	111,5384615
943	88,5384615
943	139,5384615
943	51,5384615
944	119,5384615
944	113,5384615
944	81,5384615
944	85,5384615
945	72,5384615
945	75,5384615
945	91,5384615
945	103,5384615
946	92,5384615
946	96,5384615
946	95,5384615
946	110,5384615
947	99,5384615
947	86,5384615
947	86,5384615
947	79,5384615
947	91,5384615
948	64,5384615
948	107,5384615
948	89,5384615
948	116,5384615
949	86,5384615
949	83,5384615
949	75,5384615
949	52,5384615
950	53,5384615
950	59,5384615
950	46,5384615
950	94,5384615
951	70,5384615
951	50,5384615
951	60,5384615
951	65,5384615
952	51,5384615
952	41,5384615
952	68,5384615
952	74,5384615
953	92,5384615
953	87,5384615
953	79,5384615
953	35,5384615
954	32,5384615
954	47,5384615
954	49,5384615
954	82,5384615
955	70,5384615
955	59,5384615
955	68,5384615
955	59,5384615
956	37,5384615
956	56,5384615
956	53,5384615
956	31,5384615
956	69,5384615
957	57,5384615
957	79,5384615
957	45,5384615
957	61,5384615
958	79,5384615
958	81,5384615
958	37,5384615
958	18,5384615
959	43,5384615
959	16,5384615
959	30,5384615
959	27,5384615
960	48,5384615
960	31,5384615
960	30,5384615
960	30,5384615
961	29,5384615
961	46,5384615
961	42,5384615
961	74,5384615
962	75,5384615
962	58,5384615
962	52,5384615
962	45,5384615
963	60,5384615
963	55,5384615
963	59,5384615
963	58,5384615
964	64,5384615
964	46,5384615
964	50,5384615
964	32,5384615
964	35,5384615
965	45,5384615
965	33,5384615
965	34,5384615
965	67,5384615
966	45,5384615
966	42,5384615
966	36,5384615
966	42,5384615
967	26,5384615
967	43,5384615
967	48,5384615
967	58,5384615
968	29,5384615
968	64,5384615
968	63,5384615
968	56,5384615
969	40,5384615
969	40,5384615
969	42,5384615
969	46,5384615
970	40,5384615
970	20,5384615
970	34,5384615
970	55,5384615
971	42,5384615
971	56,5384615
971	54,5384615
971	17,5384615
972	34,5384615
972	40,5384615
972	56,5384615
972	49,5384615
972	47,5384615
973	68,5384615
973	38,5384615
973	30,5384615
973	53,5384615
974	41,5384615
974	32,5384615
974	33,5384615
974	41,5384615
975	28,5384615
975	40,5384615
975	47,5384615
975	38,5384615
976	24,5384615
976	32,5384615
976	27,5384615
976	51,5384615
977	55,5384615
977	33,5384615
977	59,5384615
977	59,5384615
978	39,5384615
978	35,5384615
978	26,5384615
978	36,5384615
979	43,5384615
979	59,5384615
979	48,5384615
979	72,5384615
980	44,5384615
980	25,5384615
980	10,5384615
980	31,5384615
980	30,5384615
981	64,5384615
981	46,5384615
981	6,5384615
981	83,5384615
982	64,5384615
982	36,5384615
982	54,5384615
982	54,5384615
983	25,5384615
983	43,5384615
983	46,5384615
983	46,5384615
984	79,5384615
984	58,5384615
984	64,5384615
984	55,5384615
985	50,5384615
985	85,5384615
985	33,5384615
985	50,5384615
986	31,5384615
986	44,5384615
986	27,5384615
986	50,5384615
987	61,5384615
987	17,5384615
987	39,5384615
987	22,5384615
988	45,5384615
988	25,5384615
988	44,5384615
988	19,5384615
988	64,5384615
989	38,5384615
989	30,5384615
989	0,5384615
989	16,5384615
990	27,5384615
990	64,5384615
990	43,5384615
990	44,5384615
991	36,5384615
991	59,5384615
991	12,5384615
991	44,5384615
992	34,5384615
992	47,5384615
992	65,5384615
992	48,5384615
993	50,5384615
993	26,5384615
993	43,5384615
993	23,5384615
994	44,5384615
994	38,5384615
994	62,5384615
994	35,5384615
995	40,5384615
995	53,5384615
995	20,5384615
995	51,5384615
995	37,5384615
996	28,5384615
996	15,5384615
996	25,5384615
996	47,5384615
997	39,5384615
997	4,5384615
997	24,5384615
997	25,5384615
998	45,5384615
998	44,5384615
998	10,5384615
998	40,5384615
999	26,5384615
999	26,5384615
999	21,5384615
999	22,5384615
1000	43,5384615
1000	51,5384615
1000	32,5384615
1000	-3,4615385
1001	46,5384615
1001	25,5384615
1001	31,5384615
1001	33,5384615
1002	31,5384615
1002	60,5384615
1002	30,5384615
1002	38,5384615
1002	19,5384615
1003	36,5384615
1003	39,5384615
1003	26,5384615
1003	9,5384615
1004	34,5384615
1004	23,5384615
1004	28,5384615
1004	13,5384615
1005	47,5384615
1005	42,5384615
1005	47,5384615
1005	52,5384615
1006	31,5384615
1006	54,5384615
1006	87,5384615
1006	65,5384615
1007	86,5384615
1007	64,5384615
1007	87,5384615
1007	69,5384615
1008	93,5384615
1008	98,5384615
1008	90,5384615
1008	65,5384615
1008	69,5384615
1009	45,5384615
1009	75,5384615
1009	75,5384615
1009	58,5384615
1010	66,5384615
1010	99,5384615
1010	100,5384615
1010	100,5384615
1011	86,5384615
1011	85,5384615
1011	102,5384615
1011	95,5384615
1012	72,5384615
1012	67,5384615
1012	85,5384615
1012	77,5384615
1013	89,5384615
1013	65,5384615
1013	90,5384615
1013	60,5384615
1014	59,5384615
1014	70,5384615
1014	49,5384615
1014	40,5384615
1015	50,5384615
1015	42,5384615
1015	26,5384615
1015	25,5384615
1015	46,5384615
1016	43,5384615
1016	9,5384615
1016	16,5384615
1016	40,5384615
1017	44,5384615
1017	14,5384615
1017	16,5384615
1017	15,5384615
1018	9,5384615
1018	28,5384615
1018	32,5384615
1018	24,5384615
1019	28,5384615
1019	20,5384615
1019	23,5384615
1019	23,5384615
1020	20,5384615
1020	12,5384615
1020	-6,4615385
1020	29,5384615
1021	48,5384615
1021	-9,4615385
1021	24,5384615
1021	13,5384615
1021	27,5384615
1022	-4,4615385
1022	7,5384615
1022	34,5384615
1022	21,5384615
1023	54,5384615
1023	16,5384615
1023	-3,4615385
1023	45,5384615
1024	26,5384615
1024	33,5384615
1024	4,5384615
1024	-0,4615385
1025	-6,4615385
1025	37,5384615
1025	24,5384615
1025	5,5384615
1026	-6,4615385
1026	6,5384615
1026	31,5384615
1026	30,5384615
1027	-5,4615385
1027	-0,4615385
1027	-3,4615385
1027	9,5384615
1027	6,5384615
1028	15,5384615
1028	-5,4615385
1028	33,5384615
1028	6,5384615
1029	27,5384615
1029	13,5384615
1029	16,5384615
1029	1,5384615
1030	5,5384615
1030	9,5384615
1030	16,5384615
1030	9,5384615
1031	12,5384615
1031	39,5384615
1031	12,5384615
1031	0,5384615
1032	6,5384615
1032	15,5384615
1032	24,5384615
1032	6,5384615
1033	11,5384615
1033	34,5384615
1033	55,5384615
1033	-1,4615385
1034	-24,4615385
1034	-4,4615385
1034	9,5384615
1034	5,5384615
1034	13,5384615
1035	35,5384615
1035	-10,4615385
1035	14,5384615
1035	33,5384615
1036	7,5384615
1036	-13,4615385
1036	25,5384615
1036	5,5384615
1037	20,5384615
1037	32,5384615
1037	18,5384615
1037	9,5384615
1038	-3,4615385
1038	19,5384615
1038	1,5384615
1038	3,5384615
1039	13,5384615
1039	32,5384615
1039	27,5384615
1039	11,5384615
1039	13,5384615
1040	8,5384615
1040	2,5384615
1040	8,5384615
1040	4,5384615
1041	11,5384615
1041	-2,4615385
1041	-0,4615385
1041	12,5384615
1042	28,5384615
1042	-2,4615385
1042	13,5384615
1042	41,5384615
1043	22,5384615
1043	5,5384615
1043	19,5384615
1043	35,5384615
1044	40,5384615
1044	32,5384615
1044	39,5384615
1044	18,5384615
1045	5,5384615
1045	16,5384615
1045	7,5384615
1045	1,5384615
1045	16,5384615
1046	7,5384615
1046	1,5384615
1046	16,5384615
1046	6,5384615
1047	7,5384615
1047	32,5384615
1047	24,5384615
1047	20,5384615
1048	4,5384615
1048	6,5384615
1048	21,5384615
1048	5,5384615
1049	12,5384615
1049	17,5384615
1049	31,5384615
1049	13,5384615
1050	17,5384615
1050	25,5384615
1050	14,5384615
1050	17,5384615
1051	33,5384615
1051	30,5384615
1051	5,5384615
1051	31,5384615
1051	20,5384615
1052	14,5384615
1052	7,5384615
1052	21,5384615
1052	8,5384615
1053	-5,4615385
1053	20,5384615
1053	-1,4615385
1053	-0,4615385
1054	-2,4615385
1054	-2,4615385
1054	18,5384615
1054	2,5384615
1055	-11,4615385
1055	10,5384615
1055	19,5384615
1055	2,5384615
1056	21,5384615
1056	-12,4615385
1056	12,5384615
1056	13,5384615
1056	29,5384615
1057	-16,4615385
1057	2,5384615
1057	19,5384615
1057	46,5384615
1058	21,5384615
1058	-8,4615385
1058	29,5384615
1058	26,5384615
1059	24,5384615
1059	28,5384615
1059	20,5384615
1059	3,5384615
1060	-14,4615385
1060	1,5384615
1060	12,5384615
1060	16,5384615
1061	2,5384615
1061	17,5384615
1061	19,5384615
1061	6,5384615
1062	0,5384615
1062	4,5384615
1062	2,5384615
1062	13,5384615
1062	9,5384615
1063	12,5384615
1063	6,5384615
1063	16,5384615
1063	18,5384615
1064	11,5384615
1064	3,5384615
1064	9,5384615
1064	5,5384615
1065	34,5384615
1065	25,5384615
1065	-17,4615385
1065	-13,4615385
1066	29,5384615
1066	25,5384615
1066	26,5384615
1066	43,5384615
1067	15,5384615
1067	4,5384615
1067	26,5384615
1067	19,5384615
1067	36,5384615
1068	11,5384615
1068	16,5384615
1068	11,5384615
1068	11,5384615
1069	47,5384615
1069	13,5384615
1069	25,5384615
1069	-14,4615385
1070	6,5384615
1070	10,5384615
1070	10,5384615
1070	-4,4615385
1071	6,5384615
1071	-18,4615385
1071	-13,4615385
1071	-3,4615385
1072	9,5384615
1072	-4,4615385
1072	10,5384615
1072	1,5384615
1072	-16,4615385
1073	-3,4615385
1073	2,5384615
1073	0,5384615
1073	12,5384615
1074	-8,4615385
1074	5,5384615
1074	6,5384615
1074	5,5384615
1075	-5,4615385
1075	24,5384615
1075	2,5384615
1075	9,5384615
1076	5,5384615
1076	15,5384615
1076	-12,4615385
1076	17,5384615
1077	1,5384615
1077	8,5384615
1077	-0,4615385
1077	17,5384615
1077	-20,4615385
1078	-12,4615385
1078	6,5384615
1078	26,5384615
1078	11,5384615
1079	-14,4615385
1079	21,5384615
1079	-8,4615385
1079	6,5384615
1080	-17,4615385
1080	-2,4615385
1080	15,5384615
1080	-12,4615385
1081	-13,4615385
1081	-23,4615385
1081	25,5384615
1081	15,5384615
1082	3,5384615
1082	15,5384615
1082	23,5384615
1082	12,5384615
1082	9,5384615
1083	-14,4615385
1083	11,5384615
1083	-32,4615385
1083	18,5384615
1084	2,5384615
1084	-6,4615385
1084	20,5384615
1084	-11,4615385
1085	9,5384615
1085	-1,4615385
1085	-9,4615385
1085	6,5384615
1086	18,5384615
1086	-27,4615385
1086	9,5384615
1086	12,5384615
1087	-15,4615385
1087	-2,4615385
1087	20,5384615
1087	-5,4615385
1087	0,5384615
1088	19,5384615
1088	-23,4615385
1088	20,5384615
1088	27,5384615
1089	12,5384615
1089	34,5384615
1089	39,5384615
1089	12,5384615
1090	17,5384615
1090	-8,4615385
1090	15,5384615
1090	29,5384615
1091	18,5384615
1091	-0,4615385
1091	-12,4615385
1091	21,5384615
1092	12,5384615
1092	9,5384615
1092	6,5384615
1092	15,5384615
1092	17,5384615
1093	14,5384615
1093	-2,4615385
1093	18,5384615
1093	16,5384615
1094	-5,4615385
1094	-2,4615385
1094	8,5384615
1094	-8,4615385
1095	-11,4615385
1095	27,5384615
1095	3,5384615
1095	-14,4615385
1096	23,5384615
1096	37,5384615
1096	-11,4615385
1096	18,5384615
1097	7,5384615
1097	2,5384615
1097	2,5384615
1097	12,5384615
1097	13,5384615
1098	2,5384615
1098	17,5384615
1098	7,5384615
1098	-15,4615385
1099	-32,4615385
1099	14,5384615
1099	8,5384615
1099	10,5384615
1100	-11,4615385
1100	6,5384615
1100	41,5384615
1100	-14,4615385
1101	19,5384615
1101	12,5384615
1101	11,5384615
1101	23,5384615
1101	-7,4615385
1102	-13,4615385
1102	10,5384615
1102	-5,4615385
1102	19,5384615
1103	25,5384615
1103	2,5384615
1103	7,5384615
1103	-8,4615385
1104	0,5384615
1104	-12,4615385
1104	5,5384615
1104	6,5384615
1105	7,5384615
1105	-6,4615385
1105	-12,4615385
1105	-0,4615385
1106	-14,4615385
1106	4,5384615
1106	-3,4615385
1106	-15,4615385
1106	15,5384615
1107	-15,4615385
1107	-27,4615385
1107	-17,4615385
1107	10,5384615
1108	10,5384615
1108	-17,4615385
1108	-25,4615385
1108	-18,4615385
1109	2,5384615
1109	-0,4615385
1109	-8,4615385
1109	12,5384615
1110	6,5384615
1110	18,5384615
1110	27,5384615
1110	-5,4615385
1110	14,5384615
1111	33,5384615
1111	17,5384615
1111	-4,4615385
1111	22,5384615
1112	15,5384615
1112	8,5384615
1112	20,5384615
1112	17,5384615
1113	-8,4615385
1113	-21,4615385
1113	13,5384615
1113	8,5384615
1114	21,5384615
1114	23,5384615
1114	5,5384615
1114	-13,4615385
1115	-8,4615385
1115	-0,4615385
1115	24,5384615
1115	22,5384615
1115	7,5384615
1116	-5,4615385
1116	15,5384615
1116	9,5384615
1116	26,5384615
1117	23,5384615
1117	9,5384615
1117	-20,4615385
1117	7,5384615
1118	-2,4615385
