196	-12,3076923
196	-12,3076923
196	-12,3076923
197	5,6923077
197	-2,3076923
197	-20,3076923
197	11,6923077
198	1,6923077
198	18,6923077
198	10,6923077
199	13,6923077
199	7,6923077
199	-10,3076923
199	5,6923077
200	6,6923077
200	8,6923077
200	2,6923077
200	76,6923077
201	196,6923077
201	201,6923077
201	198,6923077
201	173,6923077
202	193,6923077
202	227,6923077
202	216,6923077
203	192,6923077
203	232,6923077
203	191,6923077
203	260,6923077
204	260,6923077
204	244,6923077
204	253,6923077
204	262,6923077
205	283,6923077
205	304,6923077
205	274,6923077
205	305,6923077
206	299,6923077
206	353,6923077
206	341,6923077
207	352,6923077
207	376,6923077
207	364,6923077
207	351,6923077
208	382,6923077
208	386,6923077
208	431,6923077
208	417,6923077
209	422,6923077
209	404,6923077
209	419,6923077
209	422,6923077
210	443,6923077
210	447,6923077
210	481,6923077
211	489,6923077
211	462,6923077
211	486,6923077
211	512,6923077
212	502,6923077
212	515,6923077
212	519,6923077
212	550,6923077
213	547,6923077
213	576,6923077
213	550,6923077
213	588,6923077
214	584,6923077
214	639,6923077
214	654,6923077
215	627,6923077
215	590,6923077
215	623,6923077
215	603,6923077
216	606,6923077
216	584,6923077
216	604,6923077
216	597,6923077
217	639,6923077
217	654,6923077
217	631,6923077
217	640,6923077
218	663,6923077
218	714,6923077
218	695,6923077
219	670,6923077
219	694,6923077
219	702,6923077
219	718,6923077
220	756,6923077
220	799,6923077
220	802,6923077
220	815,6923077
221	839,6923077
221	826,6923077
221	833,6923077
221	884,6923077
222	863,6923077
222	917,6923077
222	836,6923077
223	867,6923077
223	905,6923077
223	943,6923077
223	959,6923077
224	999,6923077
224	992,6923077
224	925,6923077
224	928,6923077
225	1007,6923077
225	986,6923077
225	1014,6923077
225	987,6923077
226	965,6923077
226	950,6923077
226	966,6923077
227	985,6923077
227	925,6923077
227	901,6923077
227	890,6923077
228	891,6923077
228	851,6923077
228	837,6923077
228	861,6923077
229	866,6923077
229	920,6923077
229	885,6923077
229	921,6923077
230	918,6923077
230	924,6923077
230	941,6923077
231	980,6923077
231	1061,6923077
231	1086,6923077
231	1099,6923077
232	1217,6923077
232	1233,6923077
232	1334,6923077
232	1426,6923077
233	1476,6923077
233	1580,6923077
233	1694,6923077
233	1776,6923077
234	1806,6923077
234	1920,6923077
234	2012,6923077
235	2092,6923077
235	2230,6923077
235	2226,6923077
235	2363,6923077
236	2359,6923077
236	2468,6923077
236	2547,6923077
236	2782,6923077
237	2838,6923077
237	2909,6923077
237	2937,6923077
237	3024,6923077
238	3052,6923077
238	3156,6923077
238	3290,6923077
239	3375,6923077
239	3427,6923077
239	3490,6923077
239	3370,6923077
240	3434,6923077
240	3500,6923077
240	3561,6923077
240	3414,6923077
241	3465,6923077
241	3458,6923077
241	3503,6923077
241	3511,6923077
242	3482,6923077
242	3379,6923077
242	3330,6923077
243	3337,6923077
243	3274,6923077
243	3213,6923077
243	3206,6923077
244	3225,6923077
244	3182,6923077
244	3074,6923077
244	3174,6923077
245	3038,6923077
245	3058,6923077
245	3048,6923077
245	3005,6923077
246	2991,6923077
246	3019,6923077
246	3030,6923077
247	3080,6923077
247	3109,6923077
247	3175,6923077
247	3189,6923077
248	3284,6923077
248	3242,6923077
248	3264,6923077
248	3241,6923077
249	3268,6923077
249	3297,6923077
249	3349,6923077
249	3410,6923077
250	3425,6923077
250	3477,6923077
250	3542,6923077
251	3624,6923077
251	3692,6923077
251	3634,6923077
251	3747,6923077
252	3729,6923077
252	3869,6923077
252	3809,6923077
252	3791,6923077
253	3810,6923077
253	3896,6923077
253	3810,6923077
253	3900,6923077
254	3791,6923077
254	3945,6923077
254	3956,6923077
254	3922,6923077
255	3813,6923077
255	3867,6923077
255	3831,6923077
256	3847,6923077
256	3737,6923077
256	3676,6923077
256	3766,6923077
257	3885,6923077
257	3840,6923077
257	3948,6923077
257	3880,6923077
258	3981,6923077
258	3956,6923077
258	4027,6923077
258	4016,6923077
259	4109,6923077
259	4120,6923077
259	4075,6923077
260	4023,6923077
260	4186,6923077
260	4312,6923077
260	4430,6923077
261	4397,6923077
261	4395,6923077
261	4312,6923077
261	4269,6923077
262	4270,6923077
262	4102,6923077
262	4004,6923077
262	3906,6923077
263	3834,6923077
263	3814,6923077
263	3761,6923077
264	3718,6923077
264	3532,6923077
264	3315,6923077
264	3155,6923077
265	3163,6923077
265	3042,6923077
265	2977,6923077
265	2834,6923077
266	2654,6923077
266	2556,6923077
266	2484,6923077
266	2428,6923077
267	2490,6923077
267	2454,6923077
267	2400,6923077
268	2369,6923077
268	2408,6923077
268	2372,6923077
268	2455,6923077
269	2487,6923077
269	2506,6923077
269	2513,6923077
269	2609,6923077
270	2644,6923077
270	2754,6923077
270	2813,6923077
270	2932,6923077
271	3055,6923077
271	3165,6923077
271	3363,6923077
271	3637,6923077
272	3764,6923077
272	4029,6923077
272	4148,6923077
273	4234,6923077
273	4318,6923077
273	4389,6923077
273	4382,6923077
274	4364,6923077
274	4357,6923077
274	4506,6923077
274	4606,6923077
275	4621,6923077
275	4777,6923077
275	4803,6923077
275	4770,6923077
276	4722,6923077
276	4520,6923077
276	4529,6923077
277	4240,6923077
277	4224,6923077
277	4109,6923077
277	3973,6923077
278	3745,6923077
278	3550,6923077
278	3389,6923077
278	3283,6923077
279	3148,6923077
279	3077,6923077
279	2919,6923077
279	2763,6923077
280	2597,6923077
280	2549,6923077
280	2456,6923077
280	2446,6923077
281	2405,6923077
281	2342,6923077
281	2290,6923077
282	2404,6923077
282	2371,6923077
282	2371,6923077
282	2313,6923077
283	2380,6923077
283	2375,6923077
283	2350,6923077
283	2420,6923077
284	2493,6923077
284	2473,6923077
284	2535,6923077
284	2530,6923077
285	2569,6923077
285	2544,6923077
285	2684,6923077
286	2605,6923077
286	2684,6923077
286	2622,6923077
286	2680,6923077
287	2645,6923077
287	2658,6923077
287	2652,6923077
287	2696,6923077
288	2712,6923077
288	2693,6923077
288	2714,6923077
288	2727,6923077
289	2710,6923077
289	2666,6923077
289	2667,6923077
290	2714,6923077
290	2658,6923077
290	2720,6923077
290	2653,6923077
291	2685,6923077
291	2709,6923077
291	2772,6923077
291	2749,6923077
292	2764,6923077
292	2755,6923077
292	2715,6923077
292	2799,6923077
293	2764,6923077
293	2821,6923077
293	2921,6923077
293	2820,6923077
294	2860,6923077
294	2875,6923077
294	2888,6923077
295	2966,6923077
295	3067,6923077
295	3069,6923077
295	3163,6923077
296	3111,6923077
296	3161,6923077
296	3158,6923077
296	3210,6923077
297	3162,6923077
297	3176,6923077
297	3168,6923077
297	3272,6923077
298	3254,6923077
298	3343,6923077
298	3340,6923077
299	3402,6923077
299	3345,6923077
299	3418,6923077
299	3267,6923077
300	3322,6923077
300	3299,6923077
300	3286,6923077
300	3323,6923077
301	3303,6923077
301	3347,6923077
301	3269,6923077
301	3241,6923077
302	3172,6923077
302	3167,6923077
302	3120,6923077
302	3177,6923077
303	3108,6923077
303	3012,6923077
303	3061,6923077
304	3019,6923077
304	2982,6923077
304	2937,6923077
304	2917,6923077
305	2897,6923077
305	2888,6923077
305	2871,6923077
305	2774,6923077
306	2781,6923077
306	2774,6923077
306	2750,6923077
306	2695,6923077
307	2658,6923077
307	2714,6923077
307	2644,6923077
307	2655,6923077
308	2646,6923077
308	2613,6923077
308	2580,6923077
309	2648,6923077
309	2574,6923077
309	2618,6923077
309	2609,6923077
310	2617,6923077
310	2658,6923077
310	2665,6923077
310	2606,6923077
311	2592,6923077
311	2657,6923077
311	2660,6923077
311	2605,6923077
312	2624,6923077
312	2584,6923077
312	2591,6923077
313	2593,6923077
313	2593,6923077
313	2619,6923077
313	2638,6923077
314	2649,6923077
314	2584,6923077
314	2626,6923077
314	2655,6923077
315	2663,6923077
315	2617,6923077
315	2581,6923077
315	2599,6923077
316	2581,6923077
316	2534,6923077
316	2533,6923077
316	2531,6923077
317	2489,6923077
317	2454,6923077
317	2466,6923077
318	2447,6923077
318	2443,6923077
318	2470,6923077
318	2421,6923077
319	2410,6923077
319	2404,6923077
319	2369,6923077
319	2401,6923077
320	2406,6923077
320	2406,6923077
320	2470,6923077
320	2438,6923077
321	2495,6923077
321	2550,6923077
321	2495,6923077
321	2536,6923077
322	2542,6923077
322	2560,6923077
322	2570,6923077
323	2598,6923077
323	2695,6923077
323	2707,6923077
323	2710,6923077
324	2731,6923077
324	2703,6923077
324	2723,6923077
324	2781,6923077
325	2851,6923077
325	2885,6923077
325	2848,6923077
325	2924,6923077
326	2886,6923077
326	2916,6923077
326	2921,6923077
327	2985,6923077
327	3008,6923077
327	3069,6923077
327	3047,6923077
328	3182,6923077
328	3251,6923077
328	3237,6923077
328	3323,6923077
329	3415,6923077
329	3457,6923077
329	3514,6923077
329	3463,6923077
330	3504,6923077
330	3496,6923077
330	3579,6923077
330	3492,6923077
331	3644,6923077
331	3585,6923077
331	3759,6923077
332	3698,6923077
332	3749,6923077
332	3737,6923077
332	3789,6923077
333	3750,6923077
333	3891,6923077
333	3933,6923077
333	3932,6923077
334	3982,6923077
334	4095,6923077
334	4015,6923077
334	3900,6923077
335	3882,6923077
335	3861,6923077
335	3843,6923077
335	3772,6923077
336	3750,6923077
336	3750,6923077
336	3732,6923077
337	3590,6923077
337	3569,6923077
337	3617,6923077
337	3559,6923077
338	3546,6923077
338	3492,6923077
338	3447,6923077
338	3392,6923077
339	3340,6923077
339	3247,6923077
339	3229,6923077
339	3164,6923077
340	3240,6923077
340	3123,6923077
340	3082,6923077
340	3030,6923077
341	3045,6923077
341	2956,6923077
341	2954,6923077
342	2989,6923077
342	2931,6923077
342	2940,6923077
342	2936,6923077
343	2902,6923077
343	2822,6923077
343	2813,6923077
343	2870,6923077
344	2811,6923077
344	2934,6923077
344	2888,6923077
344	2920,6923077
345	2848,6923077
345	2845,6923077
345	2763,6923077
345	2841,6923077
346	2773,6923077
346	2883,6923077
346	2892,6923077
347	2813,6923077
347	2736,6923077
347	2698,6923077
347	2655,6923077
348	2650,6923077
348	2645,6923077
348	2733,6923077
348	2682,6923077
349	2712,6923077
349	2647,6923077
349	2603,6923077
349	2557,6923077
350	2571,6923077
350	2525,6923077
350	2528,6923077
350	2521,6923077
351	2491,6923077
351	2480,6923077
351	2422,6923077
352	2456,6923077
352	2431,6923077
352	2462,6923077
352	2515,6923077
353	2537,6923077
353	2516,6923077
353	2458,6923077
353	2476,6923077
354	2510,6923077
354	2562,6923077
354	2577,6923077
354	2589,6923077
355	2550,6923077
355	2585,6923077
355	2577,6923077
355	2568,6923077
356	2610,6923077
356	2621,6923077
356	2703,6923077
357	2667,6923077
357	2709,6923077
357	2747,6923077
357	2747,6923077
358	2732,6923077
358	2705,6923077
358	2734,6923077
358	2753,6923077
359	2776,6923077
359	2797,6923077
359	2773,6923077
359	2794,6923077
360	2730,6923077
360	2771,6923077
360	2720,6923077
360	2721,6923077
361	2676,6923077
361	2643,6923077
361	2612,6923077
362	2663,6923077
362	2650,6923077
362	2621,6923077
362	2665,6923077
363	2632,6923077
363	2616,6923077
363	2600,6923077
363	2577,6923077
364	2514,6923077
364	2566,6923077
364	2482,6923077
364	2515,6923077
365	2505,6923077
365	2546,6923077
365	2551,6923077
365	2514,6923077
366	2582,6923077
366	2593,6923077
366	2550,6923077
367	2594,6923077
367	2582,6923077
367	2641,6923077
367	2708,6923077
368	2692,6923077
368	2730,6923077
368	2733,6923077
368	2732,6923077
369	2807,6923077
369	2877,6923077
369	2903,6923077
369	2916,6923077
370	2942,6923077
370	2968,6923077
370	3039,6923077
370	3065,6923077
371	3104,6923077
371	3134,6923077
371	3130,6923077
371	3193,6923077
372	3233,6923077
372	3184,6923077
372	3329,6923077
373	3285,6923077
373	3358,6923077
373	3338,6923077
373	3379,6923077
374	3367,6923077
374	3424,6923077
374	3363,6923077
374	3365,6923077
375	3377,6923077
375	3498,6923077
375	3518,6923077
375	3499,6923077
376	3490,6923077
376	3568,6923077
376	3509,6923077
376	3511,6923077
377	3499,6923077
377	3528,6923077
377	3537,6923077
378	3625,6923077
378	3528,6923077
378	3519,6923077
378	3533,6923077
379	3597,6923077
379	3624,6923077
379	3711,6923077
379	3747,6923077
380	3718,6923077
380	3744,6923077
380	3823,6923077
380	3672,6923077
381	3702,6923077
381	3722,6923077
381	3696,6923077
381	3689,6923077
382	3733,6923077
382	3640,6923077
382	3794,6923077
383	3752,6923077
383	3752,6923077
383	3741,6923077
383	3795,6923077
384	3809,6923077
384	3814,6923077
384	3796,6923077
384	3900,6923077
385	3847,6923077
385	3869,6923077
385	3921,6923077
385	3995,6923077
386	3938,6923077
386	4019,6923077
386	4056,6923077
386	4103,6923077
387	4111,6923077
387	4137,6923077
387	4113,6923077
387	4265,6923077
388	4209,6923077
388	4267,6923077
388	4381,6923077
389	4426,6923077
389	4426,6923077
389	4495,6923077
389	4460,6923077
390	4498,6923077
390	4561,6923077
390	4518,6923077
390	4644,6923077
391	4583,6923077
391	4478,6923077
391	4630,6923077
391	4588,6923077
392	4741,6923077
392	4699,6923077
392	4842,6923077
392	4879,6923077
393	4812,6923077
393	4921,6923077
393	5017,6923077
394	5020,6923077
394	5118,6923077
394	5199,6923077
394	5340,6923077
395	5347,6923077
395	5360,6923077
395	5372,6923077
395	5564,6923077
396	5563,6923077
396	5784,6923077
396	5864,6923077
396	5971,6923077
397	6003,6923077
397	6118,6923077
397	6138,6923077
397	6417,6923077
398	6429,6923077
398	6611,6923077
398	6540,6923077
398	6694,6923077
399	6687,6923077
399	6856,6923077
399	7064,6923077
400	7319,6923077
400	7504,6923077
400	7532,6923077
400	7515,6923077
401	7432,6923077
401	7355,6923077
401	7594,6923077
401	7586,6923077
402	7706,6923077
402	7873,6923077
402	7838,6923077
402	7642,6923077
403	7880,6923077
403	7973,6923077
403	8244,6923077
403	8680,6923077
404	9257,6923077
404	9495,6923077
404	9340,6923077
405	9020,6923077
405	9097,6923077
405	8838,6923077
405	8809,6923077
406	8794,6923077
406	8763,6923077
406	8590,6923077
406	8700,6923077
407	8491,6923077
407	8467,6923077
407	8717,6923077
407	8939,6923077
408	8987,6923077
408	9039,6923077
408	9053,6923077
408	9245,6923077
409	9111,6923077
409	9121,6923077
409	8904,6923077
409	8853,6923077
410	8634,6923077
410	8480,6923077
410	8382,6923077
411	8186,6923077
411	8071,6923077
411	8145,6923077
411	8233,6923077
412	8554,6923077
412	8535,6923077
412	8609,6923077
412	8257,6923077
413	8224,6923077
413	8039,6923077
413	7931,6923077
413	7856,6923077
414	8003,6923077
414	8089,6923077
414	8098,6923077
414	7862,6923077
415	7882,6923077
415	7582,6923077
415	7647,6923077
415	7542,6923077
416	7590,6923077
416	7665,6923077
416	7715,6923077
417	7405,6923077
417	7459,6923077
417	7211,6923077
417	7357,6923077
418	7137,6923077
418	7325,6923077
418	7206,6923077
418	7354,6923077
419	7367,6923077
419	7457,6923077
419	7310,6923077
419	7441,6923077
420	7469,6923077
420	7405,6923077
420	7276,6923077
420	7277,6923077
421	7356,6923077
421	7330,6923077
421	7356,6923077
421	7407,6923077
422	7333,6923077
422	7447,6923077
422	7244,6923077
423	7446,6923077
423	7351,6923077
423	7431,6923077
423	7292,6923077
424	7524,6923077
424	7450,6923077
424	7475,6923077
424	7391,6923077
425	7347,6923077
425	7264,6923077
425	7046,6923077
425	7045,6923077
426	6941,6923077
426	6923,6923077
426	6834,6923077
426	6645,6923077
427	6800,6923077
427	6817,6923077
427	6794,6923077
427	6834,6923077
428	7057,6923077
428	7056,6923077
428	7080,6923077
429	7063,6923077
429	6977,6923077
429	6818,6923077
429	6988,6923077
430	6604,6923077
430	6765,6923077
430	6534,6923077
430	6602,6923077
431	6275,6923077
431	6239,6923077
431	6142,6923077
431	6129,6923077
432	6225,6923077
432	6093,6923077
432	6101,6923077
432	6191,6923077
433	6060,6923077
433	6103,6923077
433	6055,6923077
433	6018,6923077
434	5966,6923077
434	6086,6923077
434	5979,6923077
435	6207,6923077
435	6257,6923077
435	6207,6923077
435	6298,6923077
436	6211,6923077
436	6372,6923077
436	6377,6923077
436	6405,6923077
437	6452,6923077
437	6498,6923077
437	6554,6923077
437	6582,6923077
438	6781,6923077
438	6788,6923077
438	6810,6923077
438	6812,6923077
439	6998,6923077
439	6994,6923077
439	7222,6923077
439	7150,6923077
440	7252,6923077
440	7108,6923077
440	7055,6923077
441	7024,6923077
441	7238,6923077
441	6986,6923077
441	7131,6923077
442	7199,6923077
442	7218,6923077
442	6926,6923077
442	7017,6923077
443	6991,6923077
443	6949,6923077
443	6795,6923077
443	6908,6923077
444	6810,6923077
444	6910,6923077
444	6813,6923077
444	6860,6923077
445	6845,6923077
445	7025,6923077
445	6907,6923077
445	7227,6923077
446	7118,6923077
446	7062,6923077
446	6909,6923077
447	6989,6923077
447	7081,6923077
447	7122,6923077
447	6909,6923077
448	6916,6923077
448	6766,6923077
448	6784,6923077
448	6834,6923077
449	7036,6923077
449	7214,6923077
449	7103,6923077
449	6906,6923077
450	6744,6923077
450	6418,6923077
450	6330,6923077
450	6208,6923077
451	6199,6923077
451	5978,6923077
451	5970,6923077
451	5977,6923077
452	5593,6923077
452	5623,6923077
452	5630,6923077
452	5495,6923077
453	5513,6923077
453	5353,6923077
453	5409,6923077
454	5310,6923077
454	5406,6923077
454	5371,6923077
454	5448,6923077
455	5385,6923077
455	5490,6923077
455	5631,6923077
455	5757,6923077
456	5859,6923077
456	5869,6923077
456	5893,6923077
456	6091,6923077
457	6089,6923077
457	6272,6923077
457	6464,6923077
457	6555,6923077
458	6490,6923077
458	6459,6923077
458	6447,6923077
458	6674,6923077
459	6727,6923077
459	6883,6923077
459	6759,6923077
460	6853,6923077
460	7118,6923077
460	7083,6923077
460	7169,6923077
461	7178,6923077
461	7132,6923077
461	7146,6923077
461	7075,6923077
462	7243,6923077
462	7105,6923077
462	7244,6923077
462	7279,6923077
463	7399,6923077
463	7610,6923077
463	7716,6923077
463	7769,6923077
464	7810,6923077
464	7968,6923077
464	8104,6923077
464	8291,6923077
465	8450,6923077
465	8297,6923077
465	8292,6923077
465	8198,6923077
466	8268,6923077
466	8001,6923077
466	7897,6923077
467	8075,6923077
467	8431,6923077
467	8608,6923077
467	9046,6923077
468	8964,6923077
468	8998,6923077
468	8788,6923077
468	8781,6923077
469	8873,6923077
469	8668,6923077
469	8626,6923077
469	8322,6923077
470	7776,6923077
470	7629,6923077
470	7261,6923077
470	6861,6923077
471	6869,6923077
471	6611,6923077
471	6254,6923077
471	6201,6923077
472	6161,6923077
472	6092,6923077
472	5886,6923077
472	5651,6923077
473	5599,6923077
473	5579,6923077
473	5490,6923077
474	5572,6923077
474	5580,6923077
474	5762,6923077
474	5814,6923077
475	5976,6923077
475	5868,6923077
475	5950,6923077
475	5849,6923077
476	5830,6923077
476	5693,6923077
476	5701,6923077
476	5583,6923077
477	5580,6923077
477	5548,6923077
477	5493,6923077
477	5502,6923077
478	5402,6923077
478	5432,6923077
478	5377,6923077
478	5394,6923077
479	5426,6923077
479	5381,6923077
479	5396,6923077
479	5472,6923077
480	5559,6923077
480	5514,6923077
480	5650,6923077
481	5544,6923077
481	5604,6923077
481	5562,6923077
481	5661,6923077
482	5692,6923077
482	5754,6923077
482	5795,6923077
482	5945,6923077
483	5983,6923077
483	6109,6923077
483	6114,6923077
483	6217,6923077
484	6190,6923077
484	6349,6923077
484	6395,6923077
484	6650,6923077
485	6623,6923077
485	6729,6923077
485	6511,6923077
485	6332,6923077
486	6281,6923077
486	6311,6923077
486	6216,6923077
486	6093,6923077
487	6067,6923077
487	6035,6923077
487	5916,6923077
488	5947,6923077
488	5854,6923077
488	5846,6923077
488	5856,6923077
489	5876,6923077
489	5892,6923077
489	5910,6923077
489	6033,6923077
490	6190,6923077
490	6337,6923077
490	6448,6923077
490	6526,6923077
491	6705,6923077
491	6830,6923077
491	6960,6923077
491	6983,6923077
492	7107,6923077
492	7140,6923077
492	7234,6923077
492	7390,6923077
493	7529,6923077
493	7714,6923077
493	7976,6923077
493	8067,6923077
494	8405,6923077
494	8451,6923077
494	8740,6923077
495	9009,6923077
495	9270,6923077
495	9437,6923077
495	9582,6923077
496	9835,6923077
496	10117,6923077
496	10239,6923077
496	10588,6923077
497	10783,6923077
497	10978,6923077
497	11072,6923077
497	11298,6923077
498	11423,6923077
498	11716,6923077
498	11814,6923077
498	11965,6923077
499	12065,6923077
499	12160,6923077
499	12163,6923077
499	12333,6923077
500	12454,6923077
500	12845,6923077
500	13003,6923077
500	13175,6923077
501	13124,6923077
501	12995,6923077
501	12659,6923077
502	12506,6923077
502	12253,6923077
502	12196,6923077
502	12050,6923077
503	12125,6923077
503	12124,6923077
503	12333,6923077
503	12487,6923077
504	13104,6923077
504	14079,6923077
504	14907,6923077
504	14916,6923077
505	14901,6923077
505	14837,6923077
505	14859,6923077
505	14897,6923077
506	14908,6923077
506	14872,6923077
506	14729,6923077
506	14153,6923077
507	13658,6923077
507	12773,6923077
507	11964,6923077
507	11093,6923077
508	10352,6923077
508	9718,6923077
508	9583,6923077
508	9296,6923077
509	9044,6923077
509	8646,6923077
509	8175,6923077
510	7796,6923077
510	7530,6923077
510	7331,6923077
510	7054,6923077
511	6753,6923077
511	6695,6923077
511	6475,6923077
511	6551,6923077
512	6286,6923077
512	6326,6923077
512	6262,6923077
512	6209,6923077
513	6129,6923077
513	6208,6923077
513	6085,6923077
513	6151,6923077
514	6115,6923077
514	6204,6923077
514	6261,6923077
514	6246,6923077
515	6213,6923077
515	6273,6923077
515	6240,6923077
515	6278,6923077
516	6270,6923077
516	6338,6923077
516	6288,6923077
516	6312,6923077
517	6361,6923077
517	6468,6923077
517	6487,6923077
518	6488,6923077
518	6586,6923077
518	6495,6923077
518	6462,6923077
519	6380,6923077
519	6369,6923077
519	6426,6923077
519	6426,6923077
520	6430,6923077
520	6392,6923077
520	6288,6923077
520	6364,6923077
521	6583,6923077
521	6705,6923077
521	7122,6923077
521	7420,6923077
522	7838,6923077
522	8027,6923077
522	8101,6923077
522	7951,6923077
523	7708,6923077
523	7440,6923077
523	7377,6923077
523	7017,6923077
524	6796,6923077
524	6587,6923077
524	6466,6923077
524	6267,6923077
525	6161,6923077
525	5971,6923077
525	5797,6923077
526	5679,6923077
526	5582,6923077
526	5461,6923077
526	5415,6923077
527	5322,6923077
527	5340,6923077
527	5271,6923077
527	5162,6923077
528	5117,6923077
528	5129,6923077
528	5077,6923077
528	5018,6923077
529	4951,6923077
529	4980,6923077
529	4847,6923077
529	4913,6923077
530	4905,6923077
530	4914,6923077
530	4820,6923077
530	4942,6923077
531	4856,6923077
531	4887,6923077
531	4835,6923077
531	4840,6923077
532	4766,6923077
532	4786,6923077
532	4798,6923077
532	4829,6923077
533	4717,6923077
533	4781,6923077
533	4777,6923077
534	4750,6923077
534	4770,6923077
534	4823,6923077
534	4720,6923077
535	4751,6923077
535	4714,6923077
535	4815,6923077
535	4787,6923077
536	4876,6923077
536	4869,6923077
536	4922,6923077
536	4823,6923077
537	4899,6923077
537	4862,6923077
537	4872,6923077
537	4820,6923077
538	4783,6923077
538	4816,6923077
538	4847,6923077
538	4759,6923077
539	4780,6923077
539	4725,6923077
539	4790,6923077
539	4758,6923077
540	4768,6923077
540	4671,6923077
540	4666,6923077
540	4637,6923077
541	4665,6923077
541	4613,6923077
541	4645,6923077
541	4569,6923077
542	4632,6923077
542	4592,6923077
542	4645,6923077
543	4580,6923077
543	4599,6923077
543	4598,6923077
543	4592,6923077
544	4568,6923077
544	4612,6923077
544	4638,6923077
544	4682,6923077
545	4622,6923077
545	4663,6923077
545	4629,6923077
545	4734,6923077
546	4678,6923077
546	4697,6923077
546	4728,6923077
546	4703,6923077
547	4718,6923077
547	4798,6923077
547	4750,6923077
547	4829,6923077
548	4764,6923077
548	4856,6923077
548	4776,6923077
548	4871,6923077
549	4911,6923077
549	5037,6923077
549	4990,6923077
549	5111,6923077
550	5176,6923077
550	5198,6923077
550	5218,6923077
550	5224,6923077
551	5118,6923077
551	5238,6923077
551	5110,6923077
552	5160,6923077
552	5241,6923077
552	5256,6923077
552	5202,6923077
553	5282,6923077
553	5279,6923077
553	5291,6923077
553	5453,6923077
554	5589,6923077
554	5517,6923077
554	5434,6923077
554	5352,6923077
555	5294,6923077
555	5174,6923077
555	5156,6923077
555	5123,6923077
556	5044,6923077
556	4894,6923077
556	5030,6923077
556	4985,6923077
557	5231,6923077
557	5291,6923077
557	5461,6923077
557	5621,6923077
558	5752,6923077
558	5564,6923077
558	5606,6923077
558	5575,6923077
559	5555,6923077
559	5425,6923077
559	5514,6923077
559	5367,6923077
560	5378,6923077
560	5259,6923077
560	5321,6923077
561	5219,6923077
561	5208,6923077
561	5262,6923077
561	5255,6923077
562	5253,6923077
562	5356,6923077
562	5353,6923077
562	5478,6923077
563	5458,6923077
563	5565,6923077
563	5617,6923077
563	5691,6923077
564	5723,6923077
564	5685,6923077
564	5800,6923077
564	5845,6923077
565	5902,6923077
565	6023,6923077
565	6041,6923077
565	6005,6923077
566	6052,6923077
566	6132,6923077
566	6198,6923077
566	6336,6923077
567	6256,6923077
567	6325,6923077
567	6407,6923077
567	6414,6923077
568	6548,6923077
568	6651,6923077
568	6551,6923077
568	6424,6923077
569	6313,6923077
569	6241,6923077
569	6281,6923077
569	6236,6923077
570	6283,6923077
570	6546,6923077
570	6911,6923077
571	7487,6923077
571	7859,6923077
571	8131,6923077
571	8439,6923077
572	9304,6923077
572	10065,6923077
572	10533,6923077
572	10239,6923077
573	9737,6923077
573	9166,6923077
573	8655,6923077
573	8202,6923077
574	7689,6923077
574	7221,6923077
574	6969,6923077
574	6649,6923077
575	6425,6923077
575	6207,6923077
575	6062,6923077
575	5684,6923077
576	5404,6923077
576	5058,6923077
576	4912,6923077
576	4650,6923077
577	4512,6923077
577	4404,6923077
577	4347,6923077
577	4174,6923077
578	4034,6923077
578	3944,6923077
578	3905,6923077
578	3767,6923077
579	3700,6923077
579	3761,6923077
579	3671,6923077
579	3616,6923077
580	3594,6923077
580	3556,6923077
580	3511,6923077
581	3565,6923077
581	3480,6923077
581	3521,6923077
581	3458,6923077
582	3412,6923077
582	3483,6923077
582	3381,6923077
582	3373,6923077
583	3413,6923077
583	3379,6923077
583	3282,6923077
583	3353,6923077
584	3281,6923077
584	3334,6923077
584	3360,6923077
584	3354,6923077
585	3318,6923077
585	3344,6923077
585	3362,6923077
585	3425,6923077
586	3406,6923077
586	3440,6923077
586	3427,6923077
586	3498,6923077
587	3561,6923077
587	3541,6923077
587	3558,6923077
587	3606,6923077
588	3607,6923077
588	3620,6923077
588	3727,6923077
588	3714,6923077
589	3802,6923077
589	3811,6923077
589	3770,6923077
589	3843,6923077
590	3852,6923077
590	3994,6923077
590	3952,6923077
590	3949,6923077
591	3972,6923077
591	4057,6923077
591	4027,6923077
592	4110,6923077
592	4068,6923077
592	4143,6923077
592	4111,6923077
593	4122,6923077
593	4132,6923077
593	4240,6923077
593	4232,6923077
594	4338,6923077
594	4326,6923077
594	4275,6923077
594	4254,6923077
595	4326,6923077
595	4263,6923077
595	4308,6923077
595	4215,6923077
596	4272,6923077
596	4277,6923077
596	4373,6923077
596	4474,6923077
597	4653,6923077
597	4851,6923077
597	5062,6923077
597	5261,6923077
598	5456,6923077
598	5626,6923077
598	5902,6923077
598	5832,6923077
599	5695,6923077
599	5421,6923077
599	5307,6923077
599	5150,6923077
600	5028,6923077
600	4693,6923077
600	4595,6923077
600	4453,6923077
601	4311,6923077
601	4080,6923077
601	3969,6923077
601	3849,6923077
602	3740,6923077
602	3661,6923077
602	3546,6923077
603	3496,6923077
603	3420,6923077
603	3290,6923077
603	3314,6923077
604	3160,6923077
604	3216,6923077
604	3108,6923077
604	3181,6923077
605	3050,6923077
605	3099,6923077
605	3084,6923077
605	3124,6923077
606	3059,6923077
606	3056,6923077
606	3044,6923077
606	3081,6923077
607	3027,6923077
607	3052,6923077
607	2990,6923077
607	3017,6923077
608	3020,6923077
608	2999,6923077
608	3004,6923077
608	3028,6923077
609	3015,6923077
609	3027,6923077
609	3028,6923077
609	3011,6923077
610	3078,6923077
610	3034,6923077
610	2996,6923077
610	3030,6923077
611	3052,6923077
611	3067,6923077
611	3037,6923077
611	3074,6923077
612	3035,6923077
612	3056,6923077
612	3018,6923077
612	3098,6923077
613	3085,6923077
613	3081,6923077
613	3124,6923077
613	3154,6923077
614	3104,6923077
614	3116,6923077
614	3088,6923077
614	3211,6923077
615	3179,6923077
615	3172,6923077
615	3135,6923077
616	3136,6923077
616	3204,6923077
616	3210,6923077
616	3237,6923077
617	3211,6923077
617	3177,6923077
617	3225,6923077
617	3241,6923077
618	3287,6923077
618	3261,6923077
618	3244,6923077
618	3245,6923077
619	3266,6923077
619	3257,6923077
619	3281,6923077
619	3297,6923077
620	3317,6923077
620	3331,6923077
620	3384,6923077
620	3338,6923077
621	3414,6923077
621	3422,6923077
621	3476,6923077
621	3531,6923077
622	3593,6923077
622	3598,6923077
622	3541,6923077
622	3573,6923077
623	3502,6923077
623	3478,6923077
623	3464,6923077
623	3456,6923077
624	3407,6923077
624	3399,6923077
624	3395,6923077
624	3306,6923077
625	3333,6923077
625	3260,6923077
625	3272,6923077
625	3225,6923077
626	3216,6923077
626	3199,6923077
626	3208,6923077
626	3180,6923077
627	3147,6923077
627	3169,6923077
627	3093,6923077
627	3118,6923077
628	3118,6923077
628	3056,6923077
628	3067,6923077
629	3070,6923077
629	3033,6923077
629	3054,6923077
629	3066,6923077
630	3051,6923077
630	3052,6923077
630	2983,6923077
630	3009,6923077
631	3021,6923077
631	2966,6923077
631	3050,6923077
631	3034,6923077
632	3013,6923077
632	3002,6923077
632	3015,6923077
632	2976,6923077
633	3018,6923077
633	2973,6923077
633	2929,6923077
633	2992,6923077
634	2932,6923077
634	2974,6923077
634	2886,6923077
634	2979,6923077
635	2942,6923077
635	2936,6923077
635	2897,6923077
635	2912,6923077
636	2918,6923077
636	2908,6923077
636	2890,6923077
636	2872,6923077
637	2910,6923077
637	2893,6923077
637	2829,6923077
637	2914,6923077
638	2934,6923077
638	2949,6923077
638	2921,6923077
638	3018,6923077
639	2973,6923077
639	2957,6923077
639	2967,6923077
639	2957,6923077
640	3006,6923077
640	2997,6923077
640	2924,6923077
640	3040,6923077
641	3032,6923077
641	3041,6923077
641	3010,6923077
641	3038,6923077
642	3064,6923077
642	3101,6923077
642	3042,6923077
642	3064,6923077
643	3037,6923077
643	3071,6923077
643	3090,6923077
644	3104,6923077
644	3053,6923077
644	3066,6923077
644	3059,6923077
645	3160,6923077
645	3088,6923077
645	3120,6923077
645	3145,6923077
646	3123,6923077
646	3163,6923077
646	3153,6923077
646	3109,6923077
647	3113,6923077
647	3200,6923077
647	3192,6923077
647	3161,6923077
648	3299,6923077
648	3273,6923077
648	3326,6923077
648	3311,6923077
649	3328,6923077
649	3340,6923077
649	3372,6923077
649	3381,6923077
650	3466,6923077
650	3469,6923077
650	3562,6923077
650	3540,6923077
651	3614,6923077
651	3579,6923077
651	3722,6923077
651	3748,6923077
652	3914,6923077
652	4004,6923077
652	4210,6923077
652	4282,6923077
653	4281,6923077
653	4181,6923077
653	4232,6923077
653	4228,6923077
654	4217,6923077
654	4154,6923077
654	4161,6923077
654	4175,6923077
655	4220,6923077
655	4194,6923077
655	4204,6923077
655	4093,6923077
656	4106,6923077
656	4114,6923077
656	4133,6923077
656	4127,6923077
657	4134,6923077
657	4061,6923077
657	4074,6923077
657	4015,6923077
658	4133,6923077
658	4111,6923077
658	4137,6923077
658	4142,6923077
659	4164,6923077
659	4221,6923077
659	4343,6923077
660	4388,6923077
660	4542,6923077
660	4772,6923077
660	4924,6923077
661	4954,6923077
661	5029,6923077
661	5039,6923077
661	4964,6923077
662	4942,6923077
662	4751,6923077
662	4612,6923077
662	4557,6923077
663	4452,6923077
663	4328,6923077
663	4216,6923077
663	4154,6923077
664	4081,6923077
664	3961,6923077
664	3909,6923077
664	3962,6923077
665	3986,6923077
665	4033,6923077
665	4123,6923077
665	3986,6923077
666	3834,6923077
666	3718,6923077
666	3503,6923077
666	3499,6923077
667	3296,6923077
667	3282,6923077
667	3184,6923077
667	3115,6923077
668	3046,6923077
668	3016,6923077
668	2920,6923077
668	2890,6923077
669	2791,6923077
669	2764,6923077
669	2690,6923077
669	2637,6923077
670	2568,6923077
670	2562,6923077
670	2519,6923077
670	2476,6923077
671	2421,6923077
671	2434,6923077
671	2389,6923077
671	2347,6923077
672	2319,6923077
672	2347,6923077
672	2287,6923077
672	2293,6923077
673	2214,6923077
673	2238,6923077
673	2172,6923077
673	2206,6923077
674	2120,6923077
674	2158,6923077
674	2118,6923077
674	2087,6923077
675	2039,6923077
675	2097,6923077
675	2080,6923077
675	2062,6923077
676	2070,6923077
676	2070,6923077
676	2004,6923077
676	2090,6923077
677	2090,6923077
677	2049,6923077
677	2033,6923077
677	1993,6923077
678	1942,6923077
678	1980,6923077
678	1937,6923077
678	1939,6923077
679	1939,6923077
679	1938,6923077
679	1945,6923077
680	1909,6923077
680	1890,6923077
680	1941,6923077
680	1922,6923077
681	1915,6923077
681	1885,6923077
681	1891,6923077
681	1878,6923077
682	1888,6923077
682	1854,6923077
682	1844,6923077
682	1792,6923077
683	1841,6923077
683	1788,6923077
683	1815,6923077
683	1828,6923077
684	1823,6923077
684	1801,6923077
684	1779,6923077
684	1764,6923077
685	1786,6923077
685	1774,6923077
685	1793,6923077
685	1759,6923077
686	1797,6923077
686	1756,6923077
686	1723,6923077
686	1767,6923077
687	1737,6923077
687	1761,6923077
687	1760,6923077
687	1735,6923077
688	1729,6923077
688	1745,6923077
688	1775,6923077
688	1709,6923077
689	1733,6923077
689	1746,6923077
689	1727,6923077
689	1703,6923077
690	1738,6923077
690	1722,6923077
690	1735,6923077
690	1695,6923077
691	1700,6923077
691	1705,6923077
691	1694,6923077
691	1680,6923077
692	1709,6923077
692	1690,6923077
692	1671,6923077
692	1637,6923077
693	1683,6923077
693	1644,6923077
693	1638,6923077
693	1633,6923077
694	1653,6923077
694	1625,6923077
694	1616,6923077
694	1628,6923077
695	1653,6923077
695	1613,6923077
695	1605,6923077
695	1585,6923077
696	1598,6923077
696	1576,6923077
696	1611,6923077
696	1597,6923077
697	1589,6923077
697	1532,6923077
697	1615,6923077
697	1566,6923077
698	1568,6923077
698	1541,6923077
698	1546,6923077
698	1527,6923077
699	1558,6923077
699	1510,6923077
699	1538,6923077
699	1551,6923077
700	1540,6923077
700	1521,6923077
700	1521,6923077
700	1516,6923077
701	1521,6923077
701	1515,6923077
701	1488,6923077
701	1493,6923077
702	1480,6923077
702	1494,6923077
702	1470,6923077
702	1465,6923077
703	1492,6923077
703	1466,6923077
703	1462,6923077
703	1440,6923077
704	1450,6923077
704	1434,6923077
704	1449,6923077
704	1448,6923077
705	1417,6923077
705	1371,6923077
705	1387,6923077
706	1366,6923077
706	1376,6923077
706	1373,6923077
706	1367,6923077
707	1356,6923077
707	1345,6923077
707	1346,6923077
707	1350,6923077
708	1354,6923077
708	1338,6923077
708	1342,6923077
708	1288,6923077
709	1302,6923077
709	1357,6923077
709	1362,6923077
709	1309,6923077
710	1262,6923077
710	1326,6923077
710	1277,6923077
710	1272,6923077
711	1290,6923077
711	1275,6923077
711	1291,6923077
711	1326,6923077
712	1282,6923077
712	1277,6923077
712	1278,6923077
712	1280,6923077
713	1302,6923077
713	1259,6923077
713	1303,6923077
713	1263,6923077
714	1266,6923077
714	1255,6923077
714	1270,6923077
714	1275,6923077
715	1290,6923077
715	1247,6923077
715	1252,6923077
715	1254,6923077
716	1238,6923077
716	1254,6923077
716	1271,6923077
716	1239,6923077
717	1226,6923077
717	1217,6923077
717	1208,6923077
717	1232,6923077
718	1233,6923077
718	1229,6923077
718	1221,6923077
718	1266,6923077
719	1215,6923077
719	1232,6923077
719	1275,6923077
719	1282,6923077
720	1339,6923077
720	1369,6923077
720	1387,6923077
720	1388,6923077
721	1389,6923077
721	1358,6923077
721	1291,6923077
721	1266,6923077
722	1303,6923077
722	1286,6923077
722	1231,6923077
722	1226,6923077
723	1225,6923077
723	1206,6923077
723	1135,6923077
723	1124,6923077
724	1144,6923077
724	1132,6923077
724	1091,6923077
724	1107,6923077
725	1124,6923077
725	1091,6923077
725	1045,6923077
725	1048,6923077
726	1066,6923077
726	1081,6923077
726	1033,6923077
726	1037,6923077
727	1014,6923077
727	1035,6923077
727	1047,6923077
727	1006,6923077
728	1003,6923077
728	1038,6923077
728	1030,6923077
728	1014,6923077
729	1005,6923077
729	1033,6923077
729	1004,6923077
729	1005,6923077
730	1007,6923077
730	988,6923077
730	968,6923077
730	1035,6923077
731	1030,6923077
731	991,6923077
731	989,6923077
731	1021,6923077
732	976,6923077
732	1042,6923077
732	977,6923077
732	998,6923077
733	1005,6923077
733	971,6923077
733	968,6923077
733	955,6923077
734	957,6923077
734	982,6923077
734	996,6923077
734	976,6923077
735	976,6923077
735	981,6923077
735	996,6923077
735	990,6923077
736	998,6923077
736	987,6923077
736	998,6923077
736	1009,6923077
737	1024,6923077
737	1020,6923077
737	1041,6923077
737	1068,6923077
738	1070,6923077
738	1108,6923077
738	1049,6923077
738	1088,6923077
739	1122,6923077
739	1158,6923077
739	1150,6923077
739	1151,6923077
740	1154,6923077
740	1220,6923077
740	1190,6923077
740	1266,6923077
741	1230,6923077
741	1214,6923077
741	1245,6923077
741	1326,6923077
742	1326,6923077
742	1351,6923077
742	1388,6923077
742	1407,6923077
743	1410,6923077
743	1421,6923077
743	1384,6923077
743	1403,6923077
744	1437,6923077
744	1483,6923077
744	1490,6923077
744	1517,6923077
745	1511,6923077
745	1429,6923077
745	1417,6923077
745	1454,6923077
746	1477,6923077
746	1555,6923077
746	1647,6923077
746	1730,6923077
747	1813,6923077
747	1765,6923077
747	1677,6923077
747	1662,6923077
748	1687,6923077
748	1833,6923077
748	2035,6923077
748	2245,6923077
749	2179,6923077
749	2036,6923077
749	1854,6923077
749	1809,6923077
750	1702,6923077
750	1752,6923077
750	1754,6923077
750	1990,6923077
751	2227,6923077
751	2467,6923077
751	2421,6923077
751	2287,6923077
752	2030,6923077
752	1961,6923077
752	1925,6923077
752	1809,6923077
753	1706,6923077
753	1632,6923077
753	1593,6923077
753	1541,6923077
754	1442,6923077
754	1310,6923077
754	1186,6923077
754	1141,6923077
755	1086,6923077
755	1029,6923077
755	983,6923077
755	957,6923077
756	896,6923077
756	892,6923077
756	873,6923077
756	855,6923077
757	851,6923077
757	854,6923077
757	843,6923077
757	853,6923077
758	837,6923077
758	817,6923077
758	791,6923077
758	820,6923077
759	799,6923077
759	842,6923077
759	803,6923077
759	785,6923077
760	798,6923077
760	774,6923077
760	783,6923077
760	789,6923077
761	797,6923077
761	765,6923077
761	784,6923077
761	793,6923077
762	752,6923077
762	721,6923077
762	787,6923077
762	735,6923077
763	761,6923077
763	714,6923077
763	764,6923077
763	741,6923077
764	744,6923077
764	736,6923077
764	736,6923077
764	749,6923077
765	727,6923077
765	746,6923077
765	734,6923077
765	725,6923077
766	763,6923077
766	743,6923077
766	720,6923077
766	747,6923077
767	744,6923077
767	763,6923077
767	748,6923077
767	811,6923077
768	811,6923077
768	797,6923077
768	804,6923077
768	831,6923077
769	880,6923077
769	867,6923077
769	888,6923077
769	959,6923077
770	987,6923077
770	1010,6923077
770	1029,6923077
770	1102,6923077
771	1138,6923077
771	1207,6923077
771	1200,6923077
771	1251,6923077
772	1276,6923077
772	1328,6923077
772	1397,6923077
772	1456,6923077
773	1472,6923077
773	1515,6923077
773	1535,6923077
773	1599,6923077
774	1635,6923077
774	1647,6923077
774	1677,6923077
774	1738,6923077
775	1718,6923077
775	1747,6923077
775	1774,6923077
775	1782,6923077
776	1767,6923077
776	1801,6923077
776	1815,6923077
776	1927,6923077
777	2029,6923077
777	2119,6923077
777	2163,6923077
777	2157,6923077
778	2114,6923077
778	1958,6923077
778	1784,6923077
778	1779,6923077
779	1865,6923077
779	1979,6923077
779	1985,6923077
779	1901,6923077
780	1770,6923077
780	1669,6923077
780	1678,6923077
780	1971,6923077
781	2529,6923077
781	3521,6923077
781	4612,6923077
781	5569,6923077
782	5683,6923077
782	5084,6923077
782	4302,6923077
782	3974,6923077
783	3812,6923077
783	3616,6923077
783	3242,6923077
783	2878,6923077
784	2448,6923077
784	1973,6923077
784	1636,6923077
784	1436,6923077
785	1243,6923077
785	1036,6923077
785	998,6923077
785	931,6923077
786	855,6923077
786	800,6923077
786	805,6923077
786	781,6923077
787	748,6923077
787	716,6923077
787	706,6923077
787	746,6923077
788	697,6923077
788	709,6923077
788	696,6923077
788	651,6923077
789	679,6923077
789	708,6923077
789	735,6923077
789	715,6923077
790	710,6923077
790	701,6923077
790	675,6923077
790	691,6923077
791	652,6923077
791	730,6923077
791	714,6923077
791	686,6923077
792	712,6923077
792	692,6923077
792	695,6923077
792	712,6923077
793	710,6923077
793	709,6923077
793	714,6923077
793	696,6923077
794	705,6923077
794	713,6923077
794	748,6923077
794	719,6923077
795	724,6923077
795	729,6923077
795	734,6923077
795	736,6923077
796	720,6923077
796	687,6923077
796	675,6923077
796	642,6923077
797	718,6923077
797	700,6923077
797	716,6923077
797	679,6923077
798	658,6923077
798	653,6923077
798	691,6923077
798	777,6923077
799	877,6923077
799	967,6923077
799	1042,6923077
799	1060,6923077
800	1015,6923077
800	951,6923077
800	870,6923077
800	888,6923077
801	756,6923077
801	781,6923077
801	729,6923077
801	686,6923077
802	650,6923077
802	631,6923077
802	612,6923077
802	547,6923077
803	537,6923077
803	530,6923077
803	534,6923077
803	515,6923077
804	518,6923077
804	526,6923077
804	535,6923077
804	517,6923077
805	476,6923077
805	504,6923077
805	490,6923077
805	502,6923077
806	500,6923077
806	499,6923077
806	477,6923077
806	478,6923077
807	484,6923077
807	474,6923077
807	496,6923077
807	487,6923077
808	481,6923077
808	484,6923077
808	451,6923077
808	477,6923077
809	475,6923077
809	519,6923077
809	483,6923077
809	468,6923077
810	476,6923077
810	483,6923077
810	498,6923077
810	504,6923077
811	525,6923077
811	510,6923077
811	502,6923077
811	505,6923077
812	512,6923077
812	532,6923077
812	558,6923077
812	558,6923077
813	555,6923077
813	595,6923077
813	563,6923077
813	634,6923077
814	634,6923077
814	671,6923077
814	661,6923077
814	681,6923077
815	734,6923077
815	770,6923077
815	772,6923077
815	784,6923077
816	837,6923077
816	847,6923077
816	880,6923077
816	910,6923077
817	896,6923077
817	936,6923077
817	925,6923077
817	965,6923077
818	970,6923077
818	960,6923077
818	996,6923077
818	1057,6923077
819	1016,6923077
819	1114,6923077
819	1068,6923077
819	1094,6923077
820	1095,6923077
820	1120,6923077
820	1134,6923077
820	1138,6923077
820	1167,6923077
821	1179,6923077
821	1154,6923077
821	1182,6923077
821	1229,6923077
822	1232,6923077
822	1308,6923077
822	1439,6923077
822	1555,6923077
823	1747,6923077
823	1781,6923077
823	1757,6923077
823	1665,6923077
824	1604,6923077
824	1495,6923077
824	1430,6923077
824	1342,6923077
825	1303,6923077
825	1323,6923077
825	1467,6923077
825	1661,6923077
826	1988,6923077
826	2123,6923077
826	2199,6923077
826	2081,6923077
827	1859,6923077
827	1695,6923077
827	1569,6923077
827	1386,6923077
828	1248,6923077
828	1156,6923077
828	1189,6923077
828	1150,6923077
829	1124,6923077
829	990,6923077
829	850,6923077
829	748,6923077
830	718,6923077
830	642,6923077
830	555,6923077
830	541,6923077
831	543,6923077
831	492,6923077
831	483,6923077
831	425,6923077
832	441,6923077
832	419,6923077
832	412,6923077
832	407,6923077
833	428,6923077
833	370,6923077
833	367,6923077
833	365,6923077
834	377,6923077
834	325,6923077
834	356,6923077
834	348,6923077
835	358,6923077
835	347,6923077
835	370,6923077
835	350,6923077
836	364,6923077
836	345,6923077
836	392,6923077
836	373,6923077
837	368,6923077
837	350,6923077
837	385,6923077
837	371,6923077
838	393,6923077
838	381,6923077
838	396,6923077
838	422,6923077
839	430,6923077
839	443,6923077
839	437,6923077
839	439,6923077
840	432,6923077
840	443,6923077
840	477,6923077
840	456,6923077
841	493,6923077
841	514,6923077
841	463,6923077
841	508,6923077
842	535,6923077
842	493,6923077
842	533,6923077
842	517,6923077
843	499,6923077
843	525,6923077
843	516,6923077
843	512,6923077
844	512,6923077
844	534,6923077
844	526,6923077
844	572,6923077
845	580,6923077
845	587,6923077
845	563,6923077
845	558,6923077
845	546,6923077
846	507,6923077
846	534,6923077
846	559,6923077
846	561,6923077
847	548,6923077
847	540,6923077
847	522,6923077
847	542,6923077
848	527,6923077
848	627,6923077
848	745,6923077
848	942,6923077
849	1071,6923077
849	1240,6923077
849	1123,6923077
849	941,6923077
850	778,6923077
850	660,6923077
850	555,6923077
850	507,6923077
851	465,6923077
851	421,6923077
851	407,6923077
851	370,6923077
852	337,6923077
852	364,6923077
852	312,6923077
852	319,6923077
853	306,6923077
853	332,6923077
853	323,6923077
853	301,6923077
854	325,6923077
854	307,6923077
854	308,6923077
854	294,6923077
855	325,6923077
855	335,6923077
855	322,6923077
855	339,6923077
856	306,6923077
856	334,6923077
856	330,6923077
856	341,6923077
857	321,6923077
857	366,6923077
857	377,6923077
857	387,6923077
858	374,6923077
858	384,6923077
858	368,6923077
858	352,6923077
859	368,6923077
859	383,6923077
859	415,6923077
859	432,6923077
860	436,6923077
860	425,6923077
860	436,6923077
860	466,6923077
861	539,6923077
861	547,6923077
861	546,6923077
861	566,6923077
862	596,6923077
862	597,6923077
862	579,6923077
862	624,6923077
863	647,6923077
863	691,6923077
863	709,6923077
863	771,6923077
864	794,6923077
864	819,6923077
864	833,6923077
864	792,6923077
864	787,6923077
865	840,6923077
865	849,6923077
865	839,6923077
865	815,6923077
866	838,6923077
866	841,6923077
866	873,6923077
866	898,6923077
867	960,6923077
867	1062,6923077
867	1088,6923077
867	1111,6923077
868	1129,6923077
868	1077,6923077
868	1022,6923077
868	984,6923077
869	931,6923077
869	864,6923077
869	885,6923077
869	852,6923077
870	891,6923077
870	915,6923077
870	956,6923077
870	896,6923077
871	875,6923077
871	787,6923077
871	807,6923077
871	843,6923077
872	1064,6923077
872	1306,6923077
872	1546,6923077
872	1653,6923077
873	1588,6923077
873	1416,6923077
873	1143,6923077
873	924,6923077
874	763,6923077
874	691,6923077
874	668,6923077
874	647,6923077
875	645,6923077
875	633,6923077
875	648,6923077
875	619,6923077
876	589,6923077
876	582,6923077
876	549,6923077
876	485,6923077
877	451,6923077
877	406,6923077
877	355,6923077
877	335,6923077
878	294,6923077
878	261,6923077
878	268,6923077
878	244,6923077
879	236,6923077
879	224,6923077
879	248,6923077
879	219,6923077
880	203,6923077
880	227,6923077
880	190,6923077
880	203,6923077
880	203,6923077
881	187,6923077
881	199,6923077
881	169,6923077
881	182,6923077
882	183,6923077
882	155,6923077
882	201,6923077
882	157,6923077
883	188,6923077
883	193,6923077
883	186,6923077
883	165,6923077
884	165,6923077
884	171,6923077
884	162,6923077
884	164,6923077
885	175,6923077
885	162,6923077
885	180,6923077
885	178,6923077
886	177,6923077
886	170,6923077
886	168,6923077
886	167,6923077
887	164,6923077
887	169,6923077
887	144,6923077
887	160,6923077
888	147,6923077
888	158,6923077
888	134,6923077
888	158,6923077
889	183,6923077
889	142,6923077
889	146,6923077
889	171,6923077
890	128,6923077
890	133,6923077
890	143,6923077
890	150,6923077
891	119,6923077
891	153,6923077
891	132,6923077
891	143,6923077
892	136,6923077
892	153,6923077
892	144,6923077
892	128,6923077
893	146,6923077
893	138,6923077
893	133,6923077
893	146,6923077
894	199,6923077
894	150,6923077
894	108,6923077
894	143,6923077
894	129,6923077
895	131,6923077
895	153,6923077
895	124,6923077
895	129,6923077
896	136,6923077
896	147,6923077
896	142,6923077
896	129,6923077
897	149,6923077
897	159,6923077
897	150,6923077
897	161,6923077
898	154,6923077
898	152,6923077
898	171,6923077
898	174,6923077
899	169,6923077
899	220,6923077
899	185,6923077
899	174,6923077
900	215,6923077
900	212,6923077
900	185,6923077
900	195,6923077
901	198,6923077
901	200,6923077
901	211,6923077
901	236,6923077
902	223,6923077
902	234,6923077
902	221,6923077
902	212,6923077
903	223,6923077
903	235,6923077
903	240,6923077
903	215,6923077
904	258,6923077
904	270,6923077
904	234,6923077
904	251,6923077
905	219,6923077
905	250,6923077
905	246,6923077
905	256,6923077
906	212,6923077
906	219,6923077
906	247,6923077
906	264,6923077
906	237,6923077
907	247,6923077
907	228,6923077
907	233,6923077
907	227,6923077
908	220,6923077
908	216,6923077
908	225,6923077
908	195,6923077
909	221,6923077
909	235,6923077
909	230,6923077
909	214,6923077
910	216,6923077
910	188,6923077
910	197,6923077
910	180,6923077
911	187,6923077
911	176,6923077
911	167,6923077
911	167,6923077
912	155,6923077
912	158,6923077
912	137,6923077
912	177,6923077
913	155,6923077
913	125,6923077
913	138,6923077
913	130,6923077
914	110,6923077
914	130,6923077
914	169,6923077
914	119,6923077
915	141,6923077
915	134,6923077
915	140,6923077
915	133,6923077
916	139,6923077
916	122,6923077
916	135,6923077
916	130,6923077
917	134,6923077
917	131,6923077
917	134,6923077
917	124,6923077
917	126,6923077
918	97,6923077
918	119,6923077
918	136,6923077
918	121,6923077
919	138,6923077
919	149,6923077
919	118,6923077
919	125,6923077
920	113,6923077
920	153,6923077
920	127,6923077
920	152,6923077
921	138,6923077
921	153,6923077
921	169,6923077
921	159,6923077
922	169,6923077
922	179,6923077
922	166,6923077
922	182,6923077
923	162,6923077
923	179,6923077
923	202,6923077
923	191,6923077
924	184,6923077
924	164,6923077
924	154,6923077
924	195,6923077
925	199,6923077
925	193,6923077
925	190,6923077
925	187,6923077
926	200,6923077
926	219,6923077
926	211,6923077
926	219,6923077
927	204,6923077
927	198,6923077
927	209,6923077
927	226,6923077
928	205,6923077
928	207,6923077
928	194,6923077
928	204,6923077
928	182,6923077
929	150,6923077
929	177,6923077
929	146,6923077
929	154,6923077
930	162,6923077
930	135,6923077
930	131,6923077
930	148,6923077
931	137,6923077
931	159,6923077
931	140,6923077
931	133,6923077
932	139,6923077
932	167,6923077
932	125,6923077
932	122,6923077
933	135,6923077
933	164,6923077
933	141,6923077
933	139,6923077
934	214,6923077
934	178,6923077
934	142,6923077
934	138,6923077
935	155,6923077
935	162,6923077
935	140,6923077
935	133,6923077
936	169,6923077
936	161,6923077
936	136,6923077
936	145,6923077
937	140,6923077
937	195,6923077
937	172,6923077
937	174,6923077
938	153,6923077
938	159,6923077
938	166,6923077
938	146,6923077
938	146,6923077
939	166,6923077
939	149,6923077
939	154,6923077
939	173,6923077
940	185,6923077
940	125,6923077
940	141,6923077
940	165,6923077
941	132,6923077
941	108,6923077
941	133,6923077
941	105,6923077
942	101,6923077
942	90,6923077
942	74,6923077
942	81,6923077
943	80,6923077
943	90,6923077
943	97,6923077
943	31,6923077
944	84,6923077
944	81,6923077
944	40,6923077
944	49,6923077
945	52,6923077
945	65,6923077
945	72,6923077
945	72,6923077
946	58,6923077
946	46,6923077
946	78,6923077
946	68,6923077
947	53,6923077
947	51,6923077
947	68,6923077
947	88,6923077
947	61,6923077
948	34,6923077
948	47,6923077
948	66,6923077
948	93,6923077
949	90,6923077
949	100,6923077
949	68,6923077
949	63,6923077
950	61,6923077
950	45,6923077
950	63,6923077
950	74,6923077
951	64,6923077
951	55,6923077
951	67,6923077
951	49,6923077
952	68,6923077
952	47,6923077
952	54,6923077
952	53,6923077
953	32,6923077
953	49,6923077
953	44,6923077
953	39,6923077
954	23,6923077
954	44,6923077
954	47,6923077
954	57,6923077
955	63,6923077
955	42,6923077
955	65,6923077
955	36,6923077
956	33,6923077
956	61,6923077
956	61,6923077
956	52,6923077
956	75,6923077
957	73,6923077
957	55,6923077
957	29,6923077
957	73,6923077
958	61,6923077
958	63,6923077
958	42,6923077
958	38,6923077
959	34,6923077
959	7,6923077
959	49,6923077
959	42,6923077
960	10,6923077
960	27,6923077
960	53,6923077
960	28,6923077
961	20,6923077
961	34,6923077
961	36,6923077
961	52,6923077
962	25,6923077
962	42,6923077
962	33,6923077
962	51,6923077
963	40,6923077
963	55,6923077
963	25,6923077
963	53,6923077
964	43,6923077
964	58,6923077
964	57,6923077
964	27,6923077
964	47,6923077
965	35,6923077
965	42,6923077
965	58,6923077
965	55,6923077
966	33,6923077
966	31,6923077
966	16,6923077
966	18,6923077
967	9,6923077
967	56,6923077
967	34,6923077
967	44,6923077
968	43,6923077
968	29,6923077
968	45,6923077
968	34,6923077
969	19,6923077
969	31,6923077
969	44,6923077
969	34,6923077
970	14,6923077
970	-16,3076923
970	29,6923077
970	12,6923077
971	26,6923077
971	38,6923077
971	16,6923077
971	20,6923077
972	27,6923077
972	38,6923077
972	45,6923077
972	44,6923077
972	51,6923077
973	50,6923077
973	25,6923077
973	34,6923077
973	55,6923077
974	26,6923077
974	15,6923077
974	5,6923077
974	42,6923077
975	32,6923077
975	23,6923077
975	36,6923077
975	33,6923077
976	29,6923077
976	60,6923077
976	35,6923077
976	43,6923077
977	26,6923077
977	36,6923077
977	61,6923077
977	36,6923077
978	47,6923077
978	8,6923077
978	31,6923077
978	28,6923077
979	48,6923077
979	60,6923077
979	46,6923077
979	59,6923077
980	38,6923077
980	21,6923077
980	21,6923077
980	60,6923077
980	45,6923077
981	54,6923077
981	48,6923077
981	21,6923077
981	56,6923077
982	50,6923077
982	17,6923077
982	38,6923077
982	34,6923077
983	36,6923077
983	43,6923077
983	48,6923077
983	41,6923077
984	42,6923077
984	50,6923077
984	50,6923077
984	41,6923077
985	47,6923077
985	39,6923077
985	42,6923077
985	31,6923077
986	40,6923077
986	33,6923077
986	13,6923077
986	70,6923077
987	54,6923077
987	10,6923077
987	61,6923077
987	25,6923077
988	42,6923077
988	39,6923077
988	56,6923077
988	14,6923077
988	54,6923077
989	34,6923077
989	25,6923077
989	26,6923077
989	28,6923077
990	58,6923077
990	60,6923077
990	19,6923077
990	15,6923077
991	48,6923077
991	27,6923077
991	9,6923077
991	26,6923077
992	22,6923077
992	31,6923077
992	45,6923077
992	30,6923077
993	46,6923077
993	44,6923077
993	44,6923077
993	17,6923077
994	25,6923077
994	24,6923077
994	57,6923077
994	34,6923077
995	23,6923077
995	46,6923077
995	38,6923077
995	51,6923077
995	17,6923077
996	6,6923077
996	15,6923077
996	44,6923077
996	23,6923077
997	34,6923077
997	28,6923077
997	47,6923077
997	49,6923077
998	19,6923077
998	40,6923077
998	40,6923077
998	30,6923077
999	25,6923077
999	22,6923077
999	-5,3076923
999	-0,3076923
1000	5,6923077
1000	47,6923077
1000	25,6923077
1000	27,6923077
1001	25,6923077
1001	16,6923077
1001	44,6923077
1001	45,6923077
1002	70,6923077
1002	27,6923077
1002	42,6923077
1002	47,6923077
1002	41,6923077
1003	33,6923077
1003	29,6923077
1003	28,6923077
1003	12,6923077
1004	22,6923077
1004	27,6923077
1004	45,6923077
1004	15,6923077
1005	33,6923077
1005	58,6923077
1005	20,6923077
1005	30,6923077
1006	31,6923077
1006	29,6923077
1006	86,6923077
1006	67,6923077
1007	84,6923077
1007	40,6923077
1007	52,6923077
1007	76,6923077
1008	84,6923077
1008	84,6923077
1008	67,6923077
1008	49,6923077
1008	59,6923077
1009	46,6923077
1009	81,6923077
1009	58,6923077
1009	43,6923077
1010	59,6923077
1010	90,6923077
1010	82,6923077
1010	71,6923077
1011	56,6923077
1011	56,6923077
1011	95,6923077
1011	62,6923077
1012	54,6923077
1012	44,6923077
1012	58,6923077
1012	65,6923077
1013	54,6923077
1013	38,6923077
1013	66,6923077
1013	62,6923077
1014	63,6923077
1014	38,6923077
1014	34,6923077
1014	52,6923077
1015	73,6923077
1015	34,6923077
1015	28,6923077
1015	44,6923077
1015	16,6923077
1016	29,6923077
1016	13,6923077
1016	36,6923077
1016	39,6923077
1017	29,6923077
1017	24,6923077
1017	-7,3076923
1017	7,6923077
1018	24,6923077
1018	32,6923077
1018	34,6923077
1018	5,6923077
1019	25,6923077
1019	37,6923077
1019	16,6923077
1019	14,6923077
1020	4,6923077
1020	15,6923077
1020	14,6923077
1020	24,6923077
1021	33,6923077
1021	3,6923077
1021	-6,3076923
1021	6,6923077
1021	23,6923077
1022	-8,3076923
1022	6,6923077
1022	23,6923077
1022	23,6923077
1023	23,6923077
1023	18,6923077
1023	-3,3076923
1023	50,6923077
1024	16,6923077
1024	7,6923077
1024	0,6923077
1024	-1,3076923
1025	17,6923077
1025	36,6923077
1025	1,6923077
1025	-8,3076923
1026	13,6923077
1026	2,6923077
1026	23,6923077
1026	33,6923077
1027	30,6923077
1027	14,6923077
1027	30,6923077
1027	30,6923077
1027	6,6923077
1028	12,6923077
1028	-14,3076923
1028	34,6923077
1028	17,6923077
1029	30,6923077
1029	16,6923077
1029	20,6923077
1029	-1,3076923
1030	13,6923077
1030	11,6923077
1030	31,6923077
1030	11,6923077
1031	-2,3076923
1031	37,6923077
1031	35,6923077
1031	8,6923077
1032	23,6923077
1032	33,6923077
1032	5,6923077
1032	17,6923077
1033	-4,3076923
1033	41,6923077
1033	29,6923077
1033	-6,3076923
1034	-16,3076923
1034	-10,3076923
1034	6,6923077
1034	27,6923077
1034	36,6923077
1035	31,6923077
1035	-7,3076923
1035	-15,3076923
1035	15,6923077
1036	3,6923077
1036	-16,3076923
1036	15,6923077
1036	-10,3076923
1037	21,6923077
1037	20,6923077
1037	0,6923077
1037	15,6923077
1038	0,6923077
1038	18,6923077
1038	16,6923077
1038	-1,3076923
1039	11,6923077
1039	19,6923077
1039	36,6923077
1039	1,6923077
1039	7,6923077
1040	10,6923077
1040	-6,3076923
1040	5,6923077
1040	7,6923077
1041	-5,3076923
1041	4,6923077
1041	2,6923077
1041	29,6923077
1042	31,6923077
1042	-3,3076923
1042	21,6923077
1042	39,6923077
1043	14,6923077
1043	12,6923077
1043	-15,3076923
1043	13,6923077
1044	31,6923077
1044	15,6923077
1044	42,6923077
1044	21,6923077
1045	8,6923077
1045	16,6923077
1045	0,6923077
1045	12,6923077
1045	33,6923077
1046	19,6923077
1046	5,6923077
1046	-4,3076923
1046	-0,3076923
1047	21,6923077
1047	21,6923077
1047	6,6923077
1047	6,6923077
1048	19,6923077
1048	15,6923077
1048	22,6923077
1048	3,6923077
1049	7,6923077
1049	16,6923077
1049	41,6923077
1049	5,6923077
1050	15,6923077
1050	29,6923077
1050	1,6923077
1050	41,6923077
1051	9,6923077
1051	23,6923077
1051	11,6923077
1051	18,6923077
1051	11,6923077
1052	4,6923077
1052	33,6923077
1052	14,6923077
1052	19,6923077
1053	-8,3076923
1053	16,6923077
1053	0,6923077
1053	-6,3076923
1054	3,6923077
1054	0,6923077
1054	24,6923077
1054	9,6923077
1055	-8,3076923
1055	-24,3076923
1055	12,6923077
1055	-11,3076923
1056	-9,3076923
1056	2,6923077
1056	21,6923077
1056	8,6923077
1056	26,6923077
1057	6,6923077
1057	17,6923077
1057	17,6923077
1057	16,6923077
1058	2,6923077
1058	5,6923077
1058	12,6923077
1058	-5,3076923
1059	10,6923077
1059	45,6923077
1059	15,6923077
1059	-5,3076923
1060	9,6923077
1060	-1,3076923
1060	-2,3076923
1060	22,6923077
1061	2,6923077
1061	15,6923077
1061	1,6923077
1061	20,6923077
1062	-22,3076923
1062	-12,3076923
1062	4,6923077
1062	40,6923077
1062	14,6923077
1063	24,6923077
1063	31,6923077
1063	-2,3076923
1063	-8,3076923
1064	-3,3076923
1064	-1,3076923
1064	18,6923077
1064	7,6923077
1065	6,6923077
1065	17,6923077
1065	4,6923077
1065	0,6923077
1066	9,6923077
1066	18,6923077
1066	2,6923077
1066	5,6923077
1067	4,6923077
1067	6,6923077
1067	-1,3076923
1067	11,6923077
1067	37,6923077
1068	8,6923077
1068	27,6923077
1068	24,6923077
1068	6,6923077
1069	24,6923077
1069	18,6923077
1069	15,6923077
1069	2,6923077
1070	-17,3076923
1070	-10,3076923
1070	10,6923077
1070	22,6923077
1071	17,6923077
1071	-15,3076923
1071	-21,3076923
1071	11,6923077
1072	24,6923077
1072	10,6923077
1072	21,6923077
1072	17,6923077
1072	6,6923077
1073	0,6923077
1073	-9,3076923
1073	4,6923077
1073	12,6923077
1074	6,6923077
1074	-18,3076923
1074	5,6923077
1074	8,6923077
1075	-18,3076923
1075	-3,3076923
1075	4,6923077
1075	6,6923077
1076	21,6923077
1076	1,6923077
1076	-19,3076923
1076	10,6923077
1077	13,6923077
1077	6,6923077
1077	-9,3076923
1077	-2,3076923
1077	-7,3076923
1078	-25,3076923
1078	4,6923077
1078	24,6923077
1078	-3,3076923
1079	-15,3076923
1079	35,6923077
1079	-1,3076923
1079	7,6923077
1080	3,6923077
1080	0,6923077
1080	-10,3076923
1080	-0,3076923
1081	18,6923077
1081	-7,3076923
1081	-4,3076923
1081	24,6923077
1082	10,6923077
1082	3,6923077
1082	17,6923077
1082	1,6923077
1082	13,6923077
1083	-13,3076923
1083	2,6923077
1083	-25,3076923
1083	20,6923077
1084	22,6923077
1084	1,6923077
1084	11,6923077
1084	21,6923077
1085	7,6923077
1085	3,6923077
1085	-10,3076923
1085	24,6923077
1086	8,6923077
1086	-19,3076923
1086	3,6923077
1086	8,6923077
1087	7,6923077
1087	7,6923077
1087	11,6923077
1087	-6,3076923
1087	-24,3076923
1088	22,6923077
1088	-20,3076923
1088	3,6923077
1088	10,6923077
1089	12,6923077
1089	4,6923077
1089	31,6923077
1089	28,6923077
1090	33,6923077
1090	-18,3076923
1090	17,6923077
1090	11,6923077
1091	15,6923077
1091	7,6923077
1091	-25,3076923
1091	16,6923077
1092	12,6923077
1092	4,6923077
1092	12,6923077
1092	13,6923077
1092	28,6923077
1093	12,6923077
1093	-8,3076923
1093	-2,3076923
1093	8,6923077
1094	1,6923077
1094	14,6923077
1094	-9,3076923
1094	20,6923077
1095	14,6923077
1095	29,6923077
1095	13,6923077
1095	17,6923077
1096	33,6923077
1096	32,6923077
1096	-8,3076923
1096	5,6923077
1097	-7,3076923
1097	14,6923077
1097	6,6923077
1097	-5,3076923
1097	-4,3076923
1098	6,6923077
1098	23,6923077
1098	12,6923077
1098	10,6923077
1099	-34,3076923
1099	20,6923077
1099	32,6923077
1099	11,6923077
1100	-10,3076923
1100	-12,3076923
1100	25,6923077
1100	-2,3076923
1101	7,6923077
1101	-7,3076923
1101	-24,3076923
1101	0,6923077
1101	-12,3076923
1102	4,6923077
1102	1,6923077
1102	8,6923077
1102	8,6923077
1103	-11,3076923
1103	-4,3076923
1103	13,6923077
1103	-13,3076923
1104	-29,3076923
1104	-8,3076923
1104	1,6923077
1104	1,6923077
1105	-8,3076923
1105	-12,3076923
1105	-22,3076923
1105	9,6923077
1106	-0,3076923
1106	17,6923077
1106	19,6923077
1106	-2,3076923
1106	1,6923077
1107	-2,3076923
1107	-5,3076923
1107	11,6923077
1107	29,6923077
1108	2,6923077
1108	-16,3076923
1108	-5,3076923
1108	-8,3076923
1109	-0,3076923
1109	1,6923077
1109	-9,3076923
1109	21,6923077
1110	4,6923077
1110	-1,3076923
1110	2,6923077
1110	-13,3076923
1110	-16,3076923
1111	5,6923077
1111	27,6923077
1111	10,6923077
1111	4,6923077
1112	19,6923077
1112	12,6923077
1112	23,6923077
1112	4,6923077
1113	4,6923077
1113	-5,3076923
1113	14,6923077
1113	-9,3076923
1114	7,6923077
1114	18,6923077
1114	-0,3076923
1114	-5,3076923
1115	1,6923077
1115	13,6923077
1115	38,6923077
1115	4,6923077
1115	10,6923077
1116	-10,3076923
1116	5,6923077
1116	33,6923077
1116	26,6923077
1117	19,6923077
1117	1,6923077
1117	9,6923077
1117	11,6923077
1118	15,6923077
