196	-12,0769231
196	-12,0769231
196	-12,0769231
197	12,9230769
197	8,9230769
197	11,9230769
197	4,9230769
198	-11,0769231
198	11,9230769
198	27,9230769
199	6,9230769
199	-18,0769231
199	-20,0769231
199	1,9230769
200	-2,0769231
200	-6,0769231
200	-17,0769231
200	28,9230769
201	61,9230769
201	35,9230769
201	39,9230769
201	17,9230769
202	32,9230769
202	53,9230769
202	55,9230769
203	54,9230769
203	58,9230769
203	45,9230769
203	63,9230769
204	77,9230769
204	59,9230769
204	56,9230769
204	50,9230769
205	70,9230769
205	64,9230769
205	56,9230769
205	65,9230769
206	54,9230769
206	101,9230769
206	93,9230769
207	96,9230769
207	106,9230769
207	103,9230769
207	68,9230769
208	91,9230769
208	103,9230769
208	115,9230769
208	108,9230769
209	106,9230769
209	96,9230769
209	98,9230769
209	115,9230769
210	117,9230769
210	90,9230769
210	99,9230769
211	103,9230769
211	98,9230769
211	127,9230769
211	139,9230769
212	148,9230769
212	93,9230769
212	134,9230769
212	139,9230769
213	150,9230769
213	145,9230769
213	170,9230769
213	154,9230769
214	125,9230769
214	148,9230769
214	180,9230769
215	164,9230769
215	151,9230769
215	164,9230769
215	174,9230769
216	159,9230769
216	146,9230769
216	146,9230769
216	156,9230769
217	181,9230769
217	164,9230769
217	143,9230769
217	155,9230769
218	148,9230769
218	174,9230769
218	162,9230769
219	162,9230769
219	157,9230769
219	167,9230769
219	150,9230769
220	165,9230769
220	178,9230769
220	194,9230769
220	193,9230769
221	217,9230769
221	212,9230769
221	207,9230769
221	216,9230769
222	206,9230769
222	230,9230769
222	211,9230769
223	203,9230769
223	217,9230769
223	236,9230769
223	223,9230769
224	237,9230769
224	273,9230769
224	241,9230769
224	227,9230769
225	243,9230769
225	221,9230769
225	223,9230769
225	227,9230769
226	228,9230769
226	221,9230769
226	259,9230769
227	220,9230769
227	195,9230769
227	203,9230769
227	208,9230769
228	227,9230769
228	229,9230769
228	231,9230769
228	226,9230769
229	216,9230769
229	245,9230769
229	216,9230769
229	229,9230769
230	227,9230769
230	213,9230769
230	215,9230769
231	218,9230769
231	292,9230769
231	263,9230769
231	246,9230769
232	277,9230769
232	283,9230769
232	305,9230769
232	299,9230769
233	320,9230769
233	382,9230769
233	416,9230769
233	393,9230769
234	411,9230769
234	434,9230769
234	443,9230769
235	504,9230769
235	543,9230769
235	523,9230769
235	573,9230769
236	585,9230769
236	558,9230769
236	601,9230769
236	631,9230769
237	638,9230769
237	672,9230769
237	689,9230769
237	705,9230769
238	711,9230769
238	746,9230769
238	794,9230769
239	812,9230769
239	808,9230769
239	850,9230769
239	772,9230769
240	797,9230769
240	817,9230769
240	885,9230769
240	807,9230769
241	845,9230769
241	827,9230769
241	870,9230769
241	878,9230769
242	809,9230769
242	788,9230769
242	805,9230769
243	819,9230769
243	833,9230769
243	783,9230769
243	788,9230769
244	775,9230769
244	781,9230769
244	777,9230769
244	762,9230769
245	792,9230769
245	756,9230769
245	730,9230769
245	740,9230769
246	731,9230769
246	727,9230769
246	723,9230769
247	731,9230769
247	711,9230769
247	767,9230769
247	741,9230769
248	770,9230769
248	768,9230769
248	753,9230769
248	762,9230769
249	788,9230769
249	786,9230769
249	830,9230769
249	796,9230769
250	810,9230769
250	793,9230769
250	840,9230769
251	854,9230769
251	863,9230769
251	843,9230769
251	859,9230769
252	851,9230769
252	877,9230769
252	858,9230769
252	880,9230769
253	864,9230769
253	874,9230769
253	865,9230769
253	843,9230769
254	840,9230769
254	908,9230769
254	932,9230769
254	873,9230769
255	880,9230769
255	897,9230769
255	873,9230769
256	884,9230769
256	862,9230769
256	823,9230769
256	876,9230769
257	884,9230769
257	863,9230769
257	902,9230769
257	876,9230769
258	893,9230769
258	872,9230769
258	908,9230769
258	897,9230769
259	900,9230769
259	899,9230769
259	888,9230769
260	908,9230769
260	917,9230769
260	926,9230769
260	976,9230769
261	949,9230769
261	959,9230769
261	948,9230769
261	954,9230769
262	966,9230769
262	937,9230769
262	894,9230769
262	877,9230769
263	895,9230769
263	888,9230769
263	863,9230769
264	887,9230769
264	838,9230769
264	794,9230769
264	761,9230769
265	759,9230769
265	743,9230769
265	705,9230769
265	685,9230769
266	685,9230769
266	603,9230769
266	617,9230769
266	581,9230769
267	592,9230769
267	564,9230769
267	557,9230769
268	521,9230769
268	543,9230769
268	544,9230769
268	540,9230769
269	552,9230769
269	520,9230769
269	551,9230769
269	572,9230769
270	557,9230769
270	583,9230769
270	618,9230769
270	608,9230769
271	623,9230769
271	682,9230769
271	722,9230769
271	747,9230769
272	735,9230769
272	793,9230769
272	821,9230769
273	865,9230769
273	854,9230769
273	872,9230769
273	890,9230769
274	901,9230769
274	914,9230769
274	942,9230769
274	965,9230769
275	970,9230769
275	1003,9230769
275	1002,9230769
275	1002,9230769
276	1001,9230769
276	943,9230769
276	966,9230769
277	963,9230769
277	957,9230769
277	913,9230769
277	900,9230769
278	835,9230769
278	849,9230769
278	816,9230769
278	760,9230769
279	716,9230769
279	708,9230769
279	655,9230769
279	626,9230769
280	579,9230769
280	567,9230769
280	543,9230769
280	530,9230769
281	528,9230769
281	538,9230769
281	522,9230769
282	540,9230769
282	480,9230769
282	493,9230769
282	507,9230769
283	486,9230769
283	500,9230769
283	485,9230769
283	517,9230769
284	528,9230769
284	491,9230769
284	539,9230769
284	528,9230769
285	578,9230769
285	538,9230769
285	571,9230769
286	554,9230769
286	555,9230769
286	551,9230769
286	588,9230769
287	566,9230769
287	554,9230769
287	588,9230769
287	573,9230769
288	577,9230769
288	572,9230769
288	583,9230769
288	605,9230769
289	593,9230769
289	564,9230769
289	570,9230769
290	571,9230769
290	569,9230769
290	580,9230769
290	566,9230769
291	578,9230769
291	553,9230769
291	568,9230769
291	576,9230769
292	597,9230769
292	579,9230769
292	551,9230769
292	585,9230769
293	571,9230769
293	600,9230769
293	617,9230769
293	577,9230769
294	563,9230769
294	610,9230769
294	575,9230769
295	620,9230769
295	638,9230769
295	630,9230769
295	652,9230769
296	626,9230769
296	628,9230769
296	649,9230769
296	626,9230769
297	645,9230769
297	644,9230769
297	689,9230769
297	678,9230769
298	666,9230769
298	699,9230769
298	697,9230769
299	677,9230769
299	688,9230769
299	716,9230769
299	715,9230769
300	690,9230769
300	701,9230769
300	661,9230769
300	689,9230769
301	695,9230769
301	675,9230769
301	677,9230769
301	676,9230769
302	655,9230769
302	657,9230769
302	641,9230769
302	660,9230769
303	654,9230769
303	589,9230769
303	624,9230769
304	636,9230769
304	659,9230769
304	608,9230769
304	590,9230769
305	593,9230769
305	582,9230769
305	570,9230769
305	558,9230769
306	580,9230769
306	593,9230769
306	581,9230769
306	545,9230769
307	530,9230769
307	558,9230769
307	545,9230769
307	541,9230769
308	541,9230769
308	514,9230769
308	526,9230769
309	523,9230769
309	514,9230769
309	555,9230769
309	537,9230769
310	523,9230769
310	524,9230769
310	528,9230769
310	525,9230769
311	511,9230769
311	515,9230769
311	540,9230769
311	539,9230769
312	521,9230769
312	498,9230769
312	513,9230769
313	512,9230769
313	516,9230769
313	538,9230769
313	513,9230769
314	515,9230769
314	523,9230769
314	522,9230769
314	537,9230769
315	522,9230769
315	535,9230769
315	515,9230769
315	477,9230769
316	497,9230769
316	510,9230769
316	490,9230769
316	491,9230769
317	477,9230769
317	492,9230769
317	517,9230769
318	481,9230769
318	480,9230769
318	497,9230769
318	462,9230769
319	483,9230769
319	480,9230769
319	451,9230769
319	466,9230769
320	455,9230769
320	440,9230769
320	486,9230769
320	470,9230769
321	485,9230769
321	443,9230769
321	480,9230769
321	490,9230769
322	494,9230769
322	501,9230769
322	484,9230769
323	480,9230769
323	519,9230769
323	532,9230769
323	522,9230769
324	517,9230769
324	544,9230769
324	542,9230769
324	556,9230769
325	555,9230769
325	578,9230769
325	537,9230769
325	596,9230769
326	562,9230769
326	572,9230769
326	555,9230769
327	576,9230769
327	579,9230769
327	580,9230769
327	563,9230769
328	631,9230769
328	624,9230769
328	609,9230769
328	640,9230769
329	628,9230769
329	646,9230769
329	655,9230769
329	642,9230769
330	674,9230769
330	697,9230769
330	715,9230769
330	690,9230769
331	667,9230769
331	663,9230769
331	751,9230769
332	718,9230769
332	732,9230769
332	704,9230769
332	729,9230769
333	704,9230769
333	743,9230769
333	749,9230769
333	758,9230769
334	764,9230769
334	790,9230769
334	763,9230769
334	740,9230769
335	732,9230769
335	711,9230769
335	761,9230769
335	722,9230769
336	738,9230769
336	710,9230769
336	728,9230769
337	703,9230769
337	720,9230769
337	723,9230769
337	691,9230769
338	710,9230769
338	670,9230769
338	677,9230769
338	659,9230769
339	658,9230769
339	597,9230769
339	629,9230769
339	607,9230769
340	619,9230769
340	604,9230769
340	589,9230769
340	558,9230769
341	579,9230769
341	570,9230769
341	541,9230769
342	573,9230769
342	568,9230769
342	587,9230769
342	553,9230769
343	545,9230769
343	526,9230769
343	534,9230769
343	536,9230769
344	507,9230769
344	539,9230769
344	542,9230769
344	530,9230769
345	549,9230769
345	518,9230769
345	537,9230769
345	560,9230769
346	545,9230769
346	550,9230769
346	584,9230769
347	549,9230769
347	526,9230769
347	519,9230769
347	503,9230769
348	507,9230769
348	495,9230769
348	537,9230769
348	505,9230769
349	509,9230769
349	497,9230769
349	505,9230769
349	479,9230769
350	474,9230769
350	476,9230769
350	485,9230769
350	477,9230769
351	480,9230769
351	492,9230769
351	460,9230769
352	462,9230769
352	431,9230769
352	492,9230769
352	479,9230769
353	510,9230769
353	489,9230769
353	486,9230769
353	487,9230769
354	471,9230769
354	502,9230769
354	497,9230769
354	501,9230769
355	498,9230769
355	470,9230769
355	478,9230769
355	505,9230769
356	515,9230769
356	457,9230769
356	501,9230769
357	462,9230769
357	506,9230769
357	506,9230769
357	488,9230769
358	517,9230769
358	477,9230769
358	522,9230769
358	485,9230769
359	511,9230769
359	525,9230769
359	503,9230769
359	523,9230769
360	554,9230769
360	522,9230769
360	526,9230769
360	510,9230769
361	520,9230769
361	509,9230769
361	490,9230769
362	477,9230769
362	485,9230769
362	514,9230769
362	493,9230769
363	526,9230769
363	515,9230769
363	532,9230769
363	502,9230769
364	479,9230769
364	450,9230769
364	470,9230769
364	490,9230769
365	490,9230769
365	478,9230769
365	477,9230769
365	463,9230769
366	472,9230769
366	488,9230769
366	490,9230769
367	499,9230769
367	477,9230769
367	505,9230769
367	486,9230769
368	485,9230769
368	513,9230769
368	525,9230769
368	520,9230769
369	493,9230769
369	558,9230769
369	548,9230769
369	546,9230769
370	545,9230769
370	538,9230769
370	575,9230769
370	551,9230769
371	553,9230769
371	544,9230769
371	563,9230769
371	560,9230769
372	564,9230769
372	590,9230769
372	619,9230769
373	605,9230769
373	651,9230769
373	621,9230769
373	619,9230769
374	618,9230769
374	646,9230769
374	625,9230769
374	629,9230769
375	625,9230769
375	679,9230769
375	657,9230769
375	655,9230769
376	651,9230769
376	654,9230769
376	661,9230769
376	677,9230769
377	630,9230769
377	692,9230769
377	671,9230769
378	709,9230769
378	678,9230769
378	665,9230769
378	671,9230769
379	690,9230769
379	668,9230769
379	695,9230769
379	731,9230769
380	705,9230769
380	723,9230769
380	739,9230769
380	708,9230769
381	707,9230769
381	708,9230769
381	712,9230769
381	655,9230769
382	676,9230769
382	671,9230769
382	700,9230769
383	683,9230769
383	657,9230769
383	666,9230769
383	709,9230769
384	671,9230769
384	705,9230769
384	726,9230769
384	719,9230769
385	721,9230769
385	711,9230769
385	736,9230769
385	707,9230769
386	710,9230769
386	751,9230769
386	756,9230769
386	739,9230769
387	729,9230769
387	772,9230769
387	767,9230769
387	812,9230769
388	763,9230769
388	794,9230769
388	773,9230769
389	840,9230769
389	808,9230769
389	788,9230769
389	841,9230769
390	819,9230769
390	836,9230769
390	876,9230769
390	832,9230769
391	810,9230769
391	825,9230769
391	848,9230769
391	800,9230769
392	863,9230769
392	824,9230769
392	893,9230769
392	859,9230769
393	834,9230769
393	892,9230769
393	893,9230769
394	897,9230769
394	929,9230769
394	920,9230769
394	972,9230769
395	946,9230769
395	950,9230769
395	961,9230769
395	950,9230769
396	979,9230769
396	1004,9230769
396	1045,9230769
396	1037,9230769
397	1030,9230769
397	1080,9230769
397	1073,9230769
397	1144,9230769
398	1152,9230769
398	1174,9230769
398	1151,9230769
398	1176,9230769
399	1159,9230769
399	1205,9230769
399	1248,9230769
400	1241,9230769
400	1288,9230769
400	1272,9230769
400	1309,9230769
401	1300,9230769
401	1271,9230769
401	1336,9230769
401	1314,9230769
402	1310,9230769
402	1381,9230769
402	1393,9230769
402	1401,9230769
403	1386,9230769
403	1374,9230769
403	1438,9230769
403	1520,9230769
404	1659,9230769
404	1748,9230769
404	1698,9230769
405	1593,9230769
405	1664,9230769
405	1617,9230769
405	1602,9230769
406	1581,9230769
406	1555,9230769
406	1553,9230769
406	1576,9230769
407	1588,9230769
407	1559,9230769
407	1569,9230769
407	1626,9230769
408	1659,9230769
408	1690,9230769
408	1703,9230769
408	1720,9230769
409	1685,9230769
409	1706,9230769
409	1673,9230769
409	1688,9230769
410	1607,9230769
410	1575,9230769
410	1534,9230769
411	1552,9230769
411	1548,9230769
411	1539,9230769
411	1579,9230769
412	1648,9230769
412	1644,9230769
412	1628,9230769
412	1582,9230769
413	1544,9230769
413	1535,9230769
413	1544,9230769
413	1485,9230769
414	1503,9230769
414	1518,9230769
414	1546,9230769
414	1495,9230769
415	1443,9230769
415	1424,9230769
415	1464,9230769
415	1439,9230769
416	1417,9230769
416	1415,9230769
416	1436,9230769
417	1338,9230769
417	1375,9230769
417	1299,9230769
417	1316,9230769
418	1310,9230769
418	1322,9230769
418	1312,9230769
418	1321,9230769
419	1321,9230769
419	1319,9230769
419	1314,9230769
419	1295,9230769
420	1347,9230769
420	1308,9230769
420	1337,9230769
420	1323,9230769
421	1311,9230769
421	1348,9230769
421	1329,9230769
421	1362,9230769
422	1361,9230769
422	1387,9230769
422	1333,9230769
423	1392,9230769
423	1346,9230769
423	1350,9230769
423	1375,9230769
424	1411,9230769
424	1413,9230769
424	1395,9230769
424	1393,9230769
425	1357,9230769
425	1316,9230769
425	1325,9230769
425	1282,9230769
426	1324,9230769
426	1273,9230769
426	1264,9230769
426	1241,9230769
427	1281,9230769
427	1249,9230769
427	1293,9230769
427	1284,9230769
428	1352,9230769
428	1352,9230769
428	1341,9230769
429	1313,9230769
429	1332,9230769
429	1289,9230769
429	1299,9230769
430	1238,9230769
430	1268,9230769
430	1222,9230769
430	1202,9230769
431	1200,9230769
431	1176,9230769
431	1095,9230769
431	1114,9230769
432	1154,9230769
432	1124,9230769
432	1122,9230769
432	1135,9230769
433	1103,9230769
433	1146,9230769
433	1116,9230769
433	1075,9230769
434	1131,9230769
434	1142,9230769
434	1092,9230769
435	1123,9230769
435	1141,9230769
435	1156,9230769
435	1134,9230769
436	1138,9230769
436	1170,9230769
436	1119,9230769
436	1141,9230769
437	1146,9230769
437	1177,9230769
437	1214,9230769
437	1182,9230769
438	1239,9230769
438	1234,9230769
438	1260,9230769
438	1241,9230769
439	1253,9230769
439	1279,9230769
439	1343,9230769
439	1327,9230769
440	1368,9230769
440	1292,9230769
440	1327,9230769
441	1291,9230769
441	1303,9230769
441	1268,9230769
441	1329,9230769
442	1395,9230769
442	1321,9230769
442	1251,9230769
442	1311,9230769
443	1302,9230769
443	1290,9230769
443	1224,9230769
443	1281,9230769
444	1272,9230769
444	1239,9230769
444	1231,9230769
444	1248,9230769
445	1241,9230769
445	1293,9230769
445	1263,9230769
445	1294,9230769
446	1331,9230769
446	1352,9230769
446	1322,9230769
447	1327,9230769
447	1325,9230769
447	1348,9230769
447	1271,9230769
448	1331,9230769
448	1267,9230769
448	1263,9230769
448	1329,9230769
449	1323,9230769
449	1375,9230769
449	1379,9230769
449	1315,9230769
450	1294,9230769
450	1244,9230769
450	1225,9230769
450	1189,9230769
451	1175,9230769
451	1129,9230769
451	1165,9230769
451	1097,9230769
452	1065,9230769
452	1051,9230769
452	1045,9230769
452	1041,9230769
453	1068,9230769
453	999,9230769
453	1031,9230769
454	973,9230769
454	1009,9230769
454	991,9230769
454	986,9230769
455	977,9230769
455	985,9230769
455	1001,9230769
455	1068,9230769
456	1070,9230769
456	1074,9230769
456	1062,9230769
456	1083,9230769
457	1079,9230769
457	1109,9230769
457	1147,9230769
457	1169,9230769
458	1119,9230769
458	1134,9230769
458	1147,9230769
458	1157,9230769
459	1165,9230769
459	1155,9230769
459	1155,9230769
460	1152,9230769
460	1166,9230769
460	1165,9230769
460	1240,9230769
461	1222,9230769
461	1225,9230769
461	1189,9230769
461	1264,9230769
462	1276,9230769
462	1228,9230769
462	1255,9230769
462	1285,9230769
463	1327,9230769
463	1326,9230769
463	1339,9230769
463	1375,9230769
464	1366,9230769
464	1389,9230769
464	1479,9230769
464	1507,9230769
465	1518,9230769
465	1509,9230769
465	1571,9230769
465	1493,9230769
466	1537,9230769
466	1495,9230769
466	1505,9230769
467	1507,9230769
467	1607,9230769
467	1680,9230769
467	1724,9230769
468	1747,9230769
468	1755,9230769
468	1724,9230769
468	1718,9230769
469	1737,9230769
469	1693,9230769
469	1692,9230769
469	1683,9230769
470	1527,9230769
470	1451,9230769
470	1349,9230769
470	1338,9230769
471	1320,9230769
471	1267,9230769
471	1165,9230769
471	1188,9230769
472	1148,9230769
472	1139,9230769
472	1098,9230769
472	1075,9230769
473	1023,9230769
473	1005,9230769
473	1020,9230769
474	1028,9230769
474	1031,9230769
474	1077,9230769
474	1057,9230769
475	1061,9230769
475	1090,9230769
475	1111,9230769
475	1102,9230769
476	1105,9230769
476	1046,9230769
476	1016,9230769
476	1008,9230769
477	1016,9230769
477	990,9230769
477	972,9230769
477	1011,9230769
478	982,9230769
478	969,9230769
478	955,9230769
478	936,9230769
479	949,9230769
479	946,9230769
479	946,9230769
479	966,9230769
480	971,9230769
480	961,9230769
480	1008,9230769
481	1037,9230769
481	1027,9230769
481	959,9230769
481	1023,9230769
482	1010,9230769
482	1016,9230769
482	1023,9230769
482	1074,9230769
483	1099,9230769
483	1128,9230769
483	1096,9230769
483	1136,9230769
484	1116,9230769
484	1158,9230769
484	1140,9230769
484	1227,9230769
485	1246,9230769
485	1211,9230769
485	1160,9230769
485	1150,9230769
486	1129,9230769
486	1114,9230769
486	1126,9230769
486	1109,9230769
487	1128,9230769
487	1081,9230769
487	1062,9230769
488	1048,9230769
488	1080,9230769
488	1069,9230769
488	1101,9230769
489	1063,9230769
489	1080,9230769
489	1060,9230769
489	1097,9230769
490	1128,9230769
490	1172,9230769
490	1187,9230769
490	1180,9230769
491	1245,9230769
491	1244,9230769
491	1260,9230769
491	1277,9230769
492	1285,9230769
492	1298,9230769
492	1294,9230769
492	1269,9230769
493	1288,9230769
493	1296,9230769
493	1352,9230769
493	1358,9230769
494	1435,9230769
494	1417,9230769
494	1446,9230769
495	1475,9230769
495	1541,9230769
495	1574,9230769
495	1581,9230769
496	1594,9230769
496	1616,9230769
496	1689,9230769
496	1726,9230769
497	1752,9230769
497	1739,9230769
497	1797,9230769
497	1868,9230769
498	1893,9230769
498	1913,9230769
498	2014,9230769
498	2027,9230769
499	2066,9230769
499	2059,9230769
499	2025,9230769
499	2094,9230769
500	2169,9230769
500	2243,9230769
500	2297,9230769
500	2384,9230769
501	2331,9230769
501	2332,9230769
501	2239,9230769
502	2217,9230769
502	2158,9230769
502	2170,9230769
502	2217,9230769
503	2221,9230769
503	2250,9230769
503	2340,9230769
503	2360,9230769
504	2528,9230769
504	2846,9230769
504	3419,9230769
504	3889,9230769
505	4311,9230769
505	4341,9230769
505	4171,9230769
505	3923,9230769
506	3658,9230769
506	3398,9230769
506	3196,9230769
506	3017,9230769
507	2841,9230769
507	2562,9230769
507	2393,9230769
507	2169,9230769
508	2042,9230769
508	1878,9230769
508	1820,9230769
508	1758,9230769
509	1718,9230769
509	1625,9230769
509	1517,9230769
510	1449,9230769
510	1403,9230769
510	1390,9230769
510	1305,9230769
511	1238,9230769
511	1185,9230769
511	1126,9230769
511	1160,9230769
512	1115,9230769
512	1069,9230769
512	1108,9230769
512	1080,9230769
513	1069,9230769
513	1118,9230769
513	1082,9230769
513	1086,9230769
514	1099,9230769
514	1080,9230769
514	1074,9230769
514	1082,9230769
515	1052,9230769
515	1105,9230769
515	1101,9230769
515	1057,9230769
516	1107,9230769
516	1111,9230769
516	1092,9230769
516	1111,9230769
517	1087,9230769
517	1112,9230769
517	1148,9230769
518	1175,9230769
518	1169,9230769
518	1182,9230769
518	1189,9230769
519	1138,9230769
519	1119,9230769
519	1163,9230769
519	1185,9230769
520	1165,9230769
520	1163,9230769
520	1162,9230769
520	1141,9230769
521	1231,9230769
521	1266,9230769
521	1342,9230769
521	1368,9230769
522	1452,9230769
522	1532,9230769
522	1552,9230769
522	1533,9230769
523	1465,9230769
523	1421,9230769
523	1382,9230769
523	1349,9230769
524	1299,9230769
524	1257,9230769
524	1243,9230769
524	1207,9230769
525	1161,9230769
525	1142,9230769
525	1072,9230769
526	1090,9230769
526	1079,9230769
526	1016,9230769
526	981,9230769
527	986,9230769
527	997,9230769
527	996,9230769
527	964,9230769
528	968,9230769
528	978,9230769
528	918,9230769
528	955,9230769
529	896,9230769
529	921,9230769
529	889,9230769
529	916,9230769
530	908,9230769
530	880,9230769
530	895,9230769
530	908,9230769
531	874,9230769
531	915,9230769
531	866,9230769
531	904,9230769
532	860,9230769
532	842,9230769
532	887,9230769
532	884,9230769
533	865,9230769
533	859,9230769
533	866,9230769
534	847,9230769
534	915,9230769
534	901,9230769
534	874,9230769
535	912,9230769
535	874,9230769
535	907,9230769
535	864,9230769
536	924,9230769
536	893,9230769
536	894,9230769
536	886,9230769
537	885,9230769
537	861,9230769
537	875,9230769
537	900,9230769
538	905,9230769
538	885,9230769
538	903,9230769
538	903,9230769
539	900,9230769
539	862,9230769
539	894,9230769
539	854,9230769
540	841,9230769
540	830,9230769
540	847,9230769
540	831,9230769
541	848,9230769
541	843,9230769
541	814,9230769
541	803,9230769
542	832,9230769
542	827,9230769
542	844,9230769
543	829,9230769
543	827,9230769
543	812,9230769
543	826,9230769
544	802,9230769
544	835,9230769
544	806,9230769
544	894,9230769
545	854,9230769
545	814,9230769
545	834,9230769
545	841,9230769
546	838,9230769
546	817,9230769
546	814,9230769
546	853,9230769
547	816,9230769
547	869,9230769
547	831,9230769
547	845,9230769
548	798,9230769
548	878,9230769
548	845,9230769
548	901,9230769
549	859,9230769
549	885,9230769
549	894,9230769
549	910,9230769
550	946,9230769
550	928,9230769
550	934,9230769
550	883,9230769
551	906,9230769
551	949,9230769
551	896,9230769
552	930,9230769
552	920,9230769
552	917,9230769
552	931,9230769
553	937,9230769
553	990,9230769
553	964,9230769
553	988,9230769
554	995,9230769
554	1015,9230769
554	1006,9230769
554	944,9230769
555	962,9230769
555	939,9230769
555	923,9230769
555	931,9230769
556	919,9230769
556	904,9230769
556	912,9230769
556	885,9230769
557	932,9230769
557	949,9230769
557	969,9230769
557	1054,9230769
558	991,9230769
558	993,9230769
558	1058,9230769
558	995,9230769
559	991,9230769
559	988,9230769
559	992,9230769
559	976,9230769
560	974,9230769
560	975,9230769
560	944,9230769
561	920,9230769
561	940,9230769
561	914,9230769
561	909,9230769
562	928,9230769
562	937,9230769
562	922,9230769
562	947,9230769
563	922,9230769
563	923,9230769
563	963,9230769
563	968,9230769
564	971,9230769
564	957,9230769
564	974,9230769
564	987,9230769
565	981,9230769
565	1001,9230769
565	987,9230769
565	1018,9230769
566	1013,9230769
566	1011,9230769
566	1039,9230769
566	1074,9230769
567	1020,9230769
567	1055,9230769
567	1076,9230769
567	1060,9230769
568	1108,9230769
568	1113,9230769
568	1112,9230769
568	1103,9230769
569	1120,9230769
569	1089,9230769
569	1116,9230769
569	1067,9230769
570	1147,9230769
570	1182,9230769
570	1221,9230769
571	1330,9230769
571	1436,9230769
571	1512,9230769
571	1539,9230769
572	1710,9230769
572	1897,9230769
572	2044,9230769
572	1962,9230769
573	1901,9230769
573	1740,9230769
573	1680,9230769
573	1609,9230769
574	1524,9230769
574	1385,9230769
574	1326,9230769
574	1223,9230769
575	1248,9230769
575	1168,9230769
575	1166,9230769
575	1042,9230769
576	1071,9230769
576	972,9230769
576	871,9230769
576	874,9230769
577	826,9230769
577	856,9230769
577	786,9230769
577	746,9230769
578	739,9230769
578	710,9230769
578	713,9230769
578	691,9230769
579	688,9230769
579	691,9230769
579	651,9230769
579	676,9230769
580	642,9230769
580	632,9230769
580	595,9230769
581	649,9230769
581	646,9230769
581	642,9230769
581	615,9230769
582	608,9230769
582	660,9230769
582	611,9230769
582	559,9230769
583	599,9230769
583	615,9230769
583	601,9230769
583	629,9230769
584	590,9230769
584	605,9230769
584	605,9230769
584	598,9230769
585	612,9230769
585	583,9230769
585	598,9230769
585	625,9230769
586	608,9230769
586	600,9230769
586	571,9230769
586	616,9230769
587	624,9230769
587	611,9230769
587	643,9230769
587	624,9230769
588	628,9230769
588	616,9230769
588	649,9230769
588	661,9230769
589	622,9230769
589	615,9230769
589	645,9230769
589	675,9230769
590	672,9230769
590	665,9230769
590	671,9230769
590	664,9230769
591	657,9230769
591	693,9230769
591	673,9230769
592	691,9230769
592	661,9230769
592	701,9230769
592	721,9230769
593	710,9230769
593	710,9230769
593	718,9230769
593	710,9230769
594	730,9230769
594	765,9230769
594	745,9230769
594	733,9230769
595	773,9230769
595	761,9230769
595	747,9230769
595	733,9230769
596	753,9230769
596	762,9230769
596	791,9230769
596	823,9230769
597	830,9230769
597	889,9230769
597	944,9230769
597	977,9230769
598	988,9230769
598	1030,9230769
598	1069,9230769
598	1050,9230769
599	1074,9230769
599	1023,9230769
599	999,9230769
599	995,9230769
600	937,9230769
600	892,9230769
600	885,9230769
600	812,9230769
601	792,9230769
601	769,9230769
601	741,9230769
601	736,9230769
602	689,9230769
602	641,9230769
602	666,9230769
603	640,9230769
603	629,9230769
603	591,9230769
603	618,9230769
604	581,9230769
604	596,9230769
604	556,9230769
604	582,9230769
605	539,9230769
605	541,9230769
605	553,9230769
605	552,9230769
606	537,9230769
606	530,9230769
606	592,9230769
606	592,9230769
607	549,9230769
607	536,9230769
607	522,9230769
607	517,9230769
608	532,9230769
608	544,9230769
608	516,9230769
608	522,9230769
609	528,9230769
609	563,9230769
609	581,9230769
609	523,9230769
610	499,9230769
610	522,9230769
610	528,9230769
610	536,9230769
611	548,9230769
611	534,9230769
611	553,9230769
611	530,9230769
612	544,9230769
612	542,9230769
612	526,9230769
612	521,9230769
613	531,9230769
613	552,9230769
613	569,9230769
613	515,9230769
614	523,9230769
614	576,9230769
614	538,9230769
614	575,9230769
615	563,9230769
615	566,9230769
615	552,9230769
616	528,9230769
616	558,9230769
616	577,9230769
616	563,9230769
617	589,9230769
617	555,9230769
617	559,9230769
617	556,9230769
618	575,9230769
618	608,9230769
618	597,9230769
618	570,9230769
619	581,9230769
619	583,9230769
619	564,9230769
619	601,9230769
620	618,9230769
620	594,9230769
620	597,9230769
620	583,9230769
621	595,9230769
621	596,9230769
621	595,9230769
621	618,9230769
622	604,9230769
622	643,9230769
622	646,9230769
622	630,9230769
623	637,9230769
623	630,9230769
623	638,9230769
623	626,9230769
624	623,9230769
624	637,9230769
624	605,9230769
624	592,9230769
625	630,9230769
625	598,9230769
625	610,9230769
625	614,9230769
626	562,9230769
626	578,9230769
626	588,9230769
626	566,9230769
627	577,9230769
627	562,9230769
627	546,9230769
627	560,9230769
628	542,9230769
628	534,9230769
628	541,9230769
629	535,9230769
629	525,9230769
629	557,9230769
629	554,9230769
630	549,9230769
630	534,9230769
630	561,9230769
630	553,9230769
631	553,9230769
631	541,9230769
631	522,9230769
631	530,9230769
632	537,9230769
632	524,9230769
632	553,9230769
632	535,9230769
633	543,9230769
633	533,9230769
633	508,9230769
633	536,9230769
634	490,9230769
634	531,9230769
634	526,9230769
634	514,9230769
635	523,9230769
635	541,9230769
635	519,9230769
635	533,9230769
636	481,9230769
636	485,9230769
636	534,9230769
636	513,9230769
637	519,9230769
637	511,9230769
637	486,9230769
637	525,9230769
638	521,9230769
638	505,9230769
638	511,9230769
638	534,9230769
639	507,9230769
639	498,9230769
639	541,9230769
639	511,9230769
640	554,9230769
640	541,9230769
640	520,9230769
640	497,9230769
641	547,9230769
641	509,9230769
641	539,9230769
641	530,9230769
642	553,9230769
642	537,9230769
642	515,9230769
642	541,9230769
643	511,9230769
643	522,9230769
643	561,9230769
644	565,9230769
644	533,9230769
644	538,9230769
644	554,9230769
645	545,9230769
645	507,9230769
645	536,9230769
645	562,9230769
646	583,9230769
646	549,9230769
646	535,9230769
646	533,9230769
647	559,9230769
647	541,9230769
647	540,9230769
647	525,9230769
648	612,9230769
648	584,9230769
648	557,9230769
648	596,9230769
649	571,9230769
649	560,9230769
649	597,9230769
649	576,9230769
650	591,9230769
650	591,9230769
650	593,9230769
650	604,9230769
651	602,9230769
651	606,9230769
651	648,9230769
651	650,9230769
652	670,9230769
652	688,9230769
652	745,9230769
652	752,9230769
653	735,9230769
653	747,9230769
653	756,9230769
653	763,9230769
654	755,9230769
654	738,9230769
654	737,9230769
654	739,9230769
655	725,9230769
655	743,9230769
655	737,9230769
655	722,9230769
656	735,9230769
656	727,9230769
656	731,9230769
656	746,9230769
657	703,9230769
657	677,9230769
657	687,9230769
657	720,9230769
658	720,9230769
658	721,9230769
658	732,9230769
658	750,9230769
659	726,9230769
659	765,9230769
659	777,9230769
660	785,9230769
660	805,9230769
660	892,9230769
660	889,9230769
661	908,9230769
661	939,9230769
661	921,9230769
661	923,9230769
662	903,9230769
662	904,9230769
662	884,9230769
662	873,9230769
663	840,9230769
663	834,9230769
663	785,9230769
663	757,9230769
664	734,9230769
664	728,9230769
664	701,9230769
664	766,9230769
665	747,9230769
665	738,9230769
665	748,9230769
665	762,9230769
666	728,9230769
666	703,9230769
666	653,9230769
666	672,9230769
667	621,9230769
667	631,9230769
667	593,9230769
667	576,9230769
668	582,9230769
668	550,9230769
668	547,9230769
668	542,9230769
669	500,9230769
669	497,9230769
669	482,9230769
669	464,9230769
670	438,9230769
670	467,9230769
670	458,9230769
670	472,9230769
671	449,9230769
671	422,9230769
671	419,9230769
671	418,9230769
672	431,9230769
672	425,9230769
672	421,9230769
672	421,9230769
673	406,9230769
673	390,9230769
673	430,9230769
673	421,9230769
674	408,9230769
674	393,9230769
674	389,9230769
674	399,9230769
675	337,9230769
675	396,9230769
675	382,9230769
675	338,9230769
676	347,9230769
676	338,9230769
676	372,9230769
676	393,9230769
677	370,9230769
677	366,9230769
677	384,9230769
677	386,9230769
678	329,9230769
678	346,9230769
678	377,9230769
678	363,9230769
679	360,9230769
679	354,9230769
679	325,9230769
680	362,9230769
680	343,9230769
680	350,9230769
680	328,9230769
681	317,9230769
681	323,9230769
681	345,9230769
681	324,9230769
682	306,9230769
682	355,9230769
682	315,9230769
682	277,9230769
683	324,9230769
683	318,9230769
683	311,9230769
683	313,9230769
684	345,9230769
684	334,9230769
684	306,9230769
684	322,9230769
685	320,9230769
685	326,9230769
685	351,9230769
685	318,9230769
686	319,9230769
686	327,9230769
686	294,9230769
686	311,9230769
687	321,9230769
687	317,9230769
687	285,9230769
687	267,9230769
688	324,9230769
688	331,9230769
688	294,9230769
688	311,9230769
689	306,9230769
689	303,9230769
689	297,9230769
689	291,9230769
690	315,9230769
690	318,9230769
690	316,9230769
690	314,9230769
691	322,9230769
691	283,9230769
691	313,9230769
691	304,9230769
692	310,9230769
692	301,9230769
692	293,9230769
692	264,9230769
693	292,9230769
693	302,9230769
693	311,9230769
693	304,9230769
694	301,9230769
694	309,9230769
694	284,9230769
694	299,9230769
695	278,9230769
695	257,9230769
695	284,9230769
695	272,9230769
696	281,9230769
696	315,9230769
696	273,9230769
696	283,9230769
697	292,9230769
697	297,9230769
697	286,9230769
697	283,9230769
698	290,9230769
698	280,9230769
698	290,9230769
698	289,9230769
699	269,9230769
699	272,9230769
699	256,9230769
699	285,9230769
700	273,9230769
700	264,9230769
700	258,9230769
700	266,9230769
701	269,9230769
701	257,9230769
701	303,9230769
701	272,9230769
702	279,9230769
702	263,9230769
702	276,9230769
702	276,9230769
703	244,9230769
703	268,9230769
703	288,9230769
703	248,9230769
704	263,9230769
704	257,9230769
704	269,9230769
704	277,9230769
705	261,9230769
705	199,9230769
705	214,9230769
706	234,9230769
706	242,9230769
706	252,9230769
706	231,9230769
707	251,9230769
707	248,9230769
707	248,9230769
707	261,9230769
708	247,9230769
708	212,9230769
708	236,9230769
708	232,9230769
709	238,9230769
709	222,9230769
709	233,9230769
709	214,9230769
710	215,9230769
710	228,9230769
710	218,9230769
710	195,9230769
711	236,9230769
711	233,9230769
711	235,9230769
711	236,9230769
712	221,9230769
712	197,9230769
712	197,9230769
712	230,9230769
713	246,9230769
713	194,9230769
713	226,9230769
713	221,9230769
714	237,9230769
714	227,9230769
714	214,9230769
714	217,9230769
715	215,9230769
715	193,9230769
715	234,9230769
715	197,9230769
716	180,9230769
716	217,9230769
716	224,9230769
716	220,9230769
717	203,9230769
717	193,9230769
717	174,9230769
717	210,9230769
718	211,9230769
718	187,9230769
718	211,9230769
718	227,9230769
719	220,9230769
719	217,9230769
719	228,9230769
719	242,9230769
720	241,9230769
720	229,9230769
720	252,9230769
720	236,9230769
721	256,9230769
721	249,9230769
721	240,9230769
721	202,9230769
722	233,9230769
722	239,9230769
722	232,9230769
722	220,9230769
723	205,9230769
723	197,9230769
723	207,9230769
723	194,9230769
724	193,9230769
724	191,9230769
724	150,9230769
724	210,9230769
725	216,9230769
725	196,9230769
725	189,9230769
725	180,9230769
726	199,9230769
726	214,9230769
726	174,9230769
726	165,9230769
727	186,9230769
727	186,9230769
727	148,9230769
727	191,9230769
728	153,9230769
728	173,9230769
728	181,9230769
728	183,9230769
729	158,9230769
729	183,9230769
729	182,9230769
729	191,9230769
730	183,9230769
730	163,9230769
730	172,9230769
730	190,9230769
731	194,9230769
731	176,9230769
731	171,9230769
731	195,9230769
732	170,9230769
732	190,9230769
732	167,9230769
732	164,9230769
733	200,9230769
733	180,9230769
733	158,9230769
733	171,9230769
734	162,9230769
734	171,9230769
734	190,9230769
734	180,9230769
735	160,9230769
735	174,9230769
735	162,9230769
735	147,9230769
736	178,9230769
736	155,9230769
736	188,9230769
736	183,9230769
737	168,9230769
737	158,9230769
737	185,9230769
737	186,9230769
738	170,9230769
738	219,9230769
738	196,9230769
738	158,9230769
739	199,9230769
739	207,9230769
739	187,9230769
739	194,9230769
740	212,9230769
740	204,9230769
740	179,9230769
740	203,9230769
741	196,9230769
741	211,9230769
741	215,9230769
741	218,9230769
742	210,9230769
742	195,9230769
742	237,9230769
742	260,9230769
743	235,9230769
743	194,9230769
743	222,9230769
743	244,9230769
744	254,9230769
744	240,9230769
744	252,9230769
744	241,9230769
745	244,9230769
745	230,9230769
745	262,9230769
745	252,9230769
746	245,9230769
746	244,9230769
746	271,9230769
746	297,9230769
747	321,9230769
747	312,9230769
747	294,9230769
747	289,9230769
748	293,9230769
748	312,9230769
748	357,9230769
748	404,9230769
749	415,9230769
749	369,9230769
749	343,9230769
749	325,9230769
750	326,9230769
750	358,9230769
750	336,9230769
750	376,9230769
751	408,9230769
751	436,9230769
751	469,9230769
751	424,9230769
752	388,9230769
752	392,9230769
752	354,9230769
752	328,9230769
753	303,9230769
753	305,9230769
753	284,9230769
753	318,9230769
754	286,9230769
754	261,9230769
754	244,9230769
754	218,9230769
755	210,9230769
755	209,9230769
755	175,9230769
755	163,9230769
756	131,9230769
756	137,9230769
756	156,9230769
756	140,9230769
757	162,9230769
757	155,9230769
757	154,9230769
757	131,9230769
758	142,9230769
758	141,9230769
758	116,9230769
758	130,9230769
759	115,9230769
759	151,9230769
759	136,9230769
759	155,9230769
760	135,9230769
760	151,9230769
760	114,9230769
760	134,9230769
761	144,9230769
761	135,9230769
761	153,9230769
761	164,9230769
762	138,9230769
762	114,9230769
762	145,9230769
762	136,9230769
763	124,9230769
763	127,9230769
763	120,9230769
763	103,9230769
764	139,9230769
764	117,9230769
764	140,9230769
764	154,9230769
765	123,9230769
765	136,9230769
765	138,9230769
765	138,9230769
766	127,9230769
766	142,9230769
766	132,9230769
766	136,9230769
767	121,9230769
767	143,9230769
767	123,9230769
767	131,9230769
768	148,9230769
768	137,9230769
768	118,9230769
768	125,9230769
769	142,9230769
769	148,9230769
769	141,9230769
769	176,9230769
770	147,9230769
770	168,9230769
770	168,9230769
770	196,9230769
771	175,9230769
771	226,9230769
771	188,9230769
771	194,9230769
772	170,9230769
772	200,9230769
772	237,9230769
772	222,9230769
773	197,9230769
773	223,9230769
773	212,9230769
773	244,9230769
774	230,9230769
774	235,9230769
774	250,9230769
774	277,9230769
775	234,9230769
775	245,9230769
775	261,9230769
775	240,9230769
776	288,9230769
776	278,9230769
776	291,9230769
776	318,9230769
777	327,9230769
777	330,9230769
777	342,9230769
777	340,9230769
778	350,9230769
778	297,9230769
778	269,9230769
778	308,9230769
779	308,9230769
779	309,9230769
779	330,9230769
779	342,9230769
780	330,9230769
780	308,9230769
780	315,9230769
780	340,9230769
781	442,9230769
781	627,9230769
781	847,9230769
781	1048,9230769
782	1067,9230769
782	982,9230769
782	839,9230769
782	751,9230769
783	758,9230769
783	729,9230769
783	658,9230769
783	598,9230769
784	500,9230769
784	392,9230769
784	294,9230769
784	257,9230769
785	206,9230769
785	193,9230769
785	206,9230769
785	164,9230769
786	151,9230769
786	127,9230769
786	132,9230769
786	141,9230769
787	125,9230769
787	129,9230769
787	122,9230769
787	124,9230769
788	139,9230769
788	140,9230769
788	119,9230769
788	95,9230769
789	133,9230769
789	154,9230769
789	154,9230769
789	125,9230769
790	108,9230769
790	114,9230769
790	100,9230769
790	121,9230769
791	95,9230769
791	114,9230769
791	115,9230769
791	117,9230769
792	116,9230769
792	136,9230769
792	134,9230769
792	145,9230769
793	106,9230769
793	119,9230769
793	141,9230769
793	106,9230769
794	107,9230769
794	133,9230769
794	135,9230769
794	118,9230769
795	100,9230769
795	118,9230769
795	150,9230769
795	127,9230769
796	130,9230769
796	117,9230769
796	126,9230769
796	86,9230769
797	124,9230769
797	130,9230769
797	126,9230769
797	106,9230769
798	110,9230769
798	86,9230769
798	132,9230769
798	141,9230769
799	144,9230769
799	157,9230769
799	164,9230769
799	216,9230769
800	156,9230769
800	187,9230769
800	151,9230769
800	168,9230769
801	110,9230769
801	142,9230769
801	120,9230769
801	127,9230769
802	159,9230769
802	130,9230769
802	111,9230769
802	110,9230769
803	96,9230769
803	69,9230769
803	104,9230769
803	106,9230769
804	80,9230769
804	70,9230769
804	78,9230769
804	85,9230769
805	64,9230769
805	74,9230769
805	78,9230769
805	96,9230769
806	74,9230769
806	97,9230769
806	93,9230769
806	71,9230769
807	89,9230769
807	93,9230769
807	92,9230769
807	89,9230769
808	68,9230769
808	61,9230769
808	59,9230769
808	76,9230769
809	71,9230769
809	90,9230769
809	84,9230769
809	53,9230769
810	83,9230769
810	84,9230769
810	92,9230769
810	101,9230769
811	106,9230769
811	82,9230769
811	94,9230769
811	72,9230769
812	77,9230769
812	78,9230769
812	101,9230769
812	92,9230769
813	100,9230769
813	113,9230769
813	67,9230769
813	96,9230769
814	91,9230769
814	92,9230769
814	90,9230769
814	128,9230769
815	124,9230769
815	116,9230769
815	123,9230769
815	118,9230769
816	119,9230769
816	135,9230769
816	118,9230769
816	109,9230769
817	131,9230769
817	135,9230769
817	111,9230769
817	122,9230769
818	174,9230769
818	125,9230769
818	132,9230769
818	156,9230769
819	142,9230769
819	162,9230769
819	159,9230769
819	161,9230769
820	160,9230769
820	172,9230769
820	163,9230769
820	160,9230769
820	183,9230769
821	200,9230769
821	203,9230769
821	196,9230769
821	195,9230769
822	201,9230769
822	201,9230769
822	234,9230769
822	266,9230769
823	291,9230769
823	292,9230769
823	307,9230769
823	250,9230769
824	288,9230769
824	305,9230769
824	244,9230769
824	251,9230769
825	217,9230769
825	233,9230769
825	259,9230769
825	291,9230769
826	370,9230769
826	377,9230769
826	366,9230769
826	389,9230769
827	355,9230769
827	301,9230769
827	325,9230769
827	249,9230769
828	251,9230769
828	210,9230769
828	217,9230769
828	223,9230769
829	226,9230769
829	176,9230769
829	138,9230769
829	125,9230769
830	143,9230769
830	98,9230769
830	99,9230769
830	73,9230769
831	85,9230769
831	85,9230769
831	79,9230769
831	72,9230769
832	63,9230769
832	48,9230769
832	56,9230769
832	60,9230769
833	63,9230769
833	32,9230769
833	38,9230769
833	83,9230769
834	74,9230769
834	56,9230769
834	59,9230769
834	72,9230769
835	48,9230769
835	44,9230769
835	79,9230769
835	43,9230769
836	45,9230769
836	41,9230769
836	64,9230769
836	59,9230769
837	49,9230769
837	44,9230769
837	62,9230769
837	39,9230769
838	55,9230769
838	67,9230769
838	45,9230769
838	62,9230769
839	70,9230769
839	39,9230769
839	37,9230769
839	71,9230769
840	25,9230769
840	43,9230769
840	55,9230769
840	66,9230769
841	91,9230769
841	84,9230769
841	72,9230769
841	84,9230769
842	92,9230769
842	70,9230769
842	76,9230769
842	81,9230769
843	43,9230769
843	76,9230769
843	119,9230769
843	84,9230769
844	76,9230769
844	84,9230769
844	87,9230769
844	82,9230769
845	89,9230769
845	102,9230769
845	77,9230769
845	113,9230769
845	80,9230769
846	56,9230769
846	69,9230769
846	101,9230769
846	96,9230769
847	94,9230769
847	63,9230769
847	77,9230769
847	97,9230769
848	90,9230769
848	90,9230769
848	128,9230769
848	183,9230769
849	171,9230769
849	240,9230769
849	191,9230769
849	188,9230769
850	139,9230769
850	110,9230769
850	107,9230769
850	96,9230769
851	77,9230769
851	65,9230769
851	92,9230769
851	66,9230769
852	44,9230769
852	61,9230769
852	56,9230769
852	36,9230769
853	57,9230769
853	48,9230769
853	54,9230769
853	44,9230769
854	46,9230769
854	35,9230769
854	40,9230769
854	30,9230769
855	51,9230769
855	60,9230769
855	61,9230769
855	53,9230769
856	73,9230769
856	32,9230769
856	70,9230769
856	43,9230769
857	35,9230769
857	71,9230769
857	76,9230769
857	70,9230769
858	57,9230769
858	81,9230769
858	62,9230769
858	40,9230769
859	50,9230769
859	61,9230769
859	56,9230769
859	40,9230769
860	63,9230769
860	76,9230769
860	38,9230769
860	43,9230769
861	82,9230769
861	92,9230769
861	82,9230769
861	80,9230769
862	76,9230769
862	77,9230769
862	70,9230769
862	90,9230769
863	72,9230769
863	96,9230769
863	95,9230769
863	127,9230769
864	102,9230769
864	103,9230769
864	138,9230769
864	133,9230769
864	109,9230769
865	143,9230769
865	130,9230769
865	139,9230769
865	107,9230769
866	115,9230769
866	124,9230769
866	164,9230769
866	153,9230769
867	147,9230769
867	149,9230769
867	150,9230769
867	168,9230769
868	188,9230769
868	189,9230769
868	136,9230769
868	147,9230769
869	149,9230769
869	141,9230769
869	167,9230769
869	151,9230769
870	137,9230769
870	132,9230769
870	151,9230769
870	150,9230769
871	169,9230769
871	123,9230769
871	137,9230769
871	107,9230769
872	211,9230769
872	219,9230769
872	264,9230769
872	315,9230769
873	283,9230769
873	260,9230769
873	189,9230769
873	177,9230769
874	123,9230769
874	126,9230769
874	127,9230769
874	125,9230769
875	129,9230769
875	92,9230769
875	105,9230769
875	104,9230769
876	88,9230769
876	88,9230769
876	90,9230769
876	89,9230769
877	94,9230769
877	73,9230769
877	28,9230769
877	54,9230769
878	43,9230769
878	26,9230769
878	52,9230769
878	51,9230769
879	41,9230769
879	26,9230769
879	52,9230769
879	44,9230769
880	38,9230769
880	16,9230769
880	30,9230769
880	26,9230769
880	45,9230769
881	54,9230769
881	25,9230769
881	38,9230769
881	27,9230769
882	25,9230769
882	11,9230769
882	38,9230769
882	10,9230769
883	9,9230769
883	26,9230769
883	28,9230769
883	23,9230769
884	28,9230769
884	27,9230769
884	48,9230769
884	12,9230769
885	31,9230769
885	31,9230769
885	44,9230769
885	25,9230769
886	-2,0769231
886	31,9230769
886	23,9230769
886	5,9230769
887	30,9230769
887	36,9230769
887	35,9230769
887	9,9230769
888	21,9230769
888	33,9230769
888	27,9230769
888	27,9230769
889	27,9230769
889	28,9230769
889	3,9230769
889	24,9230769
890	4,9230769
890	8,9230769
890	15,9230769
890	25,9230769
891	18,9230769
891	32,9230769
891	14,9230769
891	15,9230769
892	14,9230769
892	25,9230769
892	23,9230769
892	1,9230769
893	-0,0769231
893	30,9230769
893	10,9230769
893	30,9230769
894	78,9230769
894	12,9230769
894	-8,0769231
894	22,9230769
894	30,9230769
895	36,9230769
895	20,9230769
895	25,9230769
895	14,9230769
896	16,9230769
896	22,9230769
896	-7,0769231
896	-5,0769231
897	21,9230769
897	23,9230769
897	25,9230769
897	47,9230769
898	1,9230769
898	17,9230769
898	38,9230769
898	32,9230769
899	8,9230769
899	41,9230769
899	17,9230769
899	1,9230769
900	34,9230769
900	26,9230769
900	19,9230769
900	22,9230769
901	19,9230769
901	11,9230769
901	3,9230769
901	48,9230769
902	30,9230769
902	27,9230769
902	32,9230769
902	22,9230769
903	28,9230769
903	45,9230769
903	51,9230769
903	25,9230769
904	44,9230769
904	59,9230769
904	37,9230769
904	68,9230769
905	29,9230769
905	29,9230769
905	28,9230769
905	47,9230769
906	20,9230769
906	22,9230769
906	36,9230769
906	51,9230769
906	46,9230769
907	26,9230769
907	24,9230769
907	33,9230769
907	26,9230769
908	44,9230769
908	43,9230769
908	11,9230769
908	33,9230769
909	15,9230769
909	29,9230769
909	48,9230769
909	35,9230769
910	35,9230769
910	35,9230769
910	37,9230769
910	39,9230769
911	37,9230769
911	45,9230769
911	39,9230769
911	33,9230769
912	25,9230769
912	13,9230769
912	24,9230769
912	40,9230769
913	21,9230769
913	16,9230769
913	-3,0769231
913	30,9230769
914	-9,0769231
914	20,9230769
914	25,9230769
914	14,9230769
915	35,9230769
915	34,9230769
915	32,9230769
915	19,9230769
916	-0,0769231
916	10,9230769
916	18,9230769
916	20,9230769
917	23,9230769
917	26,9230769
917	17,9230769
917	15,9230769
917	14,9230769
918	30,9230769
918	9,9230769
918	32,9230769
918	8,9230769
919	14,9230769
919	55,9230769
919	9,9230769
919	-6,0769231
920	23,9230769
920	21,9230769
920	12,9230769
920	16,9230769
921	12,9230769
921	0,9230769
921	30,9230769
921	31,9230769
922	27,9230769
922	39,9230769
922	43,9230769
922	32,9230769
923	29,9230769
923	30,9230769
923	37,9230769
923	43,9230769
924	42,9230769
924	12,9230769
924	13,9230769
924	30,9230769
925	40,9230769
925	35,9230769
925	22,9230769
925	26,9230769
926	14,9230769
926	32,9230769
926	48,9230769
926	14,9230769
927	8,9230769
927	26,9230769
927	57,9230769
927	56,9230769
928	33,9230769
928	43,9230769
928	27,9230769
928	53,9230769
928	7,9230769
929	17,9230769
929	50,9230769
929	25,9230769
929	31,9230769
930	33,9230769
930	7,9230769
930	20,9230769
930	20,9230769
931	32,9230769
931	24,9230769
931	7,9230769
931	17,9230769
932	30,9230769
932	39,9230769
932	-7,0769231
932	11,9230769
933	11,9230769
933	35,9230769
933	12,9230769
933	-7,0769231
934	43,9230769
934	24,9230769
934	36,9230769
934	30,9230769
935	27,9230769
935	15,9230769
935	20,9230769
935	-1,0769231
936	33,9230769
936	15,9230769
936	11,9230769
936	39,9230769
937	23,9230769
937	60,9230769
937	33,9230769
937	23,9230769
938	18,9230769
938	41,9230769
938	19,9230769
938	-8,0769231
938	4,9230769
939	32,9230769
939	0,9230769
939	12,9230769
939	43,9230769
940	29,9230769
940	-0,0769231
940	27,9230769
940	11,9230769
941	19,9230769
941	-0,0769231
941	38,9230769
941	19,9230769
942	25,9230769
942	44,9230769
942	19,9230769
942	20,9230769
943	11,9230769
943	-13,0769231
943	2,9230769
943	-33,0769231
944	26,9230769
944	17,9230769
944	4,9230769
944	3,9230769
945	2,9230769
945	5,9230769
945	21,9230769
945	19,9230769
946	-8,0769231
946	-0,0769231
946	-9,0769231
946	8,9230769
947	-5,0769231
947	-7,0769231
947	-4,0769231
947	43,9230769
947	20,9230769
948	1,9230769
948	-5,0769231
948	11,9230769
948	64,9230769
949	15,9230769
949	17,9230769
949	20,9230769
949	2,9230769
950	12,9230769
950	-14,0769231
950	-3,0769231
950	21,9230769
951	7,9230769
951	19,9230769
951	24,9230769
951	-5,0769231
952	20,9230769
952	-6,0769231
952	4,9230769
952	5,9230769
953	9,9230769
953	9,9230769
953	-0,0769231
953	17,9230769
954	15,9230769
954	14,9230769
954	-6,0769231
954	35,9230769
955	21,9230769
955	14,9230769
955	24,9230769
955	0,9230769
956	-4,0769231
956	14,9230769
956	0,9230769
956	3,9230769
956	23,9230769
957	31,9230769
957	22,9230769
957	5,9230769
957	13,9230769
958	25,9230769
958	27,9230769
958	9,9230769
958	-5,0769231
959	27,9230769
959	-33,0769231
959	-2,0769231
959	16,9230769
960	-9,0769231
960	-14,0769231
960	5,9230769
960	-14,0769231
961	-11,0769231
961	-0,0769231
961	-4,0769231
961	19,9230769
962	11,9230769
962	7,9230769
962	-12,0769231
962	8,9230769
963	13,9230769
963	35,9230769
963	4,9230769
963	-2,0769231
964	-5,0769231
964	-2,0769231
964	18,9230769
964	3,9230769
964	-5,0769231
965	-16,0769231
965	-9,0769231
965	19,9230769
965	27,9230769
966	16,9230769
966	6,9230769
966	-10,0769231
966	-8,0769231
967	-8,0769231
967	6,9230769
967	9,9230769
967	9,9230769
968	10,9230769
968	0,9230769
968	-7,0769231
968	9,9230769
969	-13,0769231
969	7,9230769
969	7,9230769
969	3,9230769
970	-8,0769231
970	-36,0769231
970	9,9230769
970	38,9230769
971	1,9230769
971	19,9230769
971	12,9230769
971	-19,0769231
972	-1,0769231
972	-12,0769231
972	17,9230769
972	15,9230769
972	18,9230769
973	17,9230769
973	-16,0769231
973	-9,0769231
973	-18,0769231
974	-7,0769231
974	18,9230769
974	-6,0769231
974	-0,0769231
975	-6,0769231
975	-6,0769231
975	7,9230769
975	16,9230769
976	4,9230769
976	2,9230769
976	7,9230769
976	5,9230769
977	0,9230769
977	-12,0769231
977	9,9230769
977	-10,0769231
978	-7,0769231
978	-19,0769231
978	0,9230769
978	23,9230769
979	0,9230769
979	15,9230769
979	9,9230769
979	20,9230769
980	-13,0769231
980	-25,0769231
980	-9,0769231
980	33,9230769
980	-4,0769231
981	16,9230769
981	3,9230769
981	-6,0769231
981	25,9230769
982	20,9230769
982	-13,0769231
982	8,9230769
982	28,9230769
983	19,9230769
983	-3,0769231
983	12,9230769
983	10,9230769
984	9,9230769
984	-0,0769231
984	15,9230769
984	19,9230769
985	18,9230769
985	14,9230769
985	-1,0769231
985	22,9230769
986	-10,0769231
986	-1,0769231
986	-1,0769231
986	1,9230769
987	17,9230769
987	-0,0769231
987	-7,0769231
987	-1,0769231
988	15,9230769
988	13,9230769
988	15,9230769
988	-41,0769231
988	35,9230769
989	4,9230769
989	6,9230769
989	14,9230769
989	4,9230769
990	19,9230769
990	33,9230769
990	3,9230769
990	-8,0769231
991	-2,0769231
991	8,9230769
991	-11,0769231
991	8,9230769
992	-7,0769231
992	-5,0769231
992	8,9230769
992	14,9230769
993	20,9230769
993	0,9230769
993	3,9230769
993	14,9230769
994	4,9230769
994	-17,0769231
994	-5,0769231
994	-19,0769231
995	-14,0769231
995	32,9230769
995	5,9230769
995	22,9230769
995	-4,0769231
996	-10,0769231
996	-16,0769231
996	13,9230769
996	19,9230769
997	-8,0769231
997	-2,0769231
997	17,9230769
997	-2,0769231
998	-7,0769231
998	-8,0769231
998	0,9230769
998	13,9230769
999	15,9230769
999	-5,0769231
999	-35,0769231
999	-9,0769231
1000	-5,0769231
1000	3,9230769
1000	-13,0769231
1000	-20,0769231
1001	-19,0769231
1001	8,9230769
1001	7,9230769
1001	2,9230769
1002	11,9230769
1002	1,9230769
1002	27,9230769
1002	2,9230769
1002	5,9230769
1003	2,9230769
1003	-1,0769231
1003	0,9230769
1003	-5,0769231
1004	-16,0769231
1004	23,9230769
1004	-14,0769231
1004	-10,0769231
1005	-18,0769231
1005	1,9230769
1005	-7,0769231
1005	-0,0769231
1006	22,9230769
1006	9,9230769
1006	35,9230769
1006	-11,0769231
1007	27,9230769
1007	-4,0769231
1007	13,9230769
1007	-6,0769231
1008	4,9230769
1008	19,9230769
1008	0,9230769
1008	-3,0769231
1008	10,9230769
1009	7,9230769
1009	17,9230769
1009	6,9230769
1009	-1,0769231
1010	-36,0769231
1010	19,9230769
1010	-6,0769231
1010	15,9230769
1011	17,9230769
1011	18,9230769
1011	27,9230769
1011	10,9230769
1012	-1,0769231
1012	-20,0769231
1012	8,9230769
1012	3,9230769
1013	21,9230769
1013	5,9230769
1013	25,9230769
1013	6,9230769
1014	25,9230769
1014	-1,0769231
1014	-2,0769231
1014	8,9230769
1015	24,9230769
1015	2,9230769
1015	-5,0769231
1015	-1,0769231
1015	16,9230769
1016	30,9230769
1016	3,9230769
1016	10,9230769
1016	5,9230769
1017	22,9230769
1017	-16,0769231
1017	-30,0769231
1017	-21,0769231
1018	-10,0769231
1018	-5,0769231
1018	-1,0769231
1018	-13,0769231
1019	-0,0769231
1019	8,9230769
1019	1,9230769
1019	-6,0769231
1020	9,9230769
1020	-3,0769231
1020	-3,0769231
1020	1,9230769
1021	26,9230769
1021	-4,0769231
1021	3,9230769
1021	12,9230769
1021	14,9230769
1022	-26,0769231
1022	10,9230769
1022	21,9230769
1022	40,9230769
1023	0,9230769
1023	7,9230769
1023	2,9230769
1023	27,9230769
1024	7,9230769
1024	-20,0769231
1024	-31,0769231
1024	2,9230769
1025	12,9230769
1025	12,9230769
1025	-13,0769231
1025	-27,0769231
1026	-18,0769231
1026	-19,0769231
1026	5,9230769
1026	11,9230769
1027	-9,0769231
1027	3,9230769
1027	-22,0769231
1027	12,9230769
1027	2,9230769
1028	-20,0769231
1028	-35,0769231
1028	26,9230769
1028	-7,0769231
1029	16,9230769
1029	6,9230769
1029	-9,0769231
1029	-18,0769231
1030	-5,0769231
1030	-0,0769231
1030	0,9230769
1030	-5,0769231
1031	9,9230769
1031	13,9230769
1031	-0,0769231
1031	-2,0769231
1032	-2,0769231
1032	6,9230769
1032	30,9230769
1032	12,9230769
1033	23,9230769
1033	14,9230769
1033	29,9230769
1033	-17,0769231
1034	-30,0769231
1034	-8,0769231
1034	2,9230769
1034	-3,0769231
1034	-6,0769231
1035	27,9230769
1035	-15,0769231
1035	-12,0769231
1035	-13,0769231
1036	9,9230769
1036	-4,0769231
1036	27,9230769
1036	-6,0769231
1037	8,9230769
1037	-4,0769231
1037	14,9230769
1037	-3,0769231
1038	-34,0769231
1038	10,9230769
1038	-6,0769231
1038	-13,0769231
1039	-10,0769231
1039	-11,0769231
1039	28,9230769
1039	23,9230769
1039	7,9230769
1040	-5,0769231
1040	-13,0769231
1040	-14,0769231
1040	10,9230769
1041	3,9230769
1041	1,9230769
1041	-9,0769231
1041	2,9230769
1042	15,9230769
1042	-5,0769231
1042	22,9230769
1042	29,9230769
1043	3,9230769
1043	-3,0769231
1043	-25,0769231
1043	31,9230769
1044	34,9230769
1044	18,9230769
1044	23,9230769
1044	11,9230769
1045	0,9230769
1045	4,9230769
1045	6,9230769
1045	-3,0769231
1045	32,9230769
1046	9,9230769
1046	-13,0769231
1046	-11,0769231
1046	-16,0769231
1047	18,9230769
1047	-9,0769231
1047	-26,0769231
1047	-16,0769231
1048	15,9230769
1048	-3,0769231
1048	13,9230769
1048	6,9230769
1049	6,9230769
1049	2,9230769
1049	12,9230769
1049	-35,0769231
1050	5,9230769
1050	-6,0769231
1050	9,9230769
1050	-4,0769231
1051	0,9230769
1051	13,9230769
1051	9,9230769
1051	25,9230769
1051	9,9230769
1052	1,9230769
1052	-2,0769231
1052	5,9230769
1052	-16,0769231
1053	-37,0769231
1053	2,9230769
1053	-11,0769231
1053	-26,0769231
1054	-5,0769231
1054	-13,0769231
1054	5,9230769
1054	-4,0769231
1055	-25,0769231
1055	-29,0769231
1055	11,9230769
1055	-18,0769231
1056	-9,0769231
1056	-5,0769231
1056	13,9230769
1056	-10,0769231
1056	17,9230769
1057	-17,0769231
1057	10,9230769
1057	24,9230769
1057	8,9230769
1058	-2,0769231
1058	-11,0769231
1058	10,9230769
1058	17,9230769
1059	-7,0769231
1059	3,9230769
1059	-15,0769231
1059	-12,0769231
1060	-5,0769231
1060	5,9230769
1060	-15,0769231
1060	0,9230769
1061	2,9230769
1061	-13,0769231
1061	-14,0769231
1061	-5,0769231
1062	-3,0769231
1062	-6,0769231
1062	5,9230769
1062	-4,0769231
1062	5,9230769
1063	17,9230769
1063	16,9230769
1063	8,9230769
1063	2,9230769
1064	-6,0769231
1064	-5,0769231
1064	5,9230769
1064	-14,0769231
1065	26,9230769
1065	37,9230769
1065	-1,0769231
1065	0,9230769
1066	14,9230769
1066	7,9230769
1066	-0,0769231
1066	6,9230769
1067	3,9230769
1067	-22,0769231
1067	-8,0769231
1067	21,9230769
1067	40,9230769
1068	1,9230769
1068	-17,0769231
1068	7,9230769
1068	-5,0769231
1069	-0,0769231
1069	0,9230769
1069	-19,0769231
1069	-16,0769231
1070	-3,0769231
1070	4,9230769
1070	13,9230769
1070	-3,0769231
1071	2,9230769
1071	-7,0769231
1071	-10,0769231
1071	-11,0769231
1072	9,9230769
1072	-2,0769231
1072	-6,0769231
1072	-6,0769231
1072	15,9230769
1073	-5,0769231
1073	-25,0769231
1073	-11,0769231
1073	3,9230769
1074	-6,0769231
1074	-7,0769231
1074	9,9230769
1074	13,9230769
1075	-5,0769231
1075	9,9230769
1075	2,9230769
1075	-14,0769231
1076	20,9230769
1076	-1,0769231
1076	-31,0769231
1076	3,9230769
1077	0,9230769
1077	-22,0769231
1077	12,9230769
1077	29,9230769
1077	-33,0769231
1078	-19,0769231
1078	21,9230769
1078	6,9230769
1078	-14,0769231
1079	-23,0769231
1079	1,9230769
1079	-8,0769231
1079	8,9230769
1080	-9,0769231
1080	4,9230769
1080	-17,0769231
1080	-5,0769231
1081	11,9230769
1081	-19,0769231
1081	-6,0769231
1081	14,9230769
1082	-8,0769231
1082	-4,0769231
1082	30,9230769
1082	-23,0769231
1082	0,9230769
1083	-18,0769231
1083	0,9230769
1083	-9,0769231
1083	1,9230769
1084	-0,0769231
1084	-19,0769231
1084	-13,0769231
1084	6,9230769
1085	-8,0769231
1085	-22,0769231
1085	-11,0769231
1085	24,9230769
1086	10,9230769
1086	-13,0769231
1086	19,9230769
1086	-16,0769231
1087	-12,0769231
1087	12,9230769
1087	1,9230769
1087	11,9230769
1087	-28,0769231
1088	3,9230769
1088	-49,0769231
1088	14,9230769
1088	13,9230769
1089	-12,0769231
1089	-17,0769231
1089	18,9230769
1089	23,9230769
1090	23,9230769
1090	-7,0769231
1090	-5,0769231
1090	0,9230769
1091	-1,0769231
1091	-2,0769231
1091	-17,0769231
1091	6,9230769
1092	11,9230769
1092	-18,0769231
1092	-10,0769231
1092	2,9230769
1092	25,9230769
1093	8,9230769
1093	14,9230769
1093	-11,0769231
1093	-26,0769231
1094	-13,0769231
1094	10,9230769
1094	10,9230769
1094	-15,0769231
1095	12,9230769
1095	36,9230769
1095	-12,0769231
1095	-5,0769231
1096	16,9230769
1096	9,9230769
1096	-9,0769231
1096	1,9230769
1097	-2,0769231
1097	-2,0769231
1097	-1,0769231
1097	-11,0769231
1097	-1,0769231
1098	3,9230769
1098	1,9230769
1098	-1,0769231
1098	-10,0769231
1099	-12,0769231
1099	19,9230769
1099	14,9230769
1099	-6,0769231
1100	16,9230769
1100	20,9230769
1100	17,9230769
1100	-11,0769231
1101	10,9230769
1101	-9,0769231
1101	0,9230769
1101	-8,0769231
1101	-13,0769231
1102	9,9230769
1102	11,9230769
1102	-12,0769231
1102	29,9230769
1103	7,9230769
1103	-15,0769231
1103	7,9230769
1103	-17,0769231
1104	-2,0769231
1104	1,9230769
1104	3,9230769
1104	-0,0769231
1105	-1,0769231
1105	-9,0769231
1105	-23,0769231
1105	-16,0769231
1106	-13,0769231
1106	-8,0769231
1106	14,9230769
1106	-5,0769231
1106	4,9230769
1107	-16,0769231
1107	-28,0769231
1107	-8,0769231
1107	11,9230769
1108	-7,0769231
1108	-19,0769231
1108	-8,0769231
1108	-16,0769231
1109	-18,0769231
1109	-2,0769231
1109	-29,0769231
1109	26,9230769
1110	-23,0769231
1110	-9,0769231
1110	-3,0769231
1110	-11,0769231
1110	-11,0769231
1111	-18,0769231
1111	3,9230769
1111	-3,0769231
1111	12,9230769
1112	28,9230769
1112	13,9230769
1112	28,9230769
1112	14,9230769
1113	9,9230769
1113	-24,0769231
1113	2,9230769
1113	-13,0769231
1114	10,9230769
1114	15,9230769
1114	1,9230769
1114	-10,0769231
1115	2,9230769
1115	27,9230769
1115	31,9230769
1115	11,9230769
1115	3,9230769
1116	-12,0769231
1116	13,9230769
1116	2,9230769
1116	35,9230769
1117	38,9230769
1117	-3,0769231
1117	-7,0769231
1117	5,9230769
1118	-13,0769231
