196	-15,3846154
196	-15,3846154
196	-15,3846154
197	-5,3846154
197	10,6153846
197	0,6153846
197	9,6153846
198	-9,3846154
198	15,6153846
198	20,6153846
199	22,6153846
199	-11,3846154
199	-7,3846154
199	-6,3846154
200	8,6153846
200	-15,3846154
200	-22,3846154
200	-17,3846154
201	-8,3846154
201	13,6153846
201	10,6153846
201	9,6153846
202	-4,3846154
202	-3,3846154
202	-4,3846154
203	0,6153846
203	13,6153846
203	-18,3846154
203	-14,3846154
204	35,6153846
204	-3,3846154
204	1,6153846
204	-1,3846154
205	-8,3846154
205	19,6153846
205	19,6153846
205	2,6153846
206	-14,3846154
206	1,6153846
206	22,6153846
207	21,6153846
207	33,6153846
207	6,6153846
207	23,6153846
208	8,6153846
208	-9,3846154
208	20,6153846
208	20,6153846
209	20,6153846
209	-21,3846154
209	-14,3846154
209	7,6153846
210	23,6153846
210	-14,3846154
210	5,6153846
211	1,6153846
211	17,6153846
211	24,6153846
211	6,6153846
212	26,6153846
212	1,6153846
212	10,6153846
212	9,6153846
213	2,6153846
213	10,6153846
213	33,6153846
213	18,6153846
214	-8,3846154
214	14,6153846
214	18,6153846
215	21,6153846
215	22,6153846
215	14,6153846
215	8,6153846
216	12,6153846
216	0,6153846
216	-8,3846154
216	18,6153846
217	28,6153846
217	26,6153846
217	39,6153846
217	35,6153846
218	24,6153846
218	35,6153846
218	20,6153846
219	17,6153846
219	20,6153846
219	19,6153846
219	-3,3846154
220	9,6153846
220	4,6153846
220	3,6153846
220	-5,3846154
221	22,6153846
221	20,6153846
221	18,6153846
221	6,6153846
222	20,6153846
222	56,6153846
222	8,6153846
223	-9,3846154
223	3,6153846
223	10,6153846
223	-0,3846154
224	3,6153846
224	27,6153846
224	-22,3846154
224	-6,3846154
225	9,6153846
225	-29,3846154
225	22,6153846
225	29,6153846
226	26,6153846
226	2,6153846
226	22,6153846
227	7,6153846
227	-1,3846154
227	19,6153846
227	9,6153846
228	17,6153846
228	46,6153846
228	13,6153846
228	-9,3846154
229	13,6153846
229	4,6153846
229	4,6153846
229	14,6153846
230	17,6153846
230	12,6153846
230	11,6153846
231	9,6153846
231	64,6153846
231	18,6153846
231	10,6153846
232	13,6153846
232	-22,3846154
232	-2,3846154
232	-9,3846154
233	10,6153846
233	8,6153846
233	14,6153846
233	-2,3846154
234	5,6153846
234	19,6153846
234	15,6153846
235	15,6153846
235	25,6153846
235	2,6153846
235	38,6153846
236	19,6153846
236	4,6153846
236	-7,3846154
236	-4,3846154
237	-16,3846154
237	9,6153846
237	24,6153846
237	25,6153846
238	1,6153846
238	21,6153846
238	25,6153846
239	-13,3846154
239	14,6153846
239	2,6153846
239	2,6153846
240	-0,3846154
240	2,6153846
240	57,6153846
240	13,6153846
241	48,6153846
241	19,6153846
241	41,6153846
241	36,6153846
242	-2,3846154
242	16,6153846
242	8,6153846
243	13,6153846
243	22,6153846
243	-15,3846154
243	-7,3846154
244	30,6153846
244	15,6153846
244	-6,3846154
244	12,6153846
245	14,6153846
245	-4,3846154
245	22,6153846
245	19,6153846
246	29,6153846
246	4,6153846
246	24,6153846
247	31,6153846
247	5,6153846
247	39,6153846
247	29,6153846
248	16,6153846
248	8,6153846
248	14,6153846
248	13,6153846
249	-4,3846154
249	2,6153846
249	33,6153846
249	27,6153846
250	30,6153846
250	16,6153846
250	-6,3846154
251	-15,3846154
251	31,6153846
251	10,6153846
251	6,6153846
252	10,6153846
252	14,6153846
252	24,6153846
252	12,6153846
253	16,6153846
253	6,6153846
253	3,6153846
253	10,6153846
254	20,6153846
254	9,6153846
254	31,6153846
254	10,6153846
255	27,6153846
255	33,6153846
255	37,6153846
256	30,6153846
256	17,6153846
256	19,6153846
256	24,6153846
257	3,6153846
257	8,6153846
257	17,6153846
257	14,6153846
258	18,6153846
258	-3,3846154
258	11,6153846
258	10,6153846
259	3,6153846
259	13,6153846
259	-5,3846154
260	16,6153846
260	14,6153846
260	-12,3846154
260	31,6153846
261	2,6153846
261	2,6153846
261	27,6153846
261	11,6153846
262	17,6153846
262	-11,3846154
262	5,6153846
262	-3,3846154
263	25,6153846
263	8,6153846
263	14,6153846
264	37,6153846
264	48,6153846
264	4,6153846
264	12,6153846
265	7,6153846
265	-2,3846154
265	-1,3846154
265	-5,3846154
266	45,6153846
266	41,6153846
266	28,6153846
266	6,6153846
267	8,6153846
267	12,6153846
267	7,6153846
268	9,6153846
268	26,6153846
268	47,6153846
268	15,6153846
269	22,6153846
269	10,6153846
269	28,6153846
269	39,6153846
270	12,6153846
270	23,6153846
270	7,6153846
270	-3,3846154
271	-17,3846154
271	20,6153846
271	6,6153846
271	20,6153846
272	-6,3846154
272	11,6153846
272	17,6153846
273	34,6153846
273	21,6153846
273	3,6153846
273	2,6153846
274	5,6153846
274	0,6153846
274	2,6153846
274	24,6153846
275	-1,3846154
275	33,6153846
275	7,6153846
275	24,6153846
276	24,6153846
276	-12,3846154
276	14,6153846
277	-10,3846154
277	12,6153846
277	39,6153846
277	19,6153846
278	1,6153846
278	-4,3846154
278	-3,3846154
278	30,6153846
279	6,6153846
279	8,6153846
279	-6,3846154
279	2,6153846
280	-5,3846154
280	-0,3846154
280	-17,3846154
280	5,6153846
281	19,6153846
281	21,6153846
281	23,6153846
282	45,6153846
282	8,6153846
282	12,6153846
282	28,6153846
283	-5,3846154
283	12,6153846
283	-19,3846154
283	11,6153846
284	13,6153846
284	23,6153846
284	37,6153846
284	35,6153846
285	55,6153846
285	20,6153846
285	15,6153846
286	21,6153846
286	-5,3846154
286	5,6153846
286	8,6153846
287	-16,3846154
287	2,6153846
287	4,6153846
287	19,6153846
288	15,6153846
288	2,6153846
288	31,6153846
288	32,6153846
289	32,6153846
289	29,6153846
289	20,6153846
290	17,6153846
290	38,6153846
290	30,6153846
290	16,6153846
291	1,6153846
291	11,6153846
291	-2,3846154
291	34,6153846
292	20,6153846
292	1,6153846
292	0,6153846
292	18,6153846
293	4,6153846
293	30,6153846
293	35,6153846
293	20,6153846
294	12,6153846
294	30,6153846
294	6,6153846
295	39,6153846
295	0,6153846
295	9,6153846
295	18,6153846
296	25,6153846
296	4,6153846
296	28,6153846
296	-29,3846154
297	6,6153846
297	15,6153846
297	44,6153846
297	36,6153846
298	19,6153846
298	11,6153846
298	47,6153846
299	46,6153846
299	14,6153846
299	20,6153846
299	26,6153846
300	17,6153846
300	28,6153846
300	1,6153846
300	16,6153846
301	4,6153846
301	-3,3846154
301	2,6153846
301	47,6153846
302	8,6153846
302	17,6153846
302	-18,3846154
302	9,6153846
303	-15,3846154
303	11,6153846
303	36,6153846
304	23,6153846
304	13,6153846
304	15,6153846
304	12,6153846
305	-6,3846154
305	-5,3846154
305	-2,3846154
305	-3,3846154
306	2,6153846
306	12,6153846
306	2,6153846
306	42,6153846
307	-23,3846154
307	32,6153846
307	4,6153846
307	-17,3846154
308	18,6153846
308	-6,3846154
308	29,6153846
309	32,6153846
309	31,6153846
309	2,6153846
309	27,6153846
310	-2,3846154
310	40,6153846
310	18,6153846
310	16,6153846
311	19,6153846
311	18,6153846
311	20,6153846
311	10,6153846
312	8,6153846
312	18,6153846
312	29,6153846
313	26,6153846
313	-7,3846154
313	12,6153846
313	-2,3846154
314	16,6153846
314	-5,3846154
314	28,6153846
314	-15,3846154
315	0,6153846
315	2,6153846
315	3,6153846
315	-1,3846154
316	10,6153846
316	3,6153846
316	13,6153846
316	15,6153846
317	6,6153846
317	22,6153846
317	56,6153846
318	13,6153846
318	19,6153846
318	13,6153846
318	8,6153846
319	21,6153846
319	16,6153846
319	-12,3846154
319	19,6153846
320	1,6153846
320	-9,3846154
320	-19,3846154
320	10,6153846
321	33,6153846
321	34,6153846
321	36,6153846
321	20,6153846
322	16,6153846
322	14,6153846
322	1,6153846
323	7,6153846
323	17,6153846
323	-5,3846154
323	33,6153846
324	6,6153846
324	10,6153846
324	-0,3846154
324	22,6153846
325	26,6153846
325	36,6153846
325	29,6153846
325	16,6153846
326	10,6153846
326	4,6153846
326	42,6153846
327	30,6153846
327	47,6153846
327	27,6153846
327	-6,3846154
328	37,6153846
328	13,6153846
328	32,6153846
328	52,6153846
329	12,6153846
329	24,6153846
329	35,6153846
329	-7,3846154
330	6,6153846
330	-0,3846154
330	7,6153846
330	31,6153846
331	19,6153846
331	16,6153846
331	27,6153846
332	0,6153846
332	22,6153846
332	21,6153846
332	32,6153846
333	14,6153846
333	22,6153846
333	45,6153846
333	22,6153846
334	20,6153846
334	12,6153846
334	26,6153846
334	23,6153846
335	6,6153846
335	9,6153846
335	17,6153846
335	-19,3846154
336	21,6153846
336	16,6153846
336	31,6153846
337	7,6153846
337	31,6153846
337	4,6153846
337	0,6153846
338	-6,3846154
338	9,6153846
338	15,6153846
338	7,6153846
339	19,6153846
339	31,6153846
339	25,6153846
339	1,6153846
340	16,6153846
340	34,6153846
340	15,6153846
340	16,6153846
341	22,6153846
341	6,6153846
341	-31,3846154
342	7,6153846
342	5,6153846
342	10,6153846
342	-8,3846154
343	8,6153846
343	15,6153846
343	13,6153846
343	13,6153846
344	6,6153846
344	22,6153846
344	15,6153846
344	42,6153846
345	18,6153846
345	-9,3846154
345	9,6153846
345	15,6153846
346	7,6153846
346	2,6153846
346	52,6153846
347	51,6153846
347	30,6153846
347	38,6153846
347	17,6153846
348	-0,3846154
348	-15,3846154
348	3,6153846
348	5,6153846
349	8,6153846
349	22,6153846
349	10,6153846
349	4,6153846
350	-4,3846154
350	35,6153846
350	13,6153846
350	36,6153846
351	50,6153846
351	20,6153846
351	7,6153846
352	14,6153846
352	-32,3846154
352	49,6153846
352	38,6153846
353	41,6153846
353	50,6153846
353	11,6153846
353	18,6153846
354	43,6153846
354	45,6153846
354	-9,3846154
354	24,6153846
355	12,6153846
355	1,6153846
355	6,6153846
355	7,6153846
356	9,6153846
356	-12,3846154
356	29,6153846
357	2,6153846
357	-10,3846154
357	5,6153846
357	24,6153846
358	21,6153846
358	-1,3846154
358	54,6153846
358	31,6153846
359	32,6153846
359	15,6153846
359	10,6153846
359	9,6153846
360	43,6153846
360	18,6153846
360	-1,3846154
360	15,6153846
361	-0,3846154
361	-3,3846154
361	-5,3846154
362	6,6153846
362	19,6153846
362	25,6153846
362	-0,3846154
363	28,6153846
363	11,6153846
363	18,6153846
363	6,6153846
364	17,6153846
364	15,6153846
364	7,6153846
364	2,6153846
365	50,6153846
365	22,6153846
365	26,6153846
365	-3,3846154
366	6,6153846
366	16,6153846
366	40,6153846
367	50,6153846
367	-30,3846154
367	0,6153846
367	-1,3846154
368	28,6153846
368	20,6153846
368	-0,3846154
368	13,6153846
369	-10,3846154
369	62,6153846
369	23,6153846
369	11,6153846
370	22,6153846
370	14,6153846
370	13,6153846
370	7,6153846
371	8,6153846
371	19,6153846
371	41,6153846
371	23,6153846
372	37,6153846
372	7,6153846
372	22,6153846
373	0,6153846
373	6,6153846
373	21,6153846
373	7,6153846
374	9,6153846
374	12,6153846
374	41,6153846
374	-2,3846154
375	48,6153846
375	30,6153846
375	31,6153846
375	13,6153846
376	13,6153846
376	28,6153846
376	27,6153846
376	1,6153846
377	-8,3846154
377	23,6153846
377	5,6153846
378	18,6153846
378	-13,3846154
378	26,6153846
378	16,6153846
379	0,6153846
379	12,6153846
379	40,6153846
379	43,6153846
380	23,6153846
380	19,6153846
380	41,6153846
380	23,6153846
381	36,6153846
381	8,6153846
381	20,6153846
381	13,6153846
382	7,6153846
382	2,6153846
382	40,6153846
383	29,6153846
383	23,6153846
383	10,6153846
383	24,6153846
384	26,6153846
384	8,6153846
384	22,6153846
384	9,6153846
385	35,6153846
385	19,6153846
385	-12,3846154
385	21,6153846
386	0,6153846
386	9,6153846
386	-1,3846154
386	12,6153846
387	6,6153846
387	31,6153846
387	53,6153846
387	44,6153846
388	34,6153846
388	39,6153846
388	-6,3846154
389	37,6153846
389	10,6153846
389	13,6153846
389	30,6153846
390	3,6153846
390	38,6153846
390	12,6153846
390	35,6153846
391	-9,3846154
391	11,6153846
391	-3,3846154
391	-7,3846154
392	18,6153846
392	7,6153846
392	22,6153846
392	24,6153846
393	3,6153846
393	45,6153846
393	11,6153846
394	-4,3846154
394	10,6153846
394	20,6153846
394	42,6153846
395	42,6153846
395	7,6153846
395	32,6153846
395	-0,3846154
396	-16,3846154
396	10,6153846
396	1,6153846
396	19,6153846
397	18,6153846
397	15,6153846
397	6,6153846
397	10,6153846
398	32,6153846
398	48,6153846
398	-0,3846154
398	8,6153846
399	20,6153846
399	-3,3846154
399	19,6153846
400	-7,3846154
400	6,6153846
400	23,6153846
400	10,6153846
401	22,6153846
401	-35,3846154
401	22,6153846
401	-2,3846154
402	11,6153846
402	10,6153846
402	24,6153846
402	31,6153846
403	39,6153846
403	23,6153846
403	0,6153846
403	10,6153846
404	2,6153846
404	19,6153846
404	1,6153846
405	3,6153846
405	-5,3846154
405	-27,3846154
405	14,6153846
406	28,6153846
406	16,6153846
406	22,6153846
406	-2,3846154
407	19,6153846
407	-1,3846154
407	11,6153846
407	18,6153846
408	46,6153846
408	-8,3846154
408	0,6153846
408	2,6153846
409	20,6153846
409	33,6153846
409	3,6153846
409	25,6153846
410	19,6153846
410	15,6153846
410	12,6153846
411	32,6153846
411	12,6153846
411	5,6153846
411	18,6153846
412	30,6153846
412	28,6153846
412	24,6153846
412	11,6153846
413	20,6153846
413	22,6153846
413	37,6153846
413	23,6153846
414	26,6153846
414	12,6153846
414	2,6153846
414	23,6153846
415	28,6153846
415	31,6153846
415	29,6153846
415	42,6153846
416	17,6153846
416	23,6153846
416	33,6153846
417	15,6153846
417	9,6153846
417	-1,3846154
417	13,6153846
418	0,6153846
418	-12,3846154
418	32,6153846
418	35,6153846
419	18,6153846
419	11,6153846
419	0,6153846
419	28,6153846
420	22,6153846
420	14,6153846
420	12,6153846
420	18,6153846
421	26,6153846
421	17,6153846
421	20,6153846
421	1,6153846
422	21,6153846
422	10,6153846
422	11,6153846
423	15,6153846
423	13,6153846
423	-7,3846154
423	25,6153846
424	57,6153846
424	7,6153846
424	15,6153846
424	15,6153846
425	3,6153846
425	-18,3846154
425	1,6153846
425	19,6153846
426	31,6153846
426	21,6153846
426	-17,3846154
426	23,6153846
427	32,6153846
427	27,6153846
427	21,6153846
427	18,6153846
428	18,6153846
428	36,6153846
428	-19,3846154
429	3,6153846
429	3,6153846
429	25,6153846
429	16,6153846
430	4,6153846
430	14,6153846
430	7,6153846
430	21,6153846
431	37,6153846
431	23,6153846
431	-4,3846154
431	11,6153846
432	39,6153846
432	16,6153846
432	6,6153846
432	7,6153846
433	12,6153846
433	-6,3846154
433	5,6153846
433	6,6153846
434	26,6153846
434	18,6153846
434	14,6153846
435	37,6153846
435	11,6153846
435	9,6153846
435	44,6153846
436	-6,3846154
436	22,6153846
436	32,6153846
436	8,6153846
437	7,6153846
437	22,6153846
437	28,6153846
437	14,6153846
438	37,6153846
438	2,6153846
438	18,6153846
438	5,6153846
439	22,6153846
439	-6,3846154
439	6,6153846
439	14,6153846
440	11,6153846
440	32,6153846
440	25,6153846
441	25,6153846
441	5,6153846
441	-25,3846154
441	10,6153846
442	44,6153846
442	-5,3846154
442	-10,3846154
442	26,6153846
443	21,6153846
443	4,6153846
443	15,6153846
443	28,6153846
444	42,6153846
444	-5,3846154
444	-10,3846154
444	28,6153846
445	28,6153846
445	29,6153846
445	6,6153846
445	23,6153846
446	39,6153846
446	40,6153846
446	47,6153846
447	11,6153846
447	11,6153846
447	22,6153846
447	17,6153846
448	13,6153846
448	-25,3846154
448	-5,3846154
448	11,6153846
449	10,6153846
449	13,6153846
449	8,6153846
449	25,6153846
450	11,6153846
450	1,6153846
450	-2,3846154
450	-2,3846154
451	15,6153846
451	15,6153846
451	38,6153846
451	21,6153846
452	31,6153846
452	20,6153846
452	7,6153846
452	46,6153846
453	-6,3846154
453	9,6153846
453	26,6153846
454	-11,3846154
454	17,6153846
454	29,6153846
454	18,6153846
455	10,6153846
455	3,6153846
455	32,6153846
455	10,6153846
456	-10,3846154
456	-9,3846154
456	1,6153846
456	5,6153846
457	-11,3846154
457	13,6153846
457	21,6153846
457	35,6153846
458	7,6153846
458	41,6153846
458	29,6153846
458	8,6153846
459	22,6153846
459	-5,3846154
459	20,6153846
460	5,6153846
460	-0,3846154
460	2,6153846
460	-0,3846154
461	2,6153846
461	32,6153846
461	1,6153846
461	38,6153846
462	34,6153846
462	11,6153846
462	8,6153846
462	10,6153846
463	31,6153846
463	31,6153846
463	1,6153846
463	31,6153846
464	25,6153846
464	0,6153846
464	6,6153846
464	18,6153846
465	35,6153846
465	15,6153846
465	39,6153846
465	7,6153846
466	46,6153846
466	1,6153846
466	30,6153846
467	28,6153846
467	49,6153846
467	36,6153846
467	11,6153846
468	20,6153846
468	36,6153846
468	20,6153846
468	6,6153846
469	-4,3846154
469	15,6153846
469	39,6153846
469	-17,3846154
470	-4,3846154
470	-11,3846154
470	20,6153846
470	8,6153846
471	10,6153846
471	3,6153846
471	7,6153846
471	-14,3846154
472	26,6153846
472	13,6153846
472	28,6153846
472	40,6153846
473	18,6153846
473	1,6153846
473	23,6153846
474	33,6153846
474	20,6153846
474	-9,3846154
474	12,6153846
475	23,6153846
475	20,6153846
475	27,6153846
475	29,6153846
476	41,6153846
476	20,6153846
476	9,6153846
476	1,6153846
477	17,6153846
477	24,6153846
477	7,6153846
477	8,6153846
478	-11,3846154
478	21,6153846
478	15,6153846
478	0,6153846
479	5,6153846
479	8,6153846
479	10,6153846
479	30,6153846
480	-8,3846154
480	22,6153846
480	37,6153846
481	26,6153846
481	11,6153846
481	16,6153846
481	27,6153846
482	-3,3846154
482	10,6153846
482	32,6153846
482	10,6153846
483	44,6153846
483	14,6153846
483	1,6153846
483	28,6153846
484	21,6153846
484	11,6153846
484	24,6153846
484	42,6153846
485	-12,3846154
485	37,6153846
485	15,6153846
485	-8,3846154
486	-0,3846154
486	-0,3846154
486	2,6153846
486	-8,3846154
487	43,6153846
487	18,6153846
487	10,6153846
488	8,6153846
488	2,6153846
488	28,6153846
488	28,6153846
489	6,6153846
489	17,6153846
489	48,6153846
489	23,6153846
490	18,6153846
490	11,6153846
490	24,6153846
490	27,6153846
491	21,6153846
491	21,6153846
491	23,6153846
491	6,6153846
492	14,6153846
492	6,6153846
492	3,6153846
492	1,6153846
493	-4,3846154
493	-1,3846154
493	2,6153846
493	5,6153846
494	32,6153846
494	6,6153846
494	55,6153846
495	27,6153846
495	22,6153846
495	7,6153846
495	2,6153846
496	-4,3846154
496	-3,3846154
496	46,6153846
496	15,6153846
497	16,6153846
497	8,6153846
497	3,6153846
497	-2,3846154
498	9,6153846
498	34,6153846
498	31,6153846
498	20,6153846
499	43,6153846
499	15,6153846
499	22,6153846
499	15,6153846
500	8,6153846
500	16,6153846
500	47,6153846
500	21,6153846
501	2,6153846
501	-10,3846154
501	9,6153846
502	12,6153846
502	0,6153846
502	12,6153846
502	29,6153846
503	27,6153846
503	39,6153846
503	7,6153846
503	27,6153846
504	33,6153846
504	21,6153846
504	48,6153846
504	25,6153846
505	39,6153846
505	2,6153846
505	-2,3846154
505	4,6153846
506	11,6153846
506	1,6153846
506	19,6153846
506	15,6153846
507	13,6153846
507	5,6153846
507	12,6153846
507	6,6153846
508	3,6153846
508	14,6153846
508	19,6153846
508	14,6153846
509	-4,3846154
509	18,6153846
509	-26,3846154
510	8,6153846
510	5,6153846
510	36,6153846
510	28,6153846
511	4,6153846
511	24,6153846
511	-3,3846154
511	-4,3846154
512	16,6153846
512	13,6153846
512	27,6153846
512	0,6153846
513	19,6153846
513	51,6153846
513	18,6153846
513	27,6153846
514	34,6153846
514	17,6153846
514	7,6153846
514	14,6153846
515	19,6153846
515	28,6153846
515	-7,3846154
515	-19,3846154
516	7,6153846
516	1,6153846
516	30,6153846
516	21,6153846
517	37,6153846
517	-1,3846154
517	23,6153846
518	9,6153846
518	13,6153846
518	-13,3846154
518	30,6153846
519	-16,3846154
519	9,6153846
519	36,6153846
519	35,6153846
520	8,6153846
520	0,6153846
520	9,6153846
520	-14,3846154
521	12,6153846
521	20,6153846
521	42,6153846
521	24,6153846
522	26,6153846
522	11,6153846
522	29,6153846
522	53,6153846
523	18,6153846
523	-5,3846154
523	11,6153846
523	14,6153846
524	-0,3846154
524	0,6153846
524	42,6153846
524	20,6153846
525	3,6153846
525	12,6153846
525	-9,3846154
526	13,6153846
526	40,6153846
526	15,6153846
526	-1,3846154
527	27,6153846
527	14,6153846
527	22,6153846
527	21,6153846
528	20,6153846
528	32,6153846
528	38,6153846
528	30,6153846
529	43,6153846
529	8,6153846
529	10,6153846
529	15,6153846
530	42,6153846
530	10,6153846
530	32,6153846
530	10,6153846
531	14,6153846
531	42,6153846
531	16,6153846
531	22,6153846
532	7,6153846
532	-8,3846154
532	19,6153846
532	0,6153846
533	8,6153846
533	23,6153846
533	14,6153846
534	11,6153846
534	41,6153846
534	26,6153846
534	20,6153846
535	37,6153846
535	12,6153846
535	43,6153846
535	1,6153846
536	8,6153846
536	17,6153846
536	54,6153846
536	38,6153846
537	15,6153846
537	2,6153846
537	2,6153846
537	16,6153846
538	7,6153846
538	33,6153846
538	20,6153846
538	22,6153846
539	30,6153846
539	0,6153846
539	36,6153846
539	-11,3846154
540	28,6153846
540	14,6153846
540	-14,3846154
540	-22,3846154
541	2,6153846
541	13,6153846
541	11,6153846
541	-4,3846154
542	8,6153846
542	26,6153846
542	22,6153846
543	22,6153846
543	24,6153846
543	30,6153846
543	8,6153846
544	-15,3846154
544	8,6153846
544	-38,3846154
544	36,6153846
545	-3,3846154
545	-6,3846154
545	-0,3846154
545	44,6153846
546	14,6153846
546	-1,3846154
546	1,6153846
546	24,6153846
547	18,6153846
547	-5,3846154
547	6,6153846
547	16,6153846
548	-7,3846154
548	21,6153846
548	25,6153846
548	4,6153846
549	32,6153846
549	28,6153846
549	0,6153846
549	36,6153846
550	11,6153846
550	23,6153846
550	30,6153846
550	-5,3846154
551	9,6153846
551	45,6153846
551	19,6153846
552	7,6153846
552	9,6153846
552	20,6153846
552	19,6153846
553	12,6153846
553	46,6153846
553	0,6153846
553	24,6153846
554	11,6153846
554	24,6153846
554	30,6153846
554	-3,3846154
555	14,6153846
555	38,6153846
555	32,6153846
555	20,6153846
556	-5,3846154
556	13,6153846
556	21,6153846
556	4,6153846
557	44,6153846
557	-12,3846154
557	0,6153846
557	24,6153846
558	-9,3846154
558	10,6153846
558	28,6153846
558	0,6153846
559	-0,3846154
559	31,6153846
559	-4,3846154
559	-26,3846154
560	11,6153846
560	9,6153846
560	13,6153846
561	9,6153846
561	12,6153846
561	22,6153846
561	3,6153846
562	14,6153846
562	11,6153846
562	-5,3846154
562	23,6153846
563	-0,3846154
563	-8,3846154
563	46,6153846
563	27,6153846
564	18,6153846
564	26,6153846
564	6,6153846
564	29,6153846
565	26,6153846
565	19,6153846
565	16,6153846
565	39,6153846
566	9,6153846
566	7,6153846
566	4,6153846
566	14,6153846
567	-5,3846154
567	-21,3846154
567	27,6153846
567	10,6153846
568	12,6153846
568	13,6153846
568	21,6153846
568	-11,3846154
569	-0,3846154
569	35,6153846
569	21,6153846
569	-4,3846154
570	20,6153846
570	5,6153846
570	16,6153846
571	27,6153846
571	10,6153846
571	-5,3846154
571	7,6153846
572	49,6153846
572	21,6153846
572	11,6153846
572	10,6153846
573	8,6153846
573	14,6153846
573	21,6153846
573	20,6153846
574	25,6153846
574	-3,3846154
574	-2,3846154
574	6,6153846
575	52,6153846
575	21,6153846
575	9,6153846
575	9,6153846
576	18,6153846
576	-5,3846154
576	5,6153846
576	9,6153846
577	17,6153846
577	50,6153846
577	13,6153846
577	9,6153846
578	-13,3846154
578	25,6153846
578	16,6153846
578	0,6153846
579	-15,3846154
579	6,6153846
579	0,6153846
579	32,6153846
580	2,6153846
580	-6,3846154
580	-27,3846154
581	2,6153846
581	16,6153846
581	29,6153846
581	12,6153846
582	21,6153846
582	40,6153846
582	-3,3846154
582	-19,3846154
583	20,6153846
583	17,6153846
583	1,6153846
583	11,6153846
584	2,6153846
584	31,6153846
584	26,6153846
584	23,6153846
585	18,6153846
585	25,6153846
585	21,6153846
585	29,6153846
586	19,6153846
586	7,6153846
586	-17,3846154
586	-4,3846154
587	38,6153846
587	2,6153846
587	15,6153846
587	27,6153846
588	33,6153846
588	8,6153846
588	53,6153846
588	58,6153846
589	3,6153846
589	-9,3846154
589	-21,3846154
589	32,6153846
590	13,6153846
590	22,6153846
590	-0,3846154
590	2,6153846
591	-7,3846154
591	8,6153846
591	21,6153846
592	20,6153846
592	-14,3846154
592	-0,3846154
592	28,6153846
593	7,6153846
593	-14,3846154
593	9,6153846
593	6,6153846
594	-3,3846154
594	11,6153846
594	12,6153846
594	9,6153846
595	5,6153846
595	15,6153846
595	10,6153846
595	11,6153846
596	-14,3846154
596	24,6153846
596	18,6153846
596	20,6153846
597	11,6153846
597	8,6153846
597	20,6153846
597	-12,3846154
598	5,6153846
598	19,6153846
598	-26,3846154
598	13,6153846
599	34,6153846
599	17,6153846
599	16,6153846
599	25,6153846
600	33,6153846
600	-10,3846154
600	35,6153846
600	-12,3846154
601	23,6153846
601	25,6153846
601	0,6153846
601	38,6153846
602	-4,3846154
602	11,6153846
602	28,6153846
603	9,6153846
603	7,6153846
603	-2,3846154
603	13,6153846
604	-11,3846154
604	15,6153846
604	13,6153846
604	34,6153846
605	6,6153846
605	11,6153846
605	35,6153846
605	43,6153846
606	-2,3846154
606	0,6153846
606	23,6153846
606	32,6153846
607	11,6153846
607	6,6153846
607	-5,3846154
607	-15,3846154
608	-5,3846154
608	-7,3846154
608	-0,3846154
608	11,6153846
609	26,6153846
609	38,6153846
609	39,6153846
609	23,6153846
610	16,6153846
610	19,6153846
610	3,6153846
610	6,6153846
611	21,6153846
611	-5,3846154
611	-22,3846154
611	-4,3846154
612	20,6153846
612	17,6153846
612	-10,3846154
612	10,6153846
613	8,6153846
613	29,6153846
613	34,6153846
613	-6,3846154
614	13,6153846
614	11,6153846
614	-22,3846154
614	42,6153846
615	26,6153846
615	-1,3846154
615	-8,3846154
616	-26,3846154
616	4,6153846
616	-0,3846154
616	16,6153846
617	37,6153846
617	-0,3846154
617	-4,3846154
617	22,6153846
618	25,6153846
618	40,6153846
618	23,6153846
618	32,6153846
619	16,6153846
619	-7,3846154
619	9,6153846
619	15,6153846
620	16,6153846
620	2,6153846
620	0,6153846
620	-0,3846154
621	31,6153846
621	8,6153846
621	-17,3846154
621	10,6153846
622	10,6153846
622	14,6153846
622	-4,3846154
622	15,6153846
623	39,6153846
623	27,6153846
623	2,6153846
623	27,6153846
624	13,6153846
624	14,6153846
624	6,6153846
624	0,6153846
625	25,6153846
625	4,6153846
625	14,6153846
625	23,6153846
626	1,6153846
626	38,6153846
626	31,6153846
626	18,6153846
627	37,6153846
627	-3,3846154
627	-19,3846154
627	23,6153846
628	3,6153846
628	10,6153846
628	18,6153846
629	-14,3846154
629	3,6153846
629	57,6153846
629	17,6153846
630	17,6153846
630	12,6153846
630	28,6153846
630	1,6153846
631	19,6153846
631	18,6153846
631	17,6153846
631	11,6153846
632	38,6153846
632	-2,3846154
632	22,6153846
632	5,6153846
633	15,6153846
633	-4,3846154
633	20,6153846
633	44,6153846
634	-8,3846154
634	28,6153846
634	5,6153846
634	5,6153846
635	16,6153846
635	43,6153846
635	-5,3846154
635	31,6153846
636	2,6153846
636	-26,3846154
636	6,6153846
636	4,6153846
637	8,6153846
637	22,6153846
637	-0,3846154
637	27,6153846
638	34,6153846
638	19,6153846
638	9,6153846
638	29,6153846
639	13,6153846
639	9,6153846
639	16,6153846
639	4,6153846
640	11,6153846
640	14,6153846
640	15,6153846
640	3,6153846
641	46,6153846
641	19,6153846
641	22,6153846
641	4,6153846
642	13,6153846
642	12,6153846
642	-13,3846154
642	-5,3846154
643	5,6153846
643	11,6153846
643	12,6153846
644	21,6153846
644	8,6153846
644	-0,3846154
644	10,6153846
645	4,6153846
645	9,6153846
645	9,6153846
645	29,6153846
646	26,6153846
646	11,6153846
646	5,6153846
646	2,6153846
647	13,6153846
647	-1,3846154
647	-9,3846154
647	-6,3846154
648	40,6153846
648	17,6153846
648	-5,3846154
648	23,6153846
649	4,6153846
649	3,6153846
649	16,6153846
649	24,6153846
650	16,6153846
650	0,6153846
650	24,6153846
650	4,6153846
651	7,6153846
651	-29,3846154
651	12,6153846
651	29,6153846
652	33,6153846
652	1,6153846
652	10,6153846
652	1,6153846
653	2,6153846
653	4,6153846
653	0,6153846
653	33,6153846
654	34,6153846
654	-2,3846154
654	6,6153846
654	11,6153846
655	-4,3846154
655	13,6153846
655	14,6153846
655	15,6153846
656	16,6153846
656	-16,3846154
656	12,6153846
656	7,6153846
657	-9,3846154
657	5,6153846
657	17,6153846
657	-6,3846154
658	12,6153846
658	17,6153846
658	27,6153846
658	18,6153846
659	17,6153846
659	2,6153846
659	-33,3846154
660	3,6153846
660	-4,3846154
660	18,6153846
660	21,6153846
661	-12,3846154
661	9,6153846
661	39,6153846
661	36,6153846
662	9,6153846
662	10,6153846
662	17,6153846
662	27,6153846
663	46,6153846
663	12,6153846
663	10,6153846
663	15,6153846
664	10,6153846
664	-17,3846154
664	-21,3846154
664	32,6153846
665	28,6153846
665	3,6153846
665	26,6153846
665	23,6153846
666	6,6153846
666	26,6153846
666	-5,3846154
666	53,6153846
667	9,6153846
667	-4,3846154
667	15,6153846
667	-4,3846154
668	-7,3846154
668	33,6153846
668	24,6153846
668	24,6153846
669	-5,3846154
669	21,6153846
669	14,6153846
669	8,6153846
670	-8,3846154
670	7,6153846
670	27,6153846
670	11,6153846
671	12,6153846
671	8,6153846
671	30,6153846
671	22,6153846
672	18,6153846
672	23,6153846
672	5,6153846
672	3,6153846
673	-0,3846154
673	38,6153846
673	39,6153846
673	38,6153846
674	-8,3846154
674	15,6153846
674	22,6153846
674	12,6153846
675	-5,3846154
675	4,6153846
675	16,6153846
675	18,6153846
676	23,6153846
676	-21,3846154
676	24,6153846
676	16,6153846
677	44,6153846
677	50,6153846
677	16,6153846
677	23,6153846
678	42,6153846
678	11,6153846
678	-5,3846154
678	16,6153846
679	36,6153846
679	21,6153846
679	24,6153846
680	9,6153846
680	6,6153846
680	25,6153846
680	38,6153846
681	12,6153846
681	12,6153846
681	6,6153846
681	-11,3846154
682	8,6153846
682	4,6153846
682	-3,3846154
682	-17,3846154
683	14,6153846
683	3,6153846
683	15,6153846
683	23,6153846
684	10,6153846
684	35,6153846
684	-23,3846154
684	8,6153846
685	10,6153846
685	14,6153846
685	50,6153846
685	36,6153846
686	3,6153846
686	-23,3846154
686	-22,3846154
686	0,6153846
687	11,6153846
687	1,6153846
687	14,6153846
687	-19,3846154
688	18,6153846
688	13,6153846
688	-5,3846154
688	1,6153846
689	-10,3846154
689	5,6153846
689	9,6153846
689	3,6153846
690	33,6153846
690	6,6153846
690	21,6153846
690	13,6153846
691	29,6153846
691	-10,3846154
691	20,6153846
691	26,6153846
692	16,6153846
692	14,6153846
692	16,6153846
692	-6,3846154
693	5,6153846
693	17,6153846
693	3,6153846
693	35,6153846
694	20,6153846
694	19,6153846
694	-5,3846154
694	-10,3846154
695	0,6153846
695	-19,3846154
695	10,6153846
695	3,6153846
696	4,6153846
696	24,6153846
696	1,6153846
696	-5,3846154
697	-9,3846154
697	4,6153846
697	35,6153846
697	23,6153846
698	22,6153846
698	6,6153846
698	16,6153846
698	33,6153846
699	37,6153846
699	41,6153846
699	-16,3846154
699	21,6153846
700	31,6153846
700	16,6153846
700	20,6153846
700	19,6153846
701	40,6153846
701	13,6153846
701	28,6153846
701	18,6153846
702	22,6153846
702	-1,3846154
702	26,6153846
702	24,6153846
703	29,6153846
703	17,6153846
703	34,6153846
703	7,6153846
704	35,6153846
704	8,6153846
704	28,6153846
704	33,6153846
705	3,6153846
705	-0,3846154
705	4,6153846
706	24,6153846
706	-9,3846154
706	18,6153846
706	11,6153846
707	22,6153846
707	14,6153846
707	31,6153846
707	12,6153846
708	39,6153846
708	18,6153846
708	33,6153846
708	21,6153846
709	21,6153846
709	25,6153846
709	35,6153846
709	-14,3846154
710	-3,3846154
710	53,6153846
710	10,6153846
710	-16,3846154
711	11,6153846
711	13,6153846
711	11,6153846
711	22,6153846
712	32,6153846
712	11,6153846
712	30,6153846
712	11,6153846
713	19,6153846
713	-11,3846154
713	12,6153846
713	4,6153846
714	36,6153846
714	0,6153846
714	27,6153846
714	-2,3846154
715	3,6153846
715	-7,3846154
715	10,6153846
715	-6,3846154
716	-21,3846154
716	6,6153846
716	8,6153846
716	11,6153846
717	-0,3846154
717	3,6153846
717	9,6153846
717	15,6153846
718	19,6153846
718	3,6153846
718	43,6153846
718	15,6153846
719	7,6153846
719	11,6153846
719	20,6153846
719	29,6153846
720	29,6153846
720	-7,3846154
720	11,6153846
720	17,6153846
721	29,6153846
721	38,6153846
721	10,6153846
721	-5,3846154
722	22,6153846
722	20,6153846
722	3,6153846
722	3,6153846
723	14,6153846
723	1,6153846
723	-13,3846154
723	7,6153846
724	35,6153846
724	27,6153846
724	-8,3846154
724	14,6153846
725	20,6153846
725	3,6153846
725	25,6153846
725	24,6153846
726	6,6153846
726	26,6153846
726	7,6153846
726	16,6153846
727	13,6153846
727	17,6153846
727	39,6153846
727	-2,3846154
728	-2,3846154
728	26,6153846
728	19,6153846
728	5,6153846
729	18,6153846
729	2,6153846
729	19,6153846
729	26,6153846
730	29,6153846
730	-10,3846154
730	8,6153846
730	18,6153846
731	22,6153846
731	37,6153846
731	10,6153846
731	22,6153846
732	-9,3846154
732	34,6153846
732	29,6153846
732	12,6153846
733	25,6153846
733	20,6153846
733	-1,3846154
733	3,6153846
734	11,6153846
734	40,6153846
734	6,6153846
734	16,6153846
735	28,6153846
735	-32,3846154
735	20,6153846
735	19,6153846
736	12,6153846
736	0,6153846
736	7,6153846
736	14,6153846
737	18,6153846
737	10,6153846
737	37,6153846
737	19,6153846
738	26,6153846
738	36,6153846
738	1,6153846
738	-13,3846154
739	38,6153846
739	9,6153846
739	19,6153846
739	7,6153846
740	25,6153846
740	25,6153846
740	21,6153846
740	28,6153846
741	8,6153846
741	14,6153846
741	34,6153846
741	34,6153846
742	6,6153846
742	-15,3846154
742	24,6153846
742	39,6153846
743	16,6153846
743	9,6153846
743	25,6153846
743	24,6153846
744	10,6153846
744	22,6153846
744	12,6153846
744	-3,3846154
745	4,6153846
745	-16,3846154
745	29,6153846
745	14,6153846
746	22,6153846
746	-24,3846154
746	22,6153846
746	8,6153846
747	28,6153846
747	26,6153846
747	12,6153846
747	37,6153846
748	-8,3846154
748	28,6153846
748	17,6153846
748	43,6153846
749	30,6153846
749	-3,3846154
749	10,6153846
749	19,6153846
750	18,6153846
750	35,6153846
750	20,6153846
750	4,6153846
751	23,6153846
751	42,6153846
751	29,6153846
751	7,6153846
752	17,6153846
752	45,6153846
752	13,6153846
752	-9,3846154
753	3,6153846
753	9,6153846
753	11,6153846
753	34,6153846
754	13,6153846
754	17,6153846
754	14,6153846
754	-13,3846154
755	27,6153846
755	16,6153846
755	22,6153846
755	24,6153846
756	6,6153846
756	26,6153846
756	26,6153846
756	-8,3846154
757	4,6153846
757	8,6153846
757	34,6153846
757	12,6153846
758	34,6153846
758	14,6153846
758	9,6153846
758	21,6153846
759	14,6153846
759	21,6153846
759	12,6153846
759	37,6153846
760	7,6153846
760	12,6153846
760	39,6153846
760	0,6153846
761	40,6153846
761	34,6153846
761	36,6153846
761	28,6153846
762	22,6153846
762	-32,3846154
762	0,6153846
762	15,6153846
763	37,6153846
763	4,6153846
763	-10,3846154
763	28,6153846
764	28,6153846
764	29,6153846
764	5,6153846
764	11,6153846
765	-12,3846154
765	27,6153846
765	11,6153846
765	6,6153846
766	6,6153846
766	35,6153846
766	33,6153846
766	1,6153846
767	28,6153846
767	31,6153846
767	20,6153846
767	14,6153846
768	34,6153846
768	26,6153846
768	-5,3846154
768	12,6153846
769	22,6153846
769	24,6153846
769	-7,3846154
769	4,6153846
770	6,6153846
770	10,6153846
770	-11,3846154
770	28,6153846
771	12,6153846
771	40,6153846
771	13,6153846
771	35,6153846
772	19,6153846
772	21,6153846
772	27,6153846
772	31,6153846
773	-9,3846154
773	34,6153846
773	21,6153846
773	28,6153846
774	11,6153846
774	-3,3846154
774	-40,3846154
774	46,6153846
775	11,6153846
775	0,6153846
775	-14,3846154
775	7,6153846
776	20,6153846
776	36,6153846
776	39,6153846
776	23,6153846
777	17,6153846
777	9,6153846
777	22,6153846
777	19,6153846
778	42,6153846
778	19,6153846
778	10,6153846
778	18,6153846
779	18,6153846
779	-6,3846154
779	6,6153846
779	-9,3846154
780	-1,3846154
780	39,6153846
780	25,6153846
780	26,6153846
781	13,6153846
781	22,6153846
781	17,6153846
781	17,6153846
782	10,6153846
782	3,6153846
782	18,6153846
782	8,6153846
783	21,6153846
783	-3,3846154
783	17,6153846
783	28,6153846
784	14,6153846
784	10,6153846
784	-2,3846154
784	1,6153846
785	10,6153846
785	22,6153846
785	48,6153846
785	29,6153846
786	36,6153846
786	-2,3846154
786	17,6153846
786	-7,3846154
787	28,6153846
787	12,6153846
787	27,6153846
787	14,6153846
788	22,6153846
788	8,6153846
788	13,6153846
788	0,6153846
789	32,6153846
789	48,6153846
789	16,6153846
789	25,6153846
790	38,6153846
790	1,6153846
790	-10,3846154
790	0,6153846
791	-11,3846154
791	21,6153846
791	4,6153846
791	25,6153846
792	22,6153846
792	8,6153846
792	-4,3846154
792	20,6153846
793	16,6153846
793	25,6153846
793	24,6153846
793	8,6153846
794	9,6153846
794	16,6153846
794	20,6153846
794	-17,3846154
795	1,6153846
795	15,6153846
795	25,6153846
795	28,6153846
796	36,6153846
796	17,6153846
796	11,6153846
796	-4,3846154
797	11,6153846
797	7,6153846
797	14,6153846
797	10,6153846
798	16,6153846
798	0,6153846
798	7,6153846
798	40,6153846
799	13,6153846
799	15,6153846
799	27,6153846
799	7,6153846
800	-5,3846154
800	22,6153846
800	12,6153846
800	22,6153846
801	-10,3846154
801	31,6153846
801	19,6153846
801	30,6153846
802	52,6153846
802	18,6153846
802	33,6153846
802	29,6153846
803	-0,3846154
803	20,6153846
803	13,6153846
803	15,6153846
804	6,6153846
804	22,6153846
804	-1,3846154
804	6,6153846
805	7,6153846
805	17,6153846
805	0,6153846
805	21,6153846
806	2,6153846
806	0,6153846
806	8,6153846
806	-1,3846154
807	-1,3846154
807	23,6153846
807	25,6153846
807	35,6153846
808	0,6153846
808	3,6153846
808	33,6153846
808	14,6153846
809	2,6153846
809	7,6153846
809	37,6153846
809	-10,3846154
810	13,6153846
810	7,6153846
810	15,6153846
810	22,6153846
811	18,6153846
811	16,6153846
811	25,6153846
811	20,6153846
812	21,6153846
812	-0,3846154
812	11,6153846
812	13,6153846
813	5,6153846
813	3,6153846
813	8,6153846
813	11,6153846
814	19,6153846
814	4,6153846
814	21,6153846
814	19,6153846
815	-3,3846154
815	0,6153846
815	34,6153846
815	6,6153846
816	39,6153846
816	21,6153846
816	-6,3846154
816	-21,3846154
817	-13,3846154
817	6,6153846
817	11,6153846
817	1,6153846
818	25,6153846
818	1,6153846
818	-9,3846154
818	7,6153846
819	-2,3846154
819	35,6153846
819	-16,3846154
819	0,6153846
820	3,6153846
820	16,6153846
820	14,6153846
820	-2,3846154
820	15,6153846
821	25,6153846
821	33,6153846
821	26,6153846
821	25,6153846
822	17,6153846
822	4,6153846
822	19,6153846
822	39,6153846
823	17,6153846
823	-12,3846154
823	10,6153846
823	-3,3846154
824	25,6153846
824	41,6153846
824	21,6153846
824	24,6153846
825	-4,3846154
825	21,6153846
825	26,6153846
825	-3,3846154
826	-6,3846154
826	8,6153846
826	28,6153846
826	37,6153846
827	-0,3846154
827	-6,3846154
827	30,6153846
827	2,6153846
828	12,6153846
828	6,6153846
828	31,6153846
828	-4,3846154
829	11,6153846
829	-3,3846154
829	-7,3846154
829	0,6153846
830	40,6153846
830	23,6153846
830	4,6153846
830	13,6153846
831	13,6153846
831	22,6153846
831	38,6153846
831	9,6153846
832	24,6153846
832	18,6153846
832	7,6153846
832	-0,3846154
833	16,6153846
833	-2,3846154
833	-14,3846154
833	10,6153846
834	9,6153846
834	-2,3846154
834	-13,3846154
834	2,6153846
835	-11,3846154
835	-21,3846154
835	23,6153846
835	-9,3846154
836	15,6153846
836	8,6153846
836	27,6153846
836	-8,3846154
837	6,6153846
837	1,6153846
837	-8,3846154
837	7,6153846
838	5,6153846
838	13,6153846
838	-3,3846154
838	4,6153846
839	29,6153846
839	-8,3846154
839	-2,3846154
839	13,6153846
840	-20,3846154
840	-3,3846154
840	-7,3846154
840	-0,3846154
841	4,6153846
841	-3,3846154
841	9,6153846
841	15,6153846
842	18,6153846
842	2,6153846
842	5,6153846
842	3,6153846
843	0,6153846
843	22,6153846
843	33,6153846
843	1,6153846
844	1,6153846
844	20,6153846
844	-7,3846154
844	16,6153846
845	1,6153846
845	-5,3846154
845	-5,3846154
845	25,6153846
845	31,6153846
846	8,6153846
846	-13,3846154
846	3,6153846
846	19,6153846
847	12,6153846
847	12,6153846
847	24,6153846
847	39,6153846
848	-1,3846154
848	-17,3846154
848	7,6153846
848	12,6153846
849	-15,3846154
849	13,6153846
849	11,6153846
849	-12,3846154
850	33,6153846
850	3,6153846
850	22,6153846
850	28,6153846
851	34,6153846
851	12,6153846
851	6,6153846
851	12,6153846
852	-10,3846154
852	43,6153846
852	9,6153846
852	-4,3846154
853	15,6153846
853	16,6153846
853	20,6153846
853	-2,3846154
854	-3,3846154
854	16,6153846
854	4,6153846
854	-14,3846154
855	1,6153846
855	5,6153846
855	2,6153846
855	15,6153846
856	14,6153846
856	18,6153846
856	12,6153846
856	24,6153846
857	-13,3846154
857	2,6153846
857	22,6153846
857	24,6153846
858	9,6153846
858	9,6153846
858	19,6153846
858	-8,3846154
859	-19,3846154
859	6,6153846
859	25,6153846
859	3,6153846
860	16,6153846
860	26,6153846
860	-7,3846154
860	-15,3846154
861	15,6153846
861	1,6153846
861	11,6153846
861	29,6153846
862	0,6153846
862	20,6153846
862	-0,3846154
862	32,6153846
863	-10,3846154
863	20,6153846
863	26,6153846
863	37,6153846
864	7,6153846
864	0,6153846
864	23,6153846
864	18,6153846
864	32,6153846
865	7,6153846
865	-7,3846154
865	24,6153846
865	13,6153846
866	4,6153846
866	24,6153846
866	24,6153846
866	10,6153846
867	20,6153846
867	2,6153846
867	-7,3846154
867	19,6153846
868	21,6153846
868	53,6153846
868	22,6153846
868	26,6153846
869	15,6153846
869	-3,3846154
869	23,6153846
869	-3,3846154
870	-10,3846154
870	-10,3846154
870	10,6153846
870	1,6153846
871	22,6153846
871	27,6153846
871	-13,3846154
871	-35,3846154
872	16,6153846
872	17,6153846
872	-8,3846154
872	18,6153846
873	13,6153846
873	11,6153846
873	-12,3846154
873	-1,3846154
874	-9,3846154
874	14,6153846
874	10,6153846
874	23,6153846
875	34,6153846
875	1,6153846
875	18,6153846
875	-10,3846154
876	-1,3846154
876	26,6153846
876	15,6153846
876	2,6153846
877	31,6153846
877	13,6153846
877	-11,3846154
877	9,6153846
878	4,6153846
878	-8,3846154
878	-12,3846154
878	5,6153846
879	7,6153846
879	22,6153846
879	33,6153846
879	18,6153846
880	-2,3846154
880	-0,3846154
880	-11,3846154
880	13,6153846
880	19,6153846
881	11,6153846
881	-17,3846154
881	3,6153846
881	-14,3846154
882	4,6153846
882	-13,3846154
882	-11,3846154
882	-16,3846154
883	17,6153846
883	-34,3846154
883	-10,3846154
883	22,6153846
884	-2,3846154
884	-24,3846154
884	14,6153846
884	-9,3846154
885	5,6153846
885	5,6153846
885	10,6153846
885	-23,3846154
886	-2,3846154
886	5,6153846
886	12,6153846
886	-9,3846154
887	-0,3846154
887	-4,3846154
887	-12,3846154
887	-4,3846154
888	3,6153846
888	18,6153846
888	-11,3846154
888	-6,3846154
889	30,6153846
889	35,6153846
889	-1,3846154
889	20,6153846
890	9,6153846
890	3,6153846
890	-3,3846154
890	22,6153846
891	-16,3846154
891	20,6153846
891	1,6153846
891	-3,3846154
892	-1,3846154
892	23,6153846
892	9,6153846
892	15,6153846
893	7,6153846
893	3,6153846
893	-9,3846154
893	10,6153846
894	33,6153846
894	-2,3846154
894	-0,3846154
894	36,6153846
894	6,6153846
895	16,6153846
895	3,6153846
895	13,6153846
895	1,6153846
896	20,6153846
896	38,6153846
896	-2,3846154
896	-12,3846154
897	-2,3846154
897	11,6153846
897	23,6153846
897	28,6153846
898	-19,3846154
898	-9,3846154
898	-14,3846154
898	-15,3846154
899	-8,3846154
899	29,6153846
899	2,6153846
899	1,6153846
900	12,6153846
900	-2,3846154
900	2,6153846
900	21,6153846
901	1,6153846
901	7,6153846
901	14,6153846
901	19,6153846
902	-1,3846154
902	18,6153846
902	9,6153846
902	1,6153846
903	-12,3846154
903	9,6153846
903	35,6153846
903	-7,3846154
904	32,6153846
904	32,6153846
904	2,6153846
904	11,6153846
905	13,6153846
905	2,6153846
905	8,6153846
905	21,6153846
906	3,6153846
906	23,6153846
906	10,6153846
906	35,6153846
906	13,6153846
907	-8,3846154
907	13,6153846
907	6,6153846
907	-6,3846154
908	18,6153846
908	16,6153846
908	16,6153846
908	-0,3846154
909	-18,3846154
909	15,6153846
909	7,6153846
909	-5,3846154
910	1,6153846
910	-0,3846154
910	18,6153846
910	25,6153846
911	27,6153846
911	-11,3846154
911	17,6153846
911	11,6153846
912	15,6153846
912	6,6153846
912	23,6153846
912	14,6153846
913	5,6153846
913	-8,3846154
913	1,6153846
913	0,6153846
914	-10,3846154
914	-4,3846154
914	16,6153846
914	4,6153846
915	18,6153846
915	-6,3846154
915	-13,3846154
915	-10,3846154
916	33,6153846
916	-7,3846154
916	4,6153846
916	-23,3846154
917	-18,3846154
917	-3,3846154
917	-3,3846154
917	25,6153846
917	4,6153846
918	4,6153846
918	20,6153846
918	15,6153846
918	-16,3846154
919	11,6153846
919	24,6153846
919	-3,3846154
919	7,6153846
920	-4,3846154
920	-1,3846154
920	-13,3846154
920	1,6153846
921	-5,3846154
921	-6,3846154
921	20,6153846
921	6,6153846
922	19,6153846
922	3,6153846
922	14,6153846
922	-0,3846154
923	8,6153846
923	22,6153846
923	44,6153846
923	7,6153846
924	12,6153846
924	-10,3846154
924	-12,3846154
924	-4,3846154
925	1,6153846
925	0,6153846
925	1,6153846
925	-9,3846154
926	11,6153846
926	13,6153846
926	6,6153846
926	6,6153846
927	9,6153846
927	23,6153846
927	28,6153846
927	19,6153846
928	18,6153846
928	-11,3846154
928	-3,3846154
928	30,6153846
928	7,6153846
929	-17,3846154
929	21,6153846
929	6,6153846
929	16,6153846
930	39,6153846
930	-4,3846154
930	1,6153846
930	14,6153846
931	31,6153846
931	3,6153846
931	-2,3846154
931	23,6153846
932	-10,3846154
932	28,6153846
932	-2,3846154
932	-4,3846154
933	-25,3846154
933	-0,3846154
933	5,6153846
933	-26,3846154
934	34,6153846
934	-4,3846154
934	13,6153846
934	8,6153846
935	4,6153846
935	3,6153846
935	14,6153846
935	-3,3846154
936	8,6153846
936	-6,3846154
936	-11,3846154
936	-4,3846154
937	-19,3846154
937	6,6153846
937	41,6153846
937	26,6153846
938	-0,3846154
938	2,6153846
938	-12,3846154
938	-12,3846154
938	0,6153846
939	15,6153846
939	5,6153846
939	1,6153846
939	27,6153846
940	-0,3846154
940	-20,3846154
940	23,6153846
940	-2,3846154
941	-31,3846154
941	-11,3846154
941	20,6153846
941	-14,3846154
942	-25,3846154
942	9,6153846
942	-14,3846154
942	7,6153846
943	-9,3846154
943	-3,3846154
943	5,6153846
943	-27,3846154
944	18,6153846
944	-3,3846154
944	5,6153846
944	4,6153846
945	-11,3846154
945	-10,3846154
945	23,6153846
945	14,6153846
946	-5,3846154
946	-7,3846154
946	-34,3846154
946	-8,3846154
947	10,6153846
947	-33,3846154
947	-13,3846154
947	30,6153846
947	0,6153846
948	-28,3846154
948	5,6153846
948	8,6153846
948	31,6153846
949	21,6153846
949	21,6153846
949	-4,3846154
949	20,6153846
950	-5,3846154
950	-8,3846154
950	-4,3846154
950	20,6153846
951	5,6153846
951	2,6153846
951	9,6153846
951	-20,3846154
952	7,6153846
952	14,6153846
952	2,6153846
952	7,6153846
953	34,6153846
953	17,6153846
953	18,6153846
953	9,6153846
954	-12,3846154
954	18,6153846
954	-5,3846154
954	41,6153846
955	17,6153846
955	12,6153846
955	29,6153846
955	-4,3846154
956	-18,3846154
956	3,6153846
956	6,6153846
956	-5,3846154
956	22,6153846
957	7,6153846
957	15,6153846
957	3,6153846
957	10,6153846
958	28,6153846
958	20,6153846
958	0,6153846
958	-9,3846154
959	-4,3846154
959	-17,3846154
959	10,6153846
959	2,6153846
960	-15,3846154
960	-23,3846154
960	0,6153846
960	-5,3846154
961	-10,3846154
961	-16,3846154
961	7,6153846
961	10,6153846
962	18,6153846
962	-0,3846154
962	9,6153846
962	10,6153846
963	1,6153846
963	7,6153846
963	-6,3846154
963	4,6153846
964	-10,3846154
964	-30,3846154
964	12,6153846
964	-12,3846154
964	2,6153846
965	-8,3846154
965	-3,3846154
965	-0,3846154
965	6,6153846
966	-5,3846154
966	11,6153846
966	-7,3846154
966	-23,3846154
967	-10,3846154
967	7,6153846
967	-11,3846154
967	-9,3846154
968	16,6153846
968	-12,3846154
968	-12,3846154
968	-8,3846154
969	-35,3846154
969	-3,3846154
969	5,6153846
969	-3,3846154
970	-43,3846154
970	-31,3846154
970	-11,3846154
970	-0,3846154
971	-6,3846154
971	12,6153846
971	15,6153846
971	-7,3846154
972	-21,3846154
972	7,6153846
972	22,6153846
972	-1,3846154
972	2,6153846
973	-1,3846154
973	-15,3846154
973	-6,3846154
973	-13,3846154
974	-19,3846154
974	-7,3846154
974	-2,3846154
974	8,6153846
975	-7,3846154
975	3,6153846
975	-9,3846154
975	-8,3846154
976	-14,3846154
976	32,6153846
976	19,6153846
976	0,6153846
977	-9,3846154
977	10,6153846
977	13,6153846
977	20,6153846
978	20,6153846
978	4,6153846
978	0,6153846
978	0,6153846
979	6,6153846
979	9,6153846
979	-6,3846154
979	50,6153846
980	16,6153846
980	-25,3846154
980	-18,3846154
980	21,6153846
980	11,6153846
981	7,6153846
981	8,6153846
981	-10,3846154
981	27,6153846
982	2,6153846
982	-20,3846154
982	6,6153846
982	13,6153846
983	-29,3846154
983	-1,3846154
983	6,6153846
983	-3,3846154
984	11,6153846
984	8,6153846
984	-7,3846154
984	-12,3846154
985	-3,3846154
985	18,6153846
985	-0,3846154
985	9,6153846
986	10,6153846
986	-9,3846154
986	0,6153846
986	22,6153846
987	20,6153846
987	-16,3846154
987	2,6153846
987	4,6153846
988	-4,3846154
988	-9,3846154
988	21,6153846
988	-18,3846154
988	26,6153846
989	-12,3846154
989	-10,3846154
989	0,6153846
989	-21,3846154
990	-1,3846154
990	3,6153846
990	5,6153846
990	-12,3846154
991	8,6153846
991	3,6153846
991	-2,3846154
991	19,6153846
992	-0,3846154
992	-15,3846154
992	19,6153846
992	-2,3846154
993	7,6153846
993	14,6153846
993	30,6153846
993	-25,3846154
994	1,6153846
994	1,6153846
994	10,6153846
994	3,6153846
995	10,6153846
995	13,6153846
995	0,6153846
995	28,6153846
995	-4,3846154
996	-10,3846154
996	-22,3846154
996	-0,3846154
996	11,6153846
997	-1,3846154
997	-5,3846154
997	19,6153846
997	3,6153846
998	0,6153846
998	13,6153846
998	-1,3846154
998	7,6153846
999	12,6153846
999	-14,3846154
999	-14,3846154
999	0,6153846
1000	-4,3846154
1000	-15,3846154
1000	-11,3846154
1000	-17,3846154
1001	-5,3846154
1001	10,6153846
1001	3,6153846
1001	10,6153846
1002	0,6153846
1002	-0,3846154
1002	20,6153846
1002	-1,3846154
1002	0,6153846
1003	-5,3846154
1003	-4,3846154
1003	-17,3846154
1003	-27,3846154
1004	-19,3846154
1004	-19,3846154
1004	-28,3846154
1004	-26,3846154
1005	-13,3846154
1005	8,6153846
1005	-7,3846154
1005	-3,3846154
1006	-7,3846154
1006	-18,3846154
1006	20,6153846
1006	21,6153846
1007	12,6153846
1007	-2,3846154
1007	12,6153846
1007	10,6153846
1008	-2,3846154
1008	3,6153846
1008	19,6153846
1008	-13,3846154
1008	-22,3846154
1009	-2,3846154
1009	13,6153846
1009	17,6153846
1009	3,6153846
1010	-22,3846154
1010	20,6153846
1010	-11,3846154
1010	2,6153846
1011	6,6153846
1011	-0,3846154
1011	11,6153846
1011	-3,3846154
1012	-14,3846154
1012	-22,3846154
1012	30,6153846
1012	-8,3846154
1013	-2,3846154
1013	-6,3846154
1013	-9,3846154
1013	-8,3846154
1014	31,6153846
1014	7,6153846
1014	2,6153846
1014	19,6153846
1015	8,6153846
1015	0,6153846
1015	-2,3846154
1015	-9,3846154
1015	-12,3846154
1016	-7,3846154
1016	-29,3846154
1016	-1,3846154
1016	-18,3846154
1017	7,6153846
1017	8,6153846
1017	-27,3846154
1017	-23,3846154
1018	-16,3846154
1018	6,6153846
1018	6,6153846
1018	-11,3846154
1019	-19,3846154
1019	-10,3846154
1019	1,6153846
1019	20,6153846
1020	-9,3846154
1020	-0,3846154
1020	0,6153846
1020	5,6153846
1021	15,6153846
1021	-15,3846154
1021	-16,3846154
1021	17,6153846
1021	13,6153846
1022	-21,3846154
1022	-11,3846154
1022	-2,3846154
1022	-5,3846154
1023	14,6153846
1023	13,6153846
1023	2,6153846
1023	16,6153846
1024	-21,3846154
1024	-11,3846154
1024	-19,3846154
1024	-25,3846154
1025	-35,3846154
1025	25,6153846
1025	6,6153846
1025	-7,3846154
1026	-8,3846154
1026	-13,3846154
1026	2,6153846
1026	1,6153846
1027	-17,3846154
1027	1,6153846
1027	-13,3846154
1027	-3,3846154
1027	1,6153846
1028	6,6153846
1028	-31,3846154
1028	19,6153846
1028	-13,3846154
1029	5,6153846
1029	-5,3846154
1029	-11,3846154
1029	-4,3846154
1030	-24,3846154
1030	-17,3846154
1030	-20,3846154
1030	-22,3846154
1031	-8,3846154
1031	-4,3846154
1031	17,6153846
1031	-4,3846154
1032	0,6153846
1032	6,6153846
1032	-0,3846154
1032	-17,3846154
1033	-22,3846154
1033	-13,3846154
1033	31,6153846
1033	-11,3846154
1034	-31,3846154
1034	-35,3846154
1034	0,6153846
1034	9,6153846
1034	2,6153846
1035	-4,3846154
1035	-18,3846154
1035	-17,3846154
1035	1,6153846
1036	-16,3846154
1036	-19,3846154
1036	15,6153846
1036	2,6153846
1037	15,6153846
1037	0,6153846
1037	5,6153846
1037	-7,3846154
1038	-32,3846154
1038	0,6153846
1038	-6,3846154
1038	-18,3846154
1039	-6,3846154
1039	17,6153846
1039	21,6153846
1039	2,6153846
1039	7,6153846
1040	-19,3846154
1040	-4,3846154
1040	-11,3846154
1040	1,6153846
1041	-8,3846154
1041	-13,3846154
1041	5,6153846
1041	16,6153846
1042	17,6153846
1042	-37,3846154
1042	12,6153846
1042	8,6153846
1043	1,6153846
1043	-1,3846154
1043	-27,3846154
1043	1,6153846
1044	19,6153846
1044	5,6153846
1044	14,6153846
1044	3,6153846
1045	-0,3846154
1045	9,6153846
1045	-9,3846154
1045	1,6153846
1045	3,6153846
1046	0,6153846
1046	-20,3846154
1046	-0,3846154
1046	-27,3846154
1047	9,6153846
1047	5,6153846
1047	7,6153846
1047	-19,3846154
1048	14,6153846
1048	-11,3846154
1048	6,6153846
1048	-9,3846154
1049	3,6153846
1049	3,6153846
1049	8,6153846
1049	-30,3846154
1050	-7,3846154
1050	-19,3846154
1050	21,6153846
1050	-4,3846154
1051	1,6153846
1051	2,6153846
1051	-0,3846154
1051	11,6153846
1051	16,6153846
1052	-15,3846154
1052	11,6153846
1052	13,6153846
1052	-2,3846154
1053	-16,3846154
1053	-7,3846154
1053	-36,3846154
1053	-18,3846154
1054	-8,3846154
1054	-10,3846154
1054	13,6153846
1054	-0,3846154
1055	-21,3846154
1055	-22,3846154
1055	11,6153846
1055	-11,3846154
1056	-6,3846154
1056	-35,3846154
1056	11,6153846
1056	-8,3846154
1056	16,6153846
1057	-8,3846154
1057	2,6153846
1057	4,6153846
1057	5,6153846
1058	-12,3846154
1058	-5,3846154
1058	15,6153846
1058	-0,3846154
1059	-9,3846154
1059	3,6153846
1059	-7,3846154
1059	-30,3846154
1060	4,6153846
1060	-2,3846154
1060	-9,3846154
1060	0,6153846
1061	-13,3846154
1061	3,6153846
1061	3,6153846
1061	5,6153846
1062	-26,3846154
1062	-9,3846154
1062	6,6153846
1062	-7,3846154
1062	-17,3846154
1063	12,6153846
1063	4,6153846
1063	-9,3846154
1063	-13,3846154
1064	1,6153846
1064	-3,3846154
1064	-2,3846154
1064	0,6153846
1065	18,6153846
1065	19,6153846
1065	-30,3846154
1065	-3,3846154
1066	4,6153846
1066	7,6153846
1066	-2,3846154
1066	11,6153846
1067	-7,3846154
1067	-37,3846154
1067	-12,3846154
1067	9,6153846
1067	20,6153846
1068	-7,3846154
1068	14,6153846
1068	9,6153846
1068	22,6153846
1069	9,6153846
1069	-4,3846154
1069	-6,3846154
1069	-12,3846154
1070	2,6153846
1070	-0,3846154
1070	-9,3846154
1070	4,6153846
1071	-0,3846154
1071	-27,3846154
1071	-25,3846154
1071	-0,3846154
1072	6,6153846
1072	-15,3846154
1072	-5,3846154
1072	-13,3846154
1072	0,6153846
1073	-18,3846154
1073	-8,3846154
1073	-14,3846154
1073	2,6153846
1074	-8,3846154
1074	-22,3846154
1074	-1,3846154
1074	15,6153846
1075	-15,3846154
1075	-10,3846154
1075	-13,3846154
1075	-11,3846154
1076	-2,3846154
1076	-12,3846154
1076	-26,3846154
1076	-13,3846154
1077	6,6153846
1077	-22,3846154
1077	2,6153846
1077	4,6153846
1077	-20,3846154
1078	-8,3846154
1078	17,6153846
1078	17,6153846
1078	-1,3846154
1079	-6,3846154
1079	-0,3846154
1079	-1,3846154
1079	3,6153846
1080	-1,3846154
1080	-8,3846154
1080	-11,3846154
1080	-1,3846154
1081	-19,3846154
1081	-33,3846154
1081	-11,3846154
1081	27,6153846
1082	7,6153846
1082	-25,3846154
1082	6,6153846
1082	7,6153846
1082	14,6153846
1083	2,6153846
1083	9,6153846
1083	-20,3846154
1083	13,6153846
1084	6,6153846
1084	-9,3846154
1084	-24,3846154
1084	-1,3846154
1085	-11,3846154
1085	-16,3846154
1085	-18,3846154
1085	-3,3846154
1086	-5,3846154
1086	-35,3846154
1086	1,6153846
1086	-4,3846154
1087	-19,3846154
1087	0,6153846
1087	0,6153846
1087	-15,3846154
1087	-19,3846154
1088	-4,3846154
1088	-36,3846154
1088	-3,3846154
1088	5,6153846
1089	-7,3846154
1089	-31,3846154
1089	20,6153846
1089	-10,3846154
1090	-5,3846154
1090	-12,3846154
1090	19,6153846
1090	14,6153846
1091	-1,3846154
1091	6,6153846
1091	-13,3846154
1091	13,6153846
1092	-0,3846154
1092	-12,3846154
1092	-6,3846154
1092	-18,3846154
1092	17,6153846
1093	-7,3846154
1093	-10,3846154
1093	-20,3846154
1093	-3,3846154
1094	-12,3846154
1094	22,6153846
1094	4,6153846
1094	-10,3846154
1095	-10,3846154
1095	1,6153846
1095	2,6153846
1095	9,6153846
1096	25,6153846
1096	12,6153846
1096	-30,3846154
1096	3,6153846
1097	-6,3846154
1097	-6,3846154
1097	-11,3846154
1097	-5,3846154
1097	7,6153846
1098	-1,3846154
1098	12,6153846
1098	-17,3846154
1098	-14,3846154
1099	-7,3846154
1099	1,6153846
1099	21,6153846
1099	-10,3846154
1100	-3,3846154
1100	7,6153846
1100	-8,3846154
1100	-33,3846154
1101	-0,3846154
1101	-9,3846154
1101	-3,3846154
1101	4,6153846
1101	-12,3846154
1102	1,6153846
1102	15,6153846
1102	0,6153846
1102	23,6153846
1103	-12,3846154
1103	-19,3846154
1103	-19,3846154
1103	-23,3846154
1104	-40,3846154
1104	-22,3846154
1104	7,6153846
1104	-4,3846154
1105	16,6153846
1105	1,6153846
1105	-31,3846154
1105	-15,3846154
1106	-30,3846154
1106	-28,3846154
1106	3,6153846
1106	8,6153846
1106	-9,3846154
1107	-22,3846154
1107	-17,3846154
1107	4,6153846
1107	-2,3846154
1108	1,6153846
1108	-3,3846154
1108	-23,3846154
1108	-11,3846154
1109	-17,3846154
1109	9,6153846
1109	-27,3846154
1109	6,6153846
1110	-20,3846154
1110	-7,3846154
1110	-9,3846154
1110	4,6153846
1110	-10,3846154
1111	-3,3846154
1111	14,6153846
1111	-2,3846154
1111	-10,3846154
1112	10,6153846
1112	21,6153846
1112	39,6153846
1112	-2,3846154
1113	0,6153846
1113	-28,3846154
1113	12,6153846
1113	-11,3846154
1114	10,6153846
1114	23,6153846
1114	-5,3846154
1114	13,6153846
1115	7,6153846
1115	-6,3846154
1115	9,6153846
1115	5,6153846
1115	-0,3846154
1116	-29,3846154
1116	-3,3846154
1116	17,6153846
1116	2,6153846
1117	14,6153846
1117	-0,3846154
1117	-17,3846154
1117	19,6153846
1118	-14,3846154
